id,host_id,neighborhood_group,neighborhood,latitude,longitude,room_type,price,minimum_nights,number_of_reviews,total_host_listings,availability_365,reviews_in_last_yr
77765,417504,Brooklyn,Greenpoint,40.73777,-73.95366,Hotel room,308,2,42,30,217,4
2539,2787,Brooklyn,Kensington,40.64529,-73.97238,Private room,299,30,9,9,356,0
45910,204539,Queens,Ridgewood,40.70309,-73.89963,Entire home/apt,425,30,13,6,365,0
45935,204586,Bronx,Mott Haven,40.80635,-73.92201,Private room,60,30,0,1,83,0
45936,867225,Manhattan,Morningside Heights,40.8063,-73.95985,Private room,75,31,135,1,219,4
80493,434987,Manhattan,East Village,40.72322,-73.98615,Private room,55,2,207,1,132,9
46911,210746,Brooklyn,Prospect Heights,40.68022,-73.97457,Private room,123,3,65,3,319,9
49048,35935,Brooklyn,Bedford-Stuyvesant,40.6829,-73.95701,Private room,90,30,23,5,249,2
2595,2845,Manhattan,Midtown,40.75356,-73.98559,Entire home/apt,175,30,49,3,280,1
5121,7356,Brooklyn,Bedford-Stuyvesant,40.68535,-73.95512,Private room,60,30,50,2,335,0
5136,7378,Brooklyn,Sunset Park,40.66265,-73.99454,Entire home/apt,275,21,3,1,179,1
80684,417504,Brooklyn,Greenpoint,40.73756,-73.9535,Hotel room,529,2,10,30,100,2
80700,417504,Brooklyn,Greenpoint,40.73777,-73.95366,Private room,372,2,9,30,222,2
80924,438133,Brooklyn,Park Slope,40.67407,-73.98105,Entire home/apt,160,30,37,2,37,0
81739,417504,Brooklyn,Greenpoint,40.73777,-73.95366,Private room,372,2,2,30,222,0
82638,449787,Manhattan,East Village,40.72408,-73.98154,Entire home/apt,169,30,276,1,344,3
5178,8967,Manhattan,Midtown,40.76457,-73.98317,Private room,68,2,550,1,160,56
82928,451545,Brooklyn,Bedford-Stuyvesant,40.68433,-73.94469,Entire home/apt,150,30,76,1,127,3
5203,7490,Manhattan,Upper West Side,40.8038,-73.96751,Private room,75,2,118,1,0,0
5803,9744,Brooklyn,South Slope,40.66801,-73.98784,Private room,118,4,216,3,299,22
6848,15991,Brooklyn,Williamsburg,40.70935,-73.95342,Entire home/apt,84,30,185,1,274,4
50447,9744,Brooklyn,Gowanus,40.66913,-73.99041,Entire home/apt,158,5,223,3,276,30
83243,453519,Brooklyn,Bushwick,40.68769,-73.91788,Entire home/apt,77,30,253,1,311,3
51438,236421,Manhattan,Upper East Side,40.77449,-73.95308,Private room,130,14,0,2,0,0
84010,417504,Brooklyn,Greenpoint,40.73777,-73.95366,Hotel room,308,2,22,30,221,6
89621,209460,Brooklyn,Crown Heights,40.67823,-73.94719,Entire home/apt,138,30,240,3,264,2
52689,244071,Queens,Ditmars Steinway,40.77868,-73.90652,Entire home/apt,140,4,38,1,173,30
53469,204539,Queens,Middle Village,40.71567,-73.87842,Entire home/apt,130,30,33,6,365,0
53470,204539,Queens,Ridgewood,40.70422,-73.89778,Entire home/apt,193,30,6,6,365,0
53477,204539,Queens,Middle Village,40.71778,-73.87714,Entire home/apt,350,30,16,6,365,0
6872,16104,Manhattan,East Harlem,40.80107,-73.94255,Private room,65,30,1,2,211,1
6990,16800,Manhattan,East Harlem,40.78778,-73.94759,Private room,62,30,239,1,278,5
93313,25183,Brooklyn,Bedford-Stuyvesant,40.68413,-73.93817,Entire home/apt,145,2,136,2,300,29
7064,17297,Brooklyn,Williamsburg,40.71248,-73.95881,Private room,95,7,11,2,24,2
7097,17571,Brooklyn,Fort Greene,40.691233,-73.972702,Entire home/apt,207,2,303,2,19,36
94209,503800,Brooklyn,Crown Heights,40.67654,-73.94629,Entire home/apt,102,1,38,1,73,27
7801,21207,Brooklyn,Williamsburg,40.71778,-73.9568,Entire home/apt,395,30,9,1,342,0
8490,25183,Brooklyn,Bedford-Stuyvesant,40.68462,-73.93839,Entire home/apt,150,2,154,2,297,19
54466,253385,Manhattan,Harlem,40.80255,-73.95803,Private room,200,30,0,1,365,0
54508,210746,Brooklyn,Park Slope,40.67908,-73.97405,Private room,80,2,135,3,328,27
94783,473113,Brooklyn,Crown Heights,40.6736,-73.9551,Entire home/apt,140,6,137,1,298,20
54694,27848,Queens,Jamaica,40.67144,-73.76501,Private room,65,30,62,4,0,0
9357,30193,Manhattan,Hell's Kitchen,40.76724,-73.98664,Entire home/apt,175,30,58,1,0,0
95883,509918,Brooklyn,Bedford-Stuyvesant,40.69304,-73.95417,Entire home/apt,250,6,7,1,0,1
9704,32045,Manhattan,Harlem,40.81317,-73.95465,Private room,55,30,98,1,191,0
10183,34866,Manhattan,Harlem,40.81312,-73.95332,Private room,75,5,6,1,42,0
10452,35935,Brooklyn,Bedford-Stuyvesant,40.68294,-73.95682,Private room,82,30,81,5,233,5
10962,9744,Brooklyn,South Slope,40.66692,-73.98981,Private room,118,4,208,3,326,17
54860,258164,Manhattan,East Harlem,40.79934,-73.94236,Private room,115,5,267,1,237,29
96471,116599,Brooklyn,Clinton Hill,40.68513,-73.96648,Private room,171,30,13,2,364,0
55587,131716,Brooklyn,Williamsburg,40.71311,-73.9506,Entire home/apt,235,3,20,1,54,9
11943,45445,Brooklyn,Flatbush,40.63702,-73.96327,Private room,150,30,0,1,0,0
98663,520279,Manhattan,Chelsea,40.75077,-73.99657,Entire home/apt,150,30,19,1,280,0
12192,46978,Manhattan,East Village,40.72296,-73.98383,Private room,80,7,282,2,33,17
12937,50124,Queens,Long Island City,40.74757,-73.94571,Private room,145,3,335,1,86,37
100186,526805,Brooklyn,Gowanus,40.66952,-73.99201,Entire home/apt,130,30,114,1,49,7
12940,50148,Brooklyn,Bedford-Stuyvesant,40.67946,-73.95417,Entire home/apt,119,30,73,1,1,1
55959,168525,Brooklyn,Williamsburg,40.71065,-73.95087,Private room,150,5,94,2,22,1
100368,526105,Manhattan,Chelsea,40.74056,-74.00143,Entire home/apt,288,30,35,1,303,0
55982,264928,Brooklyn,Fort Greene,40.68701,-73.97555,Private room,85,3,40,1,0,3
56859,256161,Manhattan,Harlem,40.81201,-73.94452,Private room,74,3,239,2,27,26
13808,54275,Brooklyn,Bedford-Stuyvesant,40.68064,-73.94039,Private room,84,1,169,3,253,15
101053,530032,Brooklyn,Williamsburg,40.71116,-73.95484,Private room,175,60,38,1,0,0
14290,56104,Brooklyn,Williamsburg,40.70348,-73.93621,Entire home/apt,245,1,148,1,121,36
14314,56246,Brooklyn,Greenpoint,40.73535,-73.95584,Entire home/apt,99,30,179,1,98,0
14434,7356,Brooklyn,Bedford-Stuyvesant,40.68777,-73.94976,Private room,70,30,60,2,332,2
57166,272006,Queens,Ditmars Steinway,40.772472,-73.906075,Entire home/apt,149,3,104,1,302,40
103161,465278,Brooklyn,Williamsburg,40.71551,-73.96274,Entire home/apt,395,10,145,1,364,6
57297,199392,Brooklyn,Brooklyn Heights,40.69003,-73.99338,Entire home/apt,208,7,269,1,4,26
57618,274557,Manhattan,Hell's Kitchen,40.76505,-73.98716,Entire home/apt,250,3,122,1,0,7
15220,59734,Manhattan,Hell's Kitchen,40.75611,-73.99523,Private room,92,2,382,2,283,48
15341,60049,Manhattan,Lower East Side,40.721359,-73.993668,Entire home/apt,206,30,32,1,257,6
103311,417504,Brooklyn,Greenpoint,40.73778,-73.95366,Private room,728,2,9,30,91,0
103555,220001,Brooklyn,Fort Greene,40.693047,-73.971985,Entire home/apt,375,1,281,1,249,1
15385,60252,Brooklyn,Williamsburg,40.71211,-73.96397,Private room,82,7,49,1,190,0
15396,60278,Manhattan,Chelsea,40.74493,-73.99521,Entire home/apt,400,90,5,1,114,0
57754,275578,Manhattan,Flatiron District,40.74166,-73.9866,Entire home/apt,330,2,170,1,191,28
57874,276291,Manhattan,East Harlem,40.80747,-73.94076,Entire home/apt,160,3,340,2,218,55
58059,277379,Manhattan,Harlem,40.8238,-73.94444,Private room,60,1,615,2,235,51
105469,547386,Queens,Rockaway Beach,40.58603,-73.8145,Private room,114,2,17,1,90,1
58062,277394,Brooklyn,Windsor Terrace,40.65912,-73.9842,Private room,139,2,25,1,0,0
59014,282927,Manhattan,Lower East Side,40.71946,-73.98641,Entire home/apt,250,30,58,1,342,1
59121,204539,Queens,Ridgewood,40.70271,-73.8993,Entire home/apt,211,30,2,6,361,0
16326,63588,Brooklyn,Prospect Heights,40.67839,-73.96642,Entire home/apt,175,30,154,1,134,2
106363,551055,Manhattan,Harlem,40.82772,-73.95284,Private room,81,5,442,2,272,19
16338,63613,Brooklyn,Clinton Hill,40.69121,-73.96804,Private room,55,21,29,2,271,0
16580,64442,Manhattan,East Village,40.72489,-73.9781,Private room,166,2,473,2,134,47
59709,186084,Manhattan,Chinatown,40.7178,-73.9932,Entire home/apt,300,7,53,2,42,23
106647,552679,Brooklyn,Bedford-Stuyvesant,40.68647,-73.95862,Entire home/apt,150,2,123,1,38,14
60164,289653,Manhattan,Tribeca,40.72012,-74.00397,Entire home/apt,500,30,109,1,326,3
106906,553964,Brooklyn,Clinton Hill,40.68615,-73.96769,Entire home/apt,225,45,12,1,262,0
16595,64522,Brooklyn,Williamsburg,40.7092,-73.96641,Entire home/apt,564,1,237,1,341,33
107630,306739,Brooklyn,Greenpoint,40.72741,-73.95466,Entire home/apt,209,3,320,2,95,30
107895,3088389,Manhattan,Upper West Side,40.78073,-73.98564,Entire home/apt,166,90,63,1,330,2
16821,4396,Manhattan,East Village,40.72281,-73.98501,Private room,218,1,162,2,30,35
16974,65837,Manhattan,East Harlem,40.8019,-73.93762,Entire home/apt,300,5,254,1,42,26
17037,66035,Manhattan,East Village,40.72289,-73.98028,Entire home/apt,220,30,53,1,103,0
17693,68428,Manhattan,Washington Heights,40.83253,-73.94108,Private room,75,2,63,2,319,3
18152,69942,Manhattan,Upper East Side,40.76967,-73.94831,Private room,200,30,148,1,365,0
60181,128806,Manhattan,East Village,40.7253,-73.98028,Entire home/apt,195,31,38,1,0,1
60457,99212,Manhattan,Greenwich Village,40.73072,-73.99275,Entire home/apt,250,30,10,1,0,0
110576,568103,Manhattan,Financial District,40.70104,-74.01168,Private room,140,45,53,1,311,0
60611,292204,Manhattan,East Harlem,40.79204,-73.94741,Entire home/apt,110,30,192,3,86,1
60666,256161,Manhattan,Harlem,40.81006,-73.94559,Private room,111,3,241,2,38,22
18728,71876,Manhattan,Chelsea,40.74261,-74.00353,Private room,175,4,221,1,279,28
112304,573316,Manhattan,Harlem,40.8069,-73.95372,Private room,90,30,1,1,0,0
18961,70857,Manhattan,Kips Bay,40.73808,-73.98001,Private room,95,30,1,1,0,0
19159,73051,Manhattan,Harlem,40.82817,-73.95133,Entire home/apt,110,180,58,1,333,0
60673,249372,Manhattan,Harlem,40.81562,-73.94674,Private room,125,30,3,1,0,0
60680,292630,Manhattan,East Village,40.72598,-73.97978,Entire home/apt,160,30,165,2,328,2
112435,181376,Brooklyn,Fort Greene,40.69132,-73.97306,Private room,95,30,177,2,343,0
60794,293394,Manhattan,Upper West Side,40.79918,-73.96248,Entire home/apt,211,30,4,1,0,0
19812,74857,Brooklyn,Williamsburg,40.71802,-73.95724,Entire home/apt,105,30,61,1,280,0
113092,575906,Brooklyn,Fort Greene,40.6905,-73.97867,Private room,90,30,0,1,0,0
20913,79402,Brooklyn,Williamsburg,40.70967,-73.95922,Entire home/apt,80,30,168,1,0,0
61509,23619,Manhattan,Midtown,40.75743,-73.96825,Entire home/apt,110,200,92,1,0,0
62427,303882,Manhattan,East Village,40.72825,-73.98959,Entire home/apt,130,30,62,1,165,1
113265,314582,Brooklyn,Crown Heights,40.67582,-73.9518,Private room,55,30,273,2,326,3
62891,306545,Manhattan,East Village,40.72297,-73.98265,Entire home/apt,175,4,215,2,243,9
62925,306739,Brooklyn,Greenpoint,40.72967,-73.95352,Entire home/apt,288,3,152,2,95,10
63588,295128,Bronx,Clason Point,40.81161,-73.85499,Private room,89,30,0,6,15,0
21456,42032,Manhattan,Upper West Side,40.79936,-73.96155,Private room,88,30,85,1,243,1
115535,567187,Manhattan,Harlem,40.82402,-73.95263,Private room,65,30,34,1,239,0
116551,497672,Manhattan,Harlem,40.80384,-73.95123,Entire home/apt,70,30,173,1,45,2
21644,82685,Manhattan,Harlem,40.82782,-73.9473,Private room,99,30,3,1,0,0
21794,83257,Manhattan,Chelsea,40.74187,-74.00223,Private room,85,30,36,2,282,0
63610,310670,Bronx,Eastchester,40.881,-73.83511,Entire home/apt,99,2,53,6,360,6
118061,2248897,Brooklyn,Bedford-Stuyvesant,40.68462,-73.92895,Entire home/apt,120,30,89,1,254,5
63657,170510,Brooklyn,Bedford-Stuyvesant,40.68253,-73.94295,Entire home/apt,135,30,268,2,0,0
63693,306545,Manhattan,East Village,40.72219,-73.98245,Entire home/apt,390,7,153,2,159,0
23135,11481,Brooklyn,Carroll Gardens,40.67747,-74.00146,Entire home/apt,248,3,285,3,334,19
23686,93790,Manhattan,West Village,40.72961,-74.00308,Entire home/apt,600,5,55,2,23,3
121687,262812,Brooklyn,Williamsburg,40.71983,-73.95992,Entire home/apt,175,30,57,1,29,0
64000,312722,Brooklyn,Williamsburg,40.70705,-73.95489,Private room,55,30,14,3,310,0
121861,611716,Brooklyn,Park Slope,40.6755,-73.98137,Entire home/apt,165,2,28,2,74,2
64015,146944,Manhattan,East Village,40.72863,-73.9842,Entire home/apt,200,30,0,1,0,0
64107,313317,Brooklyn,Crown Heights,40.67582,-73.94316,Private room,100,3,308,1,1,0
24285,97797,Brooklyn,Park Slope,40.67115,-73.98026,Entire home/apt,220,30,93,1,81,3
25406,105538,Brooklyn,Williamsburg,40.71649,-73.94865,Entire home/apt,83,30,29,1,0,0
25696,107628,Manhattan,Harlem,40.8104,-73.94309,Private room,100,1,190,1,0,0
26362,59734,Manhattan,Hell's Kitchen,40.75603,-73.99294,Private room,85,2,461,2,257,60
123784,617990,Manhattan,Harlem,40.80617,-73.94757,Entire home/apt,102,3,223,1,265,33
26785,42273,Brooklyn,South Slope,40.6686,-73.98723,Entire home/apt,90,30,479,3,129,3
64314,314256,Brooklyn,Crown Heights,40.67634,-73.95143,Private room,75,30,45,1,306,0
64365,314582,Brooklyn,Crown Heights,40.67579,-73.95072,Private room,60,30,251,2,289,7
64837,46978,Manhattan,East Village,40.72497,-73.98356,Private room,79,7,243,2,36,23
125163,622855,Brooklyn,Bedford-Stuyvesant,40.68595,-73.92923,Private room,99,3,62,2,325,12
65268,319092,Brooklyn,Bedford-Stuyvesant,40.68305,-73.95195,Private room,75,5,63,1,162,0
27644,119510,Manhattan,Harlem,40.82682,-73.94948,Entire home/apt,190,2,232,1,283,18
126443,627217,Manhattan,East Village,40.72761,-73.98951,Entire home/apt,459,2,516,3,255,60
65425,314941,Manhattan,Nolita,40.72021,-73.99426,Entire home/apt,568,1,11,2,350,10
126816,620288,Manhattan,Upper West Side,40.79907,-73.96517,Private room,85,30,3,1,0,0
65615,320761,Brooklyn,Williamsburg,40.7106,-73.95178,Entire home/apt,85,10,56,1,0,0
27883,120223,Manhattan,East Village,40.72421,-73.98509,Entire home/apt,100,30,25,1,0,0
127387,23276,Brooklyn,Gowanus,40.66895,-73.99136,Entire home/apt,260,30,3,1,221,0
28907,124352,Manhattan,Upper East Side,40.77827,-73.94669,Entire home/apt,150,30,21,1,250,0
29013,35935,Brooklyn,Bedford-Stuyvesant,40.68288,-73.95646,Private room,80,30,70,5,262,3
29628,127608,Brooklyn,Clinton Hill,40.68292,-73.96381,Private room,89,3,325,1,251,39
65660,320538,Brooklyn,Williamsburg,40.70797,-73.94792,Entire home/apt,106,30,162,2,82,4
132516,85330,Queens,Forest Hills,40.7106,-73.85246,Entire home/apt,123,5,69,3,212,22
65813,321756,Manhattan,Harlem,40.82899,-73.94345,Private room,75,3,20,1,244,0
29683,125857,Manhattan,Lower East Side,40.72314,-73.99108,Entire home/apt,185,30,118,2,304,2
31130,117287,Manhattan,Hell's Kitchen,40.7672,-73.98464,Private room,171,28,68,4,254,1
132661,651818,Manhattan,Hell's Kitchen,40.75587,-73.99399,Private room,62,8,81,1,41,7
66008,322884,Brooklyn,Carroll Gardens,40.68028,-73.99328,Entire home/apt,190,30,68,1,218,0
133025,653405,Manhattan,Murray Hill,40.74564,-73.97782,Private room,68,30,145,1,26,5
66251,324460,Manhattan,East Village,40.72547,-73.98619,Entire home/apt,368,3,144,1,49,32
134934,652842,Brooklyn,Williamsburg,40.71771,-73.95849,Entire home/apt,250,5,27,1,0,0
135465,663879,Brooklyn,Fort Greene,40.68646,-73.97548,Entire home/apt,170,3,119,1,265,9
66741,327673,Brooklyn,Park Slope,40.67548,-73.98315,Entire home/apt,174,2,281,2,252,28
31555,135619,Manhattan,West Village,40.73405,-74.00281,Entire home/apt,120,30,32,1,0,0
136493,663384,Brooklyn,Park Slope,40.67494,-73.97792,Entire home/apt,325,5,35,1,0,7
31902,137292,Brooklyn,East Flatbush,40.6327,-73.93184,Private room,80,30,4,1,0,0
66974,329436,Brooklyn,Gowanus,40.68088,-73.99102,Entire home/apt,210,2,194,2,242,58
139624,680818,Brooklyn,Crown Heights,40.67478,-73.95165,Entire home/apt,70,90,80,1,0,1
67288,101597,Manhattan,East Harlem,40.79544,-73.94836,Entire home/apt,130,28,42,1,20,7
31994,137814,Brooklyn,Clinton Hill,40.68818,-73.96383,Private room,97,2,513,2,296,28
32037,116599,Brooklyn,Clinton Hill,40.68513,-73.96648,Private room,139,30,92,2,345,0
33009,143027,Brooklyn,Williamsburg,40.71512,-73.95899,Entire home/apt,195,4,284,1,272,17
140133,622866,Brooklyn,Williamsburg,40.71347,-73.96035,Entire home/apt,153,30,178,1,241,5
67299,330347,Brooklyn,Williamsburg,40.71516,-73.96448,Entire home/apt,155,30,74,1,119,5
140973,686147,Manhattan,East Village,40.72334,-73.97719,Entire home/apt,215,30,82,1,264,4
67397,332189,Manhattan,Harlem,40.80332,-73.95741,Private room,120,30,105,1,0,0
33156,128669,Manhattan,Upper West Side,40.78763,-73.96862,Entire home/apt,139,120,20,1,163,0
141154,686768,Brooklyn,Boerum Hill,40.6857,-73.98131,Entire home/apt,100,30,263,1,187,0
36647,157798,Manhattan,East Harlem,40.79128,-73.94125,Private room,76,7,59,1,276,25
141335,687361,Brooklyn,Park Slope,40.67487,-73.97637,Entire home/apt,900,1,39,2,353,2
142069,277747,Manhattan,East Village,40.72506,-73.97906,Entire home/apt,100,30,22,1,0,0
36703,158284,Manhattan,West Village,40.73271,-74.00367,Entire home/apt,200,14,141,1,230,5
36934,159370,Brooklyn,Williamsburg,40.71371,-73.96203,Entire home/apt,150,6,27,1,3,0
144087,616825,Manhattan,Harlem,40.80687,-73.95333,Entire home/apt,599,6,29,2,108,7
38663,165789,Brooklyn,Boerum Hill,40.68442,-73.98068,Entire home/apt,900,3,39,1,222,12
39282,168525,Brooklyn,Williamsburg,40.71065139770508,-73.95087432861328,Private room,150,4,245,2,5,13
144148,299755,Manhattan,East Village,40.72297,-73.9851,Private room,67,30,32,1,0,0
39572,169927,Manhattan,Hell's Kitchen,40.76203,-73.98869,Private room,139,30,44,2,6,0
68253,67730,Queens,Astoria,40.76336,-73.92099,Private room,55,30,0,1,0,0
148201,715807,Manhattan,West Village,40.7304,-74.00228,Entire home/apt,175,30,18,1,0,0
68735,342054,Manhattan,Upper West Side,40.78846,-73.97459,Entire home/apt,210,15,34,1,323,1
39593,110506,Queens,Sunnyside,40.74523,-73.92318,Private room,78,30,29,1,183,0
39704,170510,Brooklyn,Bedford-Stuyvesant,40.68216,-73.94594,Entire home/apt,135,30,337,2,0,0
148259,716064,Brooklyn,Williamsburg,40.71345,-73.94289,Entire home/apt,330,3,90,1,327,8
148825,718349,Manhattan,Upper West Side,40.79999,-73.96338,Entire home/apt,173,3,269,2,205,36
68900,343250,Brooklyn,Greenpoint,40.73094,-73.95484,Private room,100,30,7,1,249,0
149287,720320,Manhattan,Upper East Side,40.78422,-73.95133,Entire home/apt,250,30,0,1,0,0
68974,281229,Manhattan,Nolita,40.72,-73.99487,Entire home/apt,596,2,234,1,65,11
69894,352168,Manhattan,Upper West Side,40.77845,-73.98295,Entire home/apt,160,30,59,1,5,3
42300,184755,Manhattan,Lower East Side,40.71992,-73.99167,Entire home/apt,671,5,71,1,261,8
42729,11481,Brooklyn,Carroll Gardens,40.67813,-74.00062,Entire home/apt,203,4,188,3,344,18
42882,185978,Staten Island,St. George,40.64633,-74.08156,Private room,70,5,178,1,265,2
149787,722242,Manhattan,Harlem,40.81862,-73.94518,Entire home/apt,100,30,0,1,0,0
43105,188082,Manhattan,Midtown,40.7449,-73.98499,Entire home/apt,185,30,4,1,219,0
44229,181376,Brooklyn,Fort Greene,40.69287,-73.97108,Private room,110,30,231,2,365,0
44973,198411,Brooklyn,Williamsburg,40.70894,-73.95234,Entire home/apt,98,30,126,1,112,3
71010,361855,Manhattan,Washington Heights,40.83403,-73.93951,Entire home/apt,332,4,36,2,305,1
71248,363834,Manhattan,Chinatown,40.7159,-73.99156,Entire home/apt,155,28,58,2,64,4
150804,726333,Manhattan,Lower East Side,40.7203,-73.98424,Entire home/apt,250,4,38,1,36,5
71366,364955,Manhattan,Greenwich Village,40.72997,-74.00196,Entire home/apt,225,30,44,1,341,1
45542,202249,Manhattan,Harlem,40.82569,-73.93842,Entire home/apt,100,30,18,1,0,0
45556,67778,Brooklyn,Fort Greene,40.68834,-73.97578,Private room,65,2,339,3,118,59
150989,727084,Brooklyn,Williamsburg,40.71584,-73.96355,Entire home/apt,140,30,19,1,0,1
71384,365153,Brooklyn,Greenpoint,40.72919,-73.95588,Entire home/apt,229,1,50,1,0,0
151199,722320,Queens,Astoria,40.75684,-73.91286,Entire home/apt,151,2,507,1,252,38
169483,807642,Brooklyn,Gravesend,40.60602,-73.97076,Entire home/apt,184,7,0,2,0,0
152071,731855,Brooklyn,Park Slope,40.67231,-73.97878,Entire home/apt,150,2,0,1,0,0
71812,369015,Bronx,Kingsbridge,40.87069,-73.90113,Entire home/apt,90,30,15,2,249,5
152263,732535,Manhattan,Harlem,40.80494,-73.94998,Entire home/apt,350,2,299,3,278,40
72190,373085,Manhattan,Upper West Side,40.77743,-73.97691,Entire home/apt,110,30,37,1,0,0
170420,812814,Manhattan,East Harlem,40.79179,-73.93972,Entire home/apt,79,30,15,1,0,0
170761,67778,Brooklyn,Fort Greene,40.68876,-73.97758,Private room,85,2,113,3,121,41
153780,739499,Manhattan,East Village,40.72752,-73.98581,Private room,175,3,211,1,231,22
72265,340692,Brooklyn,Greenpoint,40.72744,-73.953,Private room,85,5,35,1,0,1
74333,331328,Manhattan,East Harlem,40.80834,-73.94075,Entire home/apt,120,30,38,2,286,2
154934,745069,Manhattan,Harlem,40.8241,-73.94415,Private room,75,30,38,2,341,0
74438,391553,Manhattan,Hell's Kitchen,40.75523,-73.99792,Entire home/apt,299,30,52,1,218,0
74680,265109,Queens,Astoria,40.77507,-73.93367,Entire home/apt,119,7,237,1,301,12
157673,757166,Brooklyn,Bedford-Stuyvesant,40.68096,-73.94062,Entire home/apt,65,30,92,1,235,0
171562,60923,Manhattan,Chelsea,40.74937,-73.99467,Entire home/apt,240,60,26,1,2,6
158061,758441,Brooklyn,Bedford-Stuyvesant,40.68511,-73.91927,Private room,165,30,27,4,365,0
159749,54275,Brooklyn,Bedford-Stuyvesant,40.68048,-73.93938,Private room,81,2,76,3,2,0
159815,54275,Brooklyn,Bedford-Stuyvesant,40.68048,-73.93938,Private room,70,1,59,3,1,7
159913,759883,Manhattan,Chelsea,40.74389,-74.00068,Private room,150,30,27,2,218,0
171978,820011,Brooklyn,Crown Heights,40.66946,-73.94638,Entire home/apt,94,7,8,2,286,0
74821,394640,Manhattan,Harlem,40.80874,-73.94926,Entire home/apt,149,30,47,1,90,0
74860,394752,Brooklyn,Greenpoint,40.72364,-73.95013,Entire home/apt,75,30,3,1,0,0
162493,776490,Brooklyn,Williamsburg,40.71174,-73.95798,Entire home/apt,582,6,47,1,119,4
75635,401696,Manhattan,Lower East Side,40.71911,-73.98588,Entire home/apt,175,3,350,1,245,28
77517,415660,Brooklyn,Williamsburg,40.71407,-73.96657,Private room,100,28,3,3,336,0
173151,826459,Brooklyn,Greenpoint,40.72852,-73.95655,Private room,78,30,262,1,23,0
174966,836168,Manhattan,Upper West Side,40.7751,-73.98595,Entire home/apt,2500,30,26,11,364,0
162508,776645,Brooklyn,Crown Heights,40.67188,-73.95097,Entire home/apt,130,30,28,1,0,0
175470,838704,Manhattan,Upper West Side,40.80244,-73.96541,Entire home/apt,187,31,5,2,365,0
242643,1273825,Brooklyn,Williamsburg,40.70652,-73.93991,Entire home/apt,146,2,49,1,308,7
244649,1283659,Manhattan,Upper West Side,40.79824,-73.96863,Private room,50,2,0,1,0,0
163814,627217,Manhattan,East Village,40.72641,-73.98711,Entire home/apt,179,2,411,3,266,49
166006,791287,Manhattan,Upper West Side,40.79864,-73.96209,Entire home/apt,250,31,191,1,85,2
245544,1260921,Bronx,Kingsbridge,40.8666,-73.90061,Private room,49,3,114,2,257,2
177495,848960,Manhattan,Chelsea,40.74088,-73.99538,Entire home/apt,550,30,5,1,0,0
177606,849492,Manhattan,Kips Bay,40.74045,-73.9749,Private room,189,10,115,1,314,8
166172,792159,Brooklyn,Bushwick,40.68478,-73.9066,Private room,55,30,62,1,0,0
179670,21475,Manhattan,East Village,40.72113,-73.98213,Private room,175,3,127,1,62,10
179741,314941,Manhattan,Nolita,40.72212,-73.99638,Entire home/apt,399,1,19,2,234,1
182069,39260,Manhattan,East Harlem,40.78923,-73.946,Entire home/apt,100,30,121,1,310,3
245574,1288460,Brooklyn,Bedford-Stuyvesant,40.68921,-73.95439,Entire home/apt,134,3,245,1,276,29
166983,795640,Brooklyn,Carroll Gardens,40.68194,-73.99708,Entire home/apt,350,30,6,1,0,0
246351,1292250,Manhattan,Gramercy,40.73693,-73.98129,Entire home/apt,139,1,5,1,0,0
182177,873273,Bronx,Allerton,40.86502,-73.85496,Entire home/apt,173,2,328,2,320,16
168123,720558,Brooklyn,Windsor Terrace,40.65891,-73.98556,Entire home/apt,100,30,118,1,72,8
169306,806214,Bronx,University Heights,40.85981,-73.9063,Private room,40,7,157,1,257,15
187986,904833,Manhattan,Chelsea,40.73862,-73.99758,Entire home/apt,250,30,2,1,0,0
247562,1234135,Queens,Richmond Hill,40.7012,-73.83151,Private room,66,3,42,3,348,16
248865,417504,Brooklyn,Greenpoint,40.73756,-73.9535,Entire home/apt,339,2,38,30,102,0
169464,806774,Brooklyn,Williamsburg,40.70829,-73.96564,Entire home/apt,85,30,98,2,5,0
280315,1151818,Brooklyn,Crown Heights,40.67265,-73.94486,Entire home/apt,250,30,26,1,0,0
248966,1304390,Brooklyn,Bushwick,40.69913,-73.93107,Private room,82,30,43,2,341,0
249414,1306587,Manhattan,West Village,40.73273,-74.00041,Entire home/apt,246,4,6,1,0,0
188674,909234,Manhattan,East Village,40.73345,-73.98809,Entire home/apt,165,30,63,1,0,0
188803,67778,Brooklyn,Fort Greene,40.68915,-73.97686,Private room,90,2,20,3,0,7
281521,70614,Manhattan,West Village,40.73853,-74.00292,Entire home/apt,200,30,1,1,0,0
281851,1469036,Manhattan,Harlem,40.8078,-73.95232,Private room,130,5,121,1,258,3
189135,179020,Manhattan,Hell's Kitchen,40.76263,-73.99401,Private room,142,2,101,1,307,0
189181,912541,Manhattan,Chelsea,40.74907,-74.00281,Private room,282,30,1,1,0,0
249618,1307773,Manhattan,Washington Heights,40.85099,-73.92822,Private room,125,60,4,1,0,0
249704,966806,Brooklyn,Williamsburg,40.71065,-73.94102,Entire home/apt,150,30,21,1,164,4
249867,758441,Brooklyn,Bedford-Stuyvesant,40.68532,-73.91881,Private room,100,30,7,4,365,0
282443,36897,Manhattan,Chinatown,40.7159,-73.99103,Entire home/apt,121,30,77,1,82,1
250323,1311870,Manhattan,Chinatown,40.71643,-73.99931,Entire home/apt,122,30,49,1,0,0
189732,489400,Brooklyn,East New York,40.67346,-73.87263,Entire home/apt,183,3,273,1,298,34
282977,1474071,Brooklyn,Park Slope,40.6732,-73.97998,Private room,135,4,284,1,299,28
189787,915640,Brooklyn,Crown Heights,40.66941,-73.94988,Entire home/apt,108,30,103,1,0,0
250536,1313306,Manhattan,Harlem,40.81146,-73.94469,Private room,125,30,11,2,280,0
250537,1313306,Manhattan,Harlem,40.81128,-73.9433,Entire home/apt,400,30,0,2,327,0
283550,1476954,Manhattan,Hell's Kitchen,40.75981,-73.99138,Entire home/apt,175,30,10,1,0,0
251277,1317343,Manhattan,Upper West Side,40.78615,-73.97394,Private room,156,2,164,1,297,34
190267,918866,Manhattan,Upper East Side,40.7688,-73.95825,Entire home/apt,179,30,45,1,83,4
286662,1491538,Brooklyn,Crown Heights,40.67223,-73.95556,Entire home/apt,110,3,310,1,244,33
190968,922922,Brooklyn,Prospect Heights,40.67914,-73.96443,Entire home/apt,175,3,37,1,0,0
252865,194457,Brooklyn,Prospect Heights,40.67882,-73.97224,Private room,55,30,5,1,0,0
253466,417504,Brooklyn,Greenpoint,40.73756,-73.9535,Entire home/apt,339,2,48,30,229,9
253471,417504,Brooklyn,Greenpoint,40.73756,-73.9535,Entire home/apt,339,2,28,30,221,3
253475,417504,Brooklyn,Greenpoint,40.73756,-73.9535,Entire home/apt,339,2,81,30,230,11
286838,1492339,Manhattan,Harlem,40.80748,-73.95589,Private room,75,30,101,1,0,0
253590,1331850,Manhattan,Upper West Side,40.79846,-73.96512,Private room,205,30,23,1,173,1
253800,417504,Brooklyn,Greenpoint,40.73756,-73.9535,Entire home/apt,339,2,33,30,232,4
253803,417504,Brooklyn,Greenpoint,40.73756,-73.9535,Entire home/apt,339,2,28,30,224,3
253806,417504,Brooklyn,Greenpoint,40.73756,-73.9535,Entire home/apt,339,2,48,30,232,2
253811,417504,Brooklyn,Greenpoint,40.73756,-73.9535,Entire home/apt,339,2,64,30,229,10
253815,417504,Brooklyn,Greenpoint,40.73756,-73.9535,Entire home/apt,339,2,75,30,223,18
253828,417504,Brooklyn,Greenpoint,40.73756,-73.9535,Private room,529,2,11,30,87,3
253839,417504,Brooklyn,Greenpoint,40.73756,-73.9535,Private room,372,2,6,30,222,2
253842,417504,Brooklyn,Greenpoint,40.73756,-73.9535,Private room,336,3,7,30,219,0
253846,417504,Brooklyn,Greenpoint,40.73756,-73.9535,Hotel room,308,2,26,30,220,12
287397,1029021,Brooklyn,Bedford-Stuyvesant,40.69049,-73.93212,Entire home/apt,77,30,49,2,209,4
253988,136962,Brooklyn,Fort Greene,40.68604,-73.9697,Private room,160,7,3,1,0,2
254168,417504,Brooklyn,Greenpoint,40.73756,-73.9535,Private room,728,2,7,30,92,0
254409,1336542,Brooklyn,Clinton Hill,40.68136,-73.9654,Entire home/apt,110,1,2,1,0,0
255476,1302029,Brooklyn,Williamsburg,40.71028,-73.95409,Private room,93,30,34,1,126,2
190974,874471,Brooklyn,Park Slope,40.66836,-73.98166,Entire home/apt,130,3,263,1,230,37
191610,927028,Manhattan,Chelsea,40.74735,-74.00208,Private room,128,3,95,1,12,16
287408,1495090,Manhattan,Hell's Kitchen,40.76198,-73.99361,Entire home/apt,175,30,74,1,35,1
255601,1343630,Brooklyn,Bedford-Stuyvesant,40.69100631538244,-73.95017714868206,Entire home/apt,213,4,215,1,299,3
287845,1496847,Brooklyn,Carroll Gardens,40.67933,-73.995,Entire home/apt,259,30,127,1,288,2
255957,506779,Manhattan,Nolita,40.72032,-73.99462,Entire home/apt,495,30,29,2,313,3
257097,315401,Brooklyn,Bedford-Stuyvesant,40.68278,-73.95549,Entire home/apt,193,30,37,1,298,1
258688,436599,Manhattan,West Village,40.74024,-74.00584,Entire home/apt,375,4,57,1,0,9
258690,1359611,Manhattan,Chelsea,40.74642,-74.00411,Entire home/apt,195,365,10,1,0,0
195123,940724,Manhattan,Washington Heights,40.83338,-73.94326,Private room,75,30,232,1,342,0
288726,107853,Manhattan,Little Italy,40.719,-73.99764,Private room,109,4,58,1,0,1
195233,949221,Brooklyn,Prospect-Lefferts Gardens,40.65634,-73.95526,Private room,50,1,59,2,0,0
195240,949221,Brooklyn,Flatbush,40.65468,-73.95721,Private room,60,1,89,2,77,7
195989,611716,Brooklyn,Park Slope,40.67641,-73.98161,Private room,105,3,223,2,214,10
258740,1360043,Manhattan,Harlem,40.81847,-73.94623,Private room,58,1,143,1,0,0
289020,347036,Manhattan,East Village,40.72976,-73.98684,Entire home/apt,188,30,15,1,0,0
258838,1360198,Staten Island,Arrochar,40.591675,-74.065865,Entire home/apt,279,2,54,2,349,25
197931,965453,Manhattan,Hell's Kitchen,40.761436,-73.991791,Entire home/apt,175,3,97,1,0,3
197942,289135,Brooklyn,Bedford-Stuyvesant,40.6836,-73.95445,Entire home/apt,198,7,237,1,256,4
198028,965976,Queens,Ditmars Steinway,40.77728,-73.91278,Shared room,50,75,16,1,242,0
289665,1503831,Manhattan,West Village,40.72864,-74.00453,Entire home/apt,450,20,157,1,0,0
198478,968805,Manhattan,Upper East Side,40.7794,-73.95096,Private room,95,30,40,1,10,2
258930,32613,Manhattan,Chinatown,40.71517,-73.99376,Entire home/apt,95,30,4,1,0,0
289703,815741,Manhattan,SoHo,40.72533,-73.9972,Entire home/apt,249,30,8,1,0,0
292121,169927,Manhattan,Hell's Kitchen,40.76387,-73.98742,Entire home/apt,157,30,6,2,6,0
292324,361254,Manhattan,Hell's Kitchen,40.76314,-73.9868,Private room,80,30,6,1,87,0
260672,1360296,Brooklyn,East New York,40.67516,-73.89233,Entire home/apt,165,3,43,2,326,6
292637,1021834,Brooklyn,Crown Heights,40.67452,-73.96174,Entire home/apt,100,30,0,1,0,0
260755,1366070,Manhattan,Tribeca,40.71704,-74.00908,Entire home/apt,505,7,29,1,164,4
199312,973438,Brooklyn,Williamsburg,40.71053,-73.94216,Private room,100,5,288,1,190,0
200645,933378,Manhattan,Upper East Side,40.76739,-73.9557,Shared room,90,30,0,1,0,0
294227,417504,Brooklyn,Greenpoint,40.73778,-73.95366,Entire home/apt,339,2,50,30,232,5
294242,417504,Brooklyn,Greenpoint,40.73778,-73.95366,Entire home/apt,328,2,87,30,228,7
294250,45682,Manhattan,Upper West Side,40.77702,-73.97904,Entire home/apt,182,6,125,1,0,6
261259,1370358,Manhattan,West Village,40.73146,-74.00448,Entire home/apt,145,7,11,1,0,0
294259,417504,Brooklyn,Greenpoint,40.73778,-73.95366,Entire home/apt,328,3,135,30,206,24
294263,417504,Brooklyn,Greenpoint,40.73778,-73.95366,Entire home/apt,328,2,139,30,224,20
294280,417504,Brooklyn,Greenpoint,40.73778,-73.95366,Entire home/apt,333,2,42,30,229,10
295231,1387286,Brooklyn,Williamsburg,40.70951,-73.95015,Private room,63,30,1,2,0,0
200955,568325,Manhattan,Stuyvesant Town,40.73125,-73.9811,Entire home/apt,125,30,22,1,98,0
295998,568585,Manhattan,Upper West Side,40.79131,-73.9694,Entire home/apt,375,30,54,1,70,3
261674,1372786,Manhattan,Chelsea,40.74101,-74.00006,Private room,95,30,20,1,0,0
296361,1528912,Queens,Elmhurst,40.73849,-73.87232,Private room,59,30,63,2,0,0
261781,1359519,Manhattan,West Village,40.73221,-74.00448,Entire home/apt,375,30,8,1,0,0
201514,985846,Manhattan,Harlem,40.82553,-73.94511,Entire home/apt,150,30,1,1,0,0
201992,988350,Brooklyn,Park Slope,40.67466,-73.97853,Entire home/apt,190,30,106,1,281,0
202273,918087,Brooklyn,Bedford-Stuyvesant,40.68702,-73.94917,Private room,55,30,72,3,0,0
203901,1000477,Manhattan,Upper East Side,40.76922,-73.95648,Entire home/apt,190,30,8,1,0,0
296717,1530310,Brooklyn,Bedford-Stuyvesant,40.68907,-73.95384,Private room,55,7,21,4,95,0
262405,1376778,Brooklyn,East Flatbush,40.6446,-73.94184,Entire home/apt,101,18,70,1,58,1
298759,1539749,Brooklyn,Bedford-Stuyvesant,40.68435,-73.94825,Private room,55,30,41,3,334,1
262478,535128,Manhattan,Lower East Side,40.71881,-73.9879,Private room,120,30,11,1,0,0
262583,605463,Manhattan,West Village,40.73219,-74.00289,Entire home/apt,332,4,231,1,172,30
263005,1380060,Brooklyn,Fort Greene,40.69643,-73.97698,Entire home/apt,135,30,125,1,44,4
204065,51038,Brooklyn,Clinton Hill,40.687,-73.96149,Entire home/apt,448,2,95,2,318,26
299062,236421,Manhattan,Upper East Side,40.77433,-73.95339,Private room,120,30,0,2,0,0
299531,1220404,Brooklyn,East New York,40.66646,-73.89254,Entire home/apt,95,30,147,2,328,2
205485,1010242,Brooklyn,Bedford-Stuyvesant,40.68339,-73.94034,Entire home/apt,185,3,144,1,227,9
301372,1294674,Brooklyn,Fort Greene,40.6857,-73.97388,Private room,45,30,28,1,0,0
205867,1012691,Brooklyn,Williamsburg,40.72002,-73.94238,Entire home/apt,120,4,115,1,203,14
263232,1381171,Manhattan,Harlem,40.82176,-73.94522,Entire home/apt,157,30,1,1,36,0
263502,1382749,Brooklyn,Williamsburg,40.71838,-73.95617,Entire home/apt,185,180,24,1,365,0
302238,1556814,Manhattan,Harlem,40.80752,-73.94778,Entire home/apt,395,30,7,10,303,0
263888,1384559,Manhattan,Upper West Side,40.79632,-73.97643,Entire home/apt,245,2,225,2,85,40
206316,1014639,Brooklyn,Fort Greene,40.6878,-73.97253,Entire home/apt,157,30,4,1,0,0
206772,1017473,Brooklyn,Williamsburg,40.7125,-73.96598,Entire home/apt,200,30,43,1,270,1
302280,1556814,Manhattan,Harlem,40.8058,-73.94759,Entire home/apt,200,30,9,10,286,1
302309,1556814,Manhattan,Harlem,40.80528,-73.94742,Entire home/apt,395,30,6,10,300,1
302705,1439222,Manhattan,Upper East Side,40.77298,-73.95813,Private room,60,30,2,1,272,1
265036,21188,Brooklyn,Crown Heights,40.67254,-73.95386,Private room,150,30,25,1,180,0
303264,1556814,Manhattan,Harlem,40.8073,-73.94575,Entire home/apt,225,30,7,10,294,0
305211,1570170,Brooklyn,Williamsburg,40.71453,-73.96091,Entire home/apt,225,4,300,1,260,37
305245,1556814,Manhattan,Harlem,40.80557,-73.94801,Entire home/apt,395,30,9,10,292,0
306799,1577961,Brooklyn,Bushwick,40.70674,-73.91959,Private room,67,30,129,1,0,0
310325,745069,Manhattan,Harlem,40.82359,-73.94601,Private room,75,30,34,2,303,0
310524,1597481,Brooklyn,Bedford-Stuyvesant,40.69533,-73.96058,Private room,106,2,55,1,252,25
265145,1390947,Manhattan,Theater District,40.76253,-73.98365,Entire home/apt,200,30,8,1,0,0
265506,1392440,Manhattan,Upper East Side,40.7628,-73.9651,Entire home/apt,496,30,11,1,0,0
206957,1018472,Brooklyn,Sheepshead Bay,40.5847,-73.94088,Private room,72,14,129,2,123,0
311316,1601454,Manhattan,Harlem,40.80193,-73.95098,Private room,149,30,0,2,358,0
208148,1024355,Brooklyn,Williamsburg,40.71955,-73.95471,Entire home/apt,185,30,14,1,0,0
208889,1029021,Brooklyn,Bedford-Stuyvesant,40.69049,-73.93212,Entire home/apt,83,30,58,2,163,3
209310,1031148,Queens,Sunnyside,40.73877,-73.92557,Private room,59,7,287,1,195,2
266753,519554,Manhattan,Lower East Side,40.71941,-73.98968,Entire home/apt,250,3,89,3,0,3
267435,1402454,Queens,Rego Park,40.73333,-73.85933,Private room,55,1,25,1,0,0
311356,142147,Queens,Ridgewood,40.70167,-73.90927,Private room,97,30,111,1,363,1
267652,164675,Brooklyn,Kensington,40.64295445222351,-73.97292779394526,Private room,75,13,36,1,138,7
212109,666271,Manhattan,West Village,40.73814,-74.00811,Private room,89,30,11,1,154,1
314982,1617817,Manhattan,East Village,40.73216,-73.98678,Private room,99,5,157,1,261,6
212544,1096084,Brooklyn,Gowanus,40.67828,-73.98414,Entire home/apt,100,30,9,1,0,0
268481,1380703,Brooklyn,Williamsburg,40.7154,-73.94028,Entire home/apt,150,30,1,1,0,0
318021,1632149,Manhattan,Harlem,40.80272,-73.95316,Private room,110,3,72,1,154,12
318187,1633100,Brooklyn,Bushwick,40.70635,-73.92423,Entire home/apt,110,30,85,1,138,22
268868,1408733,Manhattan,Chelsea,40.75048,-74.00134,Entire home/apt,350,4,89,1,10,11
214917,1109658,Staten Island,Emerson Hill,40.60742,-74.14388,Entire home/apt,76,30,2,1,0,0
216080,17571,Brooklyn,Fort Greene,40.69061113135315,-73.97346354666496,Private room,199,2,132,2,279,38
319646,1209728,Queens,Bayside,40.75537,-73.77159,Entire home/apt,150,3,17,1,298,17
218358,1129218,Manhattan,Harlem,40.80592,-73.95172,Private room,70,30,27,1,249,4
269283,1410714,Brooklyn,Crown Heights,40.66385,-73.93229,Entire home/apt,50,30,33,2,20,2
269404,1411399,Queens,Astoria,40.76716,-73.91177,Private room,119,30,19,4,333,0
320865,1643782,Manhattan,Harlem,40.80937,-73.94515,Entire home/apt,135,30,28,1,275,1
219066,447754,Brooklyn,Bensonhurst,40.61943,-73.99232,Entire home/apt,110,10,30,1,124,2
320877,1366194,Brooklyn,Williamsburg,40.71075,-73.95773,Entire home/apt,232,30,26,1,0,0
219922,1139574,Manhattan,Harlem,40.81553,-73.95438,Private room,85,30,37,1,64,0
220563,918087,Brooklyn,Bedford-Stuyvesant,40.68788,-73.95014,Private room,75,30,59,3,0,0
269889,1413098,Queens,Long Island City,40.74536,-73.94903,Private room,95,3,310,1,2,35
321014,1644452,Manhattan,Gramercy,40.73231,-73.98469,Entire home/apt,275,5,18,1,0,0
220739,1144721,Brooklyn,Bushwick,40.70608,-73.92358,Entire home/apt,295,30,120,2,249,3
321136,1644999,Manhattan,Washington Heights,40.83249,-73.94466,Private room,214,4,53,1,119,20
222304,1153993,Manhattan,Chelsea,40.7401,-74.00019,Entire home/apt,149,30,35,1,56,1
270139,1093220,Brooklyn,Bushwick,40.70413,-73.92726,Private room,96,2,33,3,0,12
270231,1366310,Queens,Woodside,40.74496,-73.91167,Private room,95,30,285,2,333,0
322037,1649300,Brooklyn,Williamsburg,40.71923,-73.9582,Entire home/apt,250,30,280,1,297,5
270315,1398639,Brooklyn,Bedford-Stuyvesant,40.68611,-73.93089,Private room,55,30,18,2,310,0
322604,1651591,Brooklyn,Greenpoint,40.71872,-73.95277,Private room,134,1,223,2,14,48
222913,1157620,Manhattan,Lower East Side,40.71254,-73.98352,Entire home/apt,240,30,230,1,249,7
324800,1661965,Brooklyn,Williamsburg,40.71376,-73.94326,Entire home/apt,160,30,25,1,0,0
223930,1164642,Brooklyn,Prospect Heights,40.67319,-73.96804,Entire home/apt,150,30,21,1,331,0
270345,1415590,Manhattan,East Village,40.72499,-73.99198,Entire home/apt,250,6,32,1,88,1
271694,1387370,Manhattan,Midtown,40.75282,-73.97315,Entire home/apt,125,365,19,1,0,0
272026,1423613,Manhattan,Washington Heights,40.85754,-73.92887,Entire home/apt,88,85,21,1,358,0
325429,92788,Manhattan,Upper East Side,40.77534,-73.95106,Entire home/apt,190,4,133,1,179,15
272044,1195295,Manhattan,Lower East Side,40.72123,-73.98451,Entire home/apt,328,3,78,1,355,11
224004,1165231,Manhattan,Harlem,40.80529,-73.95307,Private room,80,30,68,1,71,0
225354,1158300,Brooklyn,Williamsburg,40.71085,-73.96672,Entire home/apt,140,30,11,1,281,0
326832,668564,Manhattan,Upper East Side,40.77516,-73.9537,Entire home/apt,162,30,37,1,0,0
225976,1177947,Staten Island,Shore Acres,40.61019,-74.06757,Entire home/apt,100,4,90,1,304,2
274062,1433395,Manhattan,Harlem,40.80297,-73.95307,Private room,108,2,77,1,34,3
274329,1434654,Queens,Ridgewood,40.70749,-73.916,Entire home/apt,68,30,138,1,187,0
328040,1676487,Manhattan,Murray Hill,40.74838,-73.98214,Entire home/apt,349,30,34,1,217,2
274743,1436404,Manhattan,Upper East Side,40.77549,-73.95128,Entire home/apt,95,15,1,1,329,0
274995,1437621,Brooklyn,Crown Heights,40.66824,-73.9617,Entire home/apt,150,30,8,1,128,0
226021,815977,Brooklyn,Williamsburg,40.71137,-73.9465,Entire home/apt,335,3,217,2,117,48
226637,1181908,Brooklyn,Park Slope,40.67734,-73.97504,Private room,99,3,13,2,40,6
328744,890215,Brooklyn,Crown Heights,40.66763,-73.95836,Entire home/apt,195,2,97,5,210,41
227495,959931,Manhattan,Upper West Side,40.78764,-73.97274,Entire home/apt,140,30,104,1,80,1
227715,209460,Brooklyn,Bedford-Stuyvesant,40.6805,-73.94885,Entire home/apt,140,30,260,3,308,3
275976,1417757,Brooklyn,Bedford-Stuyvesant,40.68413,-73.93538,Entire home/apt,125,30,231,3,214,3
328788,1679238,Brooklyn,Bedford-Stuyvesant,40.69897,-73.95002,Private room,70,2,96,3,0,3
276317,130901,Brooklyn,Prospect Heights,40.67782,-73.97205,Entire home/apt,650,3,146,1,315,24
329310,1681546,Manhattan,Chinatown,40.71502,-73.9917,Entire home/apt,225,14,22,1,249,4
277207,1447684,Brooklyn,Greenpoint,40.72842,-73.958,Private room,75,7,17,3,308,0
228317,1191142,Brooklyn,Bedford-Stuyvesant,40.68463,-73.92367,Entire home/apt,145,30,92,1,316,2
333323,1698391,Manhattan,Hell's Kitchen,40.76269,-73.99361,Private room,90,7,150,3,290,3
228925,1194377,Brooklyn,Bedford-Stuyvesant,40.68098,-73.94023,Entire home/apt,100,30,11,1,0,0
230877,292204,Manhattan,East Harlem,40.79147,-73.94629,Entire home/apt,145,30,123,3,331,7
231154,27848,Queens,Jamaica,40.67144,-73.76501,Private room,75,30,31,4,0,0
277883,950657,Brooklyn,Prospect-Lefferts Gardens,40.6556,-73.95389,Entire home/apt,100,30,59,1,0,0
334607,52043,Brooklyn,Williamsburg,40.71529,-73.96032,Entire home/apt,200,30,52,1,0,0
278090,1451723,Manhattan,East Harlem,40.79241,-73.93805,Private room,65,7,261,2,311,21
232612,1217241,Brooklyn,Bedford-Stuyvesant,40.685,-73.94262,Entire home/apt,105,3,421,1,136,58
334781,547177,Manhattan,Harlem,40.82904,-73.93892,Private room,54,1,42,1,336,11
234330,148014,Manhattan,Harlem,40.80413,-73.95756,Entire home/apt,75,30,80,2,160,4
278145,1452026,Queens,Astoria,40.77128,-73.91939,Private room,45,30,3,1,0,0
341961,29209,Brooklyn,Prospect Heights,40.67869,-73.96893,Entire home/apt,115,80,18,1,40,0
278876,368528,Brooklyn,Crown Heights,40.66883,-73.95296,Private room,60,30,1,1,0,0
279857,1420300,Brooklyn,Bedford-Stuyvesant,40.68607,-73.95536,Private room,1200,4,188,1,273,34
382523,732535,Manhattan,Harlem,40.80342,-73.94845,Private room,160,3,11,3,249,0
382524,732535,Manhattan,Harlem,40.80562,-73.94873,Private room,180,3,21,3,249,3
234870,1229984,Queens,Long Island City,40.74499,-73.95372,Private room,50,30,65,3,0,0
235515,1234135,Queens,Richmond Hill,40.70148,-73.82972,Private room,56,3,76,3,351,10
342127,753766,Brooklyn,Flatbush,40.65366,-73.96135,Private room,60,30,4,1,277,0
235552,1234405,Brooklyn,South Slope,40.66386,-73.98519,Entire home/apt,300,30,38,1,159,0
235651,83257,Manhattan,Chelsea,40.74168,-74.00339,Private room,110,30,86,2,309,0
385657,1930204,Brooklyn,Williamsburg,40.70364,-73.93484,Private room,70,9,2,1,0,0
342995,1740216,Manhattan,Harlem,40.81319,-73.94194,Private room,120,3,90,1,50,2
385824,1931205,Bronx,Spuyten Duyvil,40.88095,-73.91701,Entire home/apt,136,2,113,1,326,30
235951,1236070,Manhattan,Midtown,40.75408,-73.97071,Entire home/apt,160,29,153,1,52,4
343276,1732559,Manhattan,Hell's Kitchen,40.75622,-73.99455,Private room,109,4,161,3,116,24
235960,1236817,Manhattan,Lower East Side,40.72113,-73.98442,Entire home/apt,200,30,111,1,317,6
386507,1934317,Manhattan,Harlem,40.80872,-73.94327,Shared room,150,30,5,1,362,0
343971,10609846,Manhattan,Harlem,40.83243,-73.94817,Private room,200,1,56,1,179,0
386744,1935291,Manhattan,Upper East Side,40.77,-73.95842,Private room,120,30,104,1,132,2
386799,1935605,Manhattan,Midtown,40.7616,-73.97715,Entire home/apt,250,3,116,1,0,0
236671,1240820,Brooklyn,Williamsburg,40.71732,-73.95561,Entire home/apt,160,30,165,1,0,0
344082,1732559,Manhattan,Hell's Kitchen,40.75557,-73.99411,Entire home/apt,199,30,59,3,92,1
239733,1256874,Queens,Ditmars Steinway,40.77539,-73.91709,Entire home/apt,75,30,55,1,311,2
344092,1745402,Brooklyn,Sunset Park,40.64368,-74.02102,Entire home/apt,70,18,19,1,0,0
239899,1258363,Brooklyn,Prospect-Lefferts Gardens,40.66278,-73.95886,Entire home/apt,65,30,7,1,0,0
387666,1939728,Manhattan,Washington Heights,40.83521,-73.93836,Private room,99,30,10,1,135,1
350168,1774431,Brooklyn,Park Slope,40.67534,-73.98345,Entire home/apt,175,30,10,1,159,1
389482,1947974,Queens,Briarwood,40.71215,-73.81692,Private room,75,30,58,2,365,0
392948,312722,Brooklyn,Williamsburg,40.71009,-73.96604,Private room,55,30,14,3,263,1
394026,1651591,Brooklyn,Greenpoint,40.72044,-73.95377,Private room,200,30,4,2,109,0
394111,1947974,Queens,Briarwood,40.71044,-73.81703,Private room,75,30,16,2,365,0
239934,737845,Manhattan,East Village,40.73193,-73.98511,Entire home/apt,340,12,43,1,0,1
351859,417652,Manhattan,Chelsea,40.74828,-73.9917,Entire home/apt,289,4,114,1,293,24
467866,2321870,Manhattan,West Village,40.73054,-74.00613,Private room,100,2,225,1,61,9
396636,1981742,Manhattan,Harlem,40.82903,-73.94204,Entire home/apt,135,30,42,1,303,0
352651,1785800,Brooklyn,Prospect-Lefferts Gardens,40.66,-73.95203,Private room,83,5,11,3,220,0
397034,70234,Manhattan,Upper West Side,40.78221,-73.98357,Private room,126,30,25,1,218,0
397297,1982209,Manhattan,East Village,40.72593,-73.98278,Entire home/apt,225,30,93,1,0,0
470330,2333508,Brooklyn,Williamsburg,40.71569,-73.93716,Private room,45,4,1,1,4,1
470498,2334269,Manhattan,Battery Park City,40.71051,-74.01724,Private room,65,30,8,1,0,0
353317,314377,Manhattan,Chinatown,40.71481,-73.99059,Private room,140,30,160,1,157,1
471712,1274269,Manhattan,Harlem,40.80631,-73.95579,Private room,86,30,74,1,0,0
355106,85202288,Brooklyn,Prospect-Lefferts Gardens,40.66257,-73.95761,Private room,63,30,44,1,249,0
399946,1996265,Manhattan,Lower East Side,40.72135,-73.98947,Entire home/apt,90,30,80,1,0,0
400039,1488809,Brooklyn,Bushwick,40.70267,-73.92716,Entire home/apt,130,30,53,1,0,0
355563,1621363,Brooklyn,Carroll Gardens,40.68461,-73.98984,Entire home/apt,550,30,0,3,310,0
403712,528594,Manhattan,East Village,40.72968,-73.98687,Entire home/apt,300,30,6,1,0,0
471758,2339722,Manhattan,Tribeca,40.72254,-74.01074,Entire home/apt,500,30,3,1,0,0
363016,1834769,Queens,Maspeth,40.72678,-73.90448,Entire home/apt,134,30,3,2,0,0
471845,2220859,Brooklyn,Bedford-Stuyvesant,40.68308,-73.94403,Entire home/apt,145,30,3,1,0,0
471914,2147438,Brooklyn,Prospect-Lefferts Gardens,40.65958,-73.96118,Private room,110,30,13,1,291,0
404923,2017752,Brooklyn,Windsor Terrace,40.64788,-73.97837,Entire home/apt,107,3,300,1,254,21
364785,1842714,Brooklyn,Park Slope,40.67979,-73.97648,Private room,90,30,37,1,262,3
405025,2018042,Queens,Long Island City,40.75434,-73.9354,Entire home/apt,213,3,101,1,244,0
407469,2015914,Brooklyn,Bushwick,40.68879,-73.91635,Private room,75,31,116,5,0,0
474283,950232,Manhattan,Hell's Kitchen,40.76425,-73.98475,Entire home/apt,103,30,0,1,0,0
476841,295544,Brooklyn,Crown Heights,40.67,-73.95128,Private room,93,1,119,1,115,22
367810,1728785,Brooklyn,Greenpoint,40.73626,-73.95634,Private room,140,5,7,1,310,4
373618,1879389,Brooklyn,Williamsburg,40.72038,-73.95885,Private room,241,2,98,2,94,23
476899,2363997,Manhattan,East Village,40.72682,-73.98372,Entire home/apt,180,7,20,2,1,2
476983,277379,Manhattan,Harlem,40.8239,-73.94242,Private room,59,1,607,2,94,72
408491,2034361,Manhattan,West Village,40.73633,-73.99925,Entire home/apt,145,30,0,1,0,0
378460,1900800,Manhattan,Hell's Kitchen,40.75855,-73.99189,Entire home/apt,110,31,17,2,285,0
408983,520189,Brooklyn,Prospect-Lefferts Gardens,40.65975,-73.9572,Entire home/apt,370,4,118,1,322,8
409262,1621363,Brooklyn,Boerum Hill,40.68561,-73.98919,Entire home/apt,333,30,30,3,281,3
409666,405225,Brooklyn,Brighton Beach,40.5767,-73.95565,Entire home/apt,75,30,9,1,0,0
380416,438133,Brooklyn,Park Slope,40.67566,-73.97949,Entire home/apt,66,30,26,2,37,0
380730,1317588,Brooklyn,Sheepshead Bay,40.59556,-73.94998,Entire home/apt,50,30,3,1,0,0
411918,2050338,Brooklyn,Crown Heights,40.67128,-73.94307,Entire home/apt,195,5,154,3,187,17
478053,2368753,Manhattan,Two Bridges,40.71101,-73.99518,Private room,250,2,66,1,73,4
550858,2277487,Manhattan,Chelsea,40.74734,-73.9931,Entire home/apt,399,30,15,1,0,0
413504,1286417,Brooklyn,Williamsburg,40.71294,-73.94461,Private room,138,4,161,1,3,22
552502,2714897,Brooklyn,Crown Heights,40.67808,-73.9573,Private room,99,30,17,1,13,3
415304,2050328,Manhattan,East Village,40.73161,-73.98484,Entire home/apt,175,30,1,1,0,0
478832,2371814,Brooklyn,Carroll Gardens,40.6748,-74.00032,Entire home/apt,150,30,2,1,0,0
552519,2715012,Brooklyn,Crown Heights,40.67382,-73.94012,Entire home/apt,145,30,254,3,335,6
479002,1708956,Brooklyn,Fort Greene,40.68687,-73.97074,Entire home/apt,464,6,61,1,11,10
552639,2518984,Manhattan,Harlem,40.81711,-73.94736,Entire home/apt,200,2,118,2,198,55
416557,2714164,Brooklyn,Greenpoint,40.72292,-73.94577,Entire home/apt,159,30,47,1,286,0
553872,2647578,Manhattan,Harlem,40.82193,-73.94175,Private room,110,2,10,3,330,6
417685,85006178,Brooklyn,South Slope,40.66481,-73.97776,Entire home/apt,180,2,284,1,229,62
479285,2374190,Queens,Sunnyside,40.74709,-73.92056,Entire home/apt,125,3,3,2,352,2
483414,1539749,Brooklyn,Bedford-Stuyvesant,40.68476,-73.94867,Private room,55,30,24,3,315,0
553903,2647578,Manhattan,Harlem,40.822964,-73.942474,Private room,115,2,47,3,328,17
557487,2740824,Brooklyn,Greenpoint,40.72378,-73.947,Entire home/apt,114,20,24,1,0,0
483505,2393537,Brooklyn,Williamsburg,40.709,-73.96804,Entire home/apt,204,1,161,1,238,57
419373,2085639,Brooklyn,Bedford-Stuyvesant,40.68849,-73.94224,Entire home/apt,90,2,224,1,218,0
560078,2753256,Manhattan,East Village,40.72369,-73.97849,Entire home/apt,240,4,121,1,32,22
419792,2087636,Manhattan,Lower East Side,40.71811,-73.98478,Entire home/apt,200,7,5,1,0,0
421539,1008997,Manhattan,East Harlem,40.79018,-73.94872,Entire home/apt,350,21,59,1,43,5
423015,1530310,Brooklyn,Bedford-Stuyvesant,40.68877,-73.95408,Private room,35,20,36,4,74,0
484297,2397411,Brooklyn,Clinton Hill,40.68375,-73.96458,Entire home/apt,375,30,12,1,0,0
563442,2770788,Manhattan,West Village,40.7359,-74.00128,Entire home/apt,197,30,29,1,0,0
484312,2306962,Brooklyn,South Slope,40.66029,-73.98566,Entire home/apt,300,2,54,1,33,10
484728,2396741,Brooklyn,Fort Hamilton,40.61211,-74.03451,Entire home/apt,105,30,4,1,0,0
489018,864370,Manhattan,East Village,40.72484,-73.98242,Entire home/apt,185,31,64,1,0,0
424870,2076206,Manhattan,West Village,40.73615,-74.00713,Entire home/apt,200,30,43,1,300,0
430427,820046,Manhattan,Washington Heights,40.83559,-73.94095,Private room,40,30,13,1,0,0
430665,2141109,Manhattan,Upper West Side,40.79288,-73.9642,Entire home/apt,250,30,8,1,0,0
431865,361855,Manhattan,Washington Heights,40.834026,-73.939507,Entire home/apt,332,4,86,2,305,11
564649,2777118,Manhattan,Kips Bay,40.73864,-73.98187,Entire home/apt,200,60,39,1,0,0
432090,2148881,Queens,Long Island City,40.7464,-73.94807,Private room,50,30,69,1,0,0
432823,687361,Brooklyn,Park Slope,40.67634,-73.97666,Entire home/apt,266,3,2,2,335,2
565814,532819,Brooklyn,Bedford-Stuyvesant,40.68257,-73.93713,Private room,40,30,1,1,0,0
433218,644941,Brooklyn,Prospect Heights,40.67793,-73.9702,Entire home/apt,130,30,49,1,0,0
433414,287733,Brooklyn,Clinton Hill,40.68566,-73.96781,Entire home/apt,150,30,106,1,230,1
491123,2427868,Brooklyn,Prospect Heights,40.67379,-73.96623,Private room,114,2,187,1,1,39
491529,2429432,Brooklyn,Park Slope,40.67219,-73.97672,Entire home/apt,295,4,59,1,0,6
491942,1995093,Manhattan,Upper West Side,40.79058,-73.97367,Entire home/apt,199,30,24,1,0,0
566712,2786764,Manhattan,East Village,40.72583,-73.97819,Private room,59,30,140,1,0,0
434792,2117078,Brooklyn,Park Slope,40.67154,-73.98745,Entire home/apt,185,4,113,1,6,2
567075,2789557,Manhattan,Upper East Side,40.76002,-73.95998,Private room,98,30,26,1,260,1
437352,290662,Brooklyn,South Slope,40.66902,-73.98884,Entire home/apt,117,89,19,1,342,0
492785,2435392,Brooklyn,Clinton Hill,40.68657,-73.96262,Entire home/apt,250,30,72,1,332,0
492810,2435523,Queens,Bayside,40.76763,-73.77003,Entire home/apt,125,30,8,1,75,1
568661,2590864,Brooklyn,Bushwick,40.70783,-73.92071,Entire home/apt,90,25,58,1,170,7
494296,2442340,Brooklyn,Cobble Hill,40.68705,-74.00002,Private room,75,30,0,1,0,0
437906,2175110,Manhattan,East Village,40.72843,-73.98014,Entire home/apt,350,30,4,1,0,0
568684,2798644,Brooklyn,Bushwick,40.70073,-73.92245,Entire home/apt,115,370,6,1,0,0
438513,2177462,Brooklyn,Prospect-Lefferts Gardens,40.65712,-73.96105,Entire home/apt,122,4,137,1,1,28
495249,2446219,Queens,Jackson Heights,40.75347,-73.89145,Private room,111,1,234,2,0,0
568743,627217,Manhattan,East Village,40.72648,-73.98712,Entire home/apt,269,2,350,3,275,55
570218,2805772,Brooklyn,Fort Greene,40.68497,-73.97644,Entire home/apt,133,30,28,1,0,0
496166,2450665,Brooklyn,South Slope,40.66609,-73.98472,Entire home/apt,254,5,17,1,91,4
439870,1903758,Brooklyn,Park Slope,40.66943,-73.98188,Entire home/apt,425,60,2,1,249,0
570750,2806561,Brooklyn,Crown Heights,40.67543,-73.93971,Entire home/apt,175,4,300,1,167,36
442636,1655939,Queens,Ridgewood,40.699,-73.90295,Entire home/apt,79,30,330,1,184,4
498052,2426779,Brooklyn,Williamsburg,40.71493,-73.96106,Private room,125,2,179,1,118,26
570797,1900800,Manhattan,Hell's Kitchen,40.76119,-73.99225,Private room,125,30,19,2,312,1
571564,1141935,Brooklyn,Crown Heights,40.67432,-73.94744,Private room,95,30,127,3,281,2
498859,2462260,Brooklyn,Brighton Beach,40.58294,-73.96384,Entire home/apt,169,30,73,1,333,0
442649,793225,Manhattan,Chelsea,40.74567,-73.99991,Entire home/apt,125,30,11,1,0,0
443646,2204078,Manhattan,Upper West Side,40.78935,-73.97225,Entire home/apt,1000,30,40,1,22,0
573612,2270624,Manhattan,Harlem,40.81273,-73.95091,Private room,79,1,170,2,0,22
444171,2206506,Brooklyn,Bedford-Stuyvesant,40.68835,-73.92785,Entire home/apt,199,14,7,2,0,0
499249,2463894,Brooklyn,Williamsburg,40.70528,-73.95756,Private room,190,30,1,1,0,0
500886,2206506,Brooklyn,Bedford-Stuyvesant,40.69026,-73.92794,Private room,119,4,131,2,330,14
573671,2822805,Brooklyn,Bedford-Stuyvesant,40.68634,-73.95055,Private room,78,30,46,10,342,2
503460,2483236,Staten Island,New Springville,40.59274,-74.16178,Private room,68,30,11,1,0,0
503585,2483766,Brooklyn,Bedford-Stuyvesant,40.6846,-73.95822,Entire home/apt,200,2,7,1,0,1
444430,420542,Bronx,Mott Haven,40.81081,-73.9237,Private room,52,30,23,1,0,0
447766,1109143,Manhattan,Kips Bay,40.73958,-73.98143,Private room,101,30,1,1,129,0
576227,2834840,Manhattan,Harlem,40.82274,-73.95408,Entire home/apt,99,30,4,1,0,0
504322,471928,Manhattan,Greenwich Village,40.73034,-74.00056,Entire home/apt,182,30,19,1,16,1
576916,2837527,Manhattan,Upper West Side,40.7967,-73.97201,Entire home/apt,165,30,4,1,0,0
448048,1267021,Queens,Jackson Heights,40.75243,-73.87843,Private room,99,30,32,3,180,0
448049,1267021,Queens,Jackson Heights,40.74944,-73.89292,Private room,99,30,56,3,365,1
577824,2841374,Brooklyn,Bedford-Stuyvesant,40.679,-73.95078,Entire home/apt,69,90,30,1,0,12
449034,124357,Brooklyn,Williamsburg,40.71811,-73.95456,Private room,78,1,163,3,250,1
449660,2233165,Brooklyn,Windsor Terrace,40.64885,-73.97453,Private room,80,30,127,1,335,0
504362,2487309,Brooklyn,Prospect Heights,40.67707,-73.97062,Entire home/apt,304,4,82,1,18,14
579251,388608,Brooklyn,Bushwick,40.69174,-73.92276,Entire home/apt,125,30,26,1,0,0
449680,1812871,Bronx,Longwood,40.81627,-73.90128,Entire home/apt,93,30,95,1,64,0
580323,2311767,Manhattan,East Harlem,40.7905,-73.94685,Private room,55,4,67,1,0,0
450577,2237267,Manhattan,Upper West Side,40.7769,-73.97671,Entire home/apt,375,5,113,1,245,19
581180,2775107,Brooklyn,Crown Heights,40.68031,-73.96336,Entire home/apt,175,10,91,1,103,10
582372,733370,Queens,Astoria,40.77266,-73.92268,Private room,69,365,23,1,98,0
452068,2246071,Brooklyn,Kensington,40.64321,-73.97137,Entire home/apt,200,30,3,1,0,0
583352,2423042,Manhattan,East Village,40.72326,-73.97969,Entire home/apt,120,60,5,1,0,0
452541,2248545,Brooklyn,Windsor Terrace,40.66053,-73.98246,Entire home/apt,159,3,176,1,204,22
453094,137814,Brooklyn,Clinton Hill,40.68818,-73.96383,Private room,97,2,442,2,311,46
453255,2252261,Manhattan,Lower East Side,40.71776,-73.98486,Entire home/apt,240,7,16,1,7,1
453317,1530310,Brooklyn,Bedford-Stuyvesant,40.69039,-73.95418,Private room,59,6,7,4,0,0
584122,2878358,Manhattan,Hell's Kitchen,40.77147,-73.99434,Private room,200,30,73,1,0,0
587519,2897835,Brooklyn,Williamsburg,40.71099,-73.95217,Private room,48,5,1,1,0,0
454334,2257289,Manhattan,Harlem,40.81669,-73.94267,Private room,65,30,3,1,0,0
587698,807642,Brooklyn,Gravesend,40.60402,-73.97038,Private room,113,1,103,2,360,23
587740,2899508,Manhattan,SoHo,40.72215,-74.00416,Entire home/apt,180,30,19,1,280,4
454763,2259061,Manhattan,Inwood,40.86667,-73.91813,Entire home/apt,99,30,11,1,261,0
504437,2356449,Manhattan,Lower East Side,40.72103,-73.98835,Entire home/apt,60,30,65,2,0,2
590903,1345769,Manhattan,Harlem,40.80682,-73.94814,Private room,105,30,59,1,341,5
455734,2265389,Manhattan,Inwood,40.86909,-73.9239,Entire home/apt,163,2,159,1,58,15
591135,1523018,Manhattan,Nolita,40.72428,-73.99579,Private room,185,31,156,1,313,1
455801,2265770,Manhattan,Harlem,40.80705,-73.95202,Private room,100,8,109,3,0,0
505231,2490915,Manhattan,Upper East Side,40.77968,-73.95197,Private room,80,30,1,1,0,0
505315,167417,Brooklyn,Bushwick,40.69204,-73.90661,Private room,85,5,45,1,0,0
505581,2492533,Manhattan,Harlem,40.80009,-73.95107,Entire home/apt,85,30,23,1,62,1
507393,1539749,Brooklyn,Bedford-Stuyvesant,40.68567,-73.94865,Private room,49,30,58,3,280,4
591565,2919467,Manhattan,Tribeca,40.71493,-74.00698,Private room,229,30,62,1,0,0
511960,2521848,Manhattan,East Village,40.73044,-73.98683,Entire home/apt,160,30,15,1,0,0
512022,2363574,Manhattan,Lower East Side,40.7211,-73.98271,Entire home/apt,225,3,28,1,10,0
456110,2267508,Manhattan,Chelsea,40.74812,-73.99603,Entire home/apt,139,30,22,1,0,0
591710,2920855,Brooklyn,Brooklyn Heights,40.69338,-73.99898,Entire home/apt,200,8,9,1,0,0
456190,2267864,Manhattan,West Village,40.73491,-74.0058,Entire home/apt,181,3,382,1,26,60
592853,2926593,Queens,Ridgewood,40.69941,-73.90576,Entire home/apt,75,2,17,1,0,0
456457,1594083,Manhattan,Greenwich Village,40.73143,-74.00105,Entire home/apt,315,30,7,1,0,0
456578,2270454,Manhattan,Washington Heights,40.85209,-73.93941,Private room,100,30,1,1,87,0
512209,2521513,Brooklyn,Brooklyn Heights,40.69923,-73.99402,Entire home/apt,950,4,64,1,0,0
593000,2927446,Manhattan,Upper East Side,40.77287,-73.94667,Entire home/apt,100,30,12,1,0,0
593292,87183086,Manhattan,Midtown,40.75262,-73.97451,Private room,298,1,490,2,222,1
513343,2528671,Brooklyn,Prospect Heights,40.67604,-73.96865,Entire home/apt,125,30,1,1,250,0
457829,2275829,Manhattan,East Village,40.72899,-73.98975,Entire home/apt,168,10,208,1,40,27
594036,2934010,Manhattan,West Village,40.73216,-74.00521,Entire home/apt,300,30,5,1,0,0
459066,2282355,Manhattan,Upper East Side,40.76719,-73.95303,Entire home/apt,150,30,23,1,0,0
460999,128890,Manhattan,Harlem,40.81431,-73.94788,Entire home/apt,80,30,9,1,0,0
513688,2530670,Brooklyn,Boerum Hill,40.68607,-73.98074,Entire home/apt,376,7,217,1,32,28
594732,2938302,Manhattan,Greenwich Village,40.73532,-73.99506,Entire home/apt,293,30,0,1,0,0
514548,2533991,Brooklyn,Bushwick,40.69775,-73.92615,Entire home/apt,115,30,0,1,249,0
463042,1333948,Manhattan,SoHo,40.72371,-73.99663,Entire home/apt,240,3,74,1,206,17
596442,2949021,Brooklyn,Clinton Hill,40.68307,-73.96392,Entire home/apt,230,30,14,1,91,1
463107,2301624,Brooklyn,Crown Heights,40.66786,-73.93783,Entire home/apt,250,90,20,1,239,0
464231,1530310,Brooklyn,Bedford-Stuyvesant,40.68905,-73.9541,Private room,65,30,2,4,0,0
465706,718349,Manhattan,Upper West Side,40.79903,-73.96297,Entire home/apt,175,4,7,2,253,1
466277,815977,Brooklyn,Williamsburg,40.71116,-73.94721,Entire home/apt,306,3,180,2,116,33
517626,2438262,Brooklyn,Williamsburg,40.71596,-73.94245,Private room,95,1,10,1,0,0
597624,2954680,Brooklyn,Park Slope,40.67636,-73.98098,Entire home/apt,120,30,11,1,0,0
597668,2837163,Brooklyn,Bedford-Stuyvesant,40.68278,-73.93863,Private room,120,2,17,2,152,3
599595,2965915,Manhattan,Upper West Side,40.78186,-73.97849,Entire home/apt,156,30,15,1,0,0
517654,78742,Queens,Ridgewood,40.70499,-73.90128,Entire home/apt,70,30,3,1,0,0
519310,1366310,Queens,Sunnyside,40.74506,-73.91251,Private room,85,30,262,2,311,0
466457,2316542,Brooklyn,Bedford-Stuyvesant,40.68928,-73.93908,Entire home/apt,190,3,285,1,302,31
599847,2966937,Brooklyn,Clinton Hill,40.68479,-73.96807,Entire home/apt,160,30,20,1,0,0
467569,282315,Manhattan,Lower East Side,40.71937,-73.98387,Entire home/apt,400,50,38,1,9,2
467634,2321321,Queens,Jamaica,40.67595,-73.76463,Shared room,39,30,480,1,249,0
521018,2562882,Brooklyn,Clinton Hill,40.69445,-73.96546,Entire home/apt,160,30,3,1,0,0
521522,2440317,Brooklyn,South Slope,40.66587,-73.98518,Private room,164,30,5,1,0,0
600775,210746,Brooklyn,Prospect Heights,40.67954,-73.97247,Private room,80,30,90,3,311,3
600877,2973437,Brooklyn,Boerum Hill,40.68441,-73.98405,Entire home/apt,180,3,2,1,0,0
523123,2572253,Brooklyn,Windsor Terrace,40.6605,-73.98332,Entire home/apt,357,7,29,1,53,0
640990,3201337,Manhattan,East Harlem,40.7947,-73.93209,Private room,89,30,131,2,0,0
602070,2640845,Brooklyn,Greenpoint,40.72162,-73.95114,Entire home/apt,106,30,46,1,0,0
641768,3206521,Manhattan,Hell's Kitchen,40.76042,-73.9975,Entire home/apt,375,30,11,1,41,0
643591,81335,Manhattan,Upper West Side,40.78279,-73.97317,Entire home/apt,154,30,8,6,0,0
525120,184883,Manhattan,Chelsea,40.74135,-73.99833,Entire home/apt,135,30,45,1,269,0
525523,2582890,Manhattan,East Harlem,40.80728,-73.9388,Private room,69,30,44,1,149,5
604204,2990829,Brooklyn,Prospect Heights,40.68098,-73.96604,Entire home/apt,400,30,6,1,0,0
526923,2589521,Manhattan,Midtown,40.74263,-73.98398,Entire home/apt,265,3,27,1,305,0
643948,400262,Manhattan,Inwood,40.87231,-73.9176,Private room,81,3,316,1,143,22
606269,3002643,Manhattan,Hell's Kitchen,40.76114,-73.99369,Entire home/apt,149,30,60,1,121,8
607735,3011547,Brooklyn,Carroll Gardens,40.68461,-73.98923,Entire home/apt,239,30,65,3,291,0
644833,195137,Manhattan,Harlem,40.82256,-73.95141,Private room,510,5,123,3,315,8
526942,2205455,Manhattan,Upper East Side,40.77712,-73.94755,Private room,95,21,7,1,173,2
528485,17985,Brooklyn,Sunset Park,40.66272,-73.98913,Private room,48,30,9,1,225,2
607781,2874433,Manhattan,East Harlem,40.79046,-73.94576,Entire home/apt,120,7,215,1,8,29
528615,2597207,Manhattan,West Village,40.73112,-74.00292,Entire home/apt,207,30,1,1,0,0
609213,3019795,Brooklyn,Prospect Heights,40.67493,-73.96398,Entire home/apt,125,30,7,1,0,0
530431,2605064,Manhattan,Harlem,40.80617,-73.95132,Entire home/apt,269,3,290,1,181,40
530576,263510,Manhattan,Upper West Side,40.78105,-73.97858,Private room,110,30,93,1,215,4
645075,2494666,Manhattan,Hell's Kitchen,40.76242,-73.99217,Private room,136,2,349,1,13,50
645693,3233986,Queens,Astoria,40.75702,-73.91682,Private room,109,30,122,2,331,3
610118,1144721,Brooklyn,Bushwick,40.70507,-73.92317,Entire home/apt,275,30,19,2,285,2
611009,3029414,Manhattan,East Village,40.72586,-73.97922,Entire home/apt,245,30,278,1,249,0
645922,1740784,Manhattan,Midtown,40.7454,-73.9831,Private room,120,30,41,1,0,0
645942,3235547,Manhattan,NoHo,40.72446,-73.99355,Entire home/apt,300,7,53,1,346,2
646458,415660,Brooklyn,Williamsburg,40.71406,-73.96749,Private room,100,30,8,3,269,0
611156,2742629,Manhattan,Harlem,40.82875371142297,-73.93968989425869,Private room,96,1,6,2,8,6
647520,3245431,Manhattan,NoHo,40.72466,-73.99336,Entire home/apt,285,30,40,2,249,2
531258,2609535,Manhattan,Greenwich Village,40.72945,-73.99931,Entire home/apt,137,30,27,1,105,6
531455,1445298,Brooklyn,Prospect-Lefferts Gardens,40.66167,-73.96152,Entire home/apt,110,20,28,1,1,2
613528,2518984,Manhattan,Harlem,40.81695,-73.94723,Entire home/apt,90,2,147,2,5,58
614269,3047107,Brooklyn,Williamsburg,40.71108,-73.93717,Entire home/apt,90,30,15,1,0,0
532288,683230,Manhattan,West Village,40.73328,-74.00069,Entire home/apt,295,30,113,3,311,5
647580,3247050,Manhattan,East Village,40.7299,-73.98473,Entire home/apt,150,30,11,1,0,0
616249,3054174,Brooklyn,Sunset Park,40.65724,-73.99919,Entire home/apt,88,30,9,1,0,0
649561,3260084,Manhattan,Chelsea,40.75141,-73.99557,Entire home/apt,135,30,0,1,0,0
649972,808068,Manhattan,Lower East Side,40.71799,-73.99213,Entire home/apt,199,30,0,1,0,0
533168,2620162,Manhattan,Nolita,40.72339,-73.99459,Entire home/apt,350,30,99,1,160,1
618477,3064095,Brooklyn,Greenpoint,40.72259,-73.94978,Private room,141,2,24,1,279,1
536578,2635819,Brooklyn,Bushwick,40.70209,-73.91476,Private room,40,30,24,1,283,4
538344,2644519,Manhattan,East Village,40.72814,-73.97912,Entire home/apt,225,2,276,1,122,48
651375,3272526,Manhattan,SoHo,40.72493743896485,-73.9961929321289,Entire home/apt,595,7,84,1,76,10
618916,92451,Brooklyn,Prospect Heights,40.67924,-73.96445,Entire home/apt,200,30,13,1,202,0
651438,3044041,Brooklyn,Bedford-Stuyvesant,40.68669,-73.94198,Entire home/apt,125,3,47,1,321,16
619144,1028165,Manhattan,Hell's Kitchen,40.76691,-73.98361,Shared room,2000,30,2,1,0,0
622410,1563352,Brooklyn,Crown Heights,40.66718,-73.95848,Private room,88,30,0,1,0,0
651475,468752,Manhattan,East Village,40.73153,-73.98398,Private room,126,1,429,1,290,60
538465,2617418,Manhattan,Inwood,40.86065,-73.93507,Entire home/apt,106,30,36,1,96,0
538590,2645592,Queens,Astoria,40.75912,-73.919,Private room,130,30,74,1,365,0
624222,3097033,Manhattan,Harlem,40.80337,-73.95027,Entire home/apt,155,30,18,2,0,0
540057,2653648,Manhattan,Harlem,40.82335,-73.95322,Entire home/apt,196,2,209,1,135,49
541725,1879389,Brooklyn,Williamsburg,40.71981,-73.96053,Entire home/apt,289,3,40,2,19,5
543792,865264,Queens,Ridgewood,40.70873,-73.91732,Entire home/apt,125,7,136,1,107,13
544039,2674637,Brooklyn,Sunset Park,40.64445,-74.00279,Entire home/apt,120,30,0,1,0,0
627432,3114411,Manhattan,East Village,40.73269,-73.98595,Entire home/apt,189,6,63,1,86,3
544331,2676438,Manhattan,Upper East Side,40.77471,-73.94893,Entire home/apt,105,12,20,2,5,5
545261,746552,Brooklyn,Clinton Hill,40.68955,-73.96681,Private room,200,30,2,1,365,0
651648,3274376,Brooklyn,Clinton Hill,40.68173,-73.96537,Entire home/apt,271,3,92,1,154,17
627949,585879,Brooklyn,Williamsburg,40.71542,-73.93821,Entire home/apt,180,30,0,1,0,0
654232,3291022,Manhattan,East Village,40.72312,-73.98351,Entire home/apt,99,30,10,1,0,0
655472,326329,Brooklyn,Crown Heights,40.67574,-73.95434,Entire home/apt,60,30,1,1,0,0
545586,2682088,Brooklyn,Williamsburg,40.70977,-73.95917,Entire home/apt,500,3,18,1,86,5
545651,1785800,Brooklyn,Prospect-Lefferts Gardens,40.66051,-73.95078,Private room,76,4,19,3,0,0
628078,3119145,Manhattan,Harlem,40.80272,-73.95618,Entire home/apt,105,30,6,1,0,0
546383,2680820,Queens,Flushing,40.75485,-73.81795,Private room,70,2,570,3,323,40
655811,3512478,Brooklyn,DUMBO,40.70283,-73.98879,Private room,64,30,10,1,0,0
629774,834185,Manhattan,East Village,40.72912,-73.98462,Entire home/apt,175,30,17,1,0,0
656281,3180741,Brooklyn,Kensington,40.6465,-73.97959,Private room,83,3,64,1,323,16
548184,2694253,Brooklyn,Greenpoint,40.72515,-73.95153,Private room,199,30,0,1,0,0
548815,2647578,Manhattan,Harlem,40.82219,-73.94332,Private room,150,5,0,3,323,0
629855,155163,Brooklyn,Williamsburg,40.71424,-73.94267,Private room,96,30,14,1,0,0
549873,2702563,Manhattan,East Village,40.72594,-73.98219,Entire home/apt,90,30,5,1,0,0
657198,414627,Brooklyn,Columbia St,40.68731,-74.0004,Entire home/apt,200,3,15,1,0,0
629949,3130534,Manhattan,Upper East Side,40.78093,-73.95172,Private room,90,1,179,1,284,0
657727,3315563,Manhattan,Upper West Side,40.78184,-73.98219,Entire home/apt,167,30,141,2,113,5
550653,2706505,Brooklyn,Windsor Terrace,40.66014,-73.98311,Private room,52,30,6,1,296,0
633334,3152385,Manhattan,Upper East Side,40.76921,-73.95091,Entire home/apt,170,365,0,1,266,0
658366,3319410,Manhattan,Gramercy,40.73342,-73.98551,Entire home/apt,144,30,231,1,280,6
634353,836168,Manhattan,Upper West Side,40.77416,-73.98591,Entire home/apt,1000,30,44,11,364,0
637426,1993811,Manhattan,East Village,40.72299,-73.98838,Entire home/apt,160,14,0,1,0,0
658515,3320650,Manhattan,East Harlem,40.80123,-73.94238,Private room,136,2,54,1,349,8
658932,3323929,Queens,Ridgewood,40.69958,-73.90251,Private room,74,30,31,1,331,0
550777,2707053,Manhattan,Upper West Side,40.79629,-73.96639,Entire home/apt,225,30,36,1,364,1
727512,417504,Brooklyn,Greenpoint,40.73756,-73.9535,Entire home/apt,328,2,103,30,73,23
727547,417504,Brooklyn,Greenpoint,40.73756,-73.9535,Entire home/apt,328,2,174,30,81,21
729841,73549,Manhattan,West Village,40.7384,-74.0034,Entire home/apt,250,2,38,1,0,10
731316,3805397,Manhattan,Chelsea,40.74051,-74.00029,Entire home/apt,142,30,6,1,0,0
637504,3179968,Queens,Long Island City,40.73589,-73.92457,Private room,45,30,2,1,0,0
734749,3831783,Manhattan,Upper West Side,40.78375,-73.97741,Entire home/apt,155,181,82,1,0,0
659952,3166753,Manhattan,Hell's Kitchen,40.76197,-73.99496,Entire home/apt,118,30,47,1,249,0
638894,1182294,Brooklyn,Crown Heights,40.67512,-73.95972,Entire home/apt,115,30,4,1,0,0
639199,1483081,Staten Island,Tottenville,40.50863,-74.24135,Entire home/apt,503,3,95,1,313,15
660036,3330459,Manhattan,Upper West Side,40.78938,-73.96796,Private room,113,30,98,1,0,0
736187,3842134,Brooklyn,Greenpoint,40.72516,-73.95004,Private room,65,30,38,2,278,1
739239,15145088,Manhattan,Upper West Side,40.78615,-73.97454,Entire home/apt,229,30,13,8,342,4
739242,15145088,Manhattan,Upper West Side,40.78552,-73.97435,Entire home/apt,231,30,17,8,356,5
740754,3876092,Queens,Astoria,40.76797,-73.91625,Private room,95,5,72,2,80,0
639781,3194190,Manhattan,East Village,40.72377,-73.99122,Entire home/apt,275,30,2,1,266,1
741154,1406458,Manhattan,Tribeca,40.71751,-74.00392,Entire home/apt,210,30,10,1,0,0
640899,165045,Brooklyn,Bedford-Stuyvesant,40.68228,-73.94645,Private room,110,30,0,3,0,0
663608,3351317,Manhattan,Kips Bay,40.73961,-73.98128,Entire home/apt,350,4,87,2,14,0
664047,836168,Manhattan,Upper West Side,40.77493,-73.98732,Entire home/apt,2500,30,59,11,364,0
640901,165045,Brooklyn,Bedford-Stuyvesant,40.68053,-73.9479,Private room,150,30,0,3,0,0
640908,165045,Brooklyn,Bedford-Stuyvesant,40.68273,-73.94617,Private room,150,30,0,3,0,0
795641,3472148,Queens,Ditmars Steinway,40.77559,-73.9072,Private room,60,1,0,1,0,0
665055,2401228,Brooklyn,Prospect Heights,40.68081,-73.9744,Entire home/apt,275,14,13,1,52,1
665394,1139222,Manhattan,Theater District,40.75844,-73.98819,Entire home/apt,220,31,18,1,0,0
741712,3882661,Manhattan,Gramercy,40.7335,-73.98704,Entire home/apt,75,30,1,4,0,0
796232,4194142,Brooklyn,Bushwick,40.70294,-73.92652,Entire home/apt,119,30,12,1,0,0
741783,3880974,Manhattan,West Village,40.73298,-74.00238,Entire home/apt,175,30,237,1,0,0
745037,3906249,Manhattan,Midtown,40.76416,-73.9753,Entire home/apt,165,5,122,1,167,20
746393,3916340,Manhattan,Harlem,40.80571,-73.94672,Private room,275,4,74,1,362,0
666220,2490963,Manhattan,East Village,40.72771,-73.98172,Private room,75,30,6,1,0,0
796490,4107826,Brooklyn,Gowanus,40.66926,-73.98974,Private room,60,30,5,1,0,0
666613,3370705,Brooklyn,Williamsburg,40.71084,-73.96205,Entire home/apt,210,5,133,2,6,24
666837,3372562,Manhattan,Lower East Side,40.71879,-73.99176,Entire home/apt,105,30,120,1,250,3
797696,4025188,Brooklyn,Williamsburg,40.70956,-73.95668,Private room,65,2,32,1,0,0
667375,3376141,Manhattan,Chelsea,40.74075,-74.00102,Entire home/apt,200,30,17,1,0,0
747029,3920522,Manhattan,Chelsea,40.74285,-74.00149,Private room,175,5,28,1,13,3
747605,3665794,Manhattan,East Village,40.72634,-73.97982,Entire home/apt,179,30,231,1,311,0
797972,3882661,Manhattan,East Village,40.73274,-73.98641,Entire home/apt,90,3,37,4,0,3
798008,758441,Brooklyn,Bedford-Stuyvesant,40.68587,-73.9208,Private room,165,30,0,4,0,0
798429,4204890,Manhattan,Harlem,40.82395,-73.94926,Entire home/apt,120,3,213,1,247,4
748118,3921565,Brooklyn,Greenpoint,40.73735,-73.95351,Entire home/apt,225,2,105,1,142,12
799924,2291000,Brooklyn,Williamsburg,40.70612,-73.92923,Entire home/apt,163,30,3,1,0,0
749276,2413714,Brooklyn,Bushwick,40.69266,-73.90362,Entire home/apt,160,30,124,3,365,0
667502,2390260,Manhattan,Washington Heights,40.85234,-73.93822,Entire home/apt,150,31,94,1,190,0
668691,3363720,Brooklyn,Bushwick,40.68956,-73.9189,Private room,40,30,74,3,160,0
801281,1010338,Manhattan,Lower East Side,40.71924,-73.98555,Entire home/apt,158,30,40,1,0,0
669640,3364674,Brooklyn,Park Slope,40.67646,-73.97875,Private room,72,30,23,1,341,0
802677,4224513,Manhattan,Upper West Side,40.78745,-73.97858,Entire home/apt,173,30,16,1,0,0
669774,1149785,Manhattan,Harlem,40.80466,-73.95396,Entire home/apt,150,30,22,1,250,0
669939,1360296,Brooklyn,Cypress Hills,40.67674,-73.89249,Private room,175,4,30,2,166,8
751913,3715873,Brooklyn,Flatbush,40.63443,-73.96565,Entire home/apt,119,3,41,1,319,0
803778,4230317,Manhattan,NoHo,40.72757,-73.99452,Entire home/apt,425,30,55,1,76,0
752202,3955766,Brooklyn,Crown Heights,40.67784,-73.94706,Entire home/apt,150,15,114,1,0,0
680104,3462232,Manhattan,Chinatown,40.71809,-73.99453,Private room,137,30,32,1,0,0
804194,4232762,Brooklyn,Williamsburg,40.70715,-73.93992,Private room,100,3,22,3,34,20
752289,2285974,Manhattan,SoHo,40.72734,-74.00094,Entire home/apt,200,4,17,2,252,3
805028,1131081,Brooklyn,Boerum Hill,40.68248,-73.98082,Entire home/apt,300,3,18,1,0,4
752366,3956850,Queens,Astoria,40.75598,-73.91651,Entire home/apt,89,30,17,1,0,0
681599,1182180,Brooklyn,Sunset Park,40.65043,-74.00387,Private room,53,30,46,4,234,1
681805,3375455,Staten Island,Mariners Harbor,40.62915,-74.16214,Private room,56,7,82,2,321,2
683743,1229984,Queens,Long Island City,40.74411,-73.9527,Private room,65,20,28,3,159,0
805218,4238591,Brooklyn,Greenpoint,40.73091,-73.95187,Private room,100,3,70,1,172,28
683821,3447309,Manhattan,Harlem,40.80375,-73.95718,Private room,82,4,85,1,0,15
752616,3916070,Manhattan,Chinatown,40.7156,-73.9915,Entire home/apt,729,3,67,1,10,12
805315,3820014,Brooklyn,Williamsburg,40.71912,-73.95976,Private room,50,5,19,3,0,12
684808,3491890,Manhattan,Murray Hill,40.74793,-73.97887,Entire home/apt,155,30,26,5,297,4
688652,62855,Brooklyn,Clinton Hill,40.69623,-73.96549,Entire home/apt,355,3,50,1,23,20
689329,2446219,Queens,East Elmhurst,40.75804,-73.89447,Private room,85,30,309,2,0,0
808476,3775799,Manhattan,Washington Heights,40.83485,-73.94943,Private room,85,1,1,1,280,0
690349,3540041,Brooklyn,South Slope,40.66482,-73.98405,Entire home/apt,189,2,99,1,0,10
752783,3959655,Brooklyn,Windsor Terrace,40.65274,-73.97419,Entire home/apt,95,5,59,1,0,1
808618,4254417,Queens,Kew Gardens,40.70889,-73.82902,Private room,64,3,21,1,361,4
753622,869880,Manhattan,East Village,40.73171,-73.98615,Private room,147,7,81,2,338,10
690603,3530446,Brooklyn,Crown Heights,40.67606,-73.95127,Entire home/apt,184,30,84,3,351,3
808774,4255290,Brooklyn,Williamsburg,40.71164,-73.96108,Entire home/apt,150,30,24,1,0,1
808836,3948855,Brooklyn,Williamsburg,40.71652,-73.9409,Entire home/apt,250,7,39,1,82,3
690934,570988,Brooklyn,Park Slope,40.68169,-73.9769,Entire home/apt,700,4,237,1,258,36
808851,1289936,Manhattan,East Harlem,40.78814,-73.94516,Private room,90,5,172,1,21,0
810346,4252490,Brooklyn,Williamsburg,40.70281,-73.94328,Private room,60,30,15,1,0,0
811238,4266017,Manhattan,Harlem,40.8055,-73.94696,Entire home/apt,180,30,9,1,186,0
695216,3558158,Brooklyn,Fort Greene,40.69106,-73.9711,Entire home/apt,1286,30,119,1,0,0
753687,3964655,Brooklyn,Bedford-Stuyvesant,40.68018,-73.93853,Entire home/apt,125,3,137,1,292,18
753991,1884204,Brooklyn,Bedford-Stuyvesant,40.68524,-73.93604,Entire home/apt,100,30,259,1,276,3
812057,4065620,Brooklyn,Bedford-Stuyvesant,40.6864,-73.93655,Entire home/apt,158,30,5,2,259,1
754353,3250450,Queens,Long Island City,40.7588,-73.92815,Private room,43,30,13,18,342,0
695465,3561489,Manhattan,East Village,40.7244,-73.9802,Entire home/apt,85,30,107,1,0,1
812671,4271822,Brooklyn,Park Slope,40.67004,-73.97934,Entire home/apt,243,3,109,1,0,10
695786,914838,Manhattan,Hell's Kitchen,40.75617,-73.99569,Entire home/apt,154,30,12,8,342,1
812695,1201534,Brooklyn,Park Slope,40.66912,-73.98506,Private room,165,30,135,1,0,0
812938,4272748,Manhattan,Chelsea,40.74045,-73.99579,Entire home/apt,292,3,69,1,137,14
696593,3228992,Brooklyn,Park Slope,40.67525,-73.97861,Entire home/apt,150,5,4,1,0,0
755703,3977693,Brooklyn,Bushwick,40.70237,-73.92643,Private room,55,30,10,1,0,0
759901,873273,Bronx,Allerton,40.8666,-73.85532,Private room,85,21,43,2,350,1
761606,1292205,Queens,Astoria,40.76252,-73.91735,Entire home/apt,133,5,35,1,323,12
813225,149929,Brooklyn,Fort Greene,40.69098,-73.97196,Private room,75,15,39,2,0,0
761835,4015459,Queens,Astoria,40.76592,-73.92707,Private room,80,2,99,1,49,18
698094,3569392,Manhattan,Midtown,40.76221,-73.97787,Private room,120,30,31,1,0,0
698132,3577509,Brooklyn,Bedford-Stuyvesant,40.69149,-73.93662,Entire home/apt,140,5,310,1,130,28
698514,3579116,Manhattan,West Village,40.73124,-74.00374,Entire home/apt,275,30,9,2,6,4
813554,4275254,Brooklyn,Park Slope,40.67441,-73.97295,Entire home/apt,160,30,39,1,302,2
698882,2994135,Brooklyn,Cobble Hill,40.68928,-73.99544,Private room,59,2,13,1,0,0
699472,3587751,Brooklyn,Williamsburg,40.709278,-73.954689,Entire home/apt,220,3,501,2,291,34
762015,3992566,Brooklyn,Bushwick,40.70024,-73.92833,Private room,100,7,71,2,4,8
762145,3315563,Manhattan,Upper West Side,40.78349,-73.98221,Entire home/apt,275,30,15,2,298,2
762426,3799199,Manhattan,Upper West Side,40.7988,-73.96113,Private room,100,30,15,1,126,0
814327,4279005,Manhattan,Upper East Side,40.76963,-73.95034,Private room,89,30,67,1,342,0
815465,4284154,Manhattan,Harlem,40.80194,-73.95485,Entire home/apt,135,3,304,1,171,51
763600,3891399,Brooklyn,Williamsburg,40.70499,-73.93315,Private room,75,30,2,1,0,0
764753,3371859,Brooklyn,Bedford-Stuyvesant,40.6783,-73.93799,Entire home/apt,98,14,147,2,92,21
700916,3595395,Brooklyn,Bedford-Stuyvesant,40.69003,-73.94047,Entire home/apt,160,30,93,1,0,0
815544,4284566,Manhattan,Tribeca,40.71722,-74.00617,Entire home/apt,800,30,0,1,0,0
703745,3597177,Manhattan,East Village,40.72305,-73.98641,Entire home/apt,130,30,11,1,0,0
703971,1785800,Brooklyn,Prospect-Lefferts Gardens,40.6582,-73.95088,Private room,77,5,19,3,250,1
765315,4034995,Brooklyn,Williamsburg,40.71007,-73.96043,Private room,115,3,101,1,121,9
816888,2805766,Manhattan,Washington Heights,40.85551,-73.93459,Entire home/apt,68,30,21,1,245,2
817113,1141935,Brooklyn,Crown Heights,40.67265,-73.94803,Private room,109,30,80,3,336,1
817355,4293110,Manhattan,Greenwich Village,40.7297,-73.9989,Entire home/apt,109,60,59,1,0,0
765563,4036685,Queens,Bayside,40.7565,-73.7616,Entire home/apt,313,30,79,1,365,3
765569,4036700,Brooklyn,Downtown Brooklyn,40.69619,-73.98324,Entire home/apt,175,20,80,1,3,7
818084,128256,Manhattan,Greenwich Village,40.72823,-74.00126,Entire home/apt,226,30,93,1,350,1
818325,4298167,Manhattan,Kips Bay,40.74326,-73.97561,Entire home/apt,178,5,31,1,190,1
766542,4041877,Brooklyn,Greenpoint,40.7202,-73.95489,Entire home/apt,149,60,4,1,0,0
766814,4022922,Manhattan,Hell's Kitchen,40.76041,-73.9962,Entire home/apt,95,30,0,1,0,0
704838,3621183,Queens,Woodside,40.74836,-73.89686,Entire home/apt,95,30,90,3,276,4
818337,4241953,Queens,Flushing,40.75857,-73.81008,Private room,57,30,27,4,256,1
705749,3625735,Staten Island,Concord,40.60066,-74.08902,Private room,69,30,61,2,315,1
818451,4298896,Manhattan,Upper East Side,40.76942,-73.95451,Entire home/apt,108,30,23,1,0,0
705997,240048,Brooklyn,Sunset Park,40.66044,-73.99279,Entire home/apt,100,15,30,3,53,7
766964,4044889,Queens,Astoria,40.76831,-73.92352,Private room,70,80,3,1,0,0
818481,4299040,Manhattan,Harlem,40.82106,-73.95605,Private room,99,2,86,4,163,10
767286,4040811,Manhattan,Upper West Side,40.79543,-73.97359,Private room,103,2,76,2,315,18
818518,4299040,Manhattan,Harlem,40.82032,-73.95405,Private room,99,2,71,4,164,12
819206,4306950,Manhattan,East Harlem,40.79016,-73.95092,Shared room,65,3,137,1,349,16
767562,1949282,Brooklyn,Bushwick,40.69405,-73.91107,Private room,40,30,96,3,123,2
707396,3636235,Manhattan,East Village,40.72544,-73.9805,Entire home/apt,595,2,122,1,62,5
819228,4299040,Manhattan,Harlem,40.82097,-73.95412,Private room,99,2,46,4,161,9
819893,4299040,Manhattan,Harlem,40.82261,-73.95533,Private room,99,2,55,4,142,8
819956,9269794,Brooklyn,Bedford-Stuyvesant,40.68593,-73.93254,Private room,55,30,38,1,346,0
707736,1507336,Manhattan,Harlem,40.80749,-73.94853,Entire home/apt,299,30,7,1,362,0
769175,4061660,Manhattan,Washington Heights,40.8361,-73.94562,Private room,67,30,1,1,0,0
820218,337159,Manhattan,East Village,40.73092,-73.9856,Entire home/apt,121,2,6,1,0,0
711635,3662459,Manhattan,East Village,40.7288,-73.98731,Entire home/apt,220,30,92,1,320,0
712136,3625735,Staten Island,Concord,40.60035,-74.09103,Private room,68,30,36,2,0,0
712260,3666608,Brooklyn,Carroll Gardens,40.68176,-73.99473,Private room,235,2,96,1,167,14
820710,4310378,Brooklyn,Clinton Hill,40.69485,-73.96223,Private room,108,3,148,3,309,32
713538,3672774,Brooklyn,Clinton Hill,40.68375,-73.96142,Entire home/apt,204,1,530,3,133,66
714028,3621183,Queens,Woodside,40.7484,-73.89892,Entire home/apt,95,30,70,3,259,3
714049,3621183,Queens,Woodside,40.74874,-73.89746,Entire home/apt,95,30,70,3,225,2
771430,3562322,Brooklyn,Bedford-Stuyvesant,40.68582,-73.95151,Private room,57,7,64,5,14,26
820801,25632,Brooklyn,Greenpoint,40.72021,-73.94786,Entire home/apt,225,30,1,1,0,0
772362,2631234,Manhattan,Hell's Kitchen,40.76104,-73.99032,Entire home/apt,165,30,304,1,362,0
820953,4105474,Brooklyn,Greenpoint,40.7203,-73.93965,Entire home/apt,90,30,11,1,76,0
773844,4083145,Brooklyn,Fort Greene,40.69436,-73.97014,Private room,75,30,1,1,0,0
773885,1679238,Brooklyn,Bedford-Stuyvesant,40.69908,-73.95317,Entire home/apt,99,30,45,3,0,4
773993,4083654,Manhattan,Upper East Side,40.77152,-73.95215,Private room,85,2,154,4,25,0
774791,1528912,Queens,Flushing,40.75493,-73.8236,Private room,59,30,31,2,341,0
715102,1002452,Brooklyn,Williamsburg,40.71116,-73.94989,Private room,55,25,44,3,103,3
821135,4311243,Brooklyn,Downtown Brooklyn,40.69511,-73.98408,Entire home/apt,170,30,41,1,0,0
822016,61873,Brooklyn,Crown Heights,40.67403,-73.9597,Private room,175,4,42,1,10,5
823520,4323625,Manhattan,Chelsea,40.75076,-74.00243,Private room,155,2,290,1,1,18
717582,3699733,Brooklyn,Clinton Hill,40.68343,-73.9603,Entire home/apt,155,30,3,1,0,0
721663,3139958,Manhattan,Midtown,40.74406,-73.98447,Entire home/apt,399,3,80,1,335,0
774899,266210,Manhattan,West Village,40.73388,-74.00791,Shared room,350,30,13,1,0,0
823880,69685,Manhattan,Lower East Side,40.71973,-73.99147,Private room,158,1,393,1,32,16
776257,4094151,Brooklyn,Williamsburg,40.71918,-73.9596,Entire home/apt,350,5,89,1,0,3
721762,3726366,Manhattan,East Village,40.72585,-73.98542,Entire home/apt,90,30,91,1,233,2
824421,4328005,Brooklyn,Williamsburg,40.71803,-73.96211,Private room,70,30,8,1,0,0
722464,3597769,Brooklyn,Bedford-Stuyvesant,40.68755,-73.95883,Private room,60,5,1,1,0,0
776845,4097085,Manhattan,Upper East Side,40.77922,-73.94933,Private room,100,30,41,1,317,0
777097,2837163,Brooklyn,Bedford-Stuyvesant,40.68167,-73.93801,Private room,115,30,2,2,143,0
777297,3419446,Brooklyn,Williamsburg,40.7168,-73.95564,Entire home/apt,225,30,80,1,0,0
825193,4330726,Brooklyn,Park Slope,40.67623,-73.97789,Entire home/apt,165,5,24,1,0,1
777327,4086839,Brooklyn,Flatbush,40.64075,-73.96377,Entire home/apt,150,30,60,1,163,0
723507,3737582,Manhattan,Upper West Side,40.79073,-73.97107,Entire home/apt,204,30,18,1,0,0
826685,94669,Brooklyn,Bedford-Stuyvesant,40.68471,-73.94073,Private room,38,30,80,2,37,3
723560,3738130,Manhattan,Lower East Side,40.71733,-73.98427,Entire home/apt,300,6,89,1,343,13
778381,3043126,Brooklyn,Bedford-Stuyvesant,40.69339,-73.95837,Private room,90,30,35,2,341,1
779838,4040811,Manhattan,Upper West Side,40.79865,-73.97135,Entire home/apt,260,2,13,2,326,1
828130,4210082,Brooklyn,Prospect-Lefferts Gardens,40.66255,-73.96284,Private room,70,30,84,1,132,0
781865,2239196,Brooklyn,Crown Heights,40.67662,-73.95913,Entire home/apt,140,4,45,1,0,18
782063,4125000,Brooklyn,Bedford-Stuyvesant,40.68382,-73.9548,Entire home/apt,119,30,7,1,0,0
783202,4129805,Manhattan,West Village,40.73277,-74.00267,Entire home/apt,228,1,288,6,29,26
783341,4111640,Manhattan,Lower East Side,40.71562,-73.98401,Private room,67,28,58,1,60,3
725509,3752523,Brooklyn,Crown Heights,40.66971,-73.94479,Entire home/apt,178,5,205,2,259,19
828553,3882661,Manhattan,East Village,40.73298,-73.98694,Entire home/apt,90,4,42,4,0,8
828616,1410714,Brooklyn,Crown Heights,40.66559,-73.93348,Entire home/apt,75,30,2,2,240,2
829083,4345735,Brooklyn,Crown Heights,40.67369,-73.96258,Entire home/apt,150,3,11,1,0,0
848071,4427679,Manhattan,Chinatown,40.71738,-73.99231,Entire home/apt,90,6,69,1,170,17
848170,4428278,Brooklyn,Kensington,40.64626,-73.97597,Entire home/apt,100,30,20,1,0,0
848220,4425694,Manhattan,Upper East Side,40.76535,-73.95841,Entire home/apt,197,1,356,1,168,73
784088,1506795,Brooklyn,Williamsburg,40.71254,-73.96277,Entire home/apt,117,30,8,1,0,0
785097,4137840,Bronx,Melrose,40.82301,-73.91396,Private room,65,4,10,1,0,0
829935,4348003,Manhattan,Washington Heights,40.83693,-73.93692,Entire home/apt,85,30,53,1,0,0
785166,2840710,Manhattan,Lower East Side,40.71774,-73.982,Entire home/apt,150,58,1,1,0,0
785978,953375,Manhattan,East Village,40.72623,-73.98226,Entire home/apt,135,30,18,1,0,0
848718,4375988,Brooklyn,Prospect-Lefferts Gardens,40.66077,-73.9569,Private room,75,3,57,2,221,9
848722,4241953,Queens,Flushing,40.76064,-73.80948,Private room,64,30,44,4,323,0
849703,145609,Brooklyn,Carroll Gardens,40.67813,-73.99398,Entire home/apt,250,30,82,1,0,0
831911,4355788,Manhattan,Upper West Side,40.7764,-73.98371,Entire home/apt,149,30,9,1,0,0
850148,2843998,Brooklyn,Williamsburg,40.71189,-73.96484,Private room,69,2,41,2,68,2
786685,4147380,Manhattan,Harlem,40.82293,-73.94954,Entire home/apt,224,2,140,1,300,47
787060,3922831,Manhattan,Murray Hill,40.74793,-73.98017,Private room,120,30,7,2,22,0
788005,4153591,Brooklyn,Prospect Heights,40.67617,-73.96849,Entire home/apt,225,30,22,1,104,4
832596,1723222,Manhattan,Upper East Side,40.77613,-73.94872,Entire home/apt,250,30,1,1,0,0
788035,4105376,Manhattan,Nolita,40.72222,-73.99472,Private room,95,30,46,1,0,0
832772,4358812,Manhattan,Upper West Side,40.77787,-73.97873,Entire home/apt,225,10,28,1,0,1
850338,4440548,Brooklyn,Williamsburg,40.71586,-73.9453,Entire home/apt,148,3,237,2,134,38
836720,4372934,Queens,College Point,40.78365,-73.8381,Entire home/apt,379,2,65,1,250,16
850517,254846,Brooklyn,Bushwick,40.68769,-73.91286,Entire home/apt,199,30,51,3,267,3
850712,4442608,Manhattan,Greenwich Village,40.73063,-74.00037,Entire home/apt,120,30,26,1,119,4
850943,2843998,Brooklyn,Williamsburg,40.71204,-73.96459,Entire home/apt,149,25,37,2,212,7
789302,1119998,Manhattan,Chelsea,40.74222,-74.00381,Entire home/apt,255,60,8,1,69,0
789476,184110,Manhattan,Harlem,40.79828,-73.95249,Private room,90,30,25,1,0,0
837503,265525,Brooklyn,Bedford-Stuyvesant,40.69135,-73.95498,Entire home/apt,145,5,275,1,59,17
789686,3055496,Manhattan,Washington Heights,40.85036,-73.93841,Private room,80,30,0,1,0,0
838070,240048,Brooklyn,Sunset Park,40.66241,-73.99197,Entire home/apt,125,5,43,3,18,22
838586,326150,Brooklyn,Williamsburg,40.71731,-73.95272,Entire home/apt,200,2,11,1,0,0
840594,4389865,Manhattan,West Village,40.73095,-74.00657,Entire home/apt,400,30,9,1,256,2
790953,4167027,Brooklyn,Kensington,40.64554,-73.97543,Entire home/apt,155,30,33,1,259,2
851772,4445677,Manhattan,Upper East Side,40.76921,-73.95012,Entire home/apt,166,30,15,1,0,0
852118,3259274,Brooklyn,Crown Heights,40.67506,-73.95866,Entire home/apt,255,2,83,1,214,22
840667,4390058,Manhattan,Greenwich Village,40.72952,-73.9941,Entire home/apt,179,7,19,1,240,1
840731,4390639,Manhattan,East Village,40.73172,-73.98985,Entire home/apt,750,5,88,1,307,9
852632,4451246,Brooklyn,Gowanus,40.66822,-73.99365,Private room,85,2,219,1,316,40
794156,58366,Manhattan,Upper West Side,40.77149,-73.98071,Entire home/apt,233,30,57,1,240,2
794281,2275401,Manhattan,Greenwich Village,40.73368,-73.99182,Entire home/apt,220,30,23,1,0,0
840794,4390881,Brooklyn,Prospect Heights,40.67454,-73.96575,Entire home/apt,99,30,16,1,0,1
841075,4392420,Brooklyn,Bushwick,40.70519,-73.9253,Entire home/apt,85,30,22,1,0,0
794425,4185135,Brooklyn,Windsor Terrace,40.65901,-73.97606,Entire home/apt,199,265,20,3,0,0
794427,4185135,Brooklyn,Windsor Terrace,40.65989,-73.97813,Entire home/apt,225,300,13,3,0,0
853142,4454372,Manhattan,Washington Heights,40.83783,-73.93977,Entire home/apt,100,30,52,1,292,2
841484,2682735,Manhattan,Lower East Side,40.7207,-73.98713,Entire home/apt,155,30,59,1,0,0
854396,4462261,Brooklyn,Williamsburg,40.70943,-73.92446,Private room,53,31,14,3,365,0
842167,2257960,Manhattan,Chinatown,40.71682,-73.99222,Entire home/apt,150,30,16,1,0,0
794496,4185984,Manhattan,Inwood,40.86639,-73.92685,Private room,45,2,93,1,0,0
842494,148545,Manhattan,Upper West Side,40.77832,-73.98442,Entire home/apt,150,30,1,1,0,0
843491,4241953,Queens,Flushing,40.75869,-73.80992,Private room,80,30,12,4,229,2
844319,683027,Brooklyn,Flatbush,40.63145,-73.95882,Entire home/apt,105,30,287,1,303,4
794535,4186145,Manhattan,Chelsea,40.75149,-73.99666,Entire home/apt,225,30,3,1,0,0
846457,945407,Brooklyn,Williamsburg,40.71512,-73.96506,Entire home/apt,100,3,8,1,0,0
794567,4103779,Brooklyn,Flatbush,40.65413,-73.95997,Private room,82,30,71,1,213,3
855462,4469832,Manhattan,Lower East Side,40.71885,-73.98795,Private room,130,8,44,1,42,6
846549,4420306,Brooklyn,Bedford-Stuyvesant,40.6891,-73.95398,Private room,60,30,2,1,0,0
846854,4422368,Manhattan,Upper West Side,40.78711,-73.97226,Entire home/apt,350,30,99,1,278,5
855549,213020,Manhattan,Upper West Side,40.79455,-73.97188,Private room,93,2,176,2,145,36
856440,627898,Manhattan,Midtown,40.76749,-73.98216,Entire home/apt,119,30,33,1,0,0
846871,3179895,Manhattan,Upper West Side,40.78495,-73.97808,Private room,59,2,244,1,0,0
856918,4481005,Brooklyn,Park Slope,40.67562,-73.98259,Private room,73,2,19,2,190,1
936218,5052897,Manhattan,Harlem,40.81213,-73.9538,Private room,55,30,29,1,99,4
847648,3989285,Manhattan,Harlem,40.82771,-73.94468,Entire home/apt,130,30,12,1,289,1
938022,1866827,Brooklyn,Williamsburg,40.7074,-73.94605,Private room,99,11,116,1,245,9
857696,2559004,Manhattan,East Harlem,40.804,-73.9406,Private room,51,30,7,5,325,2
1044731,5751206,Brooklyn,Flatbush,40.64944,-73.95562,Private room,109,30,64,1,310,0
857810,4487224,Brooklyn,Williamsburg,40.71301,-73.94752,Entire home/apt,249,30,34,1,301,0
939657,5076827,Manhattan,Harlem,40.81061,-73.94505,Entire home/apt,65,30,88,2,82,3
940115,5067409,Brooklyn,Crown Heights,40.67652,-73.95174,Entire home/apt,69,30,18,1,98,2
940116,1650330,Brooklyn,Sunset Park,40.64741,-74.00844,Private room,75,10,48,2,279,4
944049,1908073,Manhattan,West Village,40.73118,-74.00316,Entire home/apt,150,30,69,1,0,0
1046443,5760970,Queens,Ditmars Steinway,40.7698,-73.90441,Private room,150,1,21,2,331,1
944183,3361696,Manhattan,Harlem,40.81149,-73.95122,Entire home/apt,98,30,1,1,0,0
944840,5110818,Brooklyn,DUMBO,40.70269,-73.9873,Entire home/apt,83,30,14,1,77,0
859023,1536441,Brooklyn,Gowanus,40.67039,-73.99029,Entire home/apt,240,2,23,1,209,1
860163,4504962,Manhattan,East Harlem,40.7904,-73.94896,Entire home/apt,125,2,137,1,30,0
860827,4524130,Brooklyn,Clinton Hill,40.68691,-73.96708,Entire home/apt,179,1,480,2,221,80
862890,4224309,Manhattan,Washington Heights,40.84903,-73.93144,Private room,65,2,4,1,0,0
864981,1650330,Brooklyn,Sunset Park,40.64805,-74.00886,Private room,75,5,48,2,260,2
1048190,832244,Brooklyn,Bedford-Stuyvesant,40.68593,-73.95688,Entire home/apt,145,30,26,1,6,0
945297,5074654,Manhattan,East Village,40.73024,-73.98147,Private room,100,1,617,1,234,95
949159,2681924,Brooklyn,Flatbush,40.65302,-73.96299,Entire home/apt,69,30,4,1,0,0
949713,1295416,Brooklyn,Gowanus,40.67406,-73.99575,Entire home/apt,400,90,32,1,83,0
1051575,5245246,Manhattan,Harlem,40.80321,-73.95258,Private room,125,2,36,1,277,1
951365,2675998,Queens,Ridgewood,40.70875,-73.91654,Entire home/apt,120,3,116,1,262,15
865355,4543792,Manhattan,Harlem,40.8292,-73.94582,Private room,100,5,45,2,69,5
1056185,697442,Brooklyn,East Flatbush,40.64789,-73.94664,Entire home/apt,88,3,400,3,85,0
867749,745186,Brooklyn,Crown Heights,40.67781,-73.96298,Entire home/apt,100,30,1,1,0,0
868548,4372160,Brooklyn,Williamsburg,40.70727,-73.94026,Private room,58,30,7,1,0,0
868874,2886652,Brooklyn,Clinton Hill,40.68121,-73.96235,Entire home/apt,325,30,19,1,159,1
951439,5162192,Manhattan,Upper West Side,40.7826,-73.97451,Entire home/apt,185,30,10,20,88,0
951935,1727954,Brooklyn,Williamsburg,40.71569,-73.94106,Private room,80,30,1,1,0,0
951944,1408973,Manhattan,SoHo,40.72579,-74.00168,Entire home/apt,220,3,94,2,11,7
953314,5175217,Manhattan,Midtown,40.74322,-73.98362,Entire home/apt,789,30,155,1,365,0
1056445,1600541,Manhattan,Upper East Side,40.7673,-73.97026,Entire home/apt,500,30,97,1,180,0
956412,588270,Brooklyn,DUMBO,40.70218,-73.98719,Entire home/apt,330,2,334,2,252,44
869522,4581489,Manhattan,Harlem,40.8263,-73.95006,Private room,65,30,2,1,0,0
1057022,5822377,Manhattan,East Village,40.72784,-73.98849,Entire home/apt,176,30,16,2,0,0
1060019,5837033,Manhattan,Upper East Side,40.77451,-73.9574,Entire home/apt,449,1,162,1,298,23
870119,355548,Brooklyn,Clinton Hill,40.69255,-73.96604,Entire home/apt,275,2,29,1,0,9
957002,5202854,Manhattan,Upper West Side,40.79991,-73.96277,Entire home/apt,100,30,153,2,297,5
1063020,5851210,Manhattan,East Harlem,40.79346,-73.94374,Entire home/apt,93,31,242,2,91,4
957642,1354796,Brooklyn,Prospect-Lefferts Gardens,40.6607,-73.94932,Private room,55,5,139,4,250,6
872210,4600589,Manhattan,East Village,40.732,-73.98759,Private room,200,30,0,1,0,0
873465,3588693,Brooklyn,Flatbush,40.65161,-73.95833,Entire home/apt,159,14,36,1,15,4
873701,699759,Brooklyn,Crown Heights,40.67117,-73.95717,Entire home/apt,140,4,166,1,211,17
1067251,5872605,Manhattan,East Village,40.72379,-73.98014,Entire home/apt,395,30,0,1,0,0
874706,4616773,Brooklyn,Kensington,40.64541,-73.97307,Entire home/apt,110,4,219,1,295,29
958444,5214644,Bronx,City Island,40.8524,-73.78768,Entire home/apt,117,30,109,2,0,6
1069287,5879729,Brooklyn,Williamsburg,40.71139,-73.94328,Entire home/apt,83,30,15,1,0,0
959349,1797637,Brooklyn,Williamsburg,40.71737,-73.94131,Entire home/apt,165,30,5,1,0,0
1071783,4703464,Manhattan,Washington Heights,40.84604,-73.93503,Private room,50,30,88,1,347,0
875111,2908554,Brooklyn,Clinton Hill,40.68677,-73.96019,Entire home/apt,90,7,7,1,0,0
1072481,5479559,Manhattan,Chelsea,40.74424,-73.99573,Private room,88,3,311,1,7,31
1073780,1149419,Brooklyn,Clinton Hill,40.68048,-73.96051,Entire home/apt,133,30,26,1,208,3
959871,1822729,Brooklyn,Williamsburg,40.71081,-73.96161,Private room,120,6,20,1,69,4
1076324,3864301,Queens,Sunnyside,40.74405,-73.91594,Entire home/apt,169,30,9,3,365,0
1080543,5943212,Brooklyn,Sunset Park,40.65482,-74.01142,Entire home/apt,129,2,94,1,242,7
971233,2280048,Brooklyn,Crown Heights,40.67151,-73.95359,Entire home/apt,94,5,143,2,129,17
876355,3994331,Manhattan,Morningside Heights,40.814278,-73.960243,Entire home/apt,135,30,14,1,116,2
1080839,3417321,Manhattan,East Village,40.72961,-73.98632,Private room,150,30,36,2,0,0
878142,2597159,Brooklyn,Williamsburg,40.71145,-73.95046,Entire home/apt,200,4,4,2,0,0
880424,3549531,Brooklyn,Prospect-Lefferts Gardens,40.65517,-73.96083,Private room,78,30,121,1,0,0
971247,5308961,Manhattan,Upper West Side,40.79499,-73.96537,Entire home/apt,205,3,177,1,1,0
973128,434473,Brooklyn,Brooklyn Heights,40.69315,-73.99435,Entire home/apt,150,30,48,1,0,0
973535,3179866,Queens,East Elmhurst,40.76514,-73.88991,Entire home/apt,109,30,175,3,329,4
1083888,5959653,Brooklyn,Bedford-Stuyvesant,40.68645,-73.92339,Private room,75,30,19,1,0,0
973653,4770121,Manhattan,Harlem,40.82405,-73.94,Entire home/apt,100,185,0,3,131,0
882258,4233288,Brooklyn,Prospect-Lefferts Gardens,40.66197,-73.96052,Entire home/apt,125,30,81,1,122,1
882523,727039,Brooklyn,Williamsburg,40.71234,-73.95382,Private room,95,1,23,1,0,20
883306,4310378,Brooklyn,Clinton Hill,40.69341,-73.96319,Private room,96,3,161,3,331,42
1087215,1841580,Manhattan,Chelsea,40.74726,-73.99952,Entire home/apt,250,30,50,1,93,1
1089542,8576020,Brooklyn,East Flatbush,40.65355,-73.94799,Private room,50,30,284,1,108,4
883480,4676971,Manhattan,Upper West Side,40.80196,-73.96349,Entire home/apt,185,30,85,1,133,1
1089619,5986790,Manhattan,Washington Heights,40.83416,-73.94513,Private room,50,31,35,6,0,1
886808,4701443,Queens,Flushing,40.75087,-73.80999,Private room,62,1,153,2,222,14
886833,4701443,Queens,Flushing,40.75046,-73.80969,Private room,82,2,359,2,126,7
887355,4705358,Manhattan,Murray Hill,40.74558,-73.97187,Entire home/apt,500,5,1,1,365,0
975250,3709510,Brooklyn,Bedford-Stuyvesant,40.69063,-73.92466,Private room,75,3,32,2,129,9
1091840,4714927,Manhattan,East Harlem,40.78976,-73.94676,Private room,76,30,172,5,106,14
975990,5339881,Brooklyn,Brooklyn Heights,40.6947,-73.99525,Entire home/apt,300,30,14,1,363,0
976167,5341060,Brooklyn,Fort Hamilton,40.6189,-74.03154,Entire home/apt,149,30,34,1,54,0
888583,4282125,Brooklyn,Greenpoint,40.73268,-73.95481,Entire home/apt,150,30,27,1,313,0
1093977,6010467,Manhattan,Harlem,40.81276,-73.94602,Entire home/apt,85,30,23,1,0,0
888905,4714927,Manhattan,East Harlem,40.79047,-73.94865,Private room,63,2,92,5,0,10
890794,4731046,Queens,Jackson Heights,40.75218,-73.89253,Private room,120,180,0,1,218,0
978120,365116,Manhattan,West Village,40.7354,-74.00768,Entire home/apt,199,6,23,1,0,2
1095106,6016424,Brooklyn,Greenpoint,40.73008,-73.95575,Private room,90,30,58,2,35,0
978386,5354308,Queens,Astoria,40.75725,-73.91811,Entire home/apt,85,30,308,1,38,3
890839,831185,Brooklyn,Prospect Heights,40.6799,-73.96535,Entire home/apt,558,3,48,3,343,25
890855,128920,Brooklyn,Clinton Hill,40.68367,-73.9671,Entire home/apt,115,30,10,1,0,0
892463,1758019,Manhattan,Greenwich Village,40.72913,-74.00234,Entire home/apt,150,30,9,1,0,0
1098863,2413714,Brooklyn,Bushwick,40.69093,-73.90366,Entire home/apt,125,4,151,3,351,0
1100421,1545977,Brooklyn,Cobble Hill,40.68768,-73.99097,Entire home/apt,165,30,44,1,276,2
893413,4751930,Manhattan,East Village,40.72694,-73.98173,Entire home/apt,2700,30,31,1,95,3
978615,5369117,Queens,Astoria,40.76494,-73.92066,Private room,82,30,197,2,335,0
1101035,6048514,Brooklyn,Boerum Hill,40.68820825878824,-73.9837120351296,Entire home/apt,179,30,246,1,272,1
980561,15742,Manhattan,Harlem,40.82825,-73.94789,Entire home/apt,86,30,39,1,51,2
1101224,2571,Brooklyn,Bedford-Stuyvesant,40.68686,-73.9371,Entire home/apt,142,30,44,1,93,10
982038,5378922,Brooklyn,Fort Greene,40.68921,-73.97261,Entire home/apt,111,14,11,2,267,2
894015,4622027,Brooklyn,Bedford-Stuyvesant,40.68116,-73.92979,Entire home/apt,147,3,184,1,141,16
1102942,6057624,Manhattan,Kips Bay,40.74274,-73.97759,Entire home/apt,217,30,72,1,311,0
894093,4644172,Queens,Astoria,40.76869,-73.9201,Private room,69,30,73,1,83,0
895368,4770121,Manhattan,Harlem,40.82434,-73.93957,Entire home/apt,100,180,0,3,0,0
895386,2265770,Manhattan,Harlem,40.80593,-73.9522,Entire home/apt,354,9,118,3,83,15
982276,1449904,Manhattan,Two Bridges,40.71196,-73.99382,Private room,118,30,55,1,35,6
982409,5378922,Brooklyn,Fort Greene,40.68734,-73.97401,Private room,111,10,1,2,0,0
983625,4548229,Manhattan,Harlem,40.80558,-73.94497,Entire home/apt,169,30,200,3,240,6
1102963,3531317,Brooklyn,Bushwick,40.68179,-73.90667,Entire home/apt,154,30,110,1,32,1
898534,1928378,Brooklyn,Williamsburg,40.70932,-73.96574,Entire home/apt,349,30,11,1,112,1
1108309,1018472,Brooklyn,Sheepshead Bay,40.58447,-73.94211,Private room,72,30,74,2,66,0
1110484,1690569,Brooklyn,Greenpoint,40.72029,-73.95459,Entire home/apt,190,30,42,1,263,0
900383,4808242,Brooklyn,Bedford-Stuyvesant,40.68229,-73.95347,Shared room,100,30,29,1,156,0
984721,555739,Brooklyn,Bay Ridge,40.63685,-74.03614,Entire home/apt,85,30,33,1,306,4
985338,1417489,Brooklyn,Brooklyn Heights,40.70162,-73.99465,Entire home/apt,100,180,0,1,0,0
1112407,6105036,Manhattan,Harlem,40.80389,-73.94945,Entire home/apt,200,30,116,3,274,24
986727,5414067,Manhattan,Harlem,40.80825,-73.94124,Entire home/apt,165,3,369,2,182,42
987329,5369117,Queens,Astoria,40.76423,-73.91891,Private room,95,30,83,2,365,0
987616,4018660,Brooklyn,Cobble Hill,40.68759,-73.99754,Entire home/apt,350,30,12,1,0,0
902482,4822847,Manhattan,East Village,40.73046,-73.98181,Entire home/apt,400,30,28,1,264,0
902528,4823146,Queens,Jackson Heights,40.74946,-73.88288,Entire home/apt,120,30,32,1,301,2
1114409,265152,Brooklyn,Fort Greene,40.68669,-73.97744,Entire home/apt,220,30,25,1,0,0
902599,1510984,Manhattan,Theater District,40.76273,-73.98306,Entire home/apt,179,30,14,1,64,0
989976,5435208,Queens,Flushing,40.7417,-73.82203,Entire home/apt,217,3,138,1,337,23
1115381,6121678,Brooklyn,Gowanus,40.67911,-73.9833,Private room,85,30,1,1,0,0
990130,5435713,Brooklyn,Prospect Heights,40.67647,-73.96505,Entire home/apt,250,30,7,1,31,0
990208,1568269,Brooklyn,Greenpoint,40.73405,-73.95406,Entire home/apt,168,30,33,3,191,2
903551,4830421,Brooklyn,Williamsburg,40.70333,-73.93645,Private room,200,6,4,1,355,0
903906,4837614,Brooklyn,South Slope,40.66677,-73.98755,Entire home/apt,329,30,2,1,0,0
1117516,6133754,Brooklyn,Bedford-Stuyvesant,40.68942,-73.93897,Entire home/apt,95,3,299,1,262,38
904060,4834187,Brooklyn,Bedford-Stuyvesant,40.68533,-73.95925,Entire home/apt,280,7,44,1,345,3
990529,5440087,Manhattan,Murray Hill,40.74936,-73.97196,Private room,1364,30,3,2,87,0
992508,4714927,Manhattan,East Harlem,40.79161,-73.95006,Private room,70,3,71,5,0,3
1117706,2843987,Brooklyn,Williamsburg,40.71481,-73.96006,Entire home/apt,185,30,18,1,261,2
992891,458021,Manhattan,Little Italy,40.72005,-73.99645,Entire home/apt,100,30,17,1,0,0
905425,4843750,Brooklyn,Greenpoint,40.73292,-73.95516,Entire home/apt,144,7,209,1,241,24
916105,17297,Brooklyn,Williamsburg,40.71463,-73.95892,Private room,95,3,4,2,32,1
1118031,6136511,Manhattan,Nolita,40.72146,-73.99737,Private room,136,21,55,3,147,5
1121502,5942292,Brooklyn,Bedford-Stuyvesant,40.68266,-73.94009,Private room,71,30,71,3,2,3
992977,4000059,Brooklyn,Park Slope,40.67241,-73.9748,Entire home/apt,100,365,1,1,365,0
1121815,4005049,Manhattan,East Village,40.72241,-73.9827,Private room,60,60,0,1,0,0
993040,5454862,Manhattan,Harlem,40.82746,-73.9488,Entire home/apt,132,1,211,1,0,0
993514,15145088,Manhattan,Upper West Side,40.78566,-73.97271,Entire home/apt,234,30,10,8,284,0
993575,15145088,Manhattan,Upper West Side,40.78687,-73.9746,Entire home/apt,226,30,24,8,365,4
993576,15145088,Manhattan,Upper West Side,40.78741,-73.97321,Entire home/apt,230,30,14,8,341,3
917058,4924435,Manhattan,Greenwich Village,40.73137,-73.99851,Entire home/apt,250,30,4,1,0,0
1123737,5986790,Manhattan,Washington Heights,40.83349,-73.94408,Private room,46,60,30,6,266,2
1126492,6180052,Brooklyn,Fort Greene,40.68754,-73.97376,Entire home/apt,175,3,17,1,160,7
918049,4929807,Manhattan,Chelsea,40.73976,-73.99512,Entire home/apt,280,30,62,1,121,3
919491,4938247,Brooklyn,Park Slope,40.6751,-73.9785,Private room,70,30,175,1,0,0
995169,189552325,Manhattan,West Village,40.73366,-74.00409,Entire home/apt,299,30,44,1,0,0
995187,2829145,Brooklyn,Clinton Hill,40.69235,-73.96938,Entire home/apt,300,5,99,1,265,7
1126944,128663,Brooklyn,Kensington,40.63866,-73.9715,Entire home/apt,109,21,2,1,0,0
995469,5468901,Manhattan,Upper East Side,40.76976,-73.95802,Private room,50,30,1,1,0,0
1127040,835112,Brooklyn,South Slope,40.66743,-73.98763,Private room,45,30,0,2,1,0
919830,1895793,Manhattan,Chelsea,40.7458,-73.99857,Entire home/apt,564,3,224,1,143,37
1127140,6158233,Manhattan,Harlem,40.83067,-73.94787,Private room,54,3,62,1,233,0
998086,2455259,Manhattan,Tribeca,40.71866,-74.00285,Entire home/apt,110,90,0,1,0,0
999984,5468033,Manhattan,West Village,40.73196,-74.00076,Entire home/apt,300,30,122,1,302,4
1001147,3363720,Brooklyn,Bedford-Stuyvesant,40.68746,-73.91945,Private room,55,30,103,3,160,0
1130680,55176,Brooklyn,Bushwick,40.68584,-73.91186,Entire home/apt,107,3,361,1,95,17
920930,4950369,Brooklyn,Bedford-Stuyvesant,40.69047,-73.94258,Entire home/apt,350,4,29,1,0,1
1131804,6209044,Manhattan,Harlem,40.80911,-73.94317,Entire home/apt,160,30,21,1,140,0
1003754,5520355,Brooklyn,South Slope,40.66149,-73.98115,Entire home/apt,195,7,121,1,24,21
1009883,329436,Brooklyn,Carroll Gardens,40.68272,-73.99204,Entire home/apt,250,3,69,2,6,8
1132201,712590,Brooklyn,Prospect Heights,40.67848,-73.97254,Entire home/apt,100,2,12,2,0,0
1134365,6012816,Brooklyn,Red Hook,40.67797,-74.01429,Entire home/apt,210,30,11,1,0,0
922764,1204785,Brooklyn,Fort Greene,40.68601,-73.97515,Entire home/apt,199,30,277,1,289,1
1134635,6224206,Brooklyn,Greenpoint,40.72406,-73.94127,Entire home/apt,70,30,7,1,0,1
923979,4970027,Queens,Briarwood,40.70552,-73.81527,Entire home/apt,69,30,101,2,230,2
1009973,5556571,Brooklyn,Williamsburg,40.70486,-73.93524,Private room,45,30,16,3,262,0
1010785,3898812,Queens,Astoria,40.76472,-73.9264,Entire home/apt,175,30,80,1,348,0
1137093,5446918,Brooklyn,Williamsburg,40.71643,-73.94906,Entire home/apt,300,30,45,1,219,1
1011449,5563508,Brooklyn,Prospect-Lefferts Gardens,40.66014,-73.9614,Entire home/apt,150,30,63,1,59,4
924600,4973668,Brooklyn,Bedford-Stuyvesant,40.68838,-73.93456,Private room,35,7,145,1,182,28
1137270,6169516,Manhattan,Upper West Side,40.78943,-73.97495,Private room,139,30,13,1,364,0
925090,2269789,Manhattan,East Village,40.7263,-73.98781,Private room,100,30,1,1,0,0
927408,51038,Brooklyn,Clinton Hill,40.68767,-73.96468,Private room,198,2,53,2,302,5
927597,4983320,Queens,Flushing,40.75323,-73.83071,Private room,80,30,75,2,0,0
1137587,354887,Brooklyn,Prospect Heights,40.67652,-73.9669,Entire home/apt,199,30,200,1,92,2
1141120,2637874,Brooklyn,Bedford-Stuyvesant,40.68718,-73.9211,Entire home/apt,134,30,62,1,364,0
927702,12128527,Brooklyn,Windsor Terrace,40.65018,-73.97719,Entire home/apt,132,3,62,1,292,19
1013648,5018907,Brooklyn,Park Slope,40.67512,-73.97943,Entire home/apt,225,30,8,1,0,0
1142034,1474508,Manhattan,Midtown,40.74469,-73.9888,Entire home/apt,295,31,91,1,80,11
1016004,5577926,Queens,Astoria,40.76649,-73.91075,Shared room,39,30,176,3,0,0
1144861,252361,Brooklyn,Cobble Hill,40.68812,-73.99155,Entire home/apt,216,1,492,1,228,89
1018529,5606448,Brooklyn,Williamsburg,40.719,-73.94831,Entire home/apt,300,30,77,1,182,2
929032,2420592,Brooklyn,Vinegar Hill,40.7013,-73.98192,Private room,85,3,24,2,0,0
1145088,6278387,Queens,Astoria,40.77372,-73.93024,Entire home/apt,112,30,15,1,0,0
931352,4156449,Brooklyn,Bushwick,40.70075,-73.9197,Private room,60,30,0,1,0,0
1023529,5634395,Manhattan,Harlem,40.82144,-73.95481,Private room,59,7,196,1,7,10
1145134,585273,Brooklyn,Greenpoint,40.72244,-73.94308,Private room,75,5,180,1,0,0
1025001,5641042,Queens,Glendale,40.70614,-73.89441,Private room,65,4,152,1,288,0
932277,2902266,Brooklyn,DUMBO,40.70268,-73.98768,Private room,125,30,35,1,79,0
1146653,836168,Manhattan,Upper West Side,40.79296,-73.96499,Entire home/apt,1000,30,24,11,364,0
1148144,2559004,Manhattan,East Harlem,40.80242,-73.93887,Private room,49,30,12,5,321,3
1148279,6294856,Brooklyn,Bedford-Stuyvesant,40.68047,-73.95022,Private room,60,30,146,1,0,0
1185525,6483295,Brooklyn,Bay Ridge,40.63571,-74.0333,Entire home/apt,85,28,54,1,0,3
1025786,5647813,Queens,Long Island City,40.7456,-73.948,Private room,71,5,13,1,218,0
1150382,6305367,Manhattan,East Harlem,40.79946,-73.9378,Entire home/apt,100,30,61,1,56,2
1026683,5652395,Bronx,Concourse,40.82102,-73.92702,Private room,85,1,19,2,241,5
1187643,6494389,Bronx,Port Morris,40.80858,-73.92983,Private room,75,6,96,1,285,12
1189378,867249,Manhattan,Tribeca,40.72118,-74.00567,Entire home/apt,321,2,217,1,24,38
1150514,4376062,Brooklyn,Fort Greene,40.68935,-73.97368,Entire home/apt,138,30,1,1,0,0
1027808,5655889,Manhattan,East Village,40.72154,-73.98174,Entire home/apt,449,30,53,1,358,1
1150869,6142196,Manhattan,Morningside Heights,40.80576,-73.96711,Entire home/apt,200,90,4,1,0,0
1029808,5293735,Brooklyn,Bedford-Stuyvesant,40.69868,-73.9443,Entire home/apt,90,5,12,1,0,0
1030254,1949282,Brooklyn,Bushwick,40.695,-73.91197,Private room,60,30,76,3,307,3
1195198,6531502,Brooklyn,Bedford-Stuyvesant,40.68797,-73.95973,Entire home/apt,120,3,170,1,0,0
1195260,6532132,Brooklyn,East Flatbush,40.64943,-73.93557,Entire home/apt,114,3,124,1,346,5
1151343,4910820,Manhattan,Harlem,40.80315,-73.95622,Private room,111,2,96,1,98,26
1197899,2360794,Brooklyn,Clinton Hill,40.69026,-73.96875,Private room,75,3,13,1,0,0
1034347,1367316,Brooklyn,Prospect-Lefferts Gardens,40.66359,-73.95521,Entire home/apt,107,5,32,4,236,16
1036498,3233986,Queens,Long Island City,40.75493,-73.91729,Private room,105,30,83,2,310,4
1151582,364351,Manhattan,Upper East Side,40.77075,-73.95806,Private room,125,30,1,1,0,0
1036734,5707409,Manhattan,Upper East Side,40.76915,-73.95636,Entire home/apt,145,20,269,1,207,2
1155475,2199502,Brooklyn,Fort Greene,40.68675,-73.97839,Entire home/apt,599,2,216,1,255,55
1198874,3749996,Manhattan,Hell's Kitchen,40.7648,-73.98469,Entire home/apt,86,30,43,1,0,0
1200625,1367316,Brooklyn,Flatlands,40.62268,-73.92894,Private room,45,7,7,4,344,5
1155885,6334250,Brooklyn,Bedford-Stuyvesant,40.68589,-73.92974,Entire home/apt,118,2,283,1,155,36
1205103,6582962,Brooklyn,Fort Greene,40.6934,-73.97319,Entire home/apt,150,30,253,1,173,6
1038802,5718871,Brooklyn,Greenpoint,40.72424178416572,-73.93964006502424,Private room,64,30,1,1,127,1
1039984,5447617,Brooklyn,Bedford-Stuyvesant,40.68089,-73.93557,Entire home/apt,115,30,58,3,294,2
1156499,5644215,Brooklyn,Greenpoint,40.72862,-73.95161,Entire home/apt,280,14,18,1,354,3
1156928,5968464,Brooklyn,Crown Heights,40.6714,-73.95036,Entire home/apt,225,30,18,1,233,4
1040156,3740730,Manhattan,Chelsea,40.74519,-73.99592,Entire home/apt,574,6,152,2,252,16
1040182,1354796,Brooklyn,Prospect-Lefferts Gardens,40.65916,-73.95043,Private room,65,5,93,4,328,11
1042806,2680820,Queens,Flushing,40.75482,-73.81692,Private room,65,2,315,3,306,2
1205815,6586128,Bronx,Port Morris,40.80065,-73.91337,Entire home/apt,145,30,2,3,89,0
1209921,622855,Brooklyn,Bedford-Stuyvesant,40.68392,-73.92733,Entire home/apt,167,3,112,2,260,15
1157036,3696460,Brooklyn,Kensington,40.63405,-73.97044,Private room,60,30,10,1,249,0
1213745,6625516,Manhattan,Upper West Side,40.78779,-73.97884,Entire home/apt,175,30,3,1,302,0
1043046,2335804,Manhattan,Chelsea,40.74118,-74.00071,Entire home/apt,159,30,73,1,0,0
1157522,6263282,Brooklyn,Williamsburg,40.71802,-73.95886,Entire home/apt,300,3,117,1,106,30
1349658,5569141,Manhattan,Morningside Heights,40.81203,-73.95844,Private room,83,1,65,1,312,14
1164101,6376776,Manhattan,West Village,40.7387,-74.00382,Private room,92,30,15,1,285,1
1350055,2035472,Brooklyn,Williamsburg,40.7145,-73.95989,Entire home/apt,195,30,4,1,219,2
1215122,6632440,Manhattan,Harlem,40.82348,-73.95374,Private room,95,30,2,2,365,0
1215627,5720054,Queens,Arverne,40.59262,-73.78894,Entire home/apt,131,1,207,1,360,31
1166398,6387355,Brooklyn,Bushwick,40.69815,-73.93006,Entire home/apt,150,30,13,2,218,0
1215836,6533489,Brooklyn,Crown Heights,40.67394,-73.95951,Entire home/apt,150,30,1,1,0,0
1354250,1631330,Brooklyn,Fort Greene,40.68682,-73.97712,Entire home/apt,80,30,3,1,0,0
1354775,7353062,Manhattan,NoHo,40.72536,-73.99414,Entire home/apt,250,30,0,1,0,0
1166616,6388666,Manhattan,Washington Heights,40.84037,-73.93859,Private room,85,3,69,1,236,8
1217318,6642777,Brooklyn,Williamsburg,40.71165,-73.95236,Private room,113,1,702,2,27,126
1220548,2050338,Queens,Richmond Hill,40.69543,-73.82596,Entire home/apt,95,30,42,3,217,3
1166947,6390340,Manhattan,Washington Heights,40.85401,-73.93292,Private room,125,56,0,1,365,0
1221332,3757699,Manhattan,East Harlem,40.79292,-73.93953,Entire home/apt,65,30,42,1,0,2
1221517,2559004,Manhattan,East Harlem,40.80231,-73.93883,Private room,41,30,13,5,262,5
1355468,7356998,Manhattan,Upper West Side,40.79883,-73.96234,Entire home/apt,400,31,14,1,0,0
1170268,6407125,Brooklyn,Bushwick,40.69729,-73.90751,Entire home/apt,196,30,47,2,337,1
1355654,7356377,Manhattan,East Village,40.72824,-73.98336,Entire home/apt,200,30,20,1,63,1
1171581,6414296,Manhattan,Hell's Kitchen,40.7593,-73.99143,Entire home/apt,1000,30,0,1,0,0
1356710,4783987,Manhattan,East Village,40.72547,-73.97711,Private room,149,1,230,1,21,43
1357021,1411399,Manhattan,Midtown,40.75744,-73.967,Entire home/apt,245,30,97,4,0,0
1223230,6672450,Manhattan,Tribeca,40.72058,-74.00601,Entire home/apt,180,30,41,1,0,0
1226176,6688471,Brooklyn,Bedford-Stuyvesant,40.69521,-73.9357,Private room,60,3,21,1,157,0
1171716,6415261,Brooklyn,Kensington,40.6368,-73.9688,Private room,35,30,0,1,0,0
1359130,7377007,Manhattan,Washington Heights,40.85812327861069,-73.93411980186148,Entire home/apt,130,14,1,1,110,1
1178231,6445684,Brooklyn,Canarsie,40.64234,-73.89033,Entire home/apt,99,1,136,1,280,10
1361017,7388499,Brooklyn,Park Slope,40.67163,-73.98278,Entire home/apt,140,30,32,1,92,1
1370405,697442,Brooklyn,East Flatbush,40.64712,-73.9466,Entire home/apt,91,3,342,3,81,43
1231273,5894425,Manhattan,Hell's Kitchen,40.76185,-73.99463,Entire home/apt,407,7,95,1,21,21
1180157,2559004,Manhattan,East Harlem,40.80427,-73.93834,Private room,47,30,7,5,312,4
1182186,357533,Manhattan,Harlem,40.80723,-73.95411,Entire home/apt,175,30,25,1,0,0
1232212,3547817,Brooklyn,Williamsburg,40.71065,-73.96434,Entire home/apt,333,2,132,1,13,64
1237185,1367316,Brooklyn,Flatlands,40.62068,-73.92899,Private room,44,7,22,4,348,6
1239293,6755111,Brooklyn,Kensington,40.6412,-73.9786,Private room,75,30,8,1,0,0
1378165,7465509,Brooklyn,Bedford-Stuyvesant,40.68576,-73.92951,Entire home/apt,45,30,16,1,0,0
1183005,6471326,Brooklyn,East Flatbush,40.64512,-73.94955,Private room,89,30,1,1,365,0
1240530,6762247,Brooklyn,Bushwick,40.69014,-73.92213,Private room,95,30,12,2,0,0
1183236,6472794,Queens,Long Island City,40.74983,-73.91843,Private room,60,30,0,1,0,0
1380326,7475363,Manhattan,Upper East Side,40.76768,-73.95524,Private room,77,2,105,2,301,5
1550558,6044644,Brooklyn,Williamsburg,40.71042,-73.96256,Entire home/apt,211,30,36,1,252,4
1382607,6245535,Brooklyn,Carroll Gardens,40.68338,-73.99011,Entire home/apt,284,1,2,1,0,0
1240586,900154,Manhattan,Harlem,40.80441,-73.95613,Entire home/apt,99,30,4,1,0,0
1242736,6016424,Brooklyn,Greenpoint,40.7353,-73.95795,Private room,75,30,0,2,0,0
1551044,8261145,Manhattan,Nolita,40.72152,-73.99456,Entire home/apt,175,30,119,1,0,0
1245479,3363749,Brooklyn,Williamsburg,40.70762,-73.94256,Private room,999,90,163,3,365,0
1386742,40100,Manhattan,Hell's Kitchen,40.76828,-73.98783,Private room,89,3,314,1,4,37
1555491,8281195,Manhattan,Upper East Side,40.77614,-73.94964,Entire home/apt,257,30,5,1,365,0
1390532,7503643,Brooklyn,Greenpoint,40.72642,-73.9426,Entire home/apt,149,30,14,33,326,3
1245977,6789857,Brooklyn,Prospect Heights,40.67537,-73.96644,Entire home/apt,119,30,12,1,0,0
1556740,2451786,Manhattan,Hell's Kitchen,40.75892,-73.99133,Private room,99,1,23,1,101,12
1559912,8301763,Manhattan,Morningside Heights,40.80581,-73.96658,Entire home/apt,106,30,9,1,0,0
1251681,6819812,Brooklyn,Kensington,40.64488,-73.97254,Entire home/apt,250,5,21,1,40,5
1255828,5561816,Manhattan,Upper West Side,40.78255,-73.97922,Private room,95,2,268,1,210,39
1392144,1873589,Brooklyn,Crown Heights,40.67135,-73.94797,Entire home/apt,375,7,30,1,278,1
1392673,7503643,Brooklyn,Greenpoint,40.72531,-73.94056,Entire home/apt,149,30,8,33,249,2
1566326,7776144,Brooklyn,Williamsburg,40.71181,-73.96241,Entire home/apt,119,30,50,1,0,0
1256670,606135,Manhattan,Upper East Side,40.77674,-73.95164,Private room,150,30,3,1,361,0
1567225,8336526,Manhattan,Upper West Side,40.77905,-73.97942,Entire home/apt,700,5,20,1,74,1
1256768,1537501,Brooklyn,Park Slope,40.66946,-73.98515,Entire home/apt,200,30,49,1,337,2
1396458,1517723,Brooklyn,Crown Heights,40.67697,-73.96323,Entire home/apt,173,30,40,1,349,2
1581579,7748180,Queens,Ditmars Steinway,40.77757,-73.9158,Entire home/apt,302,4,421,1,298,61
1398234,6083756,Manhattan,Lower East Side,40.7225,-73.99287,Entire home/apt,217,30,2,1,251,1
1398326,1705617,Brooklyn,Fort Hamilton,40.62221,-74.03419,Entire home/apt,75,30,2,1,0,0
1399352,7557833,Brooklyn,Bedford-Stuyvesant,40.69141,-73.94652,Private room,65,7,65,6,35,3
1258651,6854750,Manhattan,Harlem,40.80658,-73.94932,Entire home/apt,329,3,108,1,285,16
1583653,8434244,Manhattan,East Harlem,40.79264,-73.93808,Private room,132,2,83,1,148,13
1260727,6866620,Manhattan,Chelsea,40.74218,-73.9936,Entire home/apt,350,30,6,1,0,0
1401826,7566397,Queens,Sunnyside,40.74193,-73.92466,Entire home/apt,145,30,12,1,310,1
1403635,754675,Manhattan,Harlem,40.82092,-73.9573,Private room,75,30,3,1,0,0
1403827,7557833,Brooklyn,Bedford-Stuyvesant,40.69141,-73.94652,Private room,71,7,37,6,259,2
1403870,7576337,Manhattan,SoHo,40.72638,-74.00134,Entire home/apt,120,30,87,1,0,0
1404355,7557833,Brooklyn,Bedford-Stuyvesant,40.69141,-73.94652,Private room,65,2,42,6,236,4
1404510,7557833,Brooklyn,Bedford-Stuyvesant,40.69141,-73.94652,Private room,75,7,55,6,28,1
1584619,8442593,Manhattan,Upper West Side,40.77753,-73.98898,Private room,200,30,0,1,0,0
1263964,6881792,Manhattan,Harlem,40.81349,-73.95326,Private room,116,5,264,1,280,32
1586641,8452639,Brooklyn,Flatbush,40.64733,-73.9629,Private room,79,5,100,2,359,9
1264920,6882340,Manhattan,Upper West Side,40.78648,-73.97252,Shared room,168,3,21,1,332,0
1404828,7581642,Brooklyn,Williamsburg,40.70923,-73.92533,Private room,99,30,189,1,0,0
1589248,8255208,Brooklyn,Williamsburg,40.70971,-73.96269,Entire home/apt,140,30,1,1,0,0
1267186,6897732,Manhattan,Midtown,40.74331,-73.98351,Private room,110,30,4,1,0,0
1591811,8265050,Brooklyn,Williamsburg,40.71218,-73.95169,Entire home/apt,160,30,229,2,83,3
1407633,5976698,Manhattan,Harlem,40.80862,-73.95329,Private room,75,30,3,1,250,0
1596314,4327300,Manhattan,Washington Heights,40.83388,-73.94298,Entire home/apt,109,30,27,1,0,0
1596404,7738881,Brooklyn,Crown Heights,40.6719,-73.92711,Entire home/apt,127,30,2,2,335,2
1598863,8523970,Manhattan,East Village,40.72687,-73.98418,Entire home/apt,225,14,14,1,78,4
1408406,5761173,Brooklyn,Downtown Brooklyn,40.6971,-73.9827,Entire home/apt,190,2,11,1,0,0
1411811,4129805,Manhattan,West Village,40.731,-74.00346,Entire home/apt,261,1,224,6,20,30
1268154,6902927,Queens,Maspeth,40.72547,-73.90248,Entire home/apt,157,2,163,2,103,41
1604488,8548430,Brooklyn,Williamsburg,40.71955,-73.96337,Private room,150,3,236,2,18,38
1268175,6903071,Manhattan,East Village,40.72178,-73.97782,Entire home/apt,145,2,108,1,0,9
1271103,2243431,Queens,Glendale,40.70408,-73.89322,Entire home/apt,60,30,1,1,0,0
1414305,7614224,Brooklyn,Greenpoint,40.72655,-73.94304,Entire home/apt,280,3,34,1,0,34
1604489,8548453,Manhattan,Chelsea,40.74652,-73.99171,Entire home/apt,275,30,3,1,280,0
1421933,7654246,Manhattan,Chelsea,40.73964,-73.99967,Private room,90,30,5,1,0,0
1606312,3130819,Brooklyn,Greenpoint,40.72053,-73.95458,Entire home/apt,222,30,12,1,351,0
1273533,2246253,Brooklyn,Bedford-Stuyvesant,40.69585,-73.9446,Private room,75,30,2,1,0,0
1613110,7503643,Brooklyn,Greenpoint,40.72577,-73.9404,Entire home/apt,149,30,19,33,342,3
1614964,8783166,Queens,Astoria,40.76744,-73.92841,Private room,43,30,17,2,32,3
1276760,6949594,Brooklyn,Williamsburg,40.71033,-73.9562,Entire home/apt,75,30,10,1,0,0
1437044,3355679,Manhattan,West Village,40.73604,-74.00905,Entire home/apt,270,30,4,1,0,0
1619695,8616291,Manhattan,Harlem,40.82193,-73.94955,Private room,75,3,219,2,81,34
1621235,1345611,Brooklyn,Bedford-Stuyvesant,40.69496,-73.95273,Private room,70,30,9,1,0,0
1623431,5440087,Manhattan,Midtown,40.74967,-73.97009,Private room,1006,30,1,2,87,0
1628156,8653725,Brooklyn,Canarsie,40.6415,-73.90778,Entire home/apt,200,3,181,1,304,4
1440363,7735666,Manhattan,Harlem,40.8169,-73.94829,Entire home/apt,86,30,268,1,72,4
1442450,7388128,Brooklyn,Bedford-Stuyvesant,40.68638,-73.91936,Private room,72,30,0,1,0,0
1277955,836911,Brooklyn,Windsor Terrace,40.6575,-73.97807,Entire home/apt,150,30,1,2,0,0
1633924,8680097,Brooklyn,Bedford-Stuyvesant,40.68583,-73.9263,Entire home/apt,120,30,82,1,0,0
1278784,6959061,Bronx,Longwood,40.81341,-73.90544,Private room,70,3,170,1,218,11
1444400,7755092,Manhattan,Hell's Kitchen,40.76473,-73.9914,Private room,87,1,379,1,89,92
1634856,8684081,Brooklyn,Williamsburg,40.71789,-73.9589,Entire home/apt,215,30,21,1,41,1
1445977,7701933,Manhattan,East Village,40.7247,-73.98043,Entire home/apt,232,30,2,1,249,0
1446483,5283769,Manhattan,East Village,40.722,-73.98247,Entire home/apt,140,31,163,1,0,0
1635088,8685072,Manhattan,Upper East Side,40.78055,-73.94997,Entire home/apt,141,5,14,1,0,0
1449263,7777902,Brooklyn,Bedford-Stuyvesant,40.68653,-73.93416,Entire home/apt,168,30,1,1,0,0
1449546,7779204,Brooklyn,Flatbush,40.64976,-73.96005,Entire home/apt,100,30,50,1,312,0
1279234,3967827,Brooklyn,Crown Heights,40.67071,-73.95409,Entire home/apt,150,30,4,1,100,0
1635672,8687489,Manhattan,West Village,40.73562,-74.00475,Entire home/apt,150,30,40,1,0,0
1281023,6970732,Manhattan,East Harlem,40.78762,-73.95239,Private room,150,30,18,1,0,0
1640700,8711250,Brooklyn,Fort Greene,40.69408,-73.9744,Entire home/apt,300,250,4,1,263,0
1453998,1459392,Brooklyn,Fort Greene,40.68609,-73.97624,Entire home/apt,125,30,29,1,23,0
1456352,838704,Manhattan,Upper West Side,40.80012,-73.96204,Entire home/apt,192,32,133,2,226,1
1640995,8313953,Manhattan,Upper East Side,40.76842,-73.95532,Entire home/apt,125,30,60,1,181,6
1281257,2577135,Manhattan,Financial District,40.70779,-74.00805,Entire home/apt,309,30,20,1,155,1
1645181,8708720,Brooklyn,Bedford-Stuyvesant,40.68215,-73.93044,Entire home/apt,165,2,146,1,331,0
1457505,7815949,Brooklyn,Crown Heights,40.67096,-73.92696,Entire home/apt,103,35,74,1,42,1
1645667,8732694,Brooklyn,Bedford-Stuyvesant,40.68547,-73.95283,Entire home/apt,140,5,289,2,305,31
1458987,7645338,Queens,Rego Park,40.72451,-73.85828,Private room,30,4,87,1,5,3
1284776,6989825,Brooklyn,Gowanus,40.67876,-73.99208,Entire home/apt,250,5,49,1,0,0
1645772,8026393,Manhattan,Upper East Side,40.77306,-73.95068,Private room,150,3,163,1,207,18
1290315,7016757,Manhattan,Upper West Side,40.77811,-73.98825,Entire home/apt,279,15,4,1,0,0
1461965,7833913,Brooklyn,Crown Heights,40.6748,-73.94521,Private room,77,30,100,1,53,3
1646432,8732694,Brooklyn,Bedford-Stuyvesant,40.68489,-73.95341,Entire home/apt,145,120,251,2,249,0
1646910,2899693,Brooklyn,Williamsburg,40.70708,-73.94163,Entire home/apt,115,30,1,1,0,0
1291245,2078796,Manhattan,Chinatown,40.71464,-73.99045,Entire home/apt,405,30,2,1,0,0
1649957,8751800,Manhattan,Morningside Heights,40.81157,-73.95635,Entire home/apt,128,30,27,1,334,3
1294128,7036420,Brooklyn,Bushwick,40.68962,-73.91981,Private room,70,1,2,1,151,2
1465446,7850260,Manhattan,Harlem,40.80454,-73.9462,Entire home/apt,175,1,342,3,251,61
1466552,7112116,Manhattan,Hell's Kitchen,40.76227,-73.98686,Private room,229,2,50,1,345,10
1652236,3562322,Brooklyn,Bedford-Stuyvesant,40.68768,-73.95262,Private room,49,7,85,5,1,22
1654551,8772693,Manhattan,West Village,40.73175,-74.00686,Entire home/apt,200,30,20,1,0,0
1467618,7860852,Brooklyn,Williamsburg,40.71744,-73.95725,Entire home/apt,105,14,13,1,0,2
1294973,7041410,Manhattan,Upper West Side,40.79536,-73.9756,Private room,159,3,141,1,4,25
1654623,3562322,Brooklyn,Bedford-Stuyvesant,40.68628,-73.95111,Private room,51,7,35,5,23,23
1654713,5556571,Brooklyn,Williamsburg,40.70518,-73.93634,Private room,31,30,45,3,36,0
1654929,4847926,Brooklyn,Flatbush,40.64085,-73.95469,Entire home/apt,97,2,223,1,274,26
1300950,7073209,Brooklyn,Fort Greene,40.68889,-73.97465,Private room,156,3,98,2,15,9
1301321,2214774,Manhattan,West Village,40.73424,-74.00532,Entire home/apt,1899,30,18,1,0,0
1470069,4130492,Brooklyn,Bedford-Stuyvesant,40.692,-73.95686,Entire home/apt,120,30,32,1,38,0
1474752,2259113,Brooklyn,Williamsburg,40.71273,-73.95669,Private room,80,30,28,1,23,0
1475084,7895068,Manhattan,Lower East Side,40.71665,-73.989,Entire home/apt,179,30,202,1,312,0
1654970,335272,Brooklyn,Park Slope,40.67907,-73.9767,Entire home/apt,170,30,92,1,310,3
1475427,7896605,Queens,Sunnyside,40.74041,-73.92623,Private room,59,30,8,1,0,0
1475631,2015914,Brooklyn,Bushwick,40.68879,-73.91635,Private room,62,31,101,5,0,0
1475661,7897301,Queens,Astoria,40.77063,-73.93315,Entire home/apt,140,30,13,1,0,0
1655550,162280872,Manhattan,Hell's Kitchen,40.76688,-73.98644,Entire home/apt,170,30,9,98,219,1
1476238,7324189,Manhattan,Midtown,40.75991,-73.96956,Entire home/apt,279,30,6,1,87,0
1304459,7090408,Brooklyn,Williamsburg,40.70931,-73.95011,Entire home/apt,112,2,155,1,198,63
1304952,7073209,Brooklyn,Fort Greene,40.68889,-73.97465,Private room,175,30,5,2,64,0
1655824,5942292,Brooklyn,Bedford-Stuyvesant,40.68234,-73.93909,Entire home/apt,231,1,67,3,24,0
1656539,93790,Manhattan,West Village,40.72986,-74.00299,Private room,149,4,274,2,54,26
1656585,1147345,Manhattan,Greenwich Village,40.72745,-73.99904,Entire home/apt,575,3,33,1,122,3
1305346,7096964,Manhattan,SoHo,40.72247,-73.999,Entire home/apt,155,60,15,1,189,0
1478946,7245581,Manhattan,Chelsea,40.75022,-73.99585,Entire home/apt,107,120,48,19,364,3
1656621,5738733,Brooklyn,Bedford-Stuyvesant,40.69191,-73.93901,Entire home/apt,154,2,272,1,26,36
1479113,176836,Manhattan,Lower East Side,40.717,-73.98054,Private room,158,2,124,1,0,22
1479283,7245581,Manhattan,Chelsea,40.749454,-73.996483,Entire home/apt,103,120,50,19,248,1
1480002,7919277,Manhattan,Lower East Side,40.7202,-73.99162,Private room,125,30,1,1,365,0
1484031,6228539,Manhattan,Harlem,40.80414,-73.95506,Private room,115,5,31,2,313,9
1306966,5444717,Manhattan,Greenwich Village,40.72942,-73.99848,Entire home/apt,175,30,2,1,0,0
1307095,6714376,Manhattan,East Village,40.73117,-73.98254,Private room,550,30,5,1,89,0
1307723,5435074,Manhattan,Upper West Side,40.80352,-73.96551,Private room,150,30,37,1,331,1
1310672,2015914,Brooklyn,Bushwick,40.68879,-73.91635,Private room,75,31,73,5,0,0
1312228,7130382,Brooklyn,Clinton Hill,40.68371,-73.96461,Private room,55,30,3,1,0,0
1312945,2877657,Brooklyn,Kensington,40.64434,-73.98199,Entire home/apt,90,30,3,1,360,0
1664614,8796895,Manhattan,Upper West Side,40.78711,-73.97155,Entire home/apt,375,7,14,1,279,2
1484163,3776550,Brooklyn,Bushwick,40.69961,-73.93845,Private room,134,1,8,2,290,6
1486099,7503643,Brooklyn,Greenpoint,40.72278,-73.94239,Entire home/apt,169,30,15,33,321,2
1490223,6586128,Bronx,Port Morris,40.80056,-73.91306,Entire home/apt,91,30,24,3,62,1
1664716,2110601,Manhattan,East Village,40.72278,-73.9881,Entire home/apt,145,30,3,1,0,0
1491991,7959444,Brooklyn,Park Slope,40.67641,-73.97908,Entire home/apt,190,30,17,1,218,0
1313340,7136700,Brooklyn,Crown Heights,40.67551,-73.95228,Private room,71,3,172,2,220,32
1665498,8821936,Staten Island,Shore Acres,40.61033,-74.06544,Private room,88,5,33,1,313,5
1313711,7120328,Brooklyn,Prospect-Lefferts Gardens,40.65715,-73.94925,Entire home/apt,165,1,258,1,324,31
1320550,7169746,Manhattan,Upper East Side,40.78041,-73.9608,Entire home/apt,313,4,42,1,303,19
1494527,7988149,Brooklyn,Williamsburg,40.71006,-73.96527,Entire home/apt,145,30,256,2,247,3
1499635,1601577,Manhattan,Murray Hill,40.75003,-73.97423,Entire home/apt,600,30,7,1,0,0
1668328,8265050,Brooklyn,Williamsburg,40.70981,-73.94865,Entire home/apt,160,30,223,2,102,4
1669149,8838470,Manhattan,Hell's Kitchen,40.76412,-73.98854,Entire home/apt,270,13,85,1,296,0
1502785,8028752,Manhattan,Harlem,40.80335,-73.95151,Entire home/apt,130,30,0,1,286,0
1503618,6457253,Brooklyn,Sunset Park,40.66402,-73.99394,Private room,79,2,6,1,287,1
1506985,8049757,Manhattan,East Harlem,40.80242,-73.94407,Entire home/apt,225,30,65,1,267,0
1511303,1354796,Brooklyn,Prospect-Lefferts Gardens,40.66074,-73.95144,Private room,85,5,112,4,304,15
1322432,7178784,Brooklyn,Bedford-Stuyvesant,40.68248,-73.95047,Entire home/apt,314,3,8,1,308,2
1322917,7179629,Manhattan,Upper East Side,40.78019,-73.95318,Entire home/apt,151,30,130,1,249,0
1323801,3571821,Brooklyn,Bedford-Stuyvesant,40.68901,-73.95677,Shared room,35,30,120,2,0,0
1325432,2989617,Queens,Woodside,40.74267,-73.89804,Private room,81,30,66,1,324,0
1670517,8844412,Manhattan,Gramercy,40.73571,-73.98532,Entire home/apt,250,30,6,1,358,0
1672860,162280872,Manhattan,Hell's Kitchen,40.76453,-73.98811,Entire home/apt,170,30,22,98,310,2
1672977,162280872,Manhattan,Hell's Kitchen,40.76684,-73.98802,Entire home/apt,225,30,26,98,293,4
1673040,2119276,Manhattan,Hell's Kitchen,40.7665,-73.98844,Entire home/apt,225,30,17,22,257,1
1325911,7165563,Manhattan,Kips Bay,40.74002,-73.9802,Entire home/apt,482,2,86,1,294,33
1326566,514261,Brooklyn,South Slope,40.66549,-73.98642,Private room,80,30,29,8,0,0
1327940,3290436,Brooklyn,Flatbush,40.65352,-73.96186,Entire home/apt,120,60,13,1,112,0
1330056,124357,Brooklyn,Williamsburg,40.71705,-73.9576,Private room,166,1,140,3,249,18
1331960,2671491,Brooklyn,Bedford-Stuyvesant,40.69892,-73.95498,Entire home/apt,191,3,61,1,156,11
1512006,4731948,Manhattan,Lower East Side,40.71812,-73.99203,Entire home/apt,290,30,210,2,249,0
1513777,8083094,Manhattan,Upper West Side,40.79865,-73.96831,Entire home/apt,100,30,4,1,0,0
1515659,8092818,Brooklyn,Bedford-Stuyvesant,40.68883,-73.94664,Entire home/apt,115,5,3,1,0,0
1678380,8871907,Manhattan,SoHo,40.72264,-73.9974,Entire home/apt,250,4,2,1,35,1
1521335,8120180,Brooklyn,Bedford-Stuyvesant,40.68164,-73.95021,Private room,40,3,2,1,0,0
1524017,8131878,Manhattan,Chelsea,40.74336,-74.00198,Entire home/apt,178,30,64,1,335,1
1332473,7027562,Queens,Queens Village,40.72308,-73.73825,Private room,80,30,11,1,365,0
1682258,5434492,Manhattan,Kips Bay,40.74011,-73.98185,Entire home/apt,200,30,0,1,0,0
1525602,1200603,Brooklyn,Crown Heights,40.66776,-73.9588,Entire home/apt,96,3,194,1,11,32
1688914,8925763,Manhattan,Harlem,40.81835,-73.94638,Entire home/apt,135,30,139,2,34,4
1334633,7125872,Manhattan,West Village,40.73838,-74.00525,Entire home/apt,175,30,5,1,0,0
1690764,8925493,Brooklyn,Bedford-Stuyvesant,40.68069,-73.91034,Private room,121,30,6,2,365,0
1334793,671579,Brooklyn,Carroll Gardens,40.68322,-73.99684,Entire home/apt,450,30,4,1,0,0
1336223,7245581,Manhattan,Chelsea,40.75038,-73.99625,Entire home/apt,120,180,33,19,214,3
1336230,7245581,Manhattan,Chelsea,40.74805,-73.99561,Entire home/apt,110,120,39,19,217,1
1693028,8918030,Bronx,Williamsbridge,40.8827,-73.86281,Private room,54,1,23,1,0,0
1347204,7309232,Manhattan,Harlem,40.80973,-73.94374,Entire home/apt,200,4,204,2,123,40
1348118,7309232,Manhattan,Harlem,40.80873,-73.94404,Entire home/apt,200,4,210,2,182,34
1730937,9119678,Manhattan,Midtown,40.75617,-73.97164,Private room,199,3,53,2,343,10
1530386,8163133,Manhattan,Chelsea,40.7399,-74.0021,Entire home/apt,329,30,85,1,310,3
1696381,2717428,Manhattan,East Harlem,40.79959,-73.93857,Private room,68,30,46,1,112,0
1533652,8178950,Manhattan,Upper West Side,40.78193,-73.97302,Entire home/apt,175,30,98,1,145,5
1731245,7228995,Brooklyn,Crown Heights,40.67245,-73.92388,Entire home/apt,120,30,107,1,169,2
1702032,8986314,Brooklyn,Greenpoint,40.73198,-73.95446,Private room,70,1,0,1,0,0
1534212,7365834,Brooklyn,Sheepshead Bay,40.583683,-73.958626,Entire home/apt,159,3,87,5,361,13
1702533,8335875,Brooklyn,Park Slope,40.68228,-73.97916,Entire home/apt,257,30,68,1,365,0
1702581,5668786,Manhattan,Hell's Kitchen,40.76757,-73.98593,Private room,122,3,358,1,103,48
1535236,8187215,Brooklyn,Bedford-Stuyvesant,40.68678,-73.95372,Entire home/apt,100,30,9,1,114,3
1546945,4983320,Queens,Flushing,40.75421,-73.83123,Private room,62,30,116,2,0,0
1702781,7614595,Queens,Astoria,40.76527,-73.92979,Private room,47,31,19,1,88,4
1731365,7379093,Manhattan,Upper West Side,40.79057,-73.967,Entire home/apt,550,5,127,2,83,9
1707850,9010960,Brooklyn,Prospect-Lefferts Gardens,40.65897,-73.94957,Private room,80,30,1,1,249,0
1891274,9832158,Brooklyn,Bedford-Stuyvesant,40.68553,-73.95773,Private room,50,30,6,1,0,0
1708771,840868,Manhattan,Washington Heights,40.85276,-73.9374,Private room,75,21,34,1,51,1
1893225,1297675,Brooklyn,Prospect Heights,40.68206,-73.97159,Entire home/apt,220,30,25,1,108,1
1896296,7503643,Brooklyn,Greenpoint,40.72544,-73.94143,Entire home/apt,169,30,7,33,310,0
1734724,8910286,Brooklyn,Williamsburg,40.7193,-73.95567,Entire home/apt,180,30,183,1,1,0
1735804,1755097,Brooklyn,Bedford-Stuyvesant,40.69117,-73.93146,Entire home/apt,138,30,247,1,320,1
1712202,9030823,Queens,Astoria,40.76131,-73.92367,Private room,60,2,11,1,0,0
1739847,8989844,Bronx,Soundview,40.81975,-73.87568,Private room,94,30,55,1,365,1
1741745,1845333,Manhattan,East Harlem,40.79858,-73.93585,Private room,95,30,0,1,0,0
1897447,9856784,Brooklyn,Gowanus,40.68369,-73.98586,Entire home/apt,193,14,340,1,103,30
1712660,2332618,Brooklyn,Williamsburg,40.70801,-73.95325,Private room,115,1,326,2,306,56
1898110,9520651,Brooklyn,Gowanus,40.68368,-73.98487,Private room,200,30,0,1,0,0
1742654,9173924,Manhattan,Hell's Kitchen,40.76731,-73.98437,Entire home/apt,180,30,130,1,273,0
1716441,153494,Manhattan,Lower East Side,40.71988,-73.98559,Private room,100,30,297,1,60,0
1743379,9177920,Brooklyn,Williamsburg,40.71,-73.96378,Entire home/apt,182,6,235,1,105,32
1744709,2980990,Brooklyn,Bedford-Stuyvesant,40.67915,-73.92254,Private room,200,30,3,1,365,0
1745430,7503643,Brooklyn,Greenpoint,40.72739,-73.94155,Entire home/apt,179,30,11,33,247,2
1750248,9207223,Manhattan,Harlem,40.80251,-73.9457,Private room,93,30,17,3,219,0
1901154,9871799,Manhattan,Harlem,40.82643,-73.94208,Private room,115,1,11,1,343,7
1901357,9872650,Brooklyn,Flatbush,40.6395,-73.96414,Entire home/apt,70,4,26,1,0,0
1903198,3158364,Queens,Sunnyside,40.73622,-73.92455,Private room,200,365,85,3,365,0
1905865,2332618,Brooklyn,Williamsburg,40.70661,-73.95487,Entire home/apt,247,2,27,2,249,6
1716640,9051298,Manhattan,Harlem,40.81212,-73.94651,Entire home/apt,75,30,31,2,0,0
1717058,9053036,Manhattan,SoHo,40.72169,-73.99741,Entire home/apt,175,30,81,1,209,1
1906604,6806417,Manhattan,Hell's Kitchen,40.75825,-73.9944,Entire home/apt,499,30,8,1,0,0
1910270,9912620,Brooklyn,Carroll Gardens,40.68451,-73.99037,Entire home/apt,450,5,16,1,0,0
1913540,325455,Brooklyn,Fort Greene,40.68678,-73.97325,Entire home/apt,120,30,2,1,0,0
1750679,9209820,Brooklyn,Crown Heights,40.66949,-73.94939,Entire home/apt,185,30,127,2,298,0
1717138,8943770,Brooklyn,Flatbush,40.63291,-73.95569,Entire home/apt,75,30,51,1,364,0
1753671,4500999,Manhattan,East Harlem,40.79685,-73.94437,Private room,115,2,56,2,250,6
1755844,2715012,Brooklyn,Crown Heights,40.67205,-73.93601,Private room,357,1,12,3,364,0
1914185,9928808,Brooklyn,Brighton Beach,40.5791,-73.95726,Entire home/apt,60,14,22,1,0,0
1717226,9053876,Brooklyn,Bedford-Stuyvesant,40.67921,-73.93711,Entire home/apt,250,7,21,1,257,2
1914231,9709235,Manhattan,Harlem,40.81002,-73.94292,Entire home/apt,146,2,408,1,261,35
1756174,7214842,Manhattan,East Village,40.72264,-73.98157,Private room,108,30,0,1,0,0
1721115,9072771,Manhattan,Financial District,40.70646,-74.00755,Private room,196,14,16,2,343,0
1722101,48026,Manhattan,Upper West Side,40.77267,-73.98897,Entire home/apt,328,30,27,1,211,1
1756520,9237306,Brooklyn,Bedford-Stuyvesant,40.68259,-73.941414,Entire home/apt,389,3,3,1,59,3
1918693,9947332,Brooklyn,Clinton Hill,40.68458,-73.96325,Private room,113,4,315,1,286,33
1920085,1229984,Queens,Long Island City,40.74617,-73.95421,Private room,60,23,10,3,98,2
1724731,9090698,Manhattan,Chelsea,40.74411,-74.00728,Entire home/apt,275,30,2,2,179,0
1921859,9959323,Queens,Astoria,40.77398681640625,-73.92761993408203,Entire home/apt,186,8,30,1,311,9
1758391,9234456,Brooklyn,Bedford-Stuyvesant,40.69561,-73.93444,Private room,83,3,112,2,0,0
1725295,215764,Manhattan,Murray Hill,40.74759,-73.9771,Private room,92,2,149,1,0,5
1759154,8998154,Brooklyn,Bushwick,40.69217,-73.92294,Entire home/apt,119,2,181,4,28,24
1924645,110958,Brooklyn,Williamsburg,40.71577,-73.94896,Entire home/apt,100,30,29,1,0,0
1727923,2510744,Brooklyn,Williamsburg,40.71512,-73.95499,Entire home/apt,98,7,7,1,0,0
1759526,104250,Manhattan,Chelsea,40.74547,-73.99248,Private room,99,30,11,1,0,0
1728625,9109049,Brooklyn,Williamsburg,40.71975,-73.94199,Entire home/apt,160,30,19,1,0,0
1925224,9946315,Brooklyn,Williamsburg,40.71629,-73.95362,Entire home/apt,250,8,111,1,96,22
1728938,478717,Brooklyn,Park Slope,40.67561,-73.97558,Private room,115,30,212,1,235,0
1762852,173997,Brooklyn,Williamsburg,40.70941,-73.95309,Private room,35,30,3,1,0,0
1729286,8366233,Manhattan,East Harlem,40.79528,-73.93495,Private room,56,30,36,2,0,0
1763209,9268156,Queens,Astoria,40.7664,-73.92885,Private room,88,30,107,1,0,0
2012750,10355206,Queens,Ridgewood,40.703983,-73.908447,Entire home/apt,102,5,69,2,275,3
1766846,5586949,Manhattan,East Village,40.73031,-73.98476,Entire home/apt,157,3,365,2,3,41
1925519,2765870,Manhattan,Lower East Side,40.72118,-73.99096,Private room,80,30,1,1,0,0
2015168,10365281,Brooklyn,Bedford-Stuyvesant,40.68644,-73.95618,Entire home/apt,160,30,274,1,258,8
1928961,9989761,Manhattan,Harlem,40.80051,-73.95247,Shared room,35,30,247,2,364,0
1929321,9991075,Brooklyn,Clinton Hill,40.68678,-73.96826,Entire home/apt,130,30,16,1,0,0
1767037,9284163,Queens,Woodhaven,40.68939,-73.8519,Private room,36,2,511,3,28,44
1769357,4314440,Brooklyn,Clinton Hill,40.68425,-73.96465,Private room,70,90,17,1,365,2
1776732,7379093,Manhattan,Upper West Side,40.78907,-73.9688,Entire home/apt,532,5,177,2,99,22
2016579,8013034,Brooklyn,Bushwick,40.69685,-73.91044,Private room,50,30,16,2,329,0
1777007,3980927,Manhattan,Battery Park City,40.70948,-74.01564,Shared room,55,1,262,1,332,32
1929540,6846161,Manhattan,Gramercy,40.73744,-73.98031,Entire home/apt,175,30,9,1,0,0
1931609,9442045,Brooklyn,Park Slope,40.68139,-73.98033,Entire home/apt,400,3,198,2,263,0
2017397,2496464,Brooklyn,Crown Heights,40.66658,-73.95514,Entire home/apt,156,30,87,1,335,0
1778810,4591403,Brooklyn,Fort Greene,40.68489,-73.97167,Private room,92,30,1,1,0,0
2019755,10383481,Brooklyn,Clinton Hill,40.69651,-73.96887,Entire home/apt,95,28,174,1,0,1
1780748,9293512,Manhattan,Murray Hill,40.74749,-73.97218,Private room,151,30,39,1,362,0
1932110,10001551,Manhattan,Lower East Side,40.72241,-73.99119,Private room,175,30,20,1,83,0
1932491,10003254,Manhattan,Hell's Kitchen,40.75742,-73.99342,Private room,105,30,10,1,0,0
1934444,4393358,Brooklyn,Williamsburg,40.71546,-73.95198,Private room,80,30,5,1,0,0
2019927,10384087,Manhattan,Inwood,40.86275,-73.92891,Entire home/apt,151,1,120,1,239,22
2022126,10392717,Manhattan,Midtown,40.75053,-73.98094,Private room,557,30,0,1,0,0
1934765,10012271,Bronx,Parkchester,40.83645,-73.86634,Entire home/apt,195,30,1,1,0,0
1934804,10012421,Brooklyn,Clinton Hill,40.69318,-73.96778,Entire home/apt,750,4,59,1,168,4
1781052,9348961,Manhattan,Midtown,40.76375,-73.98242,Entire home/apt,250,30,1,1,0,0
2022920,8214568,Manhattan,Upper East Side,40.78081,-73.95045,Entire home/apt,250,30,0,1,0,0
1781786,9352452,Manhattan,Harlem,40.80581,-73.95569,Entire home/apt,164,30,58,1,156,2
1935175,239829,Brooklyn,Greenpoint,40.73369,-73.95297,Entire home/apt,140,7,1,1,0,0
2022958,195168,Manhattan,Hell's Kitchen,40.76639,-73.98449,Entire home/apt,250,30,16,1,0,0
1782667,3886532,Brooklyn,Williamsburg,40.70979,-73.92209,Private room,72,30,159,3,0,0
2023357,10398270,Manhattan,East Harlem,40.78727,-73.95093,Entire home/apt,120,30,4,1,0,0
1782872,9358396,Manhattan,Tribeca,40.71632,-74.01077,Entire home/apt,192,30,26,1,63,3
1785942,1354796,Brooklyn,Prospect-Lefferts Gardens,40.65938,-73.95117,Private room,44,5,81,4,80,0
1935302,10008086,Brooklyn,Fort Greene,40.69188,-73.97059,Entire home/apt,200,2,174,1,291,55
1935826,9207223,Manhattan,Harlem,40.8073,-73.94771,Private room,93,30,1,3,219,0
1936633,10018391,Bronx,City Island,40.85343,-73.78811,Entire home/apt,110,30,111,1,32,3
2025709,1555612,Manhattan,Battery Park City,40.70959,-74.01505,Entire home/apt,142,90,1,1,320,0
1936772,2274545,Queens,Rego Park,40.7198,-73.85915,Entire home/apt,95,3,159,1,279,27
2026434,5772472,Brooklyn,Williamsburg,40.71973,-73.95617,Entire home/apt,406,30,0,1,333,0
1937226,8826175,Manhattan,Harlem,40.8107,-73.94617,Entire home/apt,299,3,214,3,112,5
1788989,7607092,Manhattan,Nolita,40.72368,-73.99422,Entire home/apt,225,30,10,1,0,0
1789715,6989380,Manhattan,Upper East Side,40.78322,-73.95005,Entire home/apt,199,2,2,1,0,0
2026869,10411521,Manhattan,East Village,40.7282,-73.9834,Entire home/apt,120,30,0,1,0,0
1793091,9407785,Manhattan,Upper West Side,40.77652,-73.97792,Entire home/apt,170,30,300,1,290,6
1939106,3710931,Manhattan,East Village,40.72884,-73.98308,Entire home/apt,145,30,18,1,0,0
2028272,4363412,Manhattan,Chelsea,40.73999,-74.00142,Entire home/apt,320,365,24,1,87,0
1939283,7329934,Brooklyn,Boerum Hill,40.68445,-73.98624,Entire home/apt,150,5,65,1,137,22
1941094,2559004,Manhattan,East Harlem,40.80272,-73.94051,Private room,50,30,2,5,173,0
1793104,9070754,Manhattan,Harlem,40.82361,-73.94583,Private room,65,30,2,2,249,1
1793411,2273886,Manhattan,East Village,40.73319,-73.9887,Entire home/apt,199,30,4,1,0,0
2028291,10243387,Queens,Long Island City,40.75859,-73.92836,Entire home/apt,145,3,51,2,315,15
1797025,9340104,Brooklyn,Crown Heights,40.67164,-73.95175,Entire home/apt,95,30,168,1,236,2
1801130,9443112,Brooklyn,Park Slope,40.67627,-73.98157,Entire home/apt,179,30,15,1,0,0
1806378,1929442,Brooklyn,Fort Greene,40.68762,-73.97168,Entire home/apt,285,30,156,1,266,0
1806440,3820014,Brooklyn,Williamsburg,40.71912,-73.95743,Private room,50,5,24,3,0,11
1808497,7557833,Brooklyn,Bedford-Stuyvesant,40.69088,-73.94568,Private room,81,1,25,6,341,1
1808550,7557833,Brooklyn,Bedford-Stuyvesant,40.69141,-73.94652,Private room,82,7,34,6,318,1
1809547,9207223,Manhattan,Harlem,40.80336,-73.94669,Private room,76,30,22,3,218,0
1941435,9917136,Brooklyn,Crown Heights,40.67632,-73.92444,Private room,38,31,19,3,31,1
2028432,10243387,Queens,Astoria,40.7568,-73.92935,Private room,100,5,30,2,317,3
2028677,9852787,Manhattan,Harlem,40.81465,-73.94104,Entire home/apt,115,30,59,1,316,2
1941439,10041857,Manhattan,East Harlem,40.7971,-73.94748,Private room,65,30,51,1,129,1
1810640,4572968,Manhattan,Harlem,40.81812,-73.94355,Private room,140,30,0,1,0,0
1813681,9486005,Brooklyn,Williamsburg,40.71284,-73.94041,Entire home/apt,115,30,2,1,0,0
2031495,25100,Manhattan,Upper West Side,40.7964,-73.96868,Private room,100,30,11,1,0,0
2033224,10437461,Manhattan,Harlem,40.81926,-73.95611,Entire home/apt,150,30,12,1,0,0
1813829,9501531,Manhattan,Harlem,40.82236444342783,-73.94779819876727,Private room,89,2,171,3,343,39
1944155,7720086,Brooklyn,Fort Greene,40.688,-73.97386,Entire home/apt,115,31,9,1,218,1
1944891,861330,Brooklyn,Williamsburg,40.70139,-73.94499,Entire home/apt,70,30,0,3,0,0
2033605,428210,Brooklyn,Crown Heights,40.66951,-73.94379,Private room,100,3,5,3,244,0
1945115,10061009,Manhattan,Harlem,40.80469,-73.95725,Private room,95,3,90,2,7,10
1947400,10071397,Manhattan,Chelsea,40.74195,-73.99601,Entire home/apt,214,30,4,1,310,0
1817510,6957798,Brooklyn,Bushwick,40.69251,-73.92257,Entire home/apt,69,30,377,1,0,0
2038278,10456845,Queens,Astoria,40.76587,-73.92938,Entire home/apt,100,30,2,2,0,0
1818820,9524360,Brooklyn,Williamsburg,40.71609,-73.94144,Entire home/apt,221,3,278,2,240,52
2042764,3707465,Brooklyn,South Slope,40.66706,-73.98439,Entire home/apt,195,30,11,1,0,0
1820858,3609524,Manhattan,Chelsea,40.74299,-73.99595,Entire home/apt,160,30,8,1,0,0
1948494,9950152,Brooklyn,East Flatbush,40.63763,-73.94979,Entire home/apt,98,2,292,1,283,32
1950603,8048803,Queens,Astoria,40.75563,-73.91747,Entire home/apt,72,30,2,1,0,0
2043060,1499286,Manhattan,Midtown,40.7643,-73.98098,Entire home/apt,299,60,47,1,66,0
2043329,10478532,Manhattan,Hell's Kitchen,40.76494,-73.98799,Entire home/apt,100,30,11,1,0,0
1954653,10103520,Manhattan,Kips Bay,40.74387,-73.97657,Entire home/apt,195,30,37,1,0,0
2044873,3886532,Brooklyn,Bushwick,40.70799,-73.92255,Private room,82,30,114,3,0,0
2046225,10490291,Brooklyn,Crown Heights,40.66539,-73.95651,Entire home/apt,110,30,3,1,0,0
1956467,1500550,Brooklyn,Prospect Heights,40.67308,-73.96487,Entire home/apt,55,30,5,1,0,0
1956677,120623,Bronx,Mott Haven,40.80848,-73.92792,Entire home/apt,185,30,16,1,83,0
1821541,2208993,Manhattan,East Village,40.72186,-73.98504,Entire home/apt,425,30,61,2,92,0
1825949,9554965,Brooklyn,Bedford-Stuyvesant,40.68348,-73.92511,Private room,81,30,36,1,0,0
1826701,6632440,Manhattan,Harlem,40.82357,-73.95484,Private room,65,30,10,2,309,0
2046789,1442412,Manhattan,Gramercy,40.7384,-73.98318,Entire home/apt,359,30,56,1,0,0
2048796,763439,Queens,Sunnyside,40.74766,-73.91842,Private room,51,30,1,1,0,0
1831227,6499364,Manhattan,Harlem,40.8117,-73.93907,Entire home/apt,125,30,42,1,59,4
2049322,9446761,Brooklyn,Williamsburg,40.70347,-73.93335,Private room,45,30,0,1,0,0
1959024,10124193,Manhattan,Upper East Side,40.78099,-73.95628,Entire home/apt,499,30,6,1,0,0
2050406,10406601,Manhattan,Midtown,40.75415,-73.9731,Entire home/apt,250,30,0,1,0,0
2050993,4836650,Manhattan,East Village,40.72627,-73.99147,Entire home/apt,350,30,1,1,0,0
2051013,10511044,Queens,Astoria,40.76689,-73.91958,Entire home/apt,78,30,25,1,0,0
1960045,6655162,Brooklyn,Williamsburg,40.71833,-73.94147,Private room,70,31,0,1,0,0
1832120,7195403,Brooklyn,Williamsburg,40.71084,-73.96401,Private room,136,3,118,1,35,10
1835367,7245581,Manhattan,Chelsea,40.74957,-73.99637,Entire home/apt,105,150,17,19,247,1
2051352,3693307,Brooklyn,Kensington,40.6442,-73.98051,Private room,60,90,32,1,98,0
1839231,9613050,Manhattan,East Village,40.73139,-73.98431,Entire home/apt,150,30,0,1,0,0
1960358,10129919,Brooklyn,Cypress Hills,40.68561,-73.87875,Private room,80,3,262,1,326,9
2055467,10526877,Manhattan,East Village,40.72852,-73.98705,Entire home/apt,150,30,0,1,0,0
1961361,10134825,Manhattan,Lower East Side,40.71454,-73.98647,Private room,102,30,6,4,0,0
1839341,9610339,Brooklyn,Williamsburg,40.71962,-73.96405,Entire home/apt,300,5,14,1,0,0
2055559,10527201,Brooklyn,Greenpoint,40.73673,-73.95655,Shared room,90,30,0,1,0,0
2057295,10534508,Manhattan,West Village,40.73225,-74.00268,Entire home/apt,150,45,21,1,0,0
1844088,1512462,Manhattan,Midtown,40.75378,-73.96655,Shared room,130,4,210,2,229,37
2057403,10535116,Manhattan,Upper West Side,40.79065,-73.97105,Entire home/apt,199,30,8,1,0,0
2057480,6145679,Manhattan,SoHo,40.7265,-74.0032,Entire home/apt,272,30,4,1,0,0
2060275,10545845,Manhattan,East Harlem,40.80797,-73.93686,Private room,179,30,1,1,0,0
1846580,9646158,Brooklyn,South Slope,40.66415,-73.97866,Private room,125,3,211,1,52,20
1847389,9371210,Brooklyn,Red Hook,40.67505,-74.00094,Entire home/apt,249,3,65,1,138,7
1961760,10051267,Brooklyn,Carroll Gardens,40.68324,-73.99482,Entire home/apt,286,30,4,1,230,1
1965766,10153970,Manhattan,Upper East Side,40.76718,-73.96152,Entire home/apt,149,30,1,1,0,0
2060768,10547610,Manhattan,West Village,40.73412,-74.00726,Entire home/apt,800,30,0,1,0,0
2061811,10552208,Manhattan,Upper West Side,40.77751,-73.97972,Entire home/apt,120,30,3,1,0,0
2062630,6313448,Bronx,Bronxdale,40.85593,-73.86528,Entire home/apt,80,30,1,1,0,0
2063587,9864136,Manhattan,Kips Bay,40.74079,-73.98005,Private room,78,30,44,28,250,0
1970697,3388950,Brooklyn,Bedford-Stuyvesant,40.69426,-73.9346,Private room,73,3,107,3,0,19
1851567,9669675,Manhattan,Harlem,40.80633,-73.94987,Private room,70,5,27,2,251,15
1853765,416918,Manhattan,Upper East Side,40.77593,-73.94927,Entire home/apt,550,30,0,1,0,0
2068054,10577541,Queens,Forest Hills,40.71283,-73.85309,Private room,60,30,6,1,312,0
1855846,9685977,Manhattan,Harlem,40.82595,-73.9525,Entire home/apt,180,30,37,1,364,0
1856027,267955,Manhattan,East Village,40.72479,-73.98493,Entire home/apt,140,30,118,1,0,0
1971540,10179999,Manhattan,Upper West Side,40.76972,-73.98688,Private room,150,30,175,1,365,0
1973889,3020145,Manhattan,SoHo,40.726124,-74.003654,Entire home/apt,129,31,220,2,0,3
1974700,1556814,Manhattan,Harlem,40.81383,-73.94199,Entire home/apt,257,30,24,10,261,1
1975069,151654,Manhattan,Greenwich Village,40.72802,-73.99686,Private room,105,30,7,1,0,0
2069359,347642,Brooklyn,Bedford-Stuyvesant,40.67836,-73.92772,Private room,65,3,199,1,241,24
2070189,10458021,Brooklyn,Bedford-Stuyvesant,40.6824,-73.9505,Entire home/apt,120,30,2,1,111,1
1975999,10200352,Manhattan,Chelsea,40.7416,-73.99752,Entire home/apt,189,30,12,1,0,0
1856803,485738,Manhattan,East Village,40.72331,-73.98619,Entire home/apt,225,3,10,1,0,0
2070290,10585956,Manhattan,Hell's Kitchen,40.76885,-73.98806,Entire home/apt,599,30,0,1,0,0
1861572,639526,Manhattan,Midtown,40.743771,-73.987869,Entire home/apt,495,30,0,1,358,0
1863930,3351261,Brooklyn,Bedford-Stuyvesant,40.68933,-73.94327,Entire home/apt,99,30,93,1,0,0
1976123,6547579,Manhattan,East Village,40.72693,-73.98902,Entire home/apt,1999,30,20,1,90,0
1979506,10071119,Manhattan,Upper East Side,40.76896,-73.95479,Private room,100,30,1,1,0,0
2071420,10590692,Manhattan,Chelsea,40.74482,-74.00016,Entire home/apt,269,28,217,2,0,13
1979579,8219931,Manhattan,Upper West Side,40.78468,-73.97137,Entire home/apt,300,30,0,1,0,0
1864061,9720494,Manhattan,Hell's Kitchen,40.75679,-73.9981,Entire home/apt,525,6,44,1,21,0
2071464,3011547,Brooklyn,Boerum Hill,40.6847,-73.98728,Entire home/apt,325,7,43,3,256,4
2071839,1939680,Brooklyn,Williamsburg,40.708,-73.94475,Private room,60,14,7,1,0,0
2075453,7503643,Brooklyn,Greenpoint,40.72732,-73.94185,Entire home/apt,199,30,13,33,310,2
2075526,8109174,Brooklyn,Park Slope,40.671,-73.98264,Entire home/apt,125,30,8,1,0,0
2075600,5089,Brooklyn,Bedford-Stuyvesant,40.68501,-73.94354,Entire home/apt,161,3,53,1,308,6
1979848,10217559,Brooklyn,Park Slope,40.6708,-73.9866,Entire home/apt,175,30,0,1,0,0
2076101,10610482,Manhattan,Morningside Heights,40.81356,-73.96223,Entire home/apt,80,30,1,1,0,0
2079686,7624316,Brooklyn,Bushwick,40.70228,-73.9166,Entire home/apt,60,30,14,1,0,0
1865336,9725785,Brooklyn,Williamsburg,40.71216,-73.96677,Private room,55,30,257,2,64,0
2079765,3389163,Brooklyn,Bedford-Stuyvesant,40.68413070999341,-73.925455973732,Entire home/apt,109,10,87,1,259,14
1865884,1753078,Manhattan,Harlem,40.80474,-73.94631,Entire home/apt,139,30,0,1,0,0
1981590,10225447,Brooklyn,Bushwick,40.69832,-73.91336,Entire home/apt,135,30,177,1,334,0
1983531,5586949,Manhattan,East Village,40.72723,-73.98522,Entire home/apt,225,6,12,2,0,0
2080861,10630723,Brooklyn,Bedford-Stuyvesant,40.68936,-73.93685,Entire home/apt,190,3,319,2,242,49
1984378,3937646,Brooklyn,Bushwick,40.70411,-73.9289,Entire home/apt,168,60,28,1,298,0
1869202,5008954,Manhattan,Midtown,40.75803,-73.96534,Entire home/apt,100,30,19,1,0,0
2081177,542611,Queens,Sunnyside,40.7447,-73.91643,Entire home/apt,90,30,6,1,0,0
2082670,10638597,Brooklyn,Williamsburg,40.70674,-73.94365,Private room,21,30,2,1,0,0
2083547,4690301,Brooklyn,Brooklyn Heights,40.69275,-73.99346,Entire home/apt,185,30,10,1,0,0
2083749,10643341,Manhattan,Upper West Side,40.79864,-73.96568,Entire home/apt,115,70,57,1,129,0
1870228,4378763,Queens,Long Island City,40.75253,-73.93021,Private room,89,2,113,1,341,11
1871311,2808971,Manhattan,Hell's Kitchen,40.76233,-73.9926,Entire home/apt,214,3,7,1,0,0
1984390,10238618,Manhattan,Upper East Side,40.77619,-73.94816,Entire home/apt,261,2,2,1,0,0
1984486,10239152,Brooklyn,Crown Heights,40.6731,-73.94114,Entire home/apt,140,30,52,1,332,2
1985022,10241822,Brooklyn,Crown Heights,40.67154,-73.95535,Private room,85,30,3,1,0,0
2084817,2657134,Manhattan,Lower East Side,40.71023,-73.98723,Private room,128,30,16,1,0,0
1987371,1525582,Brooklyn,Williamsburg,40.72028,-73.95847,Private room,79,30,193,1,0,0
1876811,9774018,Manhattan,Gramercy,40.73671,-73.98654,Entire home/apt,295,3,270,1,195,3
2087524,10656683,Brooklyn,Bedford-Stuyvesant,40.6818,-73.95655,Entire home/apt,125,31,90,1,67,4
1987627,10251511,Manhattan,Upper West Side,40.78983,-73.97899,Entire home/apt,120,30,5,1,0,0
2087663,10657268,Queens,Astoria,40.76206,-73.9223,Entire home/apt,130,30,0,1,0,0
1987949,10252755,Manhattan,Washington Heights,40.84224,-73.93704,Entire home/apt,145,30,1,1,0,0
1988823,10256663,Manhattan,Harlem,40.81282,-73.94465,Entire home/apt,180,3,207,1,77,35
1989731,1674102,Manhattan,East Village,40.72796,-73.98008,Entire home/apt,137,30,6,1,0,0
1989795,9107244,Brooklyn,Williamsburg,40.70412,-73.93647,Private room,50,1,47,2,0,0
1876969,9582999,Brooklyn,Bedford-Stuyvesant,40.68441,-73.94052,Entire home/apt,150,30,0,1,0,0
1881846,586409,Manhattan,Midtown,40.75527,-73.96553,Private room,204,2,163,1,314,12
1885714,2673168,Brooklyn,Bushwick,40.70363,-73.9135,Private room,79,7,50,1,116,10
1886240,9813233,Manhattan,SoHo,40.72559,-74.00093,Entire home/apt,245,30,0,1,0,0
2088389,234918,Brooklyn,Fort Greene,40.68466,-73.96831,Entire home/apt,100,30,17,1,0,0
2088725,10661536,Brooklyn,Gowanus,40.67035,-73.99154,Entire home/apt,124,4,87,1,169,17
1886294,9813350,Brooklyn,Vinegar Hill,40.70211,-73.98469,Entire home/apt,150,30,0,1,0,0
1989838,3185905,Manhattan,Midtown,40.7646,-73.9814,Entire home/apt,1500,30,0,1,0,0
2089226,8452639,Brooklyn,Flatbush,40.64909,-73.96118,Private room,91,2,86,2,353,8
2089273,8956323,Brooklyn,Williamsburg,40.708,-73.94619,Entire home/apt,200,30,0,1,0,0
2089492,1104548,Brooklyn,Williamsburg,40.71382,-73.96427,Entire home/apt,225,30,28,1,0,0
1998026,10294707,Brooklyn,Clinton Hill,40.68787,-73.96821,Entire home/apt,149,2,12,1,0,0
1887600,9819089,Manhattan,Midtown,40.7488,-73.98244,Entire home/apt,415,2,22,1,258,11
2089712,10666587,Manhattan,Hell's Kitchen,40.75594,-73.99224,Entire home/apt,119,30,3,1,0,0
1891118,9831559,Brooklyn,Bedford-Stuyvesant,40.6839,-73.95303,Entire home/apt,100,30,10,1,0,0
2108178,7503643,Brooklyn,Greenpoint,40.7269,-73.94198,Entire home/apt,149,30,8,33,299,0
2108237,4185342,Manhattan,Upper West Side,40.77457,-73.98765,Entire home/apt,300,30,4,1,0,0
2108424,8013034,Brooklyn,Bushwick,40.69703,-73.90972,Private room,50,30,22,2,285,0
2000576,10263251,Brooklyn,Crown Heights,40.67126,-73.94512,Entire home/apt,182,4,233,2,220,51
2092827,1799971,Brooklyn,Williamsburg,40.71181,-73.94827,Entire home/apt,420,30,0,1,305,0
2003807,10317189,Manhattan,Upper West Side,40.79321,-73.9694,Entire home/apt,1000,30,0,1,0,0
2093064,7245581,Manhattan,Chelsea,40.749565,-73.996368,Entire home/apt,135,105,22,19,256,1
2093304,9791461,Brooklyn,Fort Greene,40.69304,-73.97148,Entire home/apt,150,3,62,1,0,11
2008122,10335193,Brooklyn,South Slope,40.66928,-73.9884,Entire home/apt,150,30,3,1,0,0
2110145,2151325,Manhattan,Upper West Side,40.77748,-73.97764,Entire home/apt,6000,30,17,1,358,0
2111336,10764579,Manhattan,Harlem,40.82452,-73.94984,Private room,55,30,74,1,0,0
2112142,10784618,Brooklyn,Bedford-Stuyvesant,40.68342,-73.94632,Private room,45,30,20,1,339,6
2113431,10775192,Brooklyn,Greenpoint,40.7273,-73.94605,Private room,70,30,0,2,0,0
2094213,10642609,Manhattan,NoHo,40.72576,-73.99204,Entire home/apt,275,30,8,1,0,0
2095959,10692401,Queens,Sunnyside,40.74201,-73.92471,Entire home/apt,94,7,27,1,0,0
2113934,10777592,Manhattan,Upper East Side,40.76803,-73.95457,Shared room,80,30,16,1,0,0
2115773,514261,Brooklyn,South Slope,40.66553,-73.98622,Private room,85,30,0,8,0,0
2010624,10346273,Brooklyn,Flatbush,40.6358,-73.96477,Entire home/apt,115,30,4,1,0,0
2096581,10694601,Manhattan,East Village,40.72287,-73.98462,Entire home/apt,148,30,21,1,0,0
2010787,1859395,Brooklyn,Williamsburg,40.72015,-73.94184,Shared room,125,30,7,1,37,0
2100174,10710522,Manhattan,Upper East Side,40.77334,-73.94943,Entire home/apt,100,30,36,1,93,3
2227377,11366961,Manhattan,Gramercy,40.73546,-73.98118,Entire home/apt,650,30,0,1,0,0
2115784,10787148,Brooklyn,Flatbush,40.64825,-73.9602,Entire home/apt,50,30,4,1,0,0
2115809,514261,Brooklyn,South Slope,40.66625,-73.9884,Private room,60,30,2,8,101,1
2116940,2715062,Manhattan,Little Italy,40.7192,-73.99458,Entire home/apt,145,30,4,1,0,0
2118102,7579627,Manhattan,West Village,40.7328,-74.00229,Entire home/apt,200,30,4,1,0,0
2101710,10717291,Manhattan,Hell's Kitchen,40.76132,-73.99141,Entire home/apt,175,30,0,1,0,0
2102542,2977901,Brooklyn,Cobble Hill,40.68645,-73.994,Entire home/apt,150,30,19,1,0,0
2103480,10725397,Manhattan,Upper West Side,40.77822,-73.98016,Entire home/apt,560,30,0,1,0,0
2104588,6757150,Manhattan,Theater District,40.76038,-73.98205,Entire home/apt,240,30,0,1,0,0
2106662,10736013,Manhattan,West Village,40.73123,-74.00255,Entire home/apt,156,30,0,1,0,0
2122613,6854214,Manhattan,West Village,40.72909,-74.00587,Entire home/apt,325,30,0,1,0,0
2228296,11371978,Manhattan,Midtown,40.76402,-73.9777,Entire home/apt,750,30,0,1,0,0
2106706,1534243,Manhattan,East Village,40.72859,-73.98957,Private room,120,30,0,1,0,0
2228840,11375556,Brooklyn,Bushwick,40.70036,-73.92473,Entire home/apt,105,30,12,1,0,0
2123079,10577784,Queens,Astoria,40.76465,-73.92729,Entire home/apt,145,3,131,1,18,12
2107883,7503643,Brooklyn,Greenpoint,40.72683,-73.94009,Entire home/apt,169,30,7,33,281,0
2339096,11947308,Manhattan,Lower East Side,40.71525,-73.98929,Private room,71,30,196,1,190,0
2124536,269710,Manhattan,Financial District,40.70979,-74.01309,Entire home/apt,299,2,95,1,0,0
2127016,7503643,Brooklyn,Greenpoint,40.72697,-73.93996,Entire home/apt,169,30,6,33,339,0
2230762,11386273,Manhattan,Harlem,40.80794,-73.95485,Private room,95,30,9,1,218,0
2344869,5868807,Brooklyn,Carroll Gardens,40.67876,-74.00087,Entire home/apt,199,30,0,1,0,0
2231814,112879,Brooklyn,Williamsburg,40.70986,-73.94186,Entire home/apt,1200,30,0,1,0,0
2127382,10852093,Manhattan,Upper East Side,40.78069,-73.95089,Entire home/apt,150,30,0,1,0,0
2127713,8384058,Manhattan,Harlem,40.81182,-73.94239,Entire home/apt,175,3,47,2,47,6
2345266,11976770,Brooklyn,Williamsburg,40.70871,-73.95367,Private room,55,30,4,1,0,0
2128464,10859032,Brooklyn,Bushwick,40.69322,-73.90572,Private room,60,30,4,1,0,0
2232600,11395220,Manhattan,East Village,40.73192,-73.98819,Entire home/apt,700,60,28,1,309,0
2346106,6771815,Brooklyn,Greenpoint,40.73382,-73.95836,Private room,100,2,9,1,0,0
2236458,11418277,Queens,Astoria,40.76276,-73.92137,Entire home/apt,65,8,2,1,0,0
2128761,407078,Brooklyn,Williamsburg,40.71521,-73.94256,Entire home/apt,58,30,73,1,75,0
2346416,11983859,Queens,Astoria,40.763588,-73.925919,Private room,59,1,239,1,22,37
2132248,3695778,Brooklyn,Williamsburg,40.71504,-73.96723,Private room,95,30,0,1,0,0
2238300,249753,Brooklyn,Bushwick,40.70437,-73.91371,Entire home/apt,95,30,1,1,0,0
2349715,11998560,Brooklyn,Crown Heights,40.67226,-73.92759,Entire home/apt,265,30,93,2,322,6
2238389,11430355,Brooklyn,Sunset Park,40.66264,-73.98996,Entire home/apt,290,2,28,1,37,0
2349737,11722972,Queens,Rego Park,40.73191,-73.86641,Entire home/apt,296,30,10,1,280,0
2238435,11430909,Manhattan,Harlem,40.81145,-73.94593,Entire home/apt,100,30,0,1,0,0
2240661,4660888,Manhattan,Upper East Side,40.77061,-73.95788,Entire home/apt,180,30,2,1,0,0
2134052,7978448,Manhattan,Chelsea,40.74168,-74.0008,Entire home/apt,107,30,23,1,0,0
2134697,162280872,Manhattan,Hell's Kitchen,40.76527,-73.98864,Entire home/apt,175,30,21,98,327,2
2350883,1334808,Brooklyn,Williamsburg,40.71493,-73.95654,Private room,59,30,0,2,0,0
2135489,8624212,Brooklyn,Carroll Gardens,40.68169,-73.99709,Entire home/apt,43,30,147,1,0,0
2356082,6970733,Manhattan,West Village,40.73011,-74.00332,Entire home/apt,200,30,26,1,0,0
2243266,11457662,Brooklyn,Bensonhurst,40.60987,-73.9981,Entire home/apt,43,30,0,2,0,0
2243321,11457662,Brooklyn,Bensonhurst,40.60957,-73.99824,Entire home/apt,51,30,28,2,0,0
2362306,10283677,Brooklyn,Flatbush,40.65164,-73.96032,Private room,65,30,8,1,0,0
2243548,9644281,Manhattan,Lower East Side,40.72073,-73.99019,Entire home/apt,350,7,14,1,237,12
2243699,1483320,Manhattan,Chinatown,40.7171,-73.99905,Entire home/apt,5250,30,0,1,0,0
2243769,11460768,Manhattan,Morningside Heights,40.80187,-73.96054,Entire home/apt,1500,30,0,1,0,0
2135754,7793849,Manhattan,Greenwich Village,40.73,-73.99781,Entire home/apt,210,30,25,1,0,0
2365792,3388950,Brooklyn,Bedford-Stuyvesant,40.694,-73.93453,Private room,73,3,95,3,0,19
2367089,12092726,Manhattan,Upper East Side,40.77925,-73.95193,Entire home/apt,155,30,75,1,0,0
2135766,4074918,Manhattan,Upper West Side,40.79513,-73.97631,Entire home/apt,900,30,0,1,0,0
2246112,11443640,Manhattan,Upper East Side,40.78158,-73.94808,Entire home/apt,110,30,3,1,0,0
2371632,10721506,Queens,Ozone Park,40.67867,-73.84136,Entire home/apt,85,4,141,1,86,7
2373238,12123995,Manhattan,Hell's Kitchen,40.75937,-73.99161,Entire home/apt,225,3,154,3,197,54
2247803,11333699,Brooklyn,Crown Heights,40.67086,-73.94563,Entire home/apt,114,2,358,1,293,38
2248580,11483903,Manhattan,Greenwich Village,40.73364,-73.99708,Entire home/apt,1000,30,0,1,0,0
2249464,4358264,Brooklyn,Prospect-Lefferts Gardens,40.66244,-73.94514,Entire home/apt,85,30,141,1,0,2
2137111,10906528,Manhattan,Upper West Side,40.78518,-73.97068,Entire home/apt,225,30,14,1,0,0
2374228,12129877,Brooklyn,Crown Heights,40.67403,-73.94139,Entire home/apt,130,30,215,2,264,1
2137714,1193933,Brooklyn,Bedford-Stuyvesant,40.68311,-73.91108,Entire home/apt,195,5,3,1,14,3
2249928,2675913,Manhattan,Upper West Side,40.78583,-73.9771,Entire home/apt,1000,30,0,1,0,0
2380403,1226950,Brooklyn,Crown Heights,40.67726,-73.9491,Private room,107,1,0,2,0,0
2250790,11494661,Manhattan,Upper West Side,40.79726,-73.96885,Private room,75,30,13,1,0,0
2251009,4265028,Manhattan,East Village,40.72865,-73.98849,Private room,129,30,1,1,0,0
2385779,12186466,Brooklyn,Bedford-Stuyvesant,40.68825,-73.93647,Entire home/apt,143,30,173,1,328,1
2137796,10909829,Brooklyn,Bedford-Stuyvesant,40.68562,-73.93128,Entire home/apt,160,30,154,2,313,4
2138787,68428,Manhattan,Washington Heights,40.83259,-73.93956,Private room,75,2,23,2,319,7
2392814,12223914,Manhattan,Lower East Side,40.7202,-73.98569,Private room,75,30,0,1,0,0
2139828,10919752,Manhattan,West Village,40.72878,-74.00685,Entire home/apt,185,30,26,1,0,0
2253162,11507045,Brooklyn,Clinton Hill,40.68434,-73.96536,Entire home/apt,112,6,6,1,31,6
2396867,12245536,Manhattan,Harlem,40.82035,-73.95691,Private room,40,30,5,2,0,0
2254388,11512483,Manhattan,Upper East Side,40.77923,-73.94932,Entire home/apt,175,30,5,1,0,0
2254582,3672774,Brooklyn,Clinton Hill,40.68414795622674,-73.96137633116147,Entire home/apt,275,4,22,3,0,1
2141635,10929586,Manhattan,SoHo,40.72356,-74.00305,Private room,100,30,1,1,0,0
2142092,8280182,Manhattan,Washington Heights,40.85098,-73.93664,Private room,300,30,0,1,0,0
2144319,10945216,Brooklyn,Crown Heights,40.67217,-73.95317,Private room,40,30,1,1,0,0
2145599,1698391,Manhattan,Hell's Kitchen,40.76316,-73.99135,Private room,115,5,207,3,88,23
2400614,2297544,Brooklyn,Williamsburg,40.71949,-73.9404,Entire home/apt,195,30,41,1,237,4
2149184,7363831,Manhattan,Greenwich Village,40.72786,-74.00149,Entire home/apt,900,30,0,1,0,0
2254817,9420221,Manhattan,Upper East Side,40.77077,-73.9599,Entire home/apt,125,30,14,2,241,8
2254851,7503643,Brooklyn,Greenpoint,40.72736,-73.94028,Entire home/apt,169,30,5,33,329,1
2404708,12290324,Brooklyn,Williamsburg,40.72172,-73.96155,Entire home/apt,250,30,26,1,103,0
2255549,7145048,Manhattan,Chelsea,40.7428,-73.99748,Entire home/apt,189,2,374,1,231,42
2150727,5579700,Manhattan,Gramercy,40.73545,-73.98238,Entire home/apt,2000,30,0,1,0,0
2151259,10263977,Manhattan,Upper West Side,40.79773,-73.96173,Entire home/apt,750,30,0,1,0,0
2405505,12294891,Manhattan,West Village,40.73637,-74.00259,Entire home/apt,625,5,11,1,0,1
2151479,10981050,Brooklyn,Bedford-Stuyvesant,40.68892,-73.94484,Entire home/apt,130,2,177,1,114,43
2257064,11526701,Brooklyn,Williamsburg,40.71252,-73.96229,Private room,75,30,3,1,0,0
2410819,1522929,Manhattan,East Village,40.73002,-73.9801,Private room,100,30,13,1,0,0
2257080,3312524,Manhattan,Hell's Kitchen,40.75386,-73.99289,Entire home/apt,350,30,0,1,0,0
2415563,12346795,Brooklyn,Crown Heights,40.66873,-73.95618,Private room,70,30,69,1,26,3
2259719,11539672,Manhattan,SoHo,40.72527,-74.00228,Entire home/apt,200,30,0,1,0,0
2151558,2838861,Brooklyn,Greenpoint,40.73229,-73.95678,Private room,55,30,17,1,82,2
2153153,1824881,Brooklyn,Williamsburg,40.70778,-73.94119,Private room,118,2,19,1,81,19
2425222,12394900,Manhattan,Tribeca,40.71984,-74.01018,Entire home/apt,110,30,1,1,0,0
2260029,10683147,Brooklyn,Williamsburg,40.71106,-73.94939,Private room,70,30,0,1,0,0
2425871,12399023,Manhattan,Tribeca,40.7159,-74.00834,Private room,500,1,0,1,0,0
2260042,11503864,Queens,Astoria,40.76619,-73.91724,Shared room,65,30,0,1,0,0
2430828,8351424,Manhattan,Washington Heights,40.83477,-73.94257,Private room,150,2,52,2,170,10
2261018,9389685,Manhattan,Murray Hill,40.74773,-73.97614,Entire home/apt,175,30,15,1,0,0
2154075,10992588,Brooklyn,Bedford-Stuyvesant,40.68854,-73.94664,Entire home/apt,104,30,328,1,146,1
2154567,9430366,Brooklyn,Bedford-Stuyvesant,40.68264,-73.92722,Entire home/apt,145,3,184,1,190,0
2432545,3053987,Brooklyn,Bushwick,40.69326,-73.92124,Entire home/apt,81,30,43,2,0,0
2262868,11163915,Manhattan,Upper West Side,40.79422,-73.97407,Entire home/apt,150,30,1,1,0,0
2263265,9989761,Manhattan,Harlem,40.80104,-73.95269,Private room,49,30,161,2,30,6
2266468,7503643,Brooklyn,Greenpoint,40.72734,-73.94058,Entire home/apt,199,30,4,33,326,0
2267006,7503643,Brooklyn,Greenpoint,40.72718,-73.94193,Entire home/apt,169,30,2,33,340,1
2432622,377287,Brooklyn,Greenpoint,40.72358,-73.95426,Entire home/apt,325,2,25,1,37,7
2267177,11576459,Brooklyn,Sunset Park,40.65318,-74.00529,Private room,74,2,263,1,258,26
2267692,7503643,Brooklyn,Greenpoint,40.72542,-73.94072,Entire home/apt,169,30,7,33,326,4
2155583,10999883,Manhattan,East Village,40.72128,-73.98008,Private room,100,30,54,1,196,0
2435198,12446529,Bronx,Soundview,40.82414,-73.8596,Private room,69,3,48,2,35,6
2158171,11012889,Manhattan,Financial District,40.70451,-74.00671,Entire home/apt,575,30,0,1,0,0
2159193,11012377,Brooklyn,Carroll Gardens,40.68317,-73.99083,Entire home/apt,125,30,21,1,249,1
2269104,8568891,Queens,Jamaica,40.71053,-73.79014,Entire home/apt,120,30,20,1,357,2
2440173,3948178,Manhattan,Hell's Kitchen,40.76453,-73.99515,Entire home/apt,100,30,8,1,0,0
2446361,12508991,Brooklyn,Flatbush,40.64981,-73.96219,Private room,39,45,0,2,18,0
2271504,11598359,Brooklyn,Clinton Hill,40.68799,-73.9652,Entire home/apt,6500,30,0,1,0,0
2164203,11042893,Queens,Long Island City,40.75193377499219,-73.9236227678429,Entire home/apt,247,1,0,1,219,0
2447460,12386614,Manhattan,East Harlem,40.79911,-73.94446,Entire home/apt,132,3,2,1,0,0
2164631,2090668,Manhattan,Upper East Side,40.77464,-73.95226,Entire home/apt,99,30,0,1,0,0
2271792,11599506,Manhattan,Upper West Side,40.78364,-73.97752,Entire home/apt,150,30,48,1,0,0
2272739,11603608,Manhattan,Greenwich Village,40.73423,-73.99873,Entire home/apt,199,30,8,1,0,0
2447868,6717488,Manhattan,Morningside Heights,40.80543,-73.96516,Entire home/apt,60,30,12,1,0,0
2273613,11607949,Brooklyn,Gowanus,40.67718,-73.99145,Entire home/apt,180,45,31,1,37,1
2451647,64442,Manhattan,East Village,40.72399,-73.97777,Private room,145,2,229,2,122,5
2454507,9991763,Manhattan,Financial District,40.70867,-74.00499,Entire home/apt,130,365,6,1,299,0
2273733,8730513,Manhattan,West Village,40.73528,-73.99889,Private room,175,30,1,1,0,0
2165107,10533538,Manhattan,Upper East Side,40.75957,-73.9605,Entire home/apt,80,6,35,1,0,3
2458656,7503643,Brooklyn,Greenpoint,40.72592,-73.94018,Entire home/apt,169,30,2,33,305,0
2459587,12575621,Manhattan,East Harlem,40.78508,-73.94753,Entire home/apt,180,30,0,1,0,0
2274084,11610321,Manhattan,Kips Bay,40.74215,-73.98018,Entire home/apt,2750,30,0,1,0,0
2459916,12577771,Brooklyn,Bedford-Stuyvesant,40.6895,-73.93329,Private room,18,30,0,1,0,0
2279335,7009234,Brooklyn,Williamsburg,40.71947,-73.9552,Entire home/apt,250,30,3,1,0,0
2165933,11051885,Manhattan,Theater District,40.76196,-73.98377,Entire home/apt,135,30,2,1,329,0
2461439,12586492,Manhattan,Lower East Side,40.72074,-73.98944,Entire home/apt,133,28,198,1,265,7
2171821,11079245,Queens,Ridgewood,40.70042,-73.9112,Private room,100,30,13,1,340,0
2175827,909577,Brooklyn,Williamsburg,40.71376,-73.96125,Private room,132,2,276,3,143,47
2281142,1427243,Manhattan,East Village,40.73323,-73.98859,Entire home/apt,3750,30,0,1,0,0
2465259,12605896,Manhattan,Washington Heights,40.84351018355878,-73.94310265567998,Private room,84,1,26,1,130,26
2281147,7580102,Manhattan,Midtown,40.76267,-73.97997,Private room,324,3,62,3,224,42
2178294,5716241,Brooklyn,Williamsburg,40.71356,-73.95118,Entire home/apt,120,30,6,1,0,0
2182899,377361,Manhattan,East Village,40.72581,-73.98003,Entire home/apt,160,30,25,1,0,0
2183423,5414067,Manhattan,Harlem,40.81313,-73.94152,Entire home/apt,165,3,192,2,299,30
2465699,12608261,Manhattan,Harlem,40.79929,-73.95259,Private room,92,28,28,1,220,0
2183430,9493977,Brooklyn,Prospect-Lefferts Gardens,40.65682,-73.96127,Private room,57,30,0,1,0,0
2185842,6910298,Manhattan,Hell's Kitchen,40.7598,-73.98886,Entire home/apt,850,30,0,1,0,0
2282085,2044302,Brooklyn,Williamsburg,40.7195,-73.95964,Entire home/apt,500,30,0,1,0,0
2466770,7503643,Brooklyn,Greenpoint,40.72678,-73.9401,Entire home/apt,149,30,7,33,303,0
2467377,7801481,Queens,Bay Terrace,40.78736,-73.77856,Private room,90,3,29,2,232,5
2283143,11661229,Manhattan,Upper West Side,40.78249,-73.98537,Entire home/apt,800,30,0,1,0,0
2186138,11147328,Manhattan,Midtown,40.75764,-73.96827,Entire home/apt,950,30,0,1,0,0
2467879,786862,Brooklyn,Williamsburg,40.71811,-73.95991,Private room,90,30,2,1,0,0
2186452,10636508,Manhattan,Tribeca,40.71725,-74.00528,Entire home/apt,1500,30,0,1,0,0
2284454,11668649,Manhattan,Upper East Side,40.76904,-73.95435,Entire home/apt,1600,30,0,1,0,0
2284484,11669123,Manhattan,Upper West Side,40.79767,-73.97035,Entire home/apt,80,30,0,1,0,0
2284809,11671329,Brooklyn,Bushwick,40.69988,-73.92585,Private room,49,4,2,1,0,0
2468186,4665764,Manhattan,Upper West Side,40.79729,-73.96324,Entire home/apt,200,30,20,1,81,0
2289612,11673798,Manhattan,Midtown,40.74602,-73.98019,Private room,128,1,318,1,114,53
2471108,12637520,Brooklyn,Boerum Hill,40.68814,-73.98864,Entire home/apt,160,30,7,1,0,0
2291507,11057719,Brooklyn,Williamsburg,40.71558,-73.94881,Private room,73,30,0,1,0,0
2186699,11126880,Manhattan,Chelsea,40.74392,-73.9964,Entire home/apt,160,4,8,1,0,0
2189742,11167829,Manhattan,Harlem,40.8292,-73.94221,Private room,68,3,92,2,60,9
2473861,8826175,Manhattan,Harlem,40.80685,-73.94461,Entire home/apt,282,3,201,3,104,10
2477138,9089934,Queens,Ozone Park,40.67948,-73.85335,Private room,30,30,0,1,0,0
2191591,11176329,Manhattan,Upper East Side,40.78216,-73.94821,Entire home/apt,675,30,3,1,0,0
2291893,11708293,Brooklyn,Crown Heights,40.66471,-73.95509,Entire home/apt,94,30,50,1,0,1
2292366,440396,Manhattan,Upper East Side,40.78115,-73.95242,Entire home/apt,115,30,22,1,0,0
2482036,12697791,Manhattan,Chelsea,40.74329,-74.00169,Entire home/apt,230,30,74,1,297,0
2294594,11721588,Manhattan,Midtown,40.76486,-73.97885,Private room,600,30,0,1,0,0
2194038,11189753,Brooklyn,Fort Greene,40.68541,-73.97134,Entire home/apt,345,14,35,4,161,7
2484057,1642096,Brooklyn,Williamsburg,40.70675,-73.95593,Entire home/apt,131,21,13,1,157,6
2194382,11192207,Manhattan,Upper West Side,40.78763,-73.97837,Entire home/apt,300,30,2,1,0,0
2198970,4173868,Manhattan,Washington Heights,40.84643,-73.93791,Private room,55,30,9,1,0,0
2294663,6509406,Manhattan,Hell's Kitchen,40.75786,-73.99485,Entire home/apt,800,30,0,1,0,0
2296024,2321783,Bronx,Spuyten Duyvil,40.88489,-73.91597,Entire home/apt,304,7,8,1,336,0
2485774,12146974,Brooklyn,Williamsburg,40.71298,-73.94356,Entire home/apt,168,4,247,1,269,46
2297029,10974421,Manhattan,Hell's Kitchen,40.7631,-73.99009,Entire home/apt,200,30,8,1,0,0
2488022,12732806,Manhattan,Harlem,40.81555,-73.95338,Private room,100,2,41,1,359,9
2201581,11231506,Brooklyn,Bedford-Stuyvesant,40.69591,-73.94246,Entire home/apt,85,30,10,1,0,0
2489615,2498724,Brooklyn,Bushwick,40.70613,-73.92516,Entire home/apt,150,30,33,1,0,0
2298373,10149317,Queens,Rego Park,40.73068,-73.85823,Entire home/apt,152,7,94,12,291,25
2489920,9543143,Brooklyn,Flatlands,40.62492,-73.94233,Entire home/apt,90,30,21,1,0,0
2298731,11741577,Manhattan,Hell's Kitchen,40.75639,-73.99728,Entire home/apt,140,30,69,1,90,1
2298759,11741773,Manhattan,Hell's Kitchen,40.76774,-73.98503,Entire home/apt,425,30,0,1,0,0
2202858,305591,Brooklyn,Fort Greene,40.68966,-73.98099,Entire home/apt,200,30,4,1,0,0
2203154,5392354,Manhattan,East Village,40.73087,-73.98713,Entire home/apt,180,30,2,1,0,0
2493039,598167,Manhattan,Chelsea,40.74864,-73.99664,Private room,119,30,32,1,0,0
2493176,12760201,Manhattan,Upper East Side,40.77574,-73.9524,Entire home/apt,128,30,20,1,0,0
2204672,11249304,Brooklyn,Crown Heights,40.67223,-73.95019,Private room,150,30,0,1,0,0
2299633,11747009,Manhattan,Theater District,40.76096,-73.98646,Entire home/apt,975,30,1,1,0,0
2301258,11753837,Brooklyn,Park Slope,40.67097,-73.97446,Entire home/apt,250,2,22,1,0,8
2495596,12773532,Manhattan,Greenwich Village,40.73598,-73.99751,Entire home/apt,199,30,3,1,0,0
2208545,4906960,Manhattan,Chinatown,40.71575,-73.99401,Entire home/apt,140,21,69,1,0,2
2209835,8811222,Manhattan,Kips Bay,40.74201,-73.97678,Entire home/apt,125,1,202,1,69,46
2496301,4142684,Brooklyn,Bushwick,40.69573,-73.90954,Entire home/apt,104,3,284,1,3,24
2210663,6447944,Manhattan,Upper West Side,40.79335,-73.97066,Entire home/apt,168,30,21,1,0,0
2303152,543959,Brooklyn,South Slope,40.66562,-73.98385,Entire home/apt,175,30,5,1,305,2
2498576,2675644,Staten Island,St. George,40.64743,-74.08419,Private room,55,30,88,5,341,0
2303583,11764444,Manhattan,Hell's Kitchen,40.76367,-73.99241,Entire home/apt,150,30,11,1,0,0
2211028,11279303,Brooklyn,Greenpoint,40.72647,-73.95672,Entire home/apt,225,30,0,1,0,0
2501809,12806055,Brooklyn,Prospect-Lefferts Gardens,40.6561,-73.9611,Private room,35,3,14,2,0,5
2213680,551055,Manhattan,Harlem,40.82659,-73.95314,Private room,65,7,2,2,122,0
2309363,11793333,Manhattan,Upper West Side,40.78226,-73.97585,Entire home/apt,650,30,30,1,0,0
2508374,8552126,Queens,Jamaica,40.67111,-73.76824,Entire home/apt,150,7,149,2,364,0
2310008,5019619,Manhattan,Chinatown,40.71627,-73.99435,Private room,75,30,4,1,0,0
2214323,4237535,Manhattan,Little Italy,40.71903,-73.99478,Entire home/apt,250,30,124,1,326,1
2214689,5278391,Brooklyn,Williamsburg,40.71547,-73.94085,Private room,70,2,13,5,0,0
2215157,11298622,Manhattan,Harlem,40.82621,-73.94424,Entire home/apt,250,30,0,1,0,0
2508745,3905432,Manhattan,Harlem,40.81654,-73.94383,Private room,100,30,20,2,319,3
2216470,11306420,Brooklyn,Bushwick,40.70039,-73.92867,Private room,145,30,0,1,0,0
2310594,4148248,Brooklyn,Williamsburg,40.70943,-73.94011,Entire home/apt,110,30,244,2,192,3
2510394,12851900,Queens,Long Island City,40.74269,-73.95728,Entire home/apt,395,30,58,1,320,0
2311031,3113116,Brooklyn,Greenpoint,40.72711,-73.94777,Entire home/apt,70,30,35,1,37,0
2219294,10485182,Manhattan,Upper West Side,40.78835,-73.97257,Entire home/apt,70,30,0,1,0,0
2220959,11330638,Manhattan,Gramercy,40.73793,-73.98229,Entire home/apt,749,30,0,1,0,0
2513351,12864943,Queens,Astoria,40.76582,-73.92871,Private room,70,30,1,2,0,0
2221852,12190039,Manhattan,Washington Heights,40.83518,-73.94695,Private room,55,30,18,2,0,0
2515634,12027050,Queens,Woodside,40.74578,-73.89827,Private room,79,30,3,1,0,0
2223247,11111521,Manhattan,Upper East Side,40.77133,-73.95398,Entire home/apt,220,30,23,1,0,0
2540173,7821383,Brooklyn,Prospect Heights,40.67487,-73.96791,Entire home/apt,550,30,24,1,0,0
2314392,11774035,Manhattan,Upper West Side,40.77975,-73.9827,Entire home/apt,200,30,50,1,293,0
2314398,11246260,Brooklyn,Cobble Hill,40.68648,-73.99454,Entire home/apt,195,7,53,1,4,11
2314553,7503643,Brooklyn,Greenpoint,40.72735,-73.94015,Entire home/apt,149,30,7,33,292,1
2516430,10440985,Queens,Astoria,40.75683,-73.91283,Private room,50,30,1,1,0,0
2320028,11847492,Manhattan,Midtown,40.75808,-73.97088,Private room,150,7,274,1,28,6
2329047,9754117,Manhattan,Upper West Side,40.77878,-73.97856,Entire home/apt,400,30,0,1,0,0
2333141,11917311,Brooklyn,Crown Heights,40.67026,-73.92587,Entire home/apt,80,30,17,1,0,0
2334411,11280333,Manhattan,Harlem,40.80921,-73.94334,Entire home/apt,101,30,102,1,52,2
2727166,136352,Queens,Astoria,40.75631,-73.92321,Private room,70,7,45,1,327,3
2728293,12511213,Manhattan,East Village,40.72348,-73.98395,Private room,90,30,1,1,0,0
2551299,3173210,Brooklyn,Cobble Hill,40.68514,-73.99464,Entire home/apt,165,30,4,1,0,0
2551532,13063145,Brooklyn,Bedford-Stuyvesant,40.68616,-73.95592,Entire home/apt,179,3,260,2,285,39
2552606,13068601,Manhattan,Morningside Heights,40.80862,-73.95756,Entire home/apt,99,30,9,1,0,0
2517989,9229424,Manhattan,Lower East Side,40.72086,-73.99354,Entire home/apt,225,2,55,1,0,0
2518907,10264377,Manhattan,East Village,40.73062,-73.98937,Entire home/apt,245,30,3,1,0,0
2552938,1832228,Manhattan,East Village,40.72583,-73.98831,Entire home/apt,250,4,73,1,304,0
2519770,12899510,Queens,Ditmars Steinway,40.77603,-73.918,Entire home/apt,150,30,1,1,0,0
2554110,7132792,Manhattan,Gramercy,40.73237,-73.98288,Entire home/apt,130,30,2,1,0,0
2730497,13974214,Brooklyn,Bedford-Stuyvesant,40.68278,-73.93846,Entire home/apt,140,5,117,1,245,9
2520075,238113,Brooklyn,Carroll Gardens,40.68256,-74.00035,Entire home/apt,185,2,10,1,0,0
2735104,9419684,Manhattan,Midtown,40.765633,-73.982376,Entire home/apt,449,29,0,79,250,0
2563611,1163315,Manhattan,Harlem,40.80131,-73.95617,Private room,239,3,387,1,0,38
2563764,13125674,Brooklyn,Flatbush,40.64576,-73.95871,Private room,30,30,1,1,0,0
2563997,13067214,Brooklyn,Clinton Hill,40.68502,-73.96384,Entire home/apt,800,6,28,1,183,1
2521670,6723969,Brooklyn,Crown Heights,40.67571,-73.95161,Entire home/apt,60,30,2,1,0,0
2565087,13132515,Brooklyn,Williamsburg,40.70789,-73.94793,Private room,55,30,12,1,0,0
2521691,12303714,Manhattan,Harlem,40.80529,-73.95223,Private room,79,30,20,1,364,1
2569466,13156191,Manhattan,East Harlem,40.79731,-73.94231,Shared room,55,30,10,1,0,0
2735650,13968910,Manhattan,Upper West Side,40.79545,-73.97323,Entire home/apt,140,30,19,1,0,0
2525956,7365834,Manhattan,Theater District,40.76038,-73.98196,Entire home/apt,129,30,16,5,72,0
2526152,11825464,Brooklyn,Crown Heights,40.67611,-73.96126,Private room,75,30,2,3,0,0
2738377,14011859,Brooklyn,Carroll Gardens,40.68356,-73.99213,Entire home/apt,350,30,6,1,0,0
2569808,10302140,Brooklyn,Williamsburg,40.71051,-73.95897,Entire home/apt,106,30,54,1,68,5
2528636,2675644,Staten Island,St. George,40.64734,-74.08414,Private room,86,30,52,5,313,0
2529085,1210541,Brooklyn,Carroll Gardens,40.68374,-73.99134,Entire home/apt,215,30,3,1,0,0
2570561,1676600,Manhattan,Washington Heights,40.84437,-73.94344,Private room,89,30,2,1,0,0
2529842,11301701,Manhattan,Midtown,40.76426,-73.98017,Private room,250,30,0,1,0,0
2530057,3237558,Manhattan,Harlem,40.81927,-73.94631,Private room,99,30,0,1,0,0
2739577,12082653,Queens,Long Island City,40.76261,-73.94082,Entire home/apt,225,30,1,1,0,0
2531865,4517005,Manhattan,Kips Bay,40.73979,-73.98238,Entire home/apt,210,30,32,1,0,0
2571224,13165300,Brooklyn,Williamsburg,40.72069,-73.95772,Entire home/apt,89,30,2,1,0,0
2532068,12967572,Manhattan,Upper West Side,40.77929,-73.97787,Private room,65,30,1,1,0,0
2571283,5140244,Manhattan,Upper West Side,40.78406,-73.97269,Entire home/apt,110,30,2,1,0,0
2574386,9090698,Manhattan,Chelsea,40.74284,-74.00691,Entire home/apt,275,30,3,2,365,0
2739707,12449641,Brooklyn,Bedford-Stuyvesant,40.68225,-73.93207,Private room,75,30,3,1,0,0
2532443,4636483,Brooklyn,Sunset Park,40.637,-74.01144,Private room,57,30,10,1,191,0
2739793,14019268,Brooklyn,Bushwick,40.69677,-73.93091,Entire home/apt,215,3,304,2,298,55
2578731,13207016,Queens,Rockaway Beach,40.58474,-73.81319,Entire home/apt,140,30,14,1,14,0
2536005,9426702,Manhattan,Battery Park City,40.70643,-74.01636,Private room,500,30,26,1,0,0
2739978,14020493,Manhattan,Greenwich Village,40.72944,-73.99419,Entire home/apt,200,30,8,1,0,0
2538248,9743617,Manhattan,Harlem,40.81504,-73.94111,Entire home/apt,135,4,156,7,292,19
2743624,8511789,Manhattan,Midtown,40.7659,-73.98174,Entire home/apt,409,1,3,1,0,0
2748094,14058714,Manhattan,East Village,40.73317,-73.98919,Entire home/apt,253,5,72,1,45,10
2582812,13225047,Brooklyn,Williamsburg,40.7177,-73.95798,Private room,70,30,44,3,0,0
2906314,195783,Brooklyn,Williamsburg,40.71259,-73.94007,Entire home/apt,169,4,33,1,0,0
2584131,11273677,Manhattan,Upper East Side,40.77356,-73.9518,Entire home/apt,219,30,0,1,0,0
2752977,14081811,Brooklyn,Carroll Gardens,40.67997,-74.00156,Entire home/apt,325,30,12,1,0,0
2908211,14019963,Brooklyn,Park Slope,40.67989,-73.9775,Private room,105,30,113,1,0,0
2754179,13347167,Manhattan,Upper East Side,40.77176,-73.95555,Entire home/apt,117,30,10,31,285,3
2584258,4612212,Brooklyn,Bushwick,40.69416,-73.92071,Private room,54,10,4,2,0,0
2908417,10593364,Brooklyn,Bedford-Stuyvesant,40.69952,-73.9412,Private room,49,30,11,1,0,0
2586556,13244076,Brooklyn,Bushwick,40.684025,-73.909882,Private room,50,30,6,2,314,6
2586923,12508991,Brooklyn,Flatbush,40.6477,-73.96118,Private room,39,45,32,2,35,0
2590590,727585,Brooklyn,Bedford-Stuyvesant,40.68713,-73.95666,Entire home/apt,103,3,346,3,206,52
2592533,13270449,Brooklyn,Williamsburg,40.71001,-73.95032,Private room,50,30,2,1,0,0
2760968,14120733,Brooklyn,Williamsburg,40.71495,-73.96079,Private room,80,2,392,1,0,0
2909006,14861483,Manhattan,Battery Park City,40.71708,-74.01549,Entire home/apt,325,30,0,1,0,0
2763675,458965,Brooklyn,Bedford-Stuyvesant,40.68162,-73.93827,Private room,531,30,33,1,0,0
2764516,2208993,Manhattan,Lower East Side,40.72114,-73.98576,Private room,170,30,48,2,365,2
2769718,14163479,Brooklyn,Park Slope,40.67726,-73.98101,Entire home/apt,195,30,3,1,0,0
2592640,13272957,Brooklyn,Bedford-Stuyvesant,40.69135,-73.94694,Private room,30,30,1,1,0,0
2598087,13304615,Brooklyn,Greenpoint,40.72678,-73.95691,Private room,89,30,2,1,0,0
2909117,14046864,Queens,Richmond Hill,40.693348,-73.824554,Entire home/apt,60,30,20,1,243,4
2909308,1408973,Manhattan,SoHo,40.72163,-73.99901,Entire home/apt,1100,30,2,2,147,0
2909461,14864202,Manhattan,Upper West Side,40.78342,-73.97437,Entire home/apt,200,30,9,1,0,0
2599591,6575712,Manhattan,East Village,40.73162,-73.98738,Private room,174,1,0,1,0,0
2913960,14883031,Brooklyn,Carroll Gardens,40.68452,-73.99093,Entire home/apt,136,30,96,1,1,3
2599963,13314076,Manhattan,Midtown,40.75384,-73.96722,Entire home/apt,99,10,15,1,0,0
2771877,14174901,Manhattan,Upper West Side,40.78492,-73.97256,Entire home/apt,145,30,0,1,0,0
2772111,14176488,Bronx,Fordham,40.86647,-73.88529,Shared room,60,30,13,2,363,0
2918764,6683775,Brooklyn,Bushwick,40.70083,-73.92297,Private room,80,30,9,1,0,0
2773754,3883648,Brooklyn,Windsor Terrace,40.66026,-73.98014,Entire home/apt,120,30,7,1,281,0
2775553,9421493,Manhattan,Upper West Side,40.77956,-73.98495,Private room,159,30,29,1,65,0
2601464,13322744,Queens,Sunnyside,40.74341,-73.92158,Entire home/apt,149,30,18,1,0,0
2607583,13347167,Manhattan,Upper East Side,40.77096,-73.95539,Entire home/apt,100,30,9,31,318,1
2607741,13347167,Manhattan,Upper East Side,40.77073,-73.95714,Entire home/apt,116,30,1,31,291,0
2919062,14906518,Queens,Long Island City,40.7491,-73.94815,Entire home/apt,119,30,2,1,0,0
2612035,10894722,Manhattan,Upper West Side,40.79576,-73.96258,Entire home/apt,90,30,0,1,0,0
2619549,13347167,Manhattan,Upper East Side,40.77322,-73.95624,Entire home/apt,148,30,4,31,259,2
2619802,13347167,Manhattan,Upper East Side,40.77131,-73.9571,Entire home/apt,145,30,8,31,329,2
2620068,13347167,Manhattan,Upper East Side,40.7707,-73.95735,Entire home/apt,119,30,8,31,276,1
2620837,4691967,Brooklyn,Bushwick,40.69894,-73.93823,Private room,77,30,17,3,0,5
2620856,4691967,Brooklyn,Bushwick,40.70083,-73.93822,Private room,75,30,4,3,0,3
2776119,14197781,Brooklyn,Bedford-Stuyvesant,40.69707,-73.93914,Entire home/apt,68,30,3,1,0,0
2919885,7229763,Brooklyn,East Flatbush,40.6519,-73.94845,Entire home/apt,150,30,5,1,0,0
2781747,309329,Brooklyn,Carroll Gardens,40.68145,-74.0014,Entire home/apt,339,5,81,1,14,9
2922197,1447684,Brooklyn,Greenpoint,40.72974,-73.9529,Private room,71,3,127,3,260,32
2923381,14927500,Manhattan,Inwood,40.8689,-73.92284,Entire home/apt,160,30,16,1,0,0
2782449,621971,Brooklyn,Carroll Gardens,40.68238,-73.99481,Entire home/apt,150,30,0,1,0,0
2626457,13451102,Manhattan,Upper West Side,40.79861,-73.96793,Private room,82,2,337,1,37,24
2627940,2818232,Brooklyn,Fort Greene,40.68662,-73.96916,Entire home/apt,195,30,12,1,0,0
2926030,6648437,Manhattan,Washington Heights,40.84327,-73.9392,Private room,50,30,10,1,0,0
2629613,12254381,Manhattan,West Village,40.7376,-74.00066,Entire home/apt,299,30,209,1,223,1
2783468,3187645,Manhattan,Upper East Side,40.77349,-73.95137,Entire home/apt,175,30,1,1,0,0
2784311,10870477,Manhattan,Lower East Side,40.72043,-73.98155,Private room,150,5,4,1,260,3
2786015,8925763,Manhattan,Harlem,40.81911,-73.94596,Entire home/apt,135,30,109,2,242,4
2931544,3136117,Brooklyn,Greenpoint,40.73515,-73.95442,Entire home/apt,189,30,9,1,0,0
2788298,14262697,Brooklyn,Fort Greene,40.68931,-73.98073,Entire home/apt,150,30,1,2,0,0
2636396,13499885,Manhattan,East Village,40.72877,-73.98566,Private room,120,30,5,2,0,0
2636532,13347167,Manhattan,Upper East Side,40.77093,-73.95625,Entire home/apt,148,30,5,31,259,1
2932263,9503874,Brooklyn,Brooklyn Heights,40.69722,-73.99209,Entire home/apt,114,5,123,1,219,22
2636731,13295673,Manhattan,Hell's Kitchen,40.76545,-73.98882,Private room,120,30,6,1,0,0
2791446,7069480,Manhattan,Chelsea,40.74247,-73.99426,Entire home/apt,250,6,109,1,246,27
2791688,4731948,Manhattan,Nolita,40.72215,-73.99411,Entire home/apt,430,30,33,2,0,0
2791758,2637408,Brooklyn,Williamsburg,40.71198,-73.95011,Private room,145,3,218,2,116,41
2936054,14990573,Manhattan,Battery Park City,40.70944,-74.0184,Entire home/apt,125,30,46,1,280,0
2637533,2687435,Queens,Ditmars Steinway,40.77703,-73.91756,Entire home/apt,83,2,57,1,0,0
2936192,13908017,Manhattan,Greenwich Village,40.72849,-74.00161,Private room,130,2,253,1,198,9
2641540,13524185,Brooklyn,Bedford-Stuyvesant,40.68259,-73.92357,Entire home/apt,79,30,73,1,0,0
2793355,8127120,Bronx,Norwood,40.87726,-73.88174,Entire home/apt,50,60,0,1,0,0
2939670,15009272,Queens,Woodhaven,40.69439,-73.86454,Private room,37,30,90,3,201,1
2793740,9509125,Manhattan,Lower East Side,40.72078,-73.98276,Private room,275,30,0,1,69,0
2645558,2653156,Manhattan,Gramercy,40.73386,-73.98557,Entire home/apt,250,7,47,1,2,7
2940007,15010803,Manhattan,Lower East Side,40.71675,-73.98474,Entire home/apt,156,30,14,1,310,1
2649068,13561853,Queens,Sunnyside,40.74021,-73.92265,Private room,60,30,50,2,5,0
2793834,14290739,Manhattan,Upper West Side,40.79071,-73.96779,Entire home/apt,175,75,29,5,175,1
2794584,251842,Brooklyn,Bedford-Stuyvesant,40.67991,-73.93879,Entire home/apt,230,30,1,3,98,1
2940163,15002363,Manhattan,Harlem,40.80181,-73.95546,Private room,88,30,63,1,0,0
2794725,14295613,Staten Island,Clifton,40.62578,-74.07356,Entire home/apt,75,30,1,1,0,0
2653186,13360423,Manhattan,Upper East Side,40.77611,-73.94771,Entire home/apt,90,30,13,1,0,0
2941297,1495881,Manhattan,Chelsea,40.74135,-74.00069,Entire home/apt,250,30,6,1,0,0
2653544,157795,Brooklyn,Crown Heights,40.67698,-73.94684,Shared room,45,4,11,2,0,0
2657689,9051298,Manhattan,Harlem,40.81196,-73.94511,Shared room,100,30,0,2,0,0
2942129,15009272,Queens,Woodhaven,40.69412,-73.86265,Private room,44,30,145,3,218,0
2942732,160337,Manhattan,Washington Heights,40.83563,-73.94786,Entire home/apt,60,1124,9,1,365,0
2947668,3250450,Queens,Maspeth,40.73931,-73.89989,Private room,39,30,8,18,318,3
2949128,15049157,Manhattan,Hell's Kitchen,40.76281,-73.99281,Entire home/apt,245,3,211,1,13,31
2658349,142611,Manhattan,Hell's Kitchen,40.7675,-73.98421,Private room,65,30,1,1,0,0
2794734,2343136,Brooklyn,Cobble Hill,40.68641,-73.99367,Entire home/apt,175,30,2,1,0,0
2794762,251842,Brooklyn,Bedford-Stuyvesant,40.68234,-73.9385,Entire home/apt,120,30,9,3,6,0
2958912,15100977,Manhattan,Midtown,40.76054,-73.96679,Entire home/apt,140,300,0,1,0,0
2799018,7028387,Manhattan,Upper East Side,40.76455,-73.95656,Entire home/apt,89,50,3,1,2,0
2659448,13611255,Brooklyn,Bedford-Stuyvesant,40.68774,-73.93654,Entire home/apt,93,30,61,3,160,0
2965008,37879,Brooklyn,Gowanus,40.66935,-73.9938,Entire home/apt,495,3,24,1,360,6
2659477,2294061,Manhattan,East Harlem,40.79168,-73.94224,Entire home/apt,140,30,2,1,0,0
2659732,3842134,Brooklyn,Greenpoint,40.72702,-73.94853,Private room,54,30,13,2,281,2
2799360,14317804,Manhattan,Upper West Side,40.78393,-73.9786,Entire home/apt,75,30,2,1,0,0
2968070,14380456,Manhattan,Theater District,40.75864,-73.98824,Private room,131,2,567,1,206,58
2969919,15153596,Manhattan,Chelsea,40.73728,-73.99248,Private room,235,1,57,1,0,11
2803013,8497788,Manhattan,Hell's Kitchen,40.7642,-73.99133,Entire home/apt,189,30,1,1,0,0
2803944,3181226,Queens,Woodside,40.74382,-73.90299,Private room,55,30,1,1,0,0
2660576,13617520,Brooklyn,Clinton Hill,40.69286,-73.96779,Shared room,40,30,7,1,0,0
2661098,13621509,Queens,Middle Village,40.7264,-73.87104,Private room,65,2,21,1,35,4
2663243,5352610,Brooklyn,Williamsburg,40.70512,-73.92776,Private room,59,30,6,2,0,0
2974433,2363988,Brooklyn,Williamsburg,40.70842,-73.94385,Private room,100,30,2,1,0,0
2663296,13632182,Manhattan,Gramercy,40.73591,-73.98165,Entire home/apt,200,30,6,1,0,0
2804557,8741682,Manhattan,Morningside Heights,40.80504,-73.96454,Private room,100,30,1,1,0,0
2974479,201223,Brooklyn,Williamsburg,40.71595,-73.95225,Entire home/apt,220,30,7,1,50,3
2974877,15082988,Brooklyn,Greenpoint,40.72151,-73.94878,Entire home/apt,270,30,13,1,0,0
2974957,588899,Brooklyn,Prospect Heights,40.67942,-73.97053,Entire home/apt,200,30,2,1,0,0
2977232,15185319,Manhattan,East Harlem,40.79366,-73.94559,Private room,350,1,314,1,365,0
2978421,5418972,Manhattan,Lower East Side,40.7148,-73.98887,Entire home/apt,125,30,11,1,0,0
2806791,11725608,Manhattan,Washington Heights,40.83308,-73.94103,Private room,68,3,257,3,202,20
2979097,13347167,Manhattan,Upper East Side,40.7709,-73.95741,Entire home/apt,117,30,4,31,311,0
2979714,15198359,Manhattan,Harlem,40.80248,-73.95286,Private room,85,7,117,2,321,10
2814359,14383655,Manhattan,Kips Bay,40.73979,-73.98016,Entire home/apt,269,30,0,1,0,0
2669352,13664226,Manhattan,Upper West Side,40.79699,-73.97077,Private room,175,5,43,1,303,8
2984662,15179425,Brooklyn,Brooklyn Heights,40.69443,-73.99068,Entire home/apt,150,2,10,1,0,0
2814931,14399467,Bronx,Port Morris,40.80656,-73.928,Entire home/apt,120,30,89,2,0,0
2817967,13347167,Manhattan,Upper East Side,40.77302,-73.95579,Entire home/apt,100,30,7,31,323,2
2987465,13347167,Manhattan,Upper East Side,40.77141,-73.95548,Entire home/apt,119,30,9,31,312,2
2995000,1971142,Brooklyn,Bedford-Stuyvesant,40.68413,-73.94266,Entire home/apt,164,3,259,1,294,23
2821079,2333304,Manhattan,Upper West Side,40.7779,-73.98199,Entire home/apt,200,30,1,1,0,0
2821294,5986790,Manhattan,Washington Heights,40.83383,-73.94303,Private room,48,185,23,6,0,2
2824329,7503643,Brooklyn,Greenpoint,40.72727,-73.94006,Entire home/apt,145,30,4,33,332,0
2830518,11363157,Queens,Astoria,40.76114,-73.91987,Private room,65,50,30,1,129,0
2669366,13664245,Bronx,Claremont Village,40.84217,-73.91198,Private room,40,7,62,2,75,1
2670522,13670148,Brooklyn,Williamsburg,40.7104,-73.94984,Private room,51,30,45,2,0,0
2674784,13524368,Brooklyn,Windsor Terrace,40.65774,-73.97557,Entire home/apt,128,1,232,3,0,20
2677779,8083568,Queens,Jackson Heights,40.75123,-73.87435,Private room,50,30,70,1,336,0
2683387,11837926,Manhattan,Midtown,40.7646,-73.97992,Private room,175,7,74,2,270,17
2683455,1273385,Queens,Long Island City,40.74897,-73.9209,Entire home/apt,95,30,7,1,0,0
2995209,13347167,Manhattan,Upper East Side,40.77141,-73.95739,Entire home/apt,119,30,3,31,294,2
2995701,15271110,Brooklyn,Bedford-Stuyvesant,40.68562,-73.92219,Entire home/apt,175,2,431,1,122,64
2683758,13736818,Manhattan,Harlem,40.80362,-73.95576,Entire home/apt,100,30,154,1,280,5
2685701,1602568,Brooklyn,Williamsburg,40.70949,-73.96441,Entire home/apt,330,30,1,1,0,0
2831424,12795393,Manhattan,Upper East Side,40.76886,-73.95488,Entire home/apt,100,30,18,1,0,0
2835711,3237504,Manhattan,Greenwich Village,40.73058,-74.0007,Entire home/apt,105,30,52,1,103,4
2997377,5986790,Manhattan,Washington Heights,40.83566,-73.9449,Private room,50,31,16,6,65,1
3003127,11998560,Brooklyn,Crown Heights,40.6726,-73.92841,Private room,125,2,10,2,322,2
3010577,550520,Brooklyn,East Flatbush,40.65266,-73.94913,Entire home/apt,125,30,60,1,36,1
2838331,14520064,Brooklyn,Greenpoint,40.7254,-73.95109,Entire home/apt,170,90,194,1,81,0
2845257,7503643,Brooklyn,Greenpoint,40.72599,-73.93983,Entire home/apt,199,30,7,33,340,0
2847633,3864482,Manhattan,Greenwich Village,40.72934,-73.99993,Private room,80,30,34,1,0,0
2687083,5283121,Brooklyn,Bedford-Stuyvesant,40.68626,-73.95123,Entire home/apt,130,30,1,1,0,0
3010664,5663597,Brooklyn,Prospect Heights,40.67579,-73.96497,Entire home/apt,400,4,32,1,40,7
2687375,10264372,Manhattan,Harlem,40.82447,-73.93941,Private room,74,30,6,1,0,0
2847652,3056690,Manhattan,Washington Heights,40.838,-73.9451,Private room,45,4,174,1,77,27
3012871,1504257,Brooklyn,Williamsburg,40.71672,-73.95765,Entire home/apt,350,30,33,2,272,2
3018031,15321979,Manhattan,Midtown,40.74741,-73.98772,Entire home/apt,450,2,0,1,0,0
2847932,14565422,Manhattan,Upper East Side,40.78432,-73.94839,Entire home/apt,550,30,2,3,172,1
2690370,480923,Queens,Long Island City,40.74426,-73.95789,Entire home/apt,200,30,1,1,0,0
2695372,13795760,Manhattan,Kips Bay,40.74035,-73.98114,Entire home/apt,125,30,0,2,0,0
3018285,67180,Manhattan,West Village,40.73682,-74.0007,Entire home/apt,190,30,11,1,0,0
3018422,8656650,Manhattan,Harlem,40.80361,-73.95723,Private room,130,2,49,1,5,12
2848235,13649613,Bronx,University Heights,40.85568,-73.9137,Private room,45,3,187,4,3,22
2851945,14582705,Brooklyn,Carroll Gardens,40.67955,-73.99547,Entire home/apt,150,2,0,1,0,0
3033378,3114813,Brooklyn,Boerum Hill,40.68309,-73.98114,Private room,299,1,1,1,365,1
2700296,13792543,Manhattan,Harlem,40.80903,-73.95073,Private room,131,4,120,3,318,21
2700596,13792543,Manhattan,Harlem,40.80709,-73.95119,Private room,102,4,133,3,302,17
2702351,13829968,Manhattan,Harlem,40.82863,-73.95131,Entire home/apt,175,5,27,1,1,5
3038797,7503643,Brooklyn,Greenpoint,40.72719,-73.93988,Entire home/apt,149,30,5,33,341,0
3039110,8159536,Bronx,Concourse Village,40.83178,-73.91817,Private room,30,3,25,4,143,0
2707194,159726,Manhattan,Washington Heights,40.83505,-73.9464,Entire home/apt,130,30,5,1,0,0
2708371,7503643,Brooklyn,Greenpoint,40.72783,-73.94175,Entire home/apt,169,30,5,33,160,1
2854050,6194657,Brooklyn,Bushwick,40.69595,-73.92219,Private room,55,30,0,1,0,0
2856036,14601436,Manhattan,Lower East Side,40.71478,-73.9883,Entire home/apt,185,30,4,1,0,0
2856770,14565422,Manhattan,East Harlem,40.78491,-73.94708,Entire home/apt,429,30,97,3,246,3
2863408,13347167,Manhattan,Upper East Side,40.77089,-73.95626,Entire home/apt,101,30,6,31,269,0
3039332,15476280,Brooklyn,Kensington,40.6458,-73.97735,Entire home/apt,499,30,2,1,0,0
2713887,13888072,Manhattan,Upper East Side,40.7748,-73.9548,Entire home/apt,150,30,4,1,0,0
2716009,3964453,Brooklyn,Red Hook,40.67759,-74.00764,Entire home/apt,250,30,34,2,93,0
2716131,9419684,Manhattan,Midtown,40.765633,-73.982376,Entire home/apt,619,29,0,79,362,0
2719640,6586128,Bronx,Port Morris,40.80233,-73.91473,Entire home/apt,92,10,40,3,2,6
3040654,6041,Queens,Ditmars Steinway,40.77758,-73.9095,Private room,48,30,14,1,0,0
2863589,3716641,Manhattan,Upper West Side,40.79205,-73.97433,Entire home/apt,110,30,26,6,0,0
3041280,4401973,Brooklyn,Prospect-Lefferts Gardens,40.65827,-73.95136,Private room,95,30,1,1,0,0
2863696,5229579,Brooklyn,Williamsburg,40.71976,-73.96336,Private room,95,30,0,3,0,0
2722693,3280997,Manhattan,Hell's Kitchen,40.76562,-73.98462,Entire home/apt,250,30,1,1,0,0
3043467,10432817,Brooklyn,Brooklyn Heights,40.69279,-73.99699,Private room,70,30,22,1,72,0
2723019,13934498,Brooklyn,Prospect-Lefferts Gardens,40.65721,-73.95525,Entire home/apt,125,30,6,1,215,2
3052426,15540040,Brooklyn,Flatbush,40.65194,-73.95788,Entire home/apt,119,4,10,2,2,6
2723338,13933851,Brooklyn,Bedford-Stuyvesant,40.69068,-73.92786,Private room,45,30,2,2,0,0
2723554,13937830,Manhattan,Chelsea,40.73877,-73.99637,Entire home/apt,110,30,0,1,0,0
2864637,14641776,Brooklyn,Fort Greene,40.68854,-73.97943,Entire home/apt,106,30,3,1,0,0
3052904,15543098,Manhattan,Upper East Side,40.77391,-73.94695,Private room,55,30,2,1,0,0
2865117,3543836,Brooklyn,Park Slope,40.66934,-73.98358,Entire home/apt,220,31,8,1,323,2
2870840,1668930,Manhattan,Washington Heights,40.85026,-73.94117,Private room,65,3,100,2,280,15
2872353,13347167,Manhattan,Upper East Side,40.77262,-73.95598,Entire home/apt,119,30,9,31,254,4
3090922,4936720,Brooklyn,Williamsburg,40.71678,-73.95588,Private room,68,30,74,2,0,0
3056451,15559190,Manhattan,West Village,40.72916,-74.00433,Entire home/apt,120,30,5,1,0,0
3091872,2308616,Brooklyn,Greenpoint,40.72421,-73.94881,Entire home/apt,100,30,1,1,0,0
3095119,15740819,Brooklyn,Fort Greene,40.6915,-73.97136,Entire home/apt,175,30,38,2,0,0
3095502,10930874,Queens,Forest Hills,40.72805,-73.84948,Entire home/apt,100,30,1,2,0,0
3058087,5986790,Manhattan,Washington Heights,40.83555,-73.94432,Private room,45,31,6,6,170,1
3059273,15569250,Manhattan,Nolita,40.72127,-73.99507,Private room,125,30,18,2,0,0
2876032,14103991,Queens,Flushing,40.75474,-73.81985,Shared room,30,30,43,8,76,3
3060297,7245581,Manhattan,Chelsea,40.75016,-73.99727,Entire home/apt,107,110,21,19,363,1
3060651,15578838,Manhattan,East Village,40.72944,-73.98227,Entire home/apt,150,30,3,1,0,0
2876055,5317082,Brooklyn,Williamsburg,40.71381,-73.94052,Private room,100,14,68,2,0,0
3103596,15778597,Manhattan,Harlem,40.82147,-73.94774,Private room,50,30,2,1,318,0
3060745,7101220,Manhattan,East Harlem,40.79375,-73.94569,Private room,28,30,1,1,0,0
2880336,14720647,Queens,Ridgewood,40.70977,-73.91657,Entire home/apt,95,30,25,1,0,0
3066892,7503643,Brooklyn,Greenpoint,40.72695,-73.94212,Entire home/apt,169,30,7,33,280,1
3067062,5317082,Brooklyn,Williamsburg,40.71348,-73.94207,Private room,100,90,12,2,0,0
3067093,3541594,Manhattan,East Village,40.73014,-73.99,Entire home/apt,207,30,13,1,0,0
2882666,6964353,Manhattan,Upper West Side,40.7995,-73.96466,Entire home/apt,150,30,6,1,0,0
3067244,3241305,Brooklyn,Prospect-Lefferts Gardens,40.66095,-73.95916,Entire home/apt,130,30,53,1,56,5
2883054,5117939,Brooklyn,Crown Heights,40.67321,-73.91821,Entire home/apt,101,10,228,2,24,16
3105531,9306192,Manhattan,Upper East Side,40.77562,-73.95679,Entire home/apt,750,30,0,1,0,0
3068145,13347167,Manhattan,Upper East Side,40.77073,-73.95683,Entire home/apt,100,30,20,31,270,4
3068852,13347167,Manhattan,Upper East Side,40.77081,-73.95672,Entire home/apt,117,30,12,31,270,5
3072242,3053987,Brooklyn,Bushwick,40.69096,-73.91987,Entire home/apt,77,30,10,2,0,0
3073195,15639713,Brooklyn,Williamsburg,40.70576,-73.9546,Private room,75,30,6,1,0,0
3105986,8822946,Brooklyn,Crown Heights,40.67301,-73.96093,Entire home/apt,135,30,4,1,0,0
2888088,14759766,Brooklyn,Flatbush,40.64543,-73.96223,Entire home/apt,105,2,214,2,300,27
2889377,14103991,Queens,Flushing,40.75605,-73.82007,Private room,48,30,54,8,139,2
3080233,15674437,Brooklyn,Williamsburg,40.7084,-73.94611,Entire home/apt,220,30,4,1,0,0
2889387,2269517,Staten Island,St. George,40.64367,-74.0794,Private room,85,2,293,1,0,2
3110978,15810320,Brooklyn,Sunset Park,40.64846,-74.00834,Private room,75,30,2,2,354,0
3081771,15681707,Brooklyn,Crown Heights,40.67449,-73.91413,Entire home/apt,113,2,257,2,236,25
3111416,3765042,Manhattan,Lower East Side,40.71781,-73.98369,Entire home/apt,107,90,18,1,217,2
2895820,5454390,Manhattan,East Village,40.73204,-73.98733,Private room,113,10,294,1,0,0
2896760,3339701,Queens,Ditmars Steinway,40.77423,-73.91815,Private room,50,1,194,4,280,31
3083197,15688520,Manhattan,East Village,40.7261,-73.97964,Entire home/apt,1294,3,90,1,25,25
2897714,7853680,Manhattan,Murray Hill,40.74918,-73.97784,Entire home/apt,225,30,2,1,0,0
3112284,15815237,Queens,Flushing,40.76381,-73.83327,Private room,59,30,35,1,363,0
3112872,2641574,Manhattan,Upper West Side,40.77562,-73.983,Entire home/apt,215,30,8,1,0,0
3114929,14911623,Manhattan,Harlem,40.8187,-73.93836,Entire home/apt,150,30,2,1,0,0
3083899,15638528,Manhattan,Upper West Side,40.78087,-73.97812,Entire home/apt,120,30,1,1,0,0
3120723,15853337,Manhattan,Lower East Side,40.72186,-73.98569,Entire home/apt,160,30,6,1,0,0
3084473,5691429,Manhattan,Morningside Heights,40.80903,-73.95967,Entire home/apt,100,30,5,1,0,0
2904571,6789600,Brooklyn,Carroll Gardens,40.67757,-73.99666,Entire home/apt,149,30,2,1,0,0
3089264,14889264,Manhattan,Harlem,40.82503,-73.9435,Entire home/apt,129,30,10,1,261,0
3265275,16512899,Manhattan,Upper West Side,40.7898,-73.9708,Entire home/apt,200,30,0,1,0,0
3120957,8703,Manhattan,Harlem,40.80846,-73.94096,Shared room,207,30,8,1,0,0
3121176,3663033,Brooklyn,Williamsburg,40.71617,-73.95944,Entire home/apt,50,30,4,1,0,0
3122230,15859636,Manhattan,Harlem,40.81595,-73.9447,Private room,125,30,0,1,0,0
3089577,15636404,Brooklyn,Borough Park,40.60971,-73.97405,Entire home/apt,219,30,4,1,364,0
3123479,15863914,Queens,Ditmars Steinway,40.7712,-73.91705,Private room,216,5,12,1,124,12
3132960,2472358,Brooklyn,Park Slope,40.67877,-73.97741,Entire home/apt,250,10,4,1,0,2
3136535,15414317,Manhattan,Upper East Side,40.76293,-73.95961,Entire home/apt,150,5,10,1,0,0
3265407,9944244,Brooklyn,Crown Heights,40.67456,-73.96305,Private room,57,30,12,1,0,0
3265982,16516195,Brooklyn,Gowanus,40.67788,-73.98327,Entire home/apt,68,30,29,1,0,0
3425054,7398990,Brooklyn,Park Slope,40.67526,-73.97803,Entire home/apt,88,30,10,1,0,0
3269281,1746811,Brooklyn,Park Slope,40.67923,-73.97986,Entire home/apt,425,2,79,1,0,11
3271893,327673,Brooklyn,Park Slope,40.6772,-73.98259,Entire home/apt,250,3,32,2,44,11
3426233,17272284,Manhattan,Upper East Side,40.76521,-73.95913,Entire home/apt,274,30,13,2,0,0
3272201,16545323,Manhattan,West Village,40.73469,-74.0087,Entire home/apt,220,30,14,1,256,0
3137426,15667008,Manhattan,Gramercy,40.73753,-73.98013,Entire home/apt,5143,360,0,1,365,0
3430612,17289499,Brooklyn,Prospect Heights,40.67768,-73.96605,Entire home/apt,170,30,13,1,0,0
3137906,3814039,Brooklyn,Williamsburg,40.70903,-73.95339,Private room,65,30,64,1,84,4
3143649,15960720,Brooklyn,Flatbush,40.63956,-73.96569,Private room,40,30,0,1,0,0
3145484,3323488,Brooklyn,Bedford-Stuyvesant,40.68535,-73.95396,Entire home/apt,700,30,29,1,364,0
3272721,4080758,Brooklyn,Crown Heights,40.67907,-73.96367,Entire home/apt,125,30,5,1,0,0
3272743,3022852,Brooklyn,Park Slope,40.67806,-73.97947,Entire home/apt,105,30,3,1,0,0
3438835,1373530,Brooklyn,Williamsburg,40.71257,-73.94589,Entire home/apt,1200,30,0,1,363,0
3440595,15270760,Brooklyn,Bedford-Stuyvesant,40.69256,-73.94071,Entire home/apt,446,3,74,3,161,1
3278530,16572580,Brooklyn,Williamsburg,40.70893,-73.94886,Private room,60,30,6,1,0,0
3147439,7361593,Manhattan,West Village,40.72908,-74.0046,Entire home/apt,125,30,2,1,0,0
3440741,17339848,Manhattan,Washington Heights,40.85465,-73.93982,Entire home/apt,175,30,5,1,0,0
3153464,16003147,Brooklyn,Prospect Heights,40.67283,-73.9661,Entire home/apt,105,21,9,1,117,1
3278631,16572957,Manhattan,East Harlem,40.80134,-73.94374,Private room,136,30,3,1,0,0
3278691,16069319,Brooklyn,Gravesend,40.59583,-73.96887,Private room,45,30,4,1,0,0
3442067,17198795,Manhattan,Upper East Side,40.78368,-73.94999,Entire home/apt,299,5,2,1,132,1
3279671,109738,Manhattan,Chelsea,40.75124,-73.99782,Entire home/apt,150,30,196,1,87,4
3442140,8697041,Brooklyn,Williamsburg,40.71207,-73.9468,Private room,75,30,4,2,0,0
3281660,418289,Manhattan,Upper East Side,40.77268,-73.96345,Entire home/apt,195,30,1,1,0,0
3282550,1174963,Brooklyn,Boerum Hill,40.68637,-73.98602,Entire home/apt,167,30,12,1,0,0
3156969,16019176,Queens,Rockaway Beach,40.58493,-73.81736,Entire home/apt,145,2,319,1,315,41
3157330,9105586,Brooklyn,Bedford-Stuyvesant,40.68958,-73.94138,Entire home/apt,75,30,1,1,0,0
3442152,17347275,Brooklyn,Gowanus,40.68166,-73.9816,Entire home/apt,190,30,2,1,0,0
3161739,14736455,Brooklyn,Bedford-Stuyvesant,40.69378,-73.95155,Entire home/apt,125,5,67,1,74,7
3164173,2338762,Brooklyn,Williamsburg,40.71706,-73.95509,Entire home/apt,175,30,12,1,0,0
3283409,16593547,Brooklyn,Bedford-Stuyvesant,40.68752,-73.92381,Entire home/apt,195,2,171,1,182,30
3445138,17051201,Brooklyn,Park Slope,40.67389,-73.97762,Entire home/apt,545,5,33,2,0,7
3283729,16596651,Manhattan,Upper East Side,40.77787,-73.95104,Entire home/apt,125,30,7,1,0,0
3288496,3716641,Manhattan,Lower East Side,40.71989,-73.98954,Entire home/apt,118,30,10,6,125,1
3291524,15740819,Brooklyn,Fort Greene,40.69282,-73.97064,Private room,100,30,5,2,0,0
3297016,2051075,Brooklyn,Crown Heights,40.67044,-73.95664,Entire home/apt,160,30,46,1,301,6
3301484,56920,Manhattan,Upper West Side,40.80207,-73.97048,Private room,135,30,0,1,250,0
3302932,2082345,Queens,Woodhaven,40.6921,-73.84813,Entire home/apt,250,30,0,1,0,0
3167768,16067583,Brooklyn,Crown Heights,40.67719,-73.96266,Entire home/apt,400,4,40,1,0,7
3168120,16069958,Manhattan,East Village,40.73028,-73.98326,Entire home/apt,171,30,1,1,0,0
3447238,13637847,Brooklyn,Crown Heights,40.67366,-73.95895,Entire home/apt,98,20,11,1,249,0
3171234,2416036,Brooklyn,Williamsburg,40.71749,-73.96166,Entire home/apt,250,120,0,1,0,0
3171480,6183406,Manhattan,West Village,40.73533,-74.00268,Entire home/apt,200,30,4,1,0,0
3303165,4279827,Brooklyn,Cypress Hills,40.67622,-73.90657,Entire home/apt,105,2,216,1,94,23
3448037,634096,Brooklyn,Williamsburg,40.71662,-73.95736,Entire home/apt,250,30,0,1,0,0
3309982,16713474,Brooklyn,Bedford-Stuyvesant,40.67926,-73.94807,Entire home/apt,220,30,71,1,285,1
3311834,13611255,Brooklyn,Bedford-Stuyvesant,40.688,-73.93568,Entire home/apt,81,30,81,3,249,0
3172778,16109802,Brooklyn,Williamsburg,40.71274,-73.95831,Entire home/apt,130,30,22,1,78,0
3450210,17389236,Manhattan,Harlem,40.80504,-73.95732,Entire home/apt,275,14,188,1,7,14
3312276,14214034,Bronx,Mott Haven,40.81611,-73.92491,Entire home/apt,80,1,143,1,274,21
3452835,666862,Brooklyn,Clinton Hill,40.68469,-73.9654,Entire home/apt,100,30,45,1,0,0
3315933,12774721,Manhattan,Upper East Side,40.76884,-73.95828,Entire home/apt,250,30,4,1,0,0
3175088,16100913,Manhattan,Chelsea,40.74321,-73.99409,Entire home/apt,182,7,104,1,30,17
3177702,14902860,Brooklyn,Bedford-Stuyvesant,40.68242,-73.94662,Entire home/apt,161,30,51,4,320,0
3181376,8158276,Manhattan,Inwood,40.86017,-73.9296,Entire home/apt,100,30,1,1,0,0
3453488,2533026,Brooklyn,Williamsburg,40.71291,-73.95557,Entire home/apt,200,30,0,1,0,0
3455983,178551,Manhattan,Harlem,40.81677,-73.95304,Entire home/apt,200,30,0,1,0,0
3185829,16151285,Bronx,Williamsbridge,40.88103,-73.8486,Entire home/apt,90,4,78,6,348,7
3457770,9604972,Manhattan,Lower East Side,40.7212,-73.98893,Entire home/apt,110,30,1,1,0,0
3191450,241593,Brooklyn,Flatbush,40.65027,-73.96326,Private room,60,30,4,2,0,0
3317978,16751902,Manhattan,Upper West Side,40.80048,-73.96621,Private room,31,30,2,1,0,0
3458525,17430718,Manhattan,Harlem,40.81507,-73.94369,Entire home/apt,138,3,94,2,297,15
3322922,18566028,Brooklyn,Flatbush,40.65319,-73.96101,Entire home/apt,79,30,11,1,0,0
3323189,16777963,Manhattan,Chinatown,40.71641,-73.99256,Entire home/apt,635,4,118,1,132,10
3461872,5220670,Manhattan,East Harlem,40.80176,-73.94041,Private room,75,30,3,1,0,0
3324203,16782573,Queens,Middle Village,40.71558,-73.88233,Entire home/apt,110,4,251,2,306,35
3325617,16790098,Queens,Woodside,40.74515,-73.90865,Entire home/apt,115,2,287,1,1,29
3191678,335923036,Bronx,Fieldston,40.89711,-73.89993,Private room,80,30,43,3,311,2
3464727,17456385,Manhattan,Hell's Kitchen,40.76665,-73.98457,Entire home/apt,150,30,0,1,0,0
3198018,738918,Brooklyn,Park Slope,40.67597,-73.97765,Entire home/apt,325,3,153,2,3,31
3198365,16209547,Manhattan,Harlem,40.80147552490234,-73.95636749267578,Entire home/apt,310,2,190,1,342,23
3332881,16826094,Manhattan,East Harlem,40.78836,-73.94762,Entire home/apt,100,30,1,1,0,0
3337808,3655542,Brooklyn,Boerum Hill,40.68747,-73.98221,Entire home/apt,1057,30,0,1,0,0
3339273,7245581,Manhattan,Chelsea,40.75007,-73.99723,Entire home/apt,115,180,18,19,96,4
3339399,2119276,Manhattan,West Village,40.73203,-74.00676,Entire home/apt,150,30,20,22,225,3
3465604,12220316,Brooklyn,Fort Greene,40.68569,-73.973,Entire home/apt,375,30,7,1,218,0
3198709,11134859,Manhattan,Little Italy,40.71997,-73.99615,Entire home/apt,181,3,52,1,244,9
3465651,4060346,Staten Island,Huguenot,40.54153,-74.16442,Private room,73,1,206,1,258,21
3199681,627678,Queens,Forest Hills,40.73402,-73.85468,Private room,35,30,2,2,0,0
3200522,1369577,Brooklyn,Crown Heights,40.67497,-73.92336,Entire home/apt,147,5,224,3,214,18
3200728,727114,Brooklyn,Flatbush,40.6487,-73.9694,Private room,41,30,11,1,0,0
3344237,16879147,Manhattan,Upper East Side,40.76049,-73.96208,Private room,130,2,87,1,291,17
3468486,17475146,Manhattan,East Harlem,40.80255,-73.93832,Entire home/apt,70,30,1,1,0,0
3201696,13789963,Manhattan,Harlem,40.8309,-73.94372,Entire home/apt,388,3,201,1,262,29
3202590,9209820,Brooklyn,Crown Heights,40.67122,-73.95012,Entire home/apt,220,30,97,2,322,3
3469171,1499484,Brooklyn,Red Hook,40.67623,-74.01529,Entire home/apt,207,1,289,2,297,59
3206224,16245414,Brooklyn,Bushwick,40.69415,-73.92415,Entire home/apt,143,1,254,3,55,31
3344509,1290508,Manhattan,Chelsea,40.74646,-73.99678,Entire home/apt,179,30,1,1,0,0
3469295,17479416,Manhattan,East Harlem,40.80417,-73.94009,Entire home/apt,400,4,80,3,342,14
3344815,16883036,Brooklyn,Bushwick,40.69886,-73.91507,Private room,46,2,84,2,262,26
3349699,19402,Brooklyn,Williamsburg,40.70944,-73.95551,Entire home/apt,150,30,40,1,0,0
3206379,16245979,Manhattan,Upper East Side,40.76937,-73.94842,Entire home/apt,280,30,17,1,0,0
3476105,5810978,Brooklyn,Bedford-Stuyvesant,40.68599,-73.95874,Entire home/apt,168,6,152,1,20,4
3207986,1874429,Brooklyn,Carroll Gardens,40.6847,-73.9911,Private room,125,2,133,1,129,17
3350417,12556197,Brooklyn,Crown Heights,40.67172,-73.95703,Private room,52,30,37,2,0,0
3476431,4374828,Brooklyn,Fort Greene,40.6856,-73.96848,Entire home/apt,115,30,44,1,0,0
3482919,4320908,Manhattan,Nolita,40.72099,-73.99754,Entire home/apt,175,30,0,1,0,0
3351584,455017,Manhattan,Washington Heights,40.83608,-73.93854,Private room,45,1,1,2,154,0
3208188,16254543,Brooklyn,Carroll Gardens,40.68005,-73.99611,Entire home/apt,360,30,8,1,0,0
3485146,6707119,Manhattan,Harlem,40.80681,-73.94752,Entire home/apt,150,30,1,1,0,0
3208609,1465030,Brooklyn,Williamsburg,40.71193,-73.94846,Private room,70,30,0,1,0,0
3208904,16257970,Manhattan,Lower East Side,40.71478,-73.98548,Private room,91,2,343,2,175,50
3352030,317692,Brooklyn,Boerum Hill,40.68859,-73.98682,Entire home/apt,120,30,4,1,0,0
3485449,17264040,Bronx,Mount Hope,40.85229,-73.90771,Private room,104,1,44,4,169,33
3486103,3841446,Brooklyn,Williamsburg,40.70967,-73.95698,Entire home/apt,235,7,268,1,64,18
3352608,16916853,Brooklyn,Sheepshead Bay,40.60883,-73.94803,Entire home/apt,250,30,11,3,331,1
3354458,16926880,Queens,Long Island City,40.74349,-73.94954,Private room,75,31,44,1,0,0
3354459,16926937,Brooklyn,South Slope,40.66622,-73.98482,Entire home/apt,200,30,4,1,167,0
3354484,4319841,Brooklyn,Windsor Terrace,40.65356,-73.97515,Entire home/apt,85,30,9,1,0,0
3210405,16266298,Manhattan,Little Italy,40.71909,-73.99896,Entire home/apt,220,30,119,1,0,0
3213712,1014484,Manhattan,Murray Hill,40.74944,-73.97441,Entire home/apt,189,30,3,1,0,0
3215486,7691955,Manhattan,Lower East Side,40.72093,-73.98868,Private room,68,30,9,1,0,0
3215722,496465,Brooklyn,Williamsburg,40.71411,-73.94263,Private room,30,30,0,1,0,0
3487445,2553182,Manhattan,Upper East Side,40.77105,-73.94813,Entire home/apt,350,30,0,1,0,0
3358937,16947051,Manhattan,Chelsea,40.74545,-74.00435,Entire home/apt,300,30,11,1,0,0
3359510,7503643,Brooklyn,Greenpoint,40.72623,-73.94128,Hotel room,145,30,18,33,332,1
3488989,17568735,Manhattan,Harlem,40.82576,-73.93991,Entire home/apt,135,30,3,1,0,0
3359644,16940880,Brooklyn,Boerum Hill,40.68665995789713,-73.98459925396727,Entire home/apt,279,21,0,1,18,0
3360707,16954768,Manhattan,Harlem,40.81965,-73.95267,Private room,35,30,193,3,34,1
3215791,16286671,Brooklyn,Prospect-Lefferts Gardens,40.65977,-73.95913,Entire home/apt,500,3,12,1,248,12
3219654,16304160,Brooklyn,South Slope,40.66503,-73.98707,Entire home/apt,145,30,12,1,0,0
3219835,16305093,Brooklyn,Windsor Terrace,40.65782,-73.97523,Entire home/apt,250,30,0,1,0,0
3489095,3250450,Queens,Maspeth,40.7393,-73.89958,Private room,39,30,0,18,338,0
3489242,3250450,Queens,Astoria,40.77025,-73.92628,Private room,43,30,8,18,338,0
3490317,15697051,Brooklyn,Bedford-Stuyvesant,40.6901,-73.92476,Entire home/apt,249,3,345,1,277,48
3220115,16306708,Brooklyn,Fort Greene,40.68274,-73.96769,Entire home/apt,115,30,6,1,0,0
3492910,17266994,Manhattan,Harlem,40.808376,-73.955307,Entire home/apt,196,4,167,4,197,31
3220725,15646137,Manhattan,Lower East Side,40.71813,-73.99063,Entire home/apt,200,30,0,1,0,0
3224913,16245414,Brooklyn,Bushwick,40.69415,-73.92415,Entire home/apt,65,1,178,3,42,23
3493833,17592620,Brooklyn,Williamsburg,40.71979,-73.96204,Entire home/apt,350,30,22,1,0,0
3362302,16962600,Manhattan,Lower East Side,40.71841,-73.98596,Entire home/apt,125,30,4,1,0,0
3495854,17601262,Brooklyn,Williamsburg,40.71336,-73.93696,Entire home/apt,181,2,218,2,319,31
3227002,2941712,Brooklyn,Clinton Hill,40.68727,-73.96551,Entire home/apt,200,30,3,1,0,0
3236977,11494077,Brooklyn,Carroll Gardens,40.68352,-73.99234,Entire home/apt,425,12,6,1,33,0
3497198,15730873,Manhattan,Washington Heights,40.85791,-73.92709,Entire home/apt,29,30,7,1,275,2
3237160,4928687,Manhattan,East Village,40.7282,-73.9805,Entire home/apt,175,30,2,1,0,0
3237602,16379550,Brooklyn,Williamsburg,40.71996,-73.95704,Entire home/apt,270,30,0,1,0,0
3363364,16968100,Brooklyn,East Flatbush,40.65449,-73.94244,Private room,150,30,0,1,0,0
3364802,2401111,Brooklyn,Bushwick,40.69832,-73.91,Private room,200,2,1,1,246,1
3499016,17618198,Queens,Ditmars Steinway,40.77797,-73.90604,Private room,100,30,2,1,365,0
3367150,16989237,Brooklyn,Williamsburg,40.71673,-73.95612,Entire home/apt,158,30,17,1,0,0
3368427,4044499,Brooklyn,Flatbush,40.65243,-73.96356,Private room,30,30,0,1,0,0
3503627,15540040,Brooklyn,Flatbush,40.65407,-73.95767,Entire home/apt,100,1,17,2,159,0
3504289,11308483,Manhattan,Kips Bay,40.73877,-73.98171,Private room,80,30,2,1,0,0
3368441,5783747,Brooklyn,Fort Greene,40.68905,-73.97885,Entire home/apt,300,30,36,1,0,0
3238517,16385595,Brooklyn,Bedford-Stuyvesant,40.68049,-73.94419,Private room,105,30,33,1,279,4
3507112,17658078,Bronx,Longwood,40.81182,-73.90371,Private room,99,30,11,1,364,0
3240838,16396714,Manhattan,Kips Bay,40.74019,-73.97896,Private room,90,3,17,1,249,2
3369100,16106756,Brooklyn,Park Slope,40.67954,-73.97561,Entire home/apt,158,3,298,1,237,57
3511778,17681072,Manhattan,Greenwich Village,40.73223,-73.99265,Entire home/apt,275,60,12,1,291,0
3369623,17000648,Queens,Astoria,40.77501,-73.92541,Entire home/apt,90,30,33,1,0,0
3372925,17018997,Brooklyn,Flatbush,40.64502,-73.9647,Entire home/apt,85,30,1,1,0,0
3241287,16399575,Manhattan,Washington Heights,40.83549,-73.94392,Private room,50,30,13,1,0,0
3241858,1866033,Manhattan,Upper East Side,40.7663,-73.96551,Entire home/apt,250,30,112,1,88,0
3511883,17347754,Brooklyn,Williamsburg,40.71359,-73.93627,Entire home/apt,119,2,10,1,0,0
3511898,17682043,Brooklyn,Greenpoint,40.73632,-73.95543,Entire home/apt,85,30,5,1,0,0
3511934,17682312,Manhattan,Harlem,40.82947,-73.95104,Private room,84,30,0,1,0,0
3245000,13561307,Brooklyn,Greenpoint,40.72373,-73.9468,Entire home/apt,149,30,8,1,0,0
3512428,17616305,Manhattan,Harlem,40.82823,-73.95054,Private room,100,2,179,1,29,26
3378576,6273146,Brooklyn,Williamsburg,40.70935,-73.94614,Private room,250,30,0,1,0,0
3512620,617127,Brooklyn,Crown Heights,40.6769,-73.9454,Entire home/apt,145,30,71,1,0,0
3247291,16425715,Manhattan,Harlem,40.81355,-73.94335,Private room,92,1,181,1,182,15
3513662,6153186,Brooklyn,Williamsburg,40.7199,-73.95519,Entire home/apt,150,30,5,1,0,0
3248526,16430857,Manhattan,Harlem,40.82599,-73.94224,Entire home/apt,62,30,13,1,0,0
3378585,13535952,Manhattan,Hell's Kitchen,40.75946,-73.99623,Entire home/apt,300,30,0,1,0,0
3518682,5407403,Manhattan,Inwood,40.86168,-73.92924,Private room,80,30,50,1,363,0
3379914,9317567,Queens,Ridgewood,40.69962,-73.90545,Entire home/apt,110,45,17,1,258,1
3519172,17719747,Brooklyn,Fort Greene,40.69039,-73.97007,Entire home/apt,250,30,26,1,334,2
3383325,17069482,Queens,Howard Beach,40.66269,-73.83419,Entire home/apt,168,2,7,1,356,7
3249076,16433878,Brooklyn,Fort Greene,40.69007,-73.97477,Entire home/apt,400,30,6,1,310,0
3249078,1705205,Brooklyn,Brooklyn Heights,40.6906,-73.99339,Entire home/apt,115,30,0,1,0,0
3522244,922478,Brooklyn,Clinton Hill,40.68251,-73.96071,Entire home/apt,145,30,79,1,37,5
3250685,16442583,Manhattan,East Harlem,40.80056,-73.93737,Private room,50,30,6,1,0,0
3383382,908514,Manhattan,Kips Bay,40.74072,-73.98312,Entire home/apt,165,2,35,1,0,1
3522329,17737666,Manhattan,East Village,40.7315,-73.98605,Entire home/apt,143,30,48,1,0,0
3383662,6146050,Manhattan,Financial District,40.7094,-74.00199,Private room,84,30,0,2,0,0
3251014,8349905,Manhattan,Midtown,40.75973,-73.96415,Entire home/apt,234,30,5,1,0,0
3522513,17739111,Manhattan,Harlem,40.80172,-73.95126,Entire home/apt,150,4,33,1,64,10
3258196,169843,Brooklyn,Williamsburg,40.71813,-73.95871,Private room,140,3,98,1,329,14
3386746,17087544,Brooklyn,Windsor Terrace,40.6482,-73.97486,Entire home/apt,150,30,26,1,0,0
3529500,14902860,Brooklyn,Bedford-Stuyvesant,40.68403,-73.94271,Entire home/apt,175,30,71,4,309,3
3529503,6491377,Brooklyn,Bedford-Stuyvesant,40.69396,-73.9446,Private room,89,4,76,1,288,1
3386829,501456,Manhattan,Lower East Side,40.72088,-73.99366,Entire home/apt,205,30,7,1,0,0
3262855,16499705,Brooklyn,Flatbush,40.65343,-73.95851,Entire home/apt,70,30,5,1,0,0
3529888,9952523,Brooklyn,Crown Heights,40.66942,-73.94938,Entire home/apt,250,3,10,2,0,0
3262930,16500110,Manhattan,Upper East Side,40.76683,-73.95452,Private room,146,3,171,1,290,28
3530122,228012,Manhattan,Harlem,40.81856,-73.94238,Entire home/apt,110,30,86,1,314,1
3581153,18038832,Manhattan,Chelsea,40.74766,-73.99434,Entire home/apt,230,30,33,1,0,0
3393999,2443535,Brooklyn,Crown Heights,40.67309,-73.93048,Entire home/apt,90,30,0,1,0,0
3530517,17773625,Manhattan,Tribeca,40.71922,-74.00276,Entire home/apt,900,3,112,1,311,16
3581652,18041691,Manhattan,Morningside Heights,40.80349,-73.95851,Entire home/apt,225,30,5,1,0,0
3531681,14362471,Manhattan,Harlem,40.79847,-73.94833,Private room,95,2,157,3,0,7
3583605,18051675,Manhattan,Washington Heights,40.85041,-73.93815,Entire home/apt,150,30,0,1,0,0
3394517,17125263,Manhattan,East Harlem,40.80303,-73.93888,Private room,49,30,86,2,0,0
3533741,17791294,Manhattan,Hell's Kitchen,40.76878,-73.98719,Private room,110,30,0,1,0,0
3395238,465059,Brooklyn,Sunset Park,40.64989,-74.00766,Entire home/apt,150,30,1,1,219,0
3585309,18060671,Queens,Flushing,40.76187,-73.80418,Entire home/apt,1393,30,17,1,92,0
3534137,7157099,Brooklyn,Prospect-Lefferts Gardens,40.65613,-73.96073,Private room,95,5,123,3,275,22
3585452,17943391,Manhattan,Harlem,40.80872,-73.94124,Entire home/apt,91,30,345,2,198,5
3585974,3588028,Manhattan,Lower East Side,40.72205,-73.98838,Entire home/apt,120,30,18,1,0,0
3395697,17132728,Manhattan,Upper West Side,40.79348,-73.97534,Entire home/apt,290,30,1,1,0,0
3400645,178784,Brooklyn,Boerum Hill,40.68526,-73.98513,Entire home/apt,115,30,6,1,0,0
3534443,13337141,Manhattan,Lower East Side,40.71777,-73.98401,Entire home/apt,66,30,121,1,0,0
3400739,17151343,Brooklyn,Crown Heights,40.66985,-73.93235,Private room,85,4,74,1,6,14
3587219,8483704,Manhattan,West Village,40.72974,-74.00706,Entire home/apt,135,30,29,1,58,2
3591107,6310115,Brooklyn,Flatbush,40.65456,-73.95534,Private room,50,30,12,1,0,0
3539618,506909,Manhattan,Kips Bay,40.73779,-73.98032,Entire home/apt,170,30,9,1,0,0
3539882,16583238,Manhattan,Lower East Side,40.71947,-73.98819,Entire home/apt,125,30,12,1,0,0
3593821,18105672,Brooklyn,Williamsburg,40.71516,-73.94688,Private room,90,30,1,1,0,0
3400837,17152076,Manhattan,Harlem,40.8308,-73.94859,Private room,500,1,36,4,365,0
3401271,5851210,Manhattan,East Harlem,40.79252,-73.94566,Entire home/apt,93,30,254,2,99,2
3401911,17156530,Manhattan,Battery Park City,40.71111,-74.01538,Private room,107,30,0,1,0,0
3540370,17820079,Manhattan,East Village,40.72637,-73.98188,Private room,133,30,191,1,0,0
3543839,17264040,Bronx,Mount Hope,40.8507,-73.90823,Private room,104,1,12,4,169,12
3544530,2972733,Brooklyn,Crown Heights,40.67209,-73.95906,Entire home/apt,250,30,3,1,228,0
3548257,17862696,Brooklyn,Gowanus,40.67250061035156,-73.99176788330078,Entire home/apt,215,30,12,2,315,2
3403034,17161465,Manhattan,Harlem,40.82964,-73.94446,Entire home/apt,100,30,48,1,298,3
3594408,6150064,Queens,Astoria,40.76865,-73.91953,Private room,85,30,2,1,0,0
3549074,17866326,Brooklyn,Bushwick,40.70228,-73.92824,Private room,49,30,2,2,0,0
3595574,18115545,Brooklyn,Prospect Heights,40.67445,-73.96757,Entire home/apt,129,30,18,1,341,0
3411912,2574806,Brooklyn,Bushwick,40.69345,-73.92179,Entire home/apt,170,30,1,1,0,0
3549798,6309019,Brooklyn,Williamsburg,40.71687,-73.95754,Entire home/apt,200,2,229,1,287,27
3600496,12485770,Manhattan,Midtown,40.74602,-73.98466,Entire home/apt,148,30,14,8,0,0
3600961,18142696,Manhattan,East Village,40.73073,-73.98181,Entire home/apt,160,30,5,1,0,0
3603134,17898189,Manhattan,Upper East Side,40.77388,-73.9508,Entire home/apt,180,30,24,1,0,0
3603287,146825,Manhattan,Nolita,40.72167,-73.99523,Private room,86,30,3,1,0,0
3605388,14157138,Brooklyn,Crown Heights,40.66748,-73.92589,Entire home/apt,95,3,66,2,346,8
3551778,1439449,Brooklyn,South Slope,40.66347,-73.98383,Entire home/apt,110,30,4,1,263,0
3414885,5722995,Brooklyn,Williamsburg,40.71266,-73.95059,Entire home/apt,319,6,164,1,82,20
3553768,17891677,Manhattan,West Village,40.73478,-74.00108,Entire home/apt,340,3,143,1,265,36
3415102,17218916,Brooklyn,Williamsburg,40.71207,-73.96503,Entire home/apt,650,30,48,1,365,0
3605524,17958831,Manhattan,Kips Bay,40.74156,-73.97836,Entire home/apt,149,30,140,1,130,0
3554013,17893521,Queens,Maspeth,40.73566,-73.89882,Private room,50,30,2,1,341,1
3554230,7157099,Brooklyn,Prospect-Lefferts Gardens,40.65508,-73.9603,Entire home/apt,220,7,16,3,11,3
3554287,6504434,Brooklyn,Sunset Park,40.64859,-74.00095,Private room,35,30,0,1,0,0
3605756,18171303,Manhattan,East Village,40.72675,-73.98548,Private room,80,2,56,2,0,26
3415505,1507633,Brooklyn,Bushwick,40.69733,-73.93172,Private room,34,100,0,1,319,0
3556241,636319,Brooklyn,South Slope,40.66196,-73.98552,Entire home/apt,150,30,0,1,0,0
3420223,17241205,Brooklyn,Williamsburg,40.70608,-73.93257,Entire home/apt,129,30,21,1,0,0
3556577,7245581,Manhattan,Washington Heights,40.83498,-73.9393,Entire home/apt,76,180,9,19,245,1
3561828,2401823,Brooklyn,Clinton Hill,40.6853,-73.9619,Entire home/apt,46,30,0,1,0,0
3421020,17244404,Brooklyn,Clinton Hill,40.68974,-73.96717,Entire home/apt,175,30,27,1,0,0
3611620,18198406,Brooklyn,Bedford-Stuyvesant,40.69218,-73.93911,Private room,45,30,13,1,0,0
3616001,4421323,Manhattan,Financial District,40.70828,-74.01292,Entire home/apt,160,30,6,1,0,0
3563271,6911276,Brooklyn,Clinton Hill,40.68185,-73.96041,Private room,99,30,97,1,190,0
3569374,1673750,Brooklyn,Park Slope,40.66617,-73.97593,Entire home/apt,230,30,7,1,0,0
3575859,1239959,Manhattan,SoHo,40.72571,-73.99746,Private room,129,30,1,1,0,0
3616173,2383619,Brooklyn,Carroll Gardens,40.68274,-73.99252,Private room,83,10,101,1,301,11
3423516,17256091,Manhattan,Upper East Side,40.77547,-73.95127,Entire home/apt,161,30,1,1,0,0
3576160,18008945,Manhattan,East Harlem,40.79808,-73.94565,Entire home/apt,115,3,94,1,15,25
3619399,17619450,Brooklyn,Flatbush,40.63738,-73.95386,Private room,72,30,4,1,0,0
3850493,19349568,Brooklyn,Flatlands,40.62265,-73.92658,Entire home/apt,150,3,157,2,354,30
3623201,14273136,Brooklyn,Park Slope,40.66841,-73.98287,Entire home/apt,125,9,30,1,0,3
3715638,9784206,Manhattan,East Harlem,40.7946,-73.94867,Private room,70,2,276,1,240,35
3850967,3424306,Brooklyn,Crown Heights,40.6685,-73.94703,Entire home/apt,100,30,11,1,0,0
3716193,18970667,Brooklyn,Bedford-Stuyvesant,40.68245,-73.94407,Entire home/apt,152,5,205,1,112,21
3624387,4666670,Queens,Long Island City,40.76514,-73.93361,Entire home/apt,165,30,32,2,344,1
3624653,6472334,Brooklyn,Williamsburg,40.71424,-73.96259,Private room,69,2,11,2,0,0
3851719,4940167,Manhattan,Gramercy,40.73637,-73.98604,Entire home/apt,99,30,26,1,0,0
3624952,2574452,Queens,Jackson Heights,40.75193,-73.89085,Private room,50,30,2,1,0,0
3718539,18987128,Manhattan,East Harlem,40.79598,-73.93442,Entire home/apt,175,30,3,1,0,0
3851911,14902860,Brooklyn,Bedford-Stuyvesant,40.68493,-73.94652,Entire home/apt,116,30,80,4,339,0
3852261,19866189,Queens,Arverne,40.58921,-73.79508,Entire home/apt,494,30,103,3,351,2
3725902,4830699,Brooklyn,Gowanus,40.67837,-73.98256,Entire home/apt,166,30,9,1,0,0
3625870,18264329,Brooklyn,Sunset Park,40.6502,-74.00617,Private room,49,30,58,1,250,0
3626426,13347167,Manhattan,Upper East Side,40.7713,-73.95753,Entire home/apt,148,30,5,31,321,2
3627326,5652395,Bronx,Concourse Village,40.81876,-73.92691,Private room,115,1,9,2,338,4
3852988,12615927,Brooklyn,Sunset Park,40.66112,-73.99265,Entire home/apt,135,3,24,1,0,5
3628190,14905237,Brooklyn,Flatbush,40.64548,-73.95918,Entire home/apt,120,30,12,1,0,0
3727816,19044620,Queens,Forest Hills,40.73525,-73.85274,Private room,80,30,2,1,0,0
3857180,3861404,Brooklyn,Prospect-Lefferts Gardens,40.65636,-73.9608,Private room,110,30,11,2,0,0
3727861,19044783,Manhattan,Harlem,40.80257,-73.9548,Private room,200,30,0,1,0,0
3629580,18289867,Manhattan,East Harlem,40.78848,-73.9474,Private room,55,30,3,1,0,0
3636967,7503643,Brooklyn,Greenpoint,40.72672,-73.93983,Entire home/apt,169,30,4,33,321,1
3857863,19902271,Manhattan,Washington Heights,40.8356,-73.9425,Private room,105,7,136,2,289,12
3637029,18343265,Brooklyn,Bushwick,40.69942,-73.91209,Private room,65,30,18,1,0,0
3735483,5064699,Brooklyn,Bedford-Stuyvesant,40.68859,-73.93948,Private room,55,30,41,1,0,0
3860899,12749383,Brooklyn,Williamsburg,40.70684,-73.94227,Private room,60,30,0,1,0,0
3738529,19111611,Brooklyn,Clinton Hill,40.69613,-73.96585,Entire home/apt,87,30,7,1,0,0
3641819,534776,Brooklyn,Prospect Heights,40.67821,-73.96496,Entire home/apt,175,30,26,1,0,0
3861713,13644183,Brooklyn,Greenpoint,40.72275,-73.94088,Private room,97,30,3,1,0,0
3642278,18388112,Brooklyn,Carroll Gardens,40.6829,-73.99925,Entire home/apt,175,30,4,1,0,0
3642325,16916853,Brooklyn,Sheepshead Bay,40.58482,-73.93593,Entire home/apt,150,30,3,3,331,0
3738815,17770287,Manhattan,Midtown,40.75076,-73.98262,Entire home/apt,202,60,14,12,235,1
3739126,3586725,Manhattan,Lower East Side,40.72313,-73.99291,Private room,92,30,0,1,0,0
3864528,19800918,Manhattan,Hell's Kitchen,40.76053,-73.99002,Private room,200,30,0,1,0,0
3739864,14102923,Brooklyn,Flatbush,40.65132,-73.9578,Private room,48,30,0,1,0,0
3741728,19133023,Brooklyn,Bedford-Stuyvesant,40.68694,-73.93893,Entire home/apt,115,30,121,1,64,0
3642801,2052361,Brooklyn,Flatbush,40.65455,-73.95928,Entire home/apt,70,4,33,3,2,1
3644017,5909599,Queens,Ditmars Steinway,40.7759,-73.91432,Private room,130,7,38,2,0,0
3645284,2119276,Manhattan,Upper East Side,40.76022,-73.95959,Entire home/apt,170,30,19,22,267,2
3866888,17770287,Manhattan,Midtown,40.74905,-73.9831,Entire home/apt,145,60,18,12,129,1
3868100,47459,Manhattan,Lower East Side,40.71974,-73.98924,Entire home/apt,225,30,21,1,0,0
3868344,14902860,Brooklyn,Bedford-Stuyvesant,40.68372,-73.9421,Entire home/apt,158,30,60,4,342,1
3869762,8180517,Manhattan,Upper East Side,40.78124,-73.95227,Entire home/apt,110,30,0,1,0,0
3646059,17525930,Brooklyn,Williamsburg,40.7156,-73.93961,Private room,65,30,35,1,0,0
3742373,9859391,Manhattan,Upper West Side,40.76839222075895,-73.98357965434549,Entire home/apt,590,3,16,1,0,2
3873451,19979360,Manhattan,Upper East Side,40.77517,-73.95386,Private room,471,1,0,1,365,0
3743048,19143974,Staten Island,St. George,40.64489,-74.07789,Private room,72,3,186,1,127,40
3652230,681225,Queens,Rockaway Beach,40.58861,-73.81489,Private room,98,1,63,2,363,12
3654510,7920086,Manhattan,East Harlem,40.78502,-73.94458,Private room,75,30,14,3,0,0
3874870,4564600,Manhattan,East Village,40.73044,-73.98549,Entire home/apt,200,30,19,1,0,0
3655007,18492106,Bronx,Wakefield,40.88805,-73.85311,Private room,30,30,12,1,0,0
3876850,20033436,Manhattan,Upper West Side,40.79179,-73.97541,Private room,250,30,6,1,0,0
3659544,12327430,Manhattan,Hell's Kitchen,40.76511,-73.99419,Private room,80,4,303,2,2,42
3747107,9535767,Queens,Woodside,40.74648,-73.90116,Private room,50,30,3,1,0,0
3747392,15805343,Brooklyn,Williamsburg,40.71672,-73.95928,Private room,150,30,8,1,0,0
3880588,4084075,Manhattan,Murray Hill,40.74576,-73.97439,Entire home/apt,229,30,21,1,0,0
3882682,194994,Manhattan,Harlem,40.81468,-73.94582,Private room,80,30,27,1,0,0
3883020,12556197,Brooklyn,Crown Heights,40.67046,-73.95618,Entire home/apt,104,30,49,2,0,0
3884105,20084270,Brooklyn,Prospect-Lefferts Gardens,40.6602,-73.96014,Entire home/apt,125,6,14,2,0,1
3662091,18556644,Manhattan,East Village,40.73311,-73.98941,Entire home/apt,150,62,0,1,358,0
3891031,20133610,Manhattan,Financial District,40.70778,-74.0048,Private room,139,365,13,1,365,0
3662795,18565670,Brooklyn,Midwood,40.62596,-73.95726,Private room,51,30,28,1,280,0
3662827,8200795,Manhattan,Nolita,40.72127,-73.99577,Entire home/apt,2000,3,73,1,0,9
3749971,10094431,Brooklyn,Williamsburg,40.71649,-73.9618,Private room,115,30,95,1,0,0
3891370,20136355,Manhattan,Nolita,40.7213,-73.99619,Entire home/apt,200,30,3,1,0,0
3752035,14961638,Brooklyn,Bedford-Stuyvesant,40.68599,-73.95538,Entire home/apt,181,3,94,1,276,6
3895455,157795,Brooklyn,Crown Heights,40.67705,-73.94499,Private room,42,30,4,2,0,0
3895930,20166817,Brooklyn,Williamsburg,40.7187,-73.94903,Entire home/apt,160,30,63,1,37,5
3752069,19202140,Brooklyn,Bushwick,40.70661,-73.92043,Entire home/apt,450,2,22,1,217,22
3663178,710916,Brooklyn,Crown Heights,40.67651,-73.94466,Entire home/apt,225,2,394,1,262,59
3897387,20177472,Brooklyn,Park Slope,40.67751,-73.97503,Private room,150,2,165,2,215,13
3663423,18570567,Brooklyn,Bedford-Stuyvesant,40.68412,-73.95039,Entire home/apt,200,30,0,1,0,0
3663984,13347167,Manhattan,Upper East Side,40.77288,-73.95711,Entire home/apt,119,30,10,31,303,3
3755474,9928037,Manhattan,Murray Hill,40.74741,-73.97667,Entire home/apt,149,30,8,1,0,0
3898329,20177186,Manhattan,Battery Park City,40.70772,-74.01557,Entire home/apt,200,30,6,1,0,0
3757178,19233588,Manhattan,Tribeca,40.71726,-74.01134,Entire home/apt,200,30,16,1,0,0
3665787,18588115,Brooklyn,Bedford-Stuyvesant,40.69133,-73.95295,Entire home/apt,232,4,6,1,12,6
3898625,13717740,Manhattan,Washington Heights,40.83377,-73.94278,Private room,70,30,6,2,365,0
3666653,17544112,Brooklyn,Bay Ridge,40.62157,-74.025,Entire home/apt,170,4,180,1,288,22
3666709,18594426,Manhattan,Upper East Side,40.77271,-73.95269,Entire home/apt,119,30,13,1,0,0
3758296,19240279,Manhattan,Harlem,40.80765,-73.95627,Private room,118,5,30,1,17,0
3902156,5072123,Brooklyn,Fort Greene,40.69036,-73.98024,Entire home/apt,185,30,16,1,265,2
3758686,19242857,Brooklyn,Crown Heights,40.67561,-73.93118,Entire home/apt,120,3,109,1,238,2
3670659,16437254,Brooklyn,Clinton Hill,40.68362,-73.96014,Entire home/apt,247,30,16,14,327,2
3902791,6426063,Manhattan,West Village,40.73317,-74.00356,Entire home/apt,199,30,5,1,0,0
3675957,2076525,Brooklyn,Navy Yard,40.69828,-73.97604,Entire home/apt,153,7,17,1,0,0
3759814,19250555,Queens,Elmhurst,40.74151,-73.88053,Private room,58,7,11,1,57,1
3905802,8524356,Queens,Long Island City,40.75324,-73.91308,Private room,43,27,4,2,250,1
3760029,19250606,Queens,Astoria,40.75481,-73.916,Entire home/apt,150,2,168,1,250,0
3908094,5879951,Brooklyn,Williamsburg,40.70688,-73.93491,Private room,70,30,5,1,0,0
3760158,10491406,Brooklyn,Prospect Heights,40.67643,-73.96392,Entire home/apt,340,30,46,1,0,1
3760592,9864136,Manhattan,Kips Bay,40.74119,-73.97995,Private room,98,30,57,28,250,0
3677769,18681479,Queens,Sunnyside,40.74329,-73.92317,Private room,75,30,118,1,0,0
3677995,9553177,Manhattan,Harlem,40.80656,-73.95061,Entire home/apt,425,30,13,1,108,0
3908257,20243795,Brooklyn,Bedford-Stuyvesant,40.68221,-73.95481,Private room,190,3,113,1,218,3
3678796,18693665,Brooklyn,Bedford-Stuyvesant,40.68371,-73.95058,Entire home/apt,100,30,248,1,293,3
3678829,17051201,Brooklyn,Park Slope,40.67029,-73.97779,Entire home/apt,1275,3,19,2,0,4
3678990,7474069,Manhattan,Washington Heights,40.84581,-73.94212,Private room,70,1,337,2,0,19
3760824,12720552,Brooklyn,Bushwick,40.70125,-73.92877,Private room,110,2,32,3,288,6
3765095,5242693,Brooklyn,Flatbush,40.65364,-73.96247,Private room,45,30,9,1,61,0
3766770,17479416,Manhattan,East Harlem,40.80519,-73.9364,Entire home/apt,200,3,101,3,344,13
3767079,17479416,Manhattan,East Harlem,40.8022,-73.93881,Entire home/apt,144,3,121,3,346,30
3912900,17576947,Queens,Astoria,40.76826,-73.9283,Private room,95,14,5,1,326,1
3767156,16351647,Brooklyn,Bedford-Stuyvesant,40.68217,-73.91003,Entire home/apt,152,30,289,1,145,6
3768726,17770967,Brooklyn,Bedford-Stuyvesant,40.68814,-73.93591,Entire home/apt,85,6,29,1,242,6
3913635,18834080,Manhattan,Chinatown,40.71654,-73.99109,Entire home/apt,130,30,101,1,0,0
3769052,3086826,Bronx,Mount Hope,40.84826,-73.91062,Private room,45,30,89,1,358,2
3683241,18726889,Brooklyn,Bushwick,40.68855,-73.91502,Entire home/apt,150,30,2,1,0,0
3915042,9081271,Manhattan,Murray Hill,40.74802,-73.97278,Entire home/apt,300,30,2,1,0,0
3684144,2955491,Brooklyn,Bushwick,40.69796,-73.93507,Private room,50,30,27,1,0,0
3917007,4718049,Brooklyn,Greenpoint,40.71952,-73.95374,Entire home/apt,150,30,0,1,0,0
3685433,15817252,Brooklyn,Clinton Hill,40.69646,-73.96886,Entire home/apt,100,30,7,1,0,0
3775978,19359650,Manhattan,Midtown,40.74455,-73.98478,Private room,130,30,10,1,0,0
3780113,5785240,Manhattan,Harlem,40.8096,-73.94712,Entire home/apt,120,5,118,1,259,23
3922417,7245581,Manhattan,Chelsea,40.74857,-73.99708,Entire home/apt,109,120,18,19,178,1
3923128,13347167,Manhattan,Upper East Side,40.77116,-73.95685,Entire home/apt,119,30,6,31,253,1
3924325,20278196,Brooklyn,East Flatbush,40.66304,-73.92507,Private room,79,30,7,2,259,0
3780715,18880856,Brooklyn,Bedford-Stuyvesant,40.68334,-73.948,Private room,100,2,93,1,132,0
3685704,2640773,Brooklyn,Bedford-Stuyvesant,40.688835,-73.942787,Entire home/apt,160,2,193,2,206,40
3686972,18690148,Manhattan,Upper West Side,40.7791,-73.9793,Entire home/apt,200,30,35,1,0,0
3687172,5771331,Manhattan,SoHo,40.72704,-74.00085,Entire home/apt,190,30,20,1,0,0
3928241,14549202,Manhattan,Lower East Side,40.71957,-73.9863,Entire home/apt,140,70,0,1,0,0
3687227,4765290,Brooklyn,Bedford-Stuyvesant,40.68769,-73.95333,Private room,65,30,3,1,0,0
3780746,19395095,Manhattan,Hell's Kitchen,40.76517,-73.98828,Private room,150,30,0,1,0,0
3929669,622694,Brooklyn,Greenpoint,40.73094,-73.95202,Entire home/apt,120,30,12,1,0,0
3782441,5003239,Manhattan,Greenwich Village,40.73066,-73.99947,Private room,170,30,29,1,308,1
3688197,11371357,Brooklyn,Kensington,40.64573,-73.97711,Entire home/apt,99,30,11,1,0,1
3692566,2673332,Brooklyn,Kensington,40.64327,-73.976,Entire home/apt,395,5,35,1,0,0
3694441,1010344,Brooklyn,Bedford-Stuyvesant,40.68563,-73.95561,Entire home/apt,200,30,6,1,0,0
3694498,18646528,Brooklyn,Williamsburg,40.71427,-73.94139,Entire home/apt,165,3,6,1,0,0
3930149,92782,Brooklyn,Greenpoint,40.72285,-73.94177,Entire home/apt,132,30,11,1,0,0
3695725,303346,Brooklyn,Williamsburg,40.71625,-73.95667,Entire home/apt,375,30,137,1,179,2
3782925,3363799,Brooklyn,Williamsburg,40.71179,-73.94871,Entire home/apt,150,5,127,1,258,23
3783016,3716641,Manhattan,Upper West Side,40.79126,-73.97182,Entire home/apt,124,30,21,6,23,2
3783021,3716641,Manhattan,Upper West Side,40.79199,-73.97346,Entire home/apt,124,30,25,6,69,2
3930878,20364466,Manhattan,East Village,40.72524,-73.98074,Entire home/apt,250,30,7,1,0,0
3696043,807340,Brooklyn,Brownsville,40.66771,-73.92333,Entire home/apt,90,2,243,1,130,30
3931975,20370789,Manhattan,Upper West Side,40.79558,-73.96218,Private room,70,30,0,1,139,0
3696746,18138735,Manhattan,Gramercy,40.73481,-73.98422,Entire home/apt,195,5,103,1,0,0
3789265,5680409,Manhattan,Washington Heights,40.85665,-73.92874,Shared room,100,30,0,1,0,0
3933059,20377328,Manhattan,Washington Heights,40.85621,-73.93209,Entire home/apt,80,30,4,1,0,0
3789758,18609156,Brooklyn,Greenpoint,40.72793,-73.95011,Entire home/apt,115,30,2,1,0,0
3791244,2119276,Manhattan,West Village,40.73368,-74.00797,Entire home/apt,155,30,24,22,279,5
3791325,3028267,Brooklyn,Clinton Hill,40.69375,-73.96576,Entire home/apt,150,30,20,1,98,0
3793161,3250450,Queens,Woodside,40.75482,-73.90828,Private room,42,30,13,18,337,2
3698367,5465947,Brooklyn,Prospect Heights,40.67929,-73.97208,Private room,68,30,6,1,0,0
3933382,20379079,Queens,Long Island City,40.7512,-73.94019,Private room,45,30,3,1,0,0
3700364,7644834,Manhattan,Greenwich Village,40.73016,-73.99775,Entire home/apt,199,30,60,1,0,0
3939086,881214,Bronx,Mott Haven,40.80866,-73.92069,Private room,45,30,14,1,0,0
3701708,18866837,Brooklyn,Park Slope,40.68001,-73.97473,Private room,65,60,2,1,0,0
3793542,700913,Brooklyn,Williamsburg,40.71675,-73.95362,Entire home/apt,147,30,12,1,0,0
3797183,2538522,Brooklyn,Boerum Hill,40.68569,-73.98224,Entire home/apt,185,3,1,1,0,0
3939535,20411855,Queens,Briarwood,40.70909,-73.8181,Private room,70,30,68,1,258,1
3798874,19510462,Brooklyn,Park Slope,40.68188,-73.97786,Entire home/apt,279,30,4,1,0,0
3798941,6642777,Brooklyn,Williamsburg,40.71067,-73.9525,Private room,112,1,705,2,17,116
3701890,3146957,Manhattan,Upper West Side,40.77987,-73.98548,Entire home/apt,143,30,5,1,0,0
3703037,18876264,Manhattan,Upper West Side,40.77817,-73.97844,Entire home/apt,200,30,0,1,0,0
3942731,2555556,Manhattan,Battery Park City,40.70619,-74.01791,Entire home/apt,225,30,7,1,0,0
3706213,10856201,Manhattan,Hell's Kitchen,40.76027,-73.99081,Entire home/apt,190,30,0,1,0,0
3800547,7453027,Brooklyn,Canarsie,40.64091,-73.90113,Entire home/apt,90,30,109,1,218,0
3943879,20435647,Brooklyn,Williamsburg,40.71721,-73.95869,Entire home/apt,92,30,93,1,0,0
3800549,810266,Brooklyn,Williamsburg,40.71685,-73.96137,Entire home/apt,125,30,1,1,0,0
3710162,1788746,Manhattan,Nolita,40.72188,-73.99611,Private room,84,30,6,1,0,0
3944625,20440955,Brooklyn,Brooklyn Heights,40.69414,-73.99572,Private room,99,30,220,1,259,3
3710230,18929364,Brooklyn,Prospect-Lefferts Gardens,40.66311,-73.95354,Entire home/apt,199,30,18,1,0,0
3710685,15789646,Queens,Sunnyside,40.74402,-73.9157,Entire home/apt,121,30,92,3,342,4
3713233,14157138,Brooklyn,Crown Heights,40.66875,-73.92389,Private room,115,1,9,2,362,1
3801701,12090062,Manhattan,Chelsea,40.73988,-73.99864,Entire home/apt,83,11,50,1,1,4
3945636,20446890,Queens,Astoria,40.77,-73.92833,Private room,63,30,5,1,7,0
3802538,16677444,Manhattan,Theater District,40.75678,-73.98995,Private room,50,1,160,1,0,0
3945796,20447869,Manhattan,Kips Bay,40.74476,-73.97837,Private room,90,20,16,2,0,0
3803622,19544909,Manhattan,Civic Center,40.7132,-74.005,Entire home/apt,200,30,10,1,310,0
3993553,6198638,Brooklyn,Park Slope,40.67687,-73.97897,Entire home/apt,155,30,2,1,0,0
3998977,5162192,Manhattan,Civic Center,40.71363,-74.0063,Entire home/apt,400,30,1,20,10,0
3946018,20449160,Manhattan,Hell's Kitchen,40.76122,-73.98801,Entire home/apt,189,30,69,1,0,0
3999228,14545465,Manhattan,West Village,40.73455,-74.00614,Entire home/apt,115,30,16,1,0,0
3808358,19569282,Queens,Astoria,40.76315,-73.92709,Private room,45,30,1,1,0,0
3946115,20449763,Manhattan,Upper West Side,40.79877,-73.96805,Entire home/apt,600,5,4,1,250,1
3808405,15449599,Manhattan,Midtown,40.75914,-73.96119,Entire home/apt,100,30,12,1,0,0
4000579,3146353,Brooklyn,Clinton Hill,40.68288,-73.9611,Entire home/apt,156,30,3,1,0,0
3946239,20449694,Brooklyn,Bedford-Stuyvesant,40.68805,-73.95865,Entire home/apt,800,30,12,1,0,0
3946288,20438402,Manhattan,East Harlem,40.79465,-73.935,Entire home/apt,1000,3,26,1,263,3
4003515,2787824,Queens,Glendale,40.704,-73.89389,Private room,95,30,46,1,0,0
3817304,6615826,Queens,Sunnyside,40.74246,-73.9272,Private room,65,21,10,1,0,0
3817666,162280872,Manhattan,Hell's Kitchen,40.76469,-73.98694,Entire home/apt,170,30,14,98,341,2
3818279,2119276,Manhattan,Kips Bay,40.74249,-73.97304,Entire home/apt,200,30,7,22,193,0
3818298,3856533,Manhattan,Harlem,40.80259,-73.95563,Private room,120,31,23,1,0,0
3951363,9769764,Brooklyn,Bushwick,40.68762,-73.9162,Private room,65,30,0,1,0,0
4006264,942933,Manhattan,Harlem,40.80455,-73.95651,Entire home/apt,115,30,1,1,0,0
4007770,16949652,Manhattan,Harlem,40.80655,-73.94854,Entire home/apt,275,30,0,1,0,0
3952093,20484008,Manhattan,Upper West Side,40.79304,-73.97495,Entire home/apt,130,30,97,2,0,0
4013339,2090439,Manhattan,Little Italy,40.71836,-73.99708,Entire home/apt,160,5,158,1,0,0
3819136,18919268,Brooklyn,Bedford-Stuyvesant,40.69119,-73.95464,Private room,55,30,0,2,0,0
3953314,295128,Bronx,Clason Point,40.81167,-73.85387,Private room,154,2,24,6,15,0
3953415,295128,Bronx,Clason Point,40.81204,-73.85526,Private room,75,30,0,6,15,0
3958460,10194688,Manhattan,Upper West Side,40.77189,-73.98011,Private room,169,7,243,2,10,20
4013668,20809866,Brooklyn,Park Slope,40.66874,-73.97962,Entire home/apt,170,4,126,1,0,0
3962389,20534981,Brooklyn,Flatlands,40.61942,-73.92315,Entire home/apt,125,30,12,1,263,0
4016121,14707270,Manhattan,Nolita,40.72364,-73.99307,Entire home/apt,350,30,1,1,0,0
3819656,19644902,Manhattan,Greenwich Village,40.72901,-73.99963,Entire home/apt,165,30,2,1,0,0
3825437,7018154,Manhattan,Gramercy,40.73294,-73.98436,Entire home/apt,190,5,5,1,0,0
3962586,20536249,Manhattan,East Village,40.73341,-73.98762,Private room,150,30,1,1,0,0
3963137,5742948,Brooklyn,Bedford-Stuyvesant,40.68448,-73.91352,Entire home/apt,199,30,9,1,0,0
3827442,1484799,Manhattan,West Village,40.72898,-74.00367,Entire home/apt,349,30,10,1,0,0
3829039,4702135,Brooklyn,Williamsburg,40.7129,-73.95673,Private room,150,30,0,1,0,0
4016142,20822611,Manhattan,Lower East Side,40.7187,-73.98578,Private room,170,5,31,1,173,4
3963635,20543178,Brooklyn,Bedford-Stuyvesant,40.67987,-73.93884,Entire home/apt,215,2,58,2,12,16
4017226,20830484,Brooklyn,Park Slope,40.68168,-73.97978,Private room,60,30,1,1,0,0
3968610,20567256,Manhattan,Greenwich Village,40.72812,-74.00014,Entire home/apt,128,30,42,1,46,0
4020425,20843936,Bronx,Mott Haven,40.80948,-73.9243,Private room,95,3,20,2,295,2
3829261,19708200,Brooklyn,Canarsie,40.63883,-73.91748,Private room,49,4,59,2,313,14
3970701,20278196,Brooklyn,East Flatbush,40.66293,-73.92522,Private room,71,30,12,2,266,1
3970755,3164949,Brooklyn,Cobble Hill,40.68741,-73.99477,Entire home/apt,160,30,0,1,0,0
3832863,18094896,Manhattan,SoHo,40.72777,-74.00427,Entire home/apt,350,30,23,1,96,0
4024582,6474826,Brooklyn,Williamsburg,40.70882,-73.96889,Entire home/apt,174,30,92,1,57,1
3971526,1840581,Brooklyn,Flatbush,40.63571,-73.96101,Private room,65,30,0,1,0,0
4025313,17249397,Manhattan,Financial District,40.70462,-74.00811,Shared room,96,30,8,2,0,0
4025329,9743617,Manhattan,Harlem,40.81469,-73.94324,Entire home/apt,135,4,135,7,296,17
4026150,16514175,Queens,Elmhurst,40.74674,-73.88593,Entire home/apt,110,4,211,3,281,39
4028670,7877288,Manhattan,Lower East Side,40.72102,-73.98622,Entire home/apt,120,30,0,1,0,0
3833538,2141246,Brooklyn,Bedford-Stuyvesant,40.68127,-73.94865,Entire home/apt,90,30,2,1,0,0
3835633,19708200,Brooklyn,Canarsie,40.64039,-73.91576,Private room,52,4,43,2,293,14
3835681,3339701,Queens,Ditmars Steinway,40.77443,-73.91925,Private room,50,1,192,4,315,4
3835757,3339701,Queens,Ditmars Steinway,40.77364,-73.91987,Private room,50,1,268,4,313,27
3836180,19758346,Manhattan,West Village,40.73645,-74.00122,Entire home/apt,225,30,5,1,0,0
3836199,19758179,Queens,East Elmhurst,40.76412,-73.88197,Entire home/apt,157,30,129,6,365,2
3838375,177233,Manhattan,Upper West Side,40.79859,-73.96442,Entire home/apt,151,30,116,1,187,3
3838416,107340,Brooklyn,Prospect-Lefferts Gardens,40.6594,-73.95661,Entire home/apt,225,30,3,1,0,0
3971580,17576229,Brooklyn,Bay Ridge,40.63562,-74.0235,Entire home/apt,130,30,1,1,0,0
3839364,9332835,Bronx,Fieldston,40.89034,-73.90325,Entire home/apt,75,30,5,1,125,1
3839717,3250450,Queens,Woodside,40.74205,-73.90862,Private room,40,30,4,18,345,0
3840324,10366196,Brooklyn,Williamsburg,40.70824,-73.94681,Entire home/apt,120,9,19,1,0,0
3841033,9708374,Brooklyn,Bay Ridge,40.6337,-74.02527,Entire home/apt,119,30,1,1,0,0
3841048,18286622,Manhattan,Lower East Side,40.72014,-73.98601,Entire home/apt,150,30,8,1,0,0
4031463,20900568,Bronx,Norwood,40.87647,-73.87626,Private room,60,30,121,1,266,2
4031809,20902552,Manhattan,Washington Heights,40.83456,-73.94344,Private room,100,30,0,1,0,0
4032229,13649613,Bronx,University Heights,40.85688,-73.9154,Private room,46,2,168,4,5,23
4033300,2155917,Brooklyn,Bedford-Stuyvesant,40.68586,-73.95558,Entire home/apt,190,60,34,1,322,1
3971948,19808313,Brooklyn,Clinton Hill,40.68316,-73.96163,Entire home/apt,103,30,0,1,0,0
3974464,20047729,Manhattan,Upper West Side,40.7899,-73.97624,Private room,50,30,0,1,0,0
4033422,20911928,Staten Island,Lighthouse Hill,40.57716,-74.14087,Entire home/apt,250,30,56,1,363,0
3848431,19839188,Manhattan,Harlem,40.81923,-73.95248,Entire home/apt,120,25,16,1,270,4
3975630,20604091,Queens,Woodside,40.7427,-73.91262,Entire home/apt,150,2,191,2,134,40
4033444,20912185,Brooklyn,Crown Heights,40.66644,-73.92964,Entire home/apt,135,4,171,1,297,19
4033521,1369577,Brooklyn,Crown Heights,40.67308,-73.92508,Entire home/apt,95,4,184,3,90,22
4033998,11818785,Queens,Jackson Heights,40.75086,-73.88755,Private room,200,30,0,1,88,0
3979360,20624434,Manhattan,Midtown,40.74759,-73.98539,Entire home/apt,240,30,7,1,0,0
4037379,5642757,Brooklyn,Flatbush,40.62918,-73.96384,Entire home/apt,104,30,9,1,0,0
3848825,19842087,Manhattan,Civic Center,40.71382,-74.00546,Private room,133,1,10,1,0,5
3979611,19407840,Manhattan,Roosevelt Island,40.75465,-73.95662,Entire home/apt,1400,90,31,1,90,0
4128428,21416490,Manhattan,Murray Hill,40.74792,-73.98198,Private room,325,4,15,1,179,3
4037522,608396,Queens,Astoria,40.76271,-73.90882,Private room,99,30,16,1,296,0
4038794,19638238,Manhattan,Harlem,40.8328,-73.94895,Private room,70,30,29,1,222,0
3985673,6337882,Manhattan,Chelsea,40.75249,-74.00163,Entire home/apt,186,30,16,1,33,2
4128450,6885530,Brooklyn,Boerum Hill,40.68627,-73.99052,Entire home/apt,180,30,2,1,0,0
4129909,9234456,Brooklyn,Bedford-Stuyvesant,40.69548,-73.93517,Private room,83,2,61,2,0,0
3987571,20670026,Brooklyn,Bedford-Stuyvesant,40.68085,-73.94861,Entire home/apt,156,2,342,1,285,37
4135674,2011110,Brooklyn,Fort Greene,40.68767,-73.97504,Entire home/apt,300,30,5,1,0,0
3987599,20670246,Brooklyn,Bushwick,40.68696,-73.91698,Entire home/apt,93,30,26,1,1,0
4137414,9232428,Manhattan,East Village,40.72934,-73.98603,Entire home/apt,135,30,6,1,0,0
3989564,1272714,Brooklyn,Bedford-Stuyvesant,40.68148,-73.94275,Entire home/apt,119,3,290,1,176,36
3993388,20700765,Manhattan,Hell's Kitchen,40.75615,-73.99357,Private room,149,30,200,1,0,0
4142125,18189742,Brooklyn,Sunset Park,40.66355,-73.99547,Entire home/apt,140,30,0,1,0,0
4039789,20945243,Bronx,Concourse Village,40.83264,-73.91681,Entire home/apt,90,30,1,1,0,0
4279323,21140491,Brooklyn,Prospect-Lefferts Gardens,40.65681,-73.9484,Private room,80,30,2,1,0,0
4041189,19755511,Manhattan,Washington Heights,40.83515,-73.93831,Entire home/apt,75,4,3,1,0,0
4041351,2034343,Brooklyn,Crown Heights,40.67152,-73.92687,Private room,80,30,0,1,0,0
4281241,22227178,Manhattan,Greenwich Village,40.73502,-73.99361,Entire home/apt,149,30,26,1,0,0
4144630,21500500,Brooklyn,Williamsburg,40.71794,-73.95682,Private room,125,30,0,1,0,0
4285522,22243932,Manhattan,Harlem,40.81446,-73.94156,Private room,189,2,9,1,67,5
4152752,21546973,Manhattan,Hell's Kitchen,40.76375,-73.99271,Private room,155,2,480,1,43,36
4041383,20955075,Manhattan,Harlem,40.81118,-73.94121,Private room,50,30,5,1,0,0
4291654,22280299,Brooklyn,Williamsburg,40.70407,-73.93562,Private room,100,30,0,1,0,0
4044625,20971414,Manhattan,Chinatown,40.71472,-73.99123,Entire home/apt,300,30,7,1,0,0
4293935,1141935,Brooklyn,Crown Heights,40.67247,-73.94797,Private room,117,30,77,3,273,0
4294546,13402436,Brooklyn,Greenpoint,40.72424,-73.94826,Entire home/apt,155,1,77,1,11,9
4044906,15582617,Brooklyn,Fort Greene,40.68834,-73.97321,Entire home/apt,88,30,3,1,0,0
4294640,21499988,Brooklyn,Williamsburg,40.715,-73.95466,Private room,56,30,1,1,0,0
4294969,4473916,Manhattan,Greenwich Village,40.73113,-73.99412,Entire home/apt,450,30,1,1,0,0
4295603,7503643,Brooklyn,Greenpoint,40.7253,-73.94017,Entire home/apt,149,30,2,33,277,0
4296710,1260921,Bronx,Kingsbridge,40.86639,-73.90151,Private room,51,3,120,2,313,18
4296956,22307859,Brooklyn,Canarsie,40.63725,-73.89452,Entire home/apt,235,3,31,2,170,6
4047638,20987432,Queens,Astoria,40.76341,-73.928,Private room,80,30,27,1,0,0
4155012,21560088,Manhattan,East Village,40.72728,-73.98926,Entire home/apt,219,30,9,1,0,0
4297952,22305520,Manhattan,Chelsea,40.74912,-73.99667,Entire home/apt,200,2,300,2,177,70
4162292,21601222,Brooklyn,Flatbush,40.6357,-73.95596,Entire home/apt,160,30,45,1,218,0
4162519,1267556,Brooklyn,Flatbush,40.64064,-73.961639,Shared room,39,1,166,2,324,28
4047751,16325217,Manhattan,Upper West Side,40.79053,-73.97615,Entire home/apt,260,30,0,1,0,0
4047815,20988865,Queens,Jackson Heights,40.75351,-73.89483,Entire home/apt,100,30,24,1,0,0
4299536,17164818,Brooklyn,Clinton Hill,40.6844,-73.95924,Entire home/apt,170,4,47,1,160,2
4051643,21009723,Manhattan,Harlem,40.82621,-73.93978,Private room,45,30,1,1,0,0
4162667,21599728,Brooklyn,Prospect Heights,40.6765,-73.96466,Private room,55,60,3,1,5,1
4303600,2822805,Brooklyn,Bedford-Stuyvesant,40.68565,-73.95123,Private room,78,30,53,10,341,3
4305170,5918341,Brooklyn,Clinton Hill,40.68358,-73.96424,Entire home/apt,145,31,105,1,0,0
4053249,21019043,Brooklyn,Clinton Hill,40.68228,-73.96075,Entire home/apt,200,30,14,1,0,0
4053564,21020951,Brooklyn,Bedford-Stuyvesant,40.69281,-73.93759,Private room,118,2,34,4,327,9
4308991,6195809,Manhattan,East Village,40.7248,-73.98951,Private room,9990,30,9,1,0,0
4163804,15573381,Manhattan,Upper West Side,40.78085,-73.98471,Entire home/apt,250,30,0,1,0,0
4309648,13063145,Brooklyn,Bedford-Stuyvesant,40.68684,-73.95112,Entire home/apt,233,3,231,2,291,40
4310501,21127377,Manhattan,East Village,40.72457,-73.98866,Private room,110,30,74,1,0,0
4170796,733543,Manhattan,Harlem,40.80805,-73.94496,Entire home/apt,75,30,17,1,0,0
4054332,21026294,Brooklyn,Park Slope,40.66988,-73.97764,Private room,103,30,45,1,0,0
4312431,1834769,Queens,Maspeth,40.72452,-73.90629,Entire home/apt,125,30,6,2,0,0
4316648,21020951,Brooklyn,Bedford-Stuyvesant,40.69531,-73.94106,Private room,97,2,22,4,218,7
4322711,77328,Queens,South Ozone Park,40.67495,-73.80526,Private room,150,30,0,1,342,0
4055732,12368114,Brooklyn,Clinton Hill,40.68264,-73.96243,Private room,40,30,1,1,0,0
4056741,914838,Manhattan,Hell's Kitchen,40.76476,-73.99333,Entire home/apt,75,30,11,8,335,2
4172303,2694183,Brooklyn,Red Hook,40.67863,-74.01086,Entire home/apt,225,30,3,1,203,1
4329728,2657430,Manhattan,Chelsea,40.74865,-74.00136,Private room,116,30,20,2,0,0
4331684,22487371,Manhattan,Midtown,40.75427,-73.99184,Entire home/apt,295,5,16,1,0,0
4058515,325994,Brooklyn,Bedford-Stuyvesant,40.69171,-73.95997,Entire home/apt,110,30,6,1,65,1
4058701,20484008,Manhattan,Upper West Side,40.79288,-73.97649,Private room,170,30,3,2,0,0
4059620,2788262,Manhattan,NoHo,40.72586,-73.99515,Entire home/apt,185,2,271,1,9,41
4338541,22410033,Manhattan,Morningside Heights,40.80981,-73.9597,Entire home/apt,150,30,9,1,0,0
4338548,910592,Brooklyn,Bedford-Stuyvesant,40.68519,-73.94124,Entire home/apt,175,7,16,1,173,0
4172633,21652004,Queens,Astoria,40.75824,-73.9202,Entire home/apt,110,30,1,1,0,0
4339202,22527661,Queens,Astoria,40.76054,-73.91786,Private room,70,30,2,1,0,0
4173751,9197440,Manhattan,Harlem,40.81403,-73.94149,Entire home/apt,99,30,5,1,0,0
4059794,11402749,Manhattan,Civic Center,40.71354,-74.0049,Entire home/apt,120,5,2,1,0,0
4060446,21060554,Manhattan,Inwood,40.87271,-73.92026,Entire home/apt,99,30,69,1,260,1
4339924,22530714,Brooklyn,Bushwick,40.69867,-73.92866,Entire home/apt,200,90,91,1,0,0
4340609,7503643,Brooklyn,Greenpoint,40.72746,-73.94016,Entire home/apt,199,30,7,33,264,1
4343860,7679928,Manhattan,Gramercy,40.7337,-73.98268,Entire home/apt,199,30,18,1,0,0
4343913,20830,Manhattan,Hell's Kitchen,40.76091,-73.99085,Private room,75,30,10,1,100,1
4060993,21064077,Queens,Ridgewood,40.70067,-73.90657,Entire home/apt,52,30,5,1,0,0
4174847,21663531,Queens,Ridgewood,40.70899,-73.9027,Private room,48,8,44,1,162,3
4349695,22578720,Brooklyn,Flatbush,40.64366,-73.95924,Private room,69,30,33,1,0,0
4178851,21680683,Brooklyn,Williamsburg,40.71934,-73.95839,Entire home/apt,477,3,193,1,204,44
4181102,908906,Manhattan,Chinatown,40.71538,-73.9908,Private room,100,30,14,2,0,0
4066224,4050500,Brooklyn,Williamsburg,40.71326,-73.93859,Entire home/apt,482,2,282,1,266,42
4350406,1717520,Manhattan,East Village,40.7239,-73.98312,Entire home/apt,150,30,0,1,0,0
4350495,14194388,Manhattan,East Harlem,40.79065,-73.9483,Private room,69,30,1,1,0,0
4351563,16504161,Brooklyn,Prospect Heights,40.67774,-73.96398,Entire home/apt,145,30,8,1,0,0
4352537,22595345,Manhattan,Gramercy,40.73506,-73.98142,Private room,85,23,56,1,277,5
4067820,21096298,Bronx,Unionport,40.82914,-73.85473,Private room,60,1,136,1,344,40
4067861,21096602,Brooklyn,East Flatbush,40.64412,-73.95012,Private room,65,30,0,1,0,0
4181828,21694428,Bronx,Concourse Village,40.83401,-73.9168,Shared room,35,2,27,1,3,5
4354764,16572955,Brooklyn,Canarsie,40.6403,-73.89549,Private room,90,2,146,1,358,17
4354901,14730409,Brooklyn,Williamsburg,40.70941,-73.94556,Private room,45,30,0,1,0,0
4069228,14793862,Brooklyn,Flatbush,40.65235,-73.95402,Entire home/apt,115,3,64,1,0,0
4069341,21105084,Manhattan,Harlem,40.81491,-73.95412,Entire home/apt,130,30,34,2,0,0
4355934,16954768,Manhattan,Harlem,40.81951,-73.9546,Private room,41,30,179,3,250,0
4356396,20539345,Manhattan,Upper East Side,40.78054,-73.94992,Entire home/apt,125,120,21,2,0,0
4357134,7809661,Queens,Ditmars Steinway,40.77172,-73.91769,Entire home/apt,200,30,0,1,0,0
4070025,21110000,Brooklyn,DUMBO,40.70448,-73.98541,Entire home/apt,350,30,186,1,276,7
4183424,9405848,Manhattan,West Village,40.7317,-74.00424,Entire home/apt,190,7,18,1,154,2
4183801,21706654,Brooklyn,Bedford-Stuyvesant,40.68592,-73.93087,Entire home/apt,96,30,137,1,261,4
4357892,22727798,Queens,Bay Terrace,40.77769,-73.78206,Entire home/apt,163,30,95,1,0,0
4183989,919218,Manhattan,Harlem,40.80468,-73.94913,Private room,65,30,52,2,75,2
4074248,6459254,Brooklyn,Williamsburg,40.71442,-73.94654,Private room,500,30,34,1,88,0
4359718,841179,Brooklyn,Bushwick,40.6968,-73.90816,Entire home/apt,144,30,145,1,143,2
4076084,7116594,Brooklyn,Williamsburg,40.7104,-73.96642,Entire home/apt,100,30,2,1,0,0
4187653,12360407,Brooklyn,Bay Ridge,40.62433,-74.02892,Private room,85,30,1,1,0,0
4189428,21734605,Brooklyn,Prospect Heights,40.67968,-73.97407,Entire home/apt,95,30,0,2,0,0
4359756,2129777,Queens,Long Island City,40.75061,-73.93908,Private room,233,2,34,1,80,11
4190301,21739563,Brooklyn,Bedford-Stuyvesant,40.69525,-73.93768,Private room,100,30,0,1,0,0
4191257,17106992,Manhattan,Murray Hill,40.74499,-73.97565,Entire home/apt,200,30,1,1,0,0
4194494,10367443,Manhattan,SoHo,40.72191,-74.00017,Entire home/apt,397,30,10,1,0,0
4077427,4148174,Brooklyn,Williamsburg,40.70758,-73.94858,Entire home/apt,175,30,2,1,0,0
4362474,13481367,Manhattan,East Village,40.72867,-73.982,Entire home/apt,199,2,10,1,0,0
4196039,21768291,Brooklyn,Greenpoint,40.72207,-73.94005,Entire home/apt,75,30,0,1,0,0
4362570,19735589,Brooklyn,Park Slope,40.6764,-73.97572,Entire home/apt,220,2,131,1,150,19
4077744,1707185,Brooklyn,Greenpoint,40.72017,-73.95424,Entire home/apt,350,7,41,1,283,7
4364924,22657141,Manhattan,Upper West Side,40.77695,-73.98133,Entire home/apt,350,30,0,1,0,0
4081707,4792032,Brooklyn,Red Hook,40.67708,-74.01237,Entire home/apt,385,30,10,1,0,0
4198391,7805184,Manhattan,East Village,40.72893,-73.98253,Entire home/apt,166,30,0,1,0,0
4365242,22658749,Manhattan,East Harlem,40.80645,-73.93959,Private room,75,30,5,2,0,0
4365276,3081990,Brooklyn,Williamsburg,40.70832,-73.95588,Entire home/apt,199,2,236,1,5,35
4198695,21782731,Brooklyn,Midwood,40.62944,-73.95639,Private room,53,30,7,1,339,0
4199411,21787420,Manhattan,Greenwich Village,40.73111,-73.99287,Entire home/apt,350,30,0,1,0,0
4199782,21789707,Brooklyn,South Slope,40.66733,-73.98622,Entire home/apt,183,5,152,1,5,10
4203119,21806075,Manhattan,Nolita,40.72231,-73.99456,Private room,225,30,0,1,0,0
4203460,12419083,Manhattan,Kips Bay,40.74321,-73.98192,Entire home/apt,270,30,0,1,0,0
4204302,17550546,Manhattan,Greenwich Village,40.73293,-73.99782,Entire home/apt,180,1250,2,1,0,0
4204988,1162642,Manhattan,East Village,40.72626,-73.99173,Entire home/apt,350,30,0,2,0,0
4206034,18382740,Staten Island,Randall Manor,40.63603,-74.0951,Entire home/apt,115,7,41,1,34,0
4206087,2423107,Brooklyn,Prospect-Lefferts Gardens,40.66244,-73.95929,Entire home/apt,120,30,4,1,0,0
4209595,20700823,Manhattan,Greenwich Village,40.73323,-73.99294,Entire home/apt,225,30,1,1,0,0
4211276,21064917,Brooklyn,Prospect-Lefferts Gardens,40.66322,-73.95184,Entire home/apt,275,30,3,1,0,0
4216183,14565233,Brooklyn,Williamsburg,40.71626,-73.93968,Entire home/apt,115,30,3,1,0,0
4216435,1361993,Bronx,Kingsbridge,40.8838,-73.89513,Entire home/apt,110,30,0,1,0,0
4216813,9904977,Brooklyn,Greenpoint,40.72283,-73.93921,Entire home/apt,222,3,152,1,284,38
4217758,10618980,Brooklyn,Bushwick,40.70669,-73.91824,Private room,98,2,219,1,11,27
4225738,835105,Brooklyn,Downtown Brooklyn,40.68984,-73.9884,Entire home/apt,124,30,9,1,153,0
4225745,21930475,Brooklyn,Clinton Hill,40.68246,-73.96511,Entire home/apt,73,30,7,1,0,0
4226098,21930989,Manhattan,Upper West Side,40.78817,-73.97621,Private room,129,1,398,1,87,36
4081800,4835582,Manhattan,Harlem,40.80988,-73.94403,Entire home/apt,120,30,300,1,257,37
4082357,3801427,Brooklyn,Greenpoint,40.72667,-73.94139,Entire home/apt,66,30,27,1,0,0
4084603,7861502,Manhattan,East Village,40.72861,-73.98529,Entire home/apt,200,30,1,1,0,0
4365833,208410,Brooklyn,Williamsburg,40.71773,-73.95318,Entire home/apt,150,30,7,1,0,0
4366053,19805631,Manhattan,East Harlem,40.7993,-73.93895,Private room,65,30,20,4,341,1
4085647,21145652,Brooklyn,East New York,40.65862,-73.87867,Entire home/apt,100,30,9,1,0,0
4227018,21937306,Brooklyn,Williamsburg,40.71752,-73.94187,Shared room,150,30,0,1,0,0
4227499,2811458,Manhattan,Chelsea,40.74675,-74.00362,Entire home/apt,345,30,75,1,193,1
4227554,21941065,Queens,Woodside,40.74372,-73.90856,Entire home/apt,190,30,143,1,0,0
4370230,22686810,Manhattan,Nolita,40.721,-73.99536,Entire home/apt,215,30,5,1,0,0
4232356,9368118,Manhattan,Upper East Side,40.77065,-73.95163,Entire home/apt,150,30,0,1,0,0
4232865,21964818,Manhattan,Upper West Side,40.78263,-73.97596,Entire home/apt,250,30,1,1,0,0
4089102,21183428,Brooklyn,Bedford-Stuyvesant,40.68401,-73.95626,Entire home/apt,170,3,248,2,272,39
4091823,12646225,Manhattan,Upper West Side,40.79921,-73.96171,Entire home/apt,175,30,8,1,0,0
4377929,7245580,Manhattan,East Village,40.72775,-73.98454,Entire home/apt,215,4,258,1,244,27
4092826,21228368,Queens,Forest Hills,40.71336,-73.849,Entire home/apt,183,4,148,1,92,26
4096470,4065620,Brooklyn,Bedford-Stuyvesant,40.685,-73.93699,Entire home/apt,155,30,9,2,335,3
4233006,21965282,Brooklyn,Bay Ridge,40.63355,-74.03016,Private room,61,30,33,4,335,0
4235620,21979970,Queens,Flushing,40.73363,-73.79806,Entire home/apt,100,30,22,1,89,2
4240861,22005943,Brooklyn,Bushwick,40.69095,-73.91628,Private room,90,2,143,1,250,0
4241028,22006854,Queens,Jamaica,40.68491,-73.79561,Entire home/apt,89,1,433,1,352,34
4243533,8732038,Queens,Woodside,40.74808,-73.90404,Private room,100,30,0,1,0,0
4378951,510577,Brooklyn,Bedford-Stuyvesant,40.68397,-73.93911,Entire home/apt,192,5,233,1,126,4
4102208,21279472,Brooklyn,Gowanus,40.67376,-73.99726,Entire home/apt,160,2,148,1,1,10
4379307,11742895,Manhattan,West Village,40.73904,-74.00167,Entire home/apt,180,2,1,1,0,0
4108547,21315876,Manhattan,East Village,40.72357,-73.98753,Private room,113,1,195,2,7,31
4383734,18674671,Brooklyn,Bushwick,40.69435,-73.91852,Private room,50,30,12,1,0,0
4110645,21327210,Brooklyn,Bay Ridge,40.63664,-74.02598,Private room,83,1,70,2,163,15
4384181,457976,Brooklyn,Bedford-Stuyvesant,40.69073,-73.94072,Entire home/apt,163,2,204,1,119,51
4115327,21352288,Brooklyn,South Slope,40.66627,-73.98801,Entire home/apt,151,3,200,1,180,48
4116403,4314639,Brooklyn,Crown Heights,40.67284,-73.9521,Private room,65,30,0,1,0,0
4384442,7010789,Brooklyn,Crown Heights,40.67054,-73.95668,Private room,45,30,1,1,0,0
4384820,22764554,Brooklyn,Williamsburg,40.71653,-73.95973,Private room,135,30,1,1,0,0
4117817,4516038,Brooklyn,Williamsburg,40.71682,-73.9433,Private room,64,5,4,1,0,0
4120122,21373495,Brooklyn,Williamsburg,40.71206,-73.94315,Private room,63,1,130,1,293,0
4385360,7809712,Manhattan,Lower East Side,40.71801,-73.99099,Entire home/apt,275,30,0,1,0,0
4386718,22502212,Manhattan,Upper West Side,40.78749,-73.97087,Entire home/apt,175,30,1,1,0,0
4120954,18890810,Brooklyn,Bedford-Stuyvesant,40.68492,-73.93776,Entire home/apt,398,3,49,1,218,0
4121173,17249397,Manhattan,Financial District,40.7064,-74.00796,Entire home/apt,150,30,2,2,0,0
4387152,22262958,Brooklyn,Williamsburg,40.71359,-73.9554,Entire home/apt,176,3,130,1,1,19
4121363,21380762,Manhattan,East Harlem,40.80711,-73.93784,Entire home/apt,100,30,22,1,228,7
4244476,782008,Brooklyn,Greenpoint,40.73093,-73.95332,Private room,75,30,1,1,0,0
4244576,21977919,Manhattan,Washington Heights,40.8544,-73.93091,Shared room,41,30,1,1,0,0
4387491,3597708,Brooklyn,Bedford-Stuyvesant,40.68689,-73.95725,Entire home/apt,115,30,9,1,0,0
4125398,21400083,Manhattan,Upper West Side,40.78551,-73.97324,Private room,100,30,10,1,0,0
4390865,22688555,Manhattan,Upper East Side,40.77309,-73.95616,Shared room,172,30,3,1,0,0
4126676,19802029,Manhattan,Hell's Kitchen,40.767,-73.98499,Entire home/apt,100,14,43,1,0,0
4248788,22047286,Manhattan,Upper West Side,40.77686,-73.9788,Entire home/apt,250,30,5,1,0,0
4249342,2495483,Manhattan,Financial District,40.70771,-74.00794,Private room,196,3,58,2,39,25
4392066,5605897,Brooklyn,Williamsburg,40.71008,-73.93729,Private room,100,30,0,1,0,0
4392351,1475015,Manhattan,Kips Bay,40.7415,-73.97914,Entire home/apt,130,30,7,6,306,3
4392596,20820856,Queens,Ditmars Steinway,40.77304,-73.91167,Private room,70,30,4,1,0,0
4258867,1663994,Brooklyn,Fort Greene,40.68827,-73.97836,Entire home/apt,178,30,23,1,0,0
4127402,21336880,Brooklyn,Crown Heights,40.67664,-73.95818,Entire home/apt,150,30,14,1,0,0
4392996,844096,Manhattan,Upper West Side,40.78644,-73.97739,Entire home/apt,130,30,10,1,0,0
4127524,828682,Queens,Long Island City,40.74283,-73.95002,Entire home/apt,200,30,2,1,0,0
4128337,20543178,Brooklyn,Bedford-Stuyvesant,40.67985,-73.93668,Entire home/apt,142,2,254,2,333,26
4259427,21833312,Brooklyn,Crown Heights,40.67039,-73.93955,Entire home/apt,290,7,43,1,306,11
4393519,6032373,Manhattan,Hell's Kitchen,40.76477,-73.99507,Entire home/apt,200,2,2,1,0,0
4260964,16212001,Manhattan,Harlem,40.81811,-73.9459,Entire home/apt,150,30,92,1,97,0
4422017,22954228,Brooklyn,Prospect-Lefferts Gardens,40.65487,-73.96172,Private room,49,30,7,2,0,0
4394687,10952317,Manhattan,Upper East Side,40.77495,-73.95117,Entire home/apt,125,30,7,1,0,0
4426780,22980167,Manhattan,Harlem,40.81579,-73.93754,Entire home/apt,90,30,24,1,100,1
4261951,8533891,Manhattan,Hell's Kitchen,40.76522,-73.99353,Entire home/apt,225,30,2,1,0,0
4396939,22827111,Manhattan,Hell's Kitchen,40.76043,-73.99574,Private room,89,30,72,2,159,8
4263488,7651028,Manhattan,Hell's Kitchen,40.76842,-73.98589,Entire home/apt,150,30,0,1,0,0
4263802,11189753,Brooklyn,Fort Greene,40.68692,-73.97144,Entire home/apt,240,30,61,4,310,10
4264049,3250450,Queens,Astoria,40.76497,-73.91029,Private room,41,30,9,18,337,3
4264127,3250450,Queens,Astoria,40.75841,-73.91544,Private room,41,30,16,18,319,1
4265471,3294438,Brooklyn,Bedford-Stuyvesant,40.68542,-73.95762,Shared room,38,30,22,2,346,4
4426877,11636894,Brooklyn,Fort Greene,40.68698,-73.97273,Entire home/apt,200,30,19,1,255,0
4397455,5912357,Brooklyn,Canarsie,40.63241,-73.90313,Entire home/apt,75,30,80,1,190,3
4428027,10396079,Brooklyn,Prospect Heights,40.67932,-73.96787,Entire home/apt,150,30,5,1,0,0
4428854,1447684,Brooklyn,Greenpoint,40.72998,-73.95375,Private room,67,3,143,3,191,34
4267133,6793885,Manhattan,Lower East Side,40.72176,-73.98695,Private room,73,30,2,1,0,0
4401193,22205787,Manhattan,Morningside Heights,40.80793,-73.95745,Entire home/apt,130,30,4,1,0,0
4268286,22158091,Manhattan,East Harlem,40.7966,-73.93824,Private room,100,3,209,1,129,30
4270499,22171095,Queens,Astoria,40.76191,-73.92119,Entire home/apt,129,31,112,2,129,0
4428906,2119928,Brooklyn,South Slope,40.66221,-73.98766,Entire home/apt,380,30,10,1,0,0
4430645,819257,Brooklyn,Bedford-Stuyvesant,40.68677,-73.95172,Entire home/apt,200,7,0,1,0,0
4430808,23002099,Queens,Jamaica Estates,40.72005,-73.80164,Entire home/apt,93,21,213,1,171,0
4402117,22780462,Queens,Kew Gardens Hills,40.72872,-73.82548,Entire home/apt,174,3,151,2,343,29
4430819,23002143,Manhattan,East Village,40.72919,-73.98682,Entire home/apt,195,5,3,1,0,0
4431247,22382732,Manhattan,Chelsea,40.74773,-74.00144,Shared room,80,2,190,1,283,32
4431674,21841949,Manhattan,Harlem,40.80068,-73.95154,Shared room,150,30,36,2,187,0
4435766,23025661,Manhattan,West Village,40.73201,-74.00541,Entire home/apt,314,30,0,1,0,0
4436185,3708965,Brooklyn,South Slope,40.66156,-73.9874,Entire home/apt,60,30,0,1,0,0
4436944,21841949,Brooklyn,Crown Heights,40.6676,-73.94988,Private room,400,30,27,2,365,1
4271059,208565,Brooklyn,Greenpoint,40.73398,-73.95396,Entire home/apt,154,2,7,2,0,0
4271877,21091779,Brooklyn,Bedford-Stuyvesant,40.6871,-73.92263,Private room,79,1,146,4,61,12
4273931,22188911,Manhattan,Upper East Side,40.76719,-73.96296,Entire home/apt,300,30,57,1,0,0
4274462,22189723,Queens,Ridgewood,40.70472,-73.91047,Private room,49,30,39,3,189,0
4274589,16666294,Manhattan,Civic Center,40.71602,-74.00464,Entire home/apt,239,30,23,1,0,0
4274595,22088164,Manhattan,East Harlem,40.80791,-73.94046,Entire home/apt,230,3,264,2,218,43
4403928,2558779,Queens,Ridgewood,40.70178,-73.90558,Private room,70,3,69,2,335,13
4275729,22198017,Brooklyn,Bushwick,40.69341,-73.92266,Entire home/apt,100,30,0,1,0,0
4438459,4967319,Manhattan,Chelsea,40.73978,-73.99928,Entire home/apt,325,30,19,1,0,0
4404544,22864208,Brooklyn,Bushwick,40.69698,-73.93073,Private room,100,4,107,1,0,5
4405156,5787701,Manhattan,East Harlem,40.78807,-73.95074,Entire home/apt,150,30,94,1,20,7
4439664,12641307,Brooklyn,Fort Greene,40.6884,-73.97332,Entire home/apt,81,30,8,1,0,0
4440020,195137,Manhattan,Harlem,40.82296,-73.95109,Private room,163,5,60,3,276,11
4440181,23046908,Brooklyn,Bedford-Stuyvesant,40.69014,-73.9594,Private room,64,30,14,1,0,0
4440538,23048955,Queens,Elmhurst,40.73619,-73.87359,Private room,59,1,18,1,0,13
4276762,2807798,Manhattan,Harlem,40.83082,-73.94445,Entire home/apt,500,7,82,2,0,0
4279260,22216726,Queens,Ridgewood,40.70453,-73.90152,Entire home/apt,152,30,108,1,5,4
4537500,3250450,Queens,Astoria,40.76421,-73.92846,Private room,45,31,2,18,342,0
4407557,2270166,Manhattan,Inwood,40.863,-73.92966,Private room,115,30,1,1,0,0
4538012,12879538,Manhattan,Harlem,40.82051,-73.94754,Private room,85,1,47,2,283,4
4440611,14546480,Brooklyn,Bushwick,40.70272,-73.92914,Entire home/apt,100,30,4,1,0,0
4440751,3716641,Manhattan,Lower East Side,40.72251,-73.98911,Entire home/apt,110,30,31,6,142,4
4446178,946323,Brooklyn,Flatbush,40.63971,-73.96817,Entire home/apt,125,30,6,1,0,0
4410626,22893493,Brooklyn,Red Hook,40.67893,-74.01718,Entire home/apt,369,2,142,1,155,35
4446862,23077718,Brooklyn,Crown Heights,40.67605,-73.95997,Private room,50,30,0,1,0,0
4538274,23532244,Queens,Ditmars Steinway,40.7712,-73.9163,Entire home/apt,200,2,33,1,51,8
4538901,4806989,Brooklyn,Williamsburg,40.70679,-73.94029,Entire home/apt,192,30,0,1,0,0
4410643,22893778,Manhattan,Upper West Side,40.79651,-73.9661,Entire home/apt,99,30,3,1,0,0
4539483,2968247,Manhattan,Harlem,40.8043,-73.95606,Entire home/apt,99,3,18,1,0,0
4447611,10471097,Manhattan,Gramercy,40.73577,-73.98455,Entire home/apt,350,30,0,1,0,0
4412533,22904933,Manhattan,East Harlem,40.79647,-73.93817,Private room,40,4,73,2,0,0
4539520,23538896,Brooklyn,Crown Heights,40.67737,-73.96357,Entire home/apt,146,5,8,1,0,1
4415695,10074473,Manhattan,Hell's Kitchen,40.76684,-73.98714,Private room,50,1,21,1,0,0
4539906,23540800,Manhattan,Hell's Kitchen,40.75378,-73.99633,Entire home/apt,150,30,0,1,0,0
4447904,23083111,Manhattan,Upper West Side,40.77769,-73.98096,Entire home/apt,80,30,5,1,0,0
4416970,22628166,Brooklyn,Bushwick,40.69603,-73.93229,Private room,40,30,8,1,0,0
4449058,23089516,Manhattan,Harlem,40.81841,-73.95467,Private room,150,30,26,1,0,0
4539943,8581058,Brooklyn,Bushwick,40.68448,-73.90821,Private room,200,30,101,2,358,0
4417912,21571748,Brooklyn,Windsor Terrace,40.65776,-73.9767,Entire home/apt,110,30,1,1,0,0
4421826,22927646,Manhattan,Upper East Side,40.77371,-73.95007,Entire home/apt,250,30,0,1,0,0
4638086,655956,Brooklyn,Williamsburg,40.7133,-73.96059,Entire home/apt,300,30,14,1,280,0
4540852,10718241,Brooklyn,Greenpoint,40.7191,-73.94964,Private room,50,30,0,1,0,0
4449611,16761703,Brooklyn,Bushwick,40.69735,-73.93176,Entire home/apt,165,30,0,1,0,0
4452723,2050338,Queens,Richmond Hill,40.70054,-73.82785,Entire home/apt,93,30,17,3,186,1
4638668,6569891,Brooklyn,Greenpoint,40.73386,-73.95582,Private room,150,30,0,1,0,0
4453233,5827529,Manhattan,Hell's Kitchen,40.76363,-73.98871,Entire home/apt,160,30,8,1,0,0
4541102,23548583,Brooklyn,East Flatbush,40.65288,-73.94223,Entire home/apt,118,30,32,2,195,2
4639015,14380678,Manhattan,Hell's Kitchen,40.7603,-73.99842,Private room,170,1,21,1,252,1
4639179,3571821,Brooklyn,Bedford-Stuyvesant,40.69109,-73.95548,Private room,44,30,86,2,0,0
4639451,24020898,Brooklyn,Greenpoint,40.72647,-73.94652,Private room,55,30,0,1,0,0
4545999,23570473,Brooklyn,Crown Heights,40.67389,-73.95346,Private room,84,30,40,1,318,2
4453484,2166065,Brooklyn,Williamsburg,40.72108,-73.95967,Entire home/apt,353,2,224,1,307,59
4455094,13541655,Manhattan,West Village,40.73098,-74.004822,Private room,151,2,295,1,15,67
4639746,6470787,Brooklyn,Carroll Gardens,40.68249,-73.99666,Entire home/apt,100,30,15,1,0,0
4640515,56120055,Manhattan,Harlem,40.82613,-73.93842,Private room,49,1,68,2,0,0
4455301,8490286,Brooklyn,Clinton Hill,40.68673,-73.96587,Entire home/apt,110,4,302,1,266,39
4546721,23573737,Brooklyn,Williamsburg,40.71033,-73.94728,Entire home/apt,120,30,1,1,0,0
4547143,23575706,Brooklyn,Bedford-Stuyvesant,40.69392,-73.94455,Private room,55,30,0,1,0,0
4641291,24030482,Queens,Bellerose,40.72415,-73.73002,Private room,99,30,5,1,0,0
4547273,10411359,Manhattan,Upper West Side,40.78398,-73.97458,Entire home/apt,77,30,36,1,0,0
4549248,22089583,Brooklyn,Williamsburg,40.72095,-73.95559,Entire home/apt,200,30,3,1,0,0
4456004,1171707,Brooklyn,Bushwick,40.70225,-73.91418,Private room,60,30,4,1,0,0
4642151,19868914,Queens,Astoria,40.77495,-73.92759,Private room,75,1,0,1,355,0
4643192,6694436,Manhattan,Gramercy,40.73376,-73.98389,Entire home/apt,139,30,5,1,0,0
4456312,3551179,Bronx,Kingsbridge,40.8782,-73.89468,Private room,58,30,28,1,173,3
4549557,23588055,Manhattan,Harlem,40.81421,-73.94225,Private room,199,30,3,1,362,0
4643199,13347167,Manhattan,Upper East Side,40.77256,-73.95537,Entire home/apt,145,30,7,31,263,1
4643295,4094284,Manhattan,Chinatown,40.71389,-73.99641,Entire home/apt,140,30,15,1,0,0
4644669,24046558,Manhattan,Upper East Side,40.76348,-73.96422,Entire home/apt,450,5,104,1,258,25
4456555,747671,Brooklyn,South Slope,40.66174,-73.98404,Entire home/apt,180,30,7,1,0,0
4457556,22904933,Manhattan,East Harlem,40.79627,-73.93964,Private room,39,30,68,2,0,0
4462491,302529,Manhattan,Lower East Side,40.71278,-73.98073,Entire home/apt,175,30,2,1,0,0
4462553,15778416,Manhattan,West Village,40.73106,-74.00369,Entire home/apt,175,30,0,2,0,0
4644828,805843,Brooklyn,Williamsburg,40.71703,-73.95797,Entire home/apt,175,30,5,1,0,0
4464508,23162890,Brooklyn,Flatbush,40.64889,-73.96501,Private room,76,30,36,2,164,1
4549627,2748575,Manhattan,Hell's Kitchen,40.75506,-73.99622,Private room,129,30,0,1,0,0
4550015,15778416,Manhattan,West Village,40.72928,-74.00372,Private room,110,30,0,2,0,0
4644966,81970,Brooklyn,Fort Greene,40.68674,-73.96968,Private room,120,1,1,1,249,0
4645170,22827111,Manhattan,Hell's Kitchen,40.75985,-73.9956,Private room,79,30,77,2,246,4
4645319,2520125,Brooklyn,East New York,40.66062,-73.8991,Entire home/apt,50,60,190,2,0,0
4550602,23533897,Brooklyn,Crown Heights,40.67451,-73.95082,Private room,130,1,85,6,3,0
4550747,23533897,Brooklyn,Crown Heights,40.67601,-73.95225,Private room,140,3,45,6,3,0
4467771,23178728,Manhattan,Chelsea,40.74963,-73.99793,Entire home/apt,374,7,148,1,11,23
4651354,24020050,Manhattan,Chinatown,40.7151,-73.99186,Entire home/apt,229,3,47,1,13,10
4469650,23189353,Manhattan,Harlem,40.80633,-73.94585,Entire home/apt,695,4,221,1,251,35
4471513,3740730,Manhattan,Theater District,40.75674,-73.98438,Entire home/apt,548,6,273,2,219,54
4656361,8291260,Manhattan,Washington Heights,40.85282,-73.92906,Entire home/apt,60,30,36,1,179,1
4554577,22568612,Brooklyn,Prospect Heights,40.68152,-73.9727,Entire home/apt,95,30,3,1,0,0
4659046,1420868,Manhattan,East Village,40.72755,-73.97904,Entire home/apt,230,1,56,1,0,0
4555241,23342410,Queens,Astoria,40.75863,-73.92792,Entire home/apt,99,30,0,1,0,0
4472978,5800619,Manhattan,Chelsea,40.75398,-73.99982,Entire home/apt,225,1,260,2,279,83
4479556,23243453,Queens,Long Island City,40.74776,-73.94562,Entire home/apt,225,30,1,1,0,0
4659285,23334165,Manhattan,Harlem,40.8221,-73.94467,Entire home/apt,254,30,89,3,331,1
4480308,5152761,Manhattan,Lower East Side,40.71874,-73.99164,Entire home/apt,200,30,23,1,0,0
4481694,567972,Brooklyn,Bushwick,40.69749,-73.93488,Entire home/apt,120,30,4,1,311,0
4557370,7257731,Manhattan,Inwood,40.86541,-73.92738,Entire home/apt,120,14,11,1,266,3
4559096,23635670,Manhattan,Hell's Kitchen,40.75892,-73.99526,Private room,154,1,249,1,236,36
4660022,745486,Manhattan,Greenwich Village,40.72644,-73.99797,Entire home/apt,1200,5,110,1,204,16
4482158,23256032,Brooklyn,Park Slope,40.66914,-73.98472,Entire home/apt,160,30,2,1,0,0
4660964,24118443,Brooklyn,Williamsburg,40.71947,-73.94441,Entire home/apt,98,30,18,1,0,0
4485286,14138135,Manhattan,Financial District,40.70411,-74.00805,Entire home/apt,179,30,2,1,0,0
4492303,7567309,Manhattan,Upper West Side,40.78096,-73.98214,Entire home/apt,280,30,29,1,198,1
4564292,23659408,Manhattan,Hell's Kitchen,40.75956,-73.9888,Entire home/apt,107,30,193,1,310,0
4661135,3175065,Brooklyn,Fort Greene,40.69378,-73.97422,Private room,68,20,20,1,0,0
4567518,23671946,Manhattan,Morningside Heights,40.81629,-73.96033,Entire home/apt,150,30,15,1,0,0
4492821,743716,Brooklyn,Boerum Hill,40.68314,-73.98238,Entire home/apt,120,30,3,1,0,0
4662784,21688465,Brooklyn,Crown Heights,40.67595,-73.93025,Private room,171,30,155,1,363,0
4663804,24132118,Manhattan,Hell's Kitchen,40.76957,-73.9889,Private room,79,30,1,1,0,0
4493474,5777821,Manhattan,Financial District,40.70242,-74.00912,Private room,100,30,2,1,0,0
4567703,22935835,Brooklyn,Gowanus,40.66809,-73.99113,Entire home/apt,150,30,0,1,0,0
4663807,4098538,Manhattan,Harlem,40.82919,-73.94637,Entire home/apt,55,30,2,1,0,0
4666584,24144577,Manhattan,East Harlem,40.80185,-73.94501,Entire home/apt,290,3,117,1,275,51
4571518,23697064,Brooklyn,South Slope,40.66264,-73.98254,Private room,99,30,1,1,0,0
4493526,23308381,Manhattan,Chelsea,40.73793,-73.99802,Private room,150,30,0,1,0,0
4666794,18511357,Queens,Ditmars Steinway,40.77272,-73.90757,Private room,60,30,1,1,0,0
4494217,22720650,Manhattan,West Village,40.73461,-74.00627,Entire home/apt,111,30,1,2,0,0
4667046,24146326,Queens,Astoria,40.76583,-73.93014,Entire home/apt,334,3,128,2,343,21
4668244,23861205,Manhattan,Harlem,40.80633,-73.95058,Private room,150,2,20,1,327,20
4494705,11228023,Brooklyn,Sunset Park,40.65188,-74.00611,Private room,50,30,2,1,0,0
4572225,14768898,Manhattan,Morningside Heights,40.80717,-73.96028,Entire home/apt,148,30,12,1,0,0
4668252,23772724,Manhattan,Upper East Side,40.77518,-73.95339,Entire home/apt,251,30,27,58,309,4
4573728,23708028,Manhattan,Lower East Side,40.72003,-73.98822,Private room,239,3,175,1,43,2
4671712,1901846,Manhattan,Lower East Side,40.71373,-73.98849,Entire home/apt,100,30,8,1,0,0
4497294,22831759,Brooklyn,Flatbush,40.64418,-73.96871,Private room,80,30,11,1,0,0
4498798,8712859,Manhattan,Hell's Kitchen,40.75656,-73.99928,Entire home/apt,74,180,0,1,0,0
4498927,23334165,Manhattan,Harlem,40.82399,-73.94415,Entire home/apt,570,30,102,3,358,3
4677654,10387090,Brooklyn,Bushwick,40.68546,-73.90785,Private room,40,30,8,10,251,2
4499097,23334541,Manhattan,Upper West Side,40.77984,-73.98438,Entire home/apt,130,2,25,1,0,0
4573897,21935479,Manhattan,Inwood,40.86635,-73.92009,Private room,72,2,106,2,320,9
4574224,11308807,Manhattan,Harlem,40.82225,-73.95266,Private room,65,30,0,1,0,0
4678514,23939128,Manhattan,Harlem,40.81154,-73.95117,Entire home/apt,80,30,5,1,0,0
4576206,22017065,Brooklyn,Prospect Heights,40.68102,-73.97028,Entire home/apt,293,3,75,1,259,26
4576244,8032842,Manhattan,Harlem,40.80249551857994,-73.9496920111214,Entire home/apt,136,30,39,1,262,0
4500272,2829908,Manhattan,Murray Hill,40.7464,-73.97781,Entire home/apt,149,30,1,1,0,0
4500794,23342156,Manhattan,Washington Heights,40.83687,-73.93867,Private room,75,30,9,1,0,0
4501164,17074459,Manhattan,East Village,40.73318,-73.98752,Private room,97,30,64,3,0,0
4504049,16151285,Bronx,Williamsbridge,40.87954,-73.85003,Private room,55,30,33,6,311,3
4504115,8581058,Brooklyn,Bushwick,40.68466,-73.90829,Private room,150,30,83,2,358,0
4678742,24195790,Manhattan,Greenwich Village,40.73323,-73.9977,Entire home/apt,600,30,0,1,0,0
4678795,24048208,Brooklyn,Bedford-Stuyvesant,40.68479,-73.95732,Entire home/apt,140,30,0,1,0,0
4504353,1607087,Brooklyn,Crown Heights,40.67715,-73.95816,Private room,75,30,2,1,0,0
4576821,4362140,Brooklyn,Bedford-Stuyvesant,40.68667,-73.95684,Entire home/apt,140,30,11,1,0,0
4679967,7304425,Manhattan,Harlem,40.83027,-73.94448,Private room,56,30,7,1,0,0
4581479,23748343,Manhattan,Upper West Side,40.77334,-73.99031,Shared room,80,30,0,1,0,0
4504493,10303277,Brooklyn,Fort Greene,40.69279,-73.9771,Entire home/apt,110,30,0,1,0,0
4685985,4357223,Brooklyn,Williamsburg,40.70707,-73.9532,Private room,120,30,0,1,0,0
4581788,21600904,Brooklyn,Williamsburg,40.7137,-73.94378,Private room,150,30,0,1,0,0
4686678,7759020,Manhattan,Hell's Kitchen,40.76603,-73.98746,Entire home/apt,150,30,3,1,0,0
4507262,2282450,Manhattan,West Village,40.73559,-74.00314,Entire home/apt,269,30,45,2,124,8
4687730,529546,Manhattan,Hell's Kitchen,40.76858,-73.98704,Private room,145,30,0,2,0,0
4508885,301549,Manhattan,Upper West Side,40.76897,-73.9824,Entire home/apt,180,30,0,1,0,0
4509560,2119276,Manhattan,Stuyvesant Town,40.73357,-73.98082,Entire home/apt,130,30,18,22,258,3
4581942,4618480,Brooklyn,Sunset Park,40.65687,-74.00489,Private room,75,30,0,1,0,0
4688209,15198359,Manhattan,Harlem,40.80232,-73.95211,Private room,65,30,10,2,249,0
4688418,23772724,Manhattan,Upper East Side,40.77315,-73.95258,Entire home/apt,99,30,10,58,98,0
4691649,8501698,Brooklyn,Williamsburg,40.71965,-73.95895,Entire home/apt,140,30,1,1,0,0
4582087,23751556,Manhattan,Hell's Kitchen,40.75835,-73.99286,Private room,200,30,0,1,0,0
4509664,23383529,Manhattan,West Village,40.73337,-74.00623,Entire home/apt,205,30,6,1,0,0
4693338,9123948,Brooklyn,Bedford-Stuyvesant,40.68176,-73.91588,Private room,46,30,3,1,0,0
4694480,24268565,Brooklyn,Cobble Hill,40.68803,-73.99541,Entire home/apt,325,30,229,1,291,7
4513084,23401472,Manhattan,Harlem,40.82613,-73.94484,Entire home/apt,150,90,1,2,0,0
4514042,3709510,Brooklyn,Bushwick,40.69263,-73.92543,Private room,82,1,30,2,314,17
4517848,7245581,Manhattan,Washington Heights,40.83442,-73.9387,Entire home/apt,80,180,6,19,363,0
4518242,23424461,Queens,Astoria,40.76536,-73.91544,Entire home/apt,80,30,3,1,0,0
4582781,304385565,Brooklyn,Williamsburg,40.71926,-73.9576,Entire home/apt,225,2,158,1,0,9
4582785,13161042,Manhattan,East Harlem,40.78696,-73.95293,Entire home/apt,200,30,18,1,0,0
4585748,4743258,Brooklyn,Williamsburg,40.71534,-73.95572,Private room,65,30,1,1,0,0
4695408,15642271,Manhattan,Washington Heights,40.84533,-73.93701,Private room,60,30,3,1,0,0
4586330,23677128,Brooklyn,Greenpoint,40.72529,-73.95482,Private room,80,30,0,1,0,0
4586448,8503180,Manhattan,East Village,40.73143,-73.98862,Entire home/apt,1500,30,24,2,204,0
4520449,9196903,Brooklyn,Midwood,40.62403,-73.9618,Private room,100,30,0,1,0,0
4699061,24291213,Brooklyn,Sunset Park,40.64009,-74.01714,Private room,35,30,0,2,0,0
4587321,23778946,Manhattan,East Village,40.72408,-73.98159,Entire home/apt,400,30,1,1,0,0
4587905,3693416,Brooklyn,Greenpoint,40.72215,-73.95004,Entire home/apt,450,30,0,1,0,0
4700082,21409261,Brooklyn,Fort Greene,40.69679,-73.97114,Entire home/apt,119,30,19,1,0,0
4588689,5926785,Manhattan,East Village,40.72556,-73.98504,Entire home/apt,205,30,0,1,0,0
4592475,4445796,Brooklyn,Greenpoint,40.72389,-73.95273,Private room,102,30,7,1,0,0
4520941,23439479,Manhattan,Inwood,40.86567,-73.92537,Private room,120,31,20,2,337,1
4700565,24298733,Brooklyn,Bushwick,40.69176,-73.9224,Private room,48,30,1,2,0,0
4524289,2138902,Brooklyn,Gowanus,40.66694,-73.99299,Private room,90,30,0,2,0,0
4593770,23812318,Queens,East Elmhurst,40.75621,-73.88232,Entire home/apt,105,30,24,1,106,0
4700809,24298733,Brooklyn,Kensington,40.6367,-73.97434,Private room,35,30,0,2,0,0
4704813,24319884,Manhattan,Upper East Side,40.77432,-73.95629,Entire home/apt,235,30,8,1,0,0
4705670,24117644,Queens,Astoria,40.75671,-73.92483,Private room,60,30,93,1,241,1
4593939,5050537,Brooklyn,Bedford-Stuyvesant,40.68397,-73.94227,Entire home/apt,55,30,48,1,0,0
4594389,23772724,Manhattan,Upper East Side,40.78218,-73.94827,Entire home/apt,110,30,21,58,263,3
4525475,12149644,Manhattan,Upper West Side,40.78146,-73.98265,Entire home/apt,125,30,0,1,0,0
4525589,20627511,Queens,Jackson Heights,40.74859,-73.89214,Entire home/apt,90,30,0,1,0,0
4706957,633339,Manhattan,East Harlem,40.80651,-73.93776,Shared room,60,30,4,1,0,0
4530085,2277244,Manhattan,East Village,40.72791,-73.97977,Entire home/apt,180,30,2,1,0,0
4596378,23824219,Queens,East Elmhurst,40.75894,-73.89389,Private room,58,3,81,1,75,15
4707057,6327629,Manhattan,Harlem,40.82404,-73.94459,Private room,90,30,1,1,0,0
4707159,529546,Manhattan,Hell's Kitchen,40.76683,-73.98448,Private room,125,30,1,2,0,0
4707959,3997164,Manhattan,Harlem,40.82996,-73.9453,Private room,40,30,17,1,255,0
4598265,23834677,Manhattan,Harlem,40.82858,-73.9442,Entire home/apt,170,1,449,2,288,57
4530160,9997747,Brooklyn,Williamsburg,40.72068,-73.95896,Entire home/apt,200,3,7,1,0,0
4530432,7245581,Manhattan,Washington Heights,40.8329,-73.93922,Entire home/apt,75,55,9,19,106,1
4708314,1265619,Brooklyn,Williamsburg,40.71968,-73.95867,Entire home/apt,120,6,12,1,0,0
4532913,20164579,Brooklyn,Williamsburg,40.71723,-73.95996,Private room,91,1,340,1,290,55
4601325,23847354,Manhattan,East Harlem,40.78888,-73.94857,Private room,67,30,2,1,0,0
4709252,1511206,Manhattan,East Harlem,40.79912,-73.94187,Private room,150,30,1,1,0,0
4603012,45609,Brooklyn,Greenpoint,40.72964,-73.9592,Entire home/apt,154,30,27,1,0,0
4710310,24344136,Queens,Astoria,40.76888,-73.90807,Private room,70,30,0,1,0,0
4604991,23861788,Brooklyn,Bedford-Stuyvesant,40.69863,-73.94397,Private room,70,3,300,1,51,33
4537198,6926899,Brooklyn,Williamsburg,40.71127,-73.94913,Private room,90,30,4,1,0,0
4537389,22927481,Manhattan,Midtown,40.76377,-73.98103,Private room,400,30,0,2,0,0
4710315,129558,Brooklyn,Greenpoint,40.73089,-73.95477,Entire home/apt,135,30,8,1,0,0
4710488,24344873,Manhattan,Midtown,40.74548,-73.98249,Entire home/apt,200,30,3,1,0,0
4711070,24347671,Queens,Woodside,40.74491,-73.91192,Private room,125,30,26,1,329,1
4731162,12603113,Brooklyn,Kensington,40.6409,-73.97156,Private room,60,7,41,3,64,11
4734170,17893360,Brooklyn,Crown Heights,40.67113,-73.96,Entire home/apt,112,30,18,1,0,0
4605840,23788242,Brooklyn,Bedford-Stuyvesant,40.6867,-73.94856,Private room,120,3,80,1,311,16
4606385,3184878,Brooklyn,Bushwick,40.70533,-73.92058,Entire home/apt,150,30,1,1,0,0
4714854,23772724,Manhattan,Upper East Side,40.7831,-73.94801,Entire home/apt,150,30,10,58,266,2
4715740,13976132,Manhattan,Harlem,40.79961,-73.95516,Entire home/apt,175,30,151,1,95,2
4716349,21208237,Manhattan,East Harlem,40.79341,-73.94485,Private room,80,30,0,1,0,0
4734544,23992867,Manhattan,East Harlem,40.79371986144879,-73.93506783920719,Entire home/apt,124,7,52,1,150,0
4737392,24418383,Queens,Astoria,40.76066,-73.91519,Entire home/apt,100,1,94,1,0,2
4717237,2358032,Brooklyn,Bushwick,40.70157,-73.9249,Entire home/apt,129,3,24,1,93,15
4717296,24009463,Queens,Astoria,40.76624,-73.93338,Entire home/apt,250,180,97,2,90,0
4737830,24459029,Brooklyn,Crown Heights,40.67083,-73.94944,Private room,44,30,3,1,0,0
4737930,1235070,Manhattan,East Harlem,40.79435,-73.93893,Entire home/apt,9999,30,1,1,0,0
4606473,23862900,Manhattan,East Village,40.73078,-73.98674,Entire home/apt,219,30,1,1,0,0
4611203,11702175,Manhattan,East Harlem,40.79185,-73.9441,Entire home/apt,170,30,6,1,0,0
4611256,626876,Manhattan,Upper East Side,40.78097,-73.95035,Private room,250,30,0,2,0,0
4611295,626876,Manhattan,Upper East Side,40.77925,-73.94946,Private room,250,30,0,2,0,0
4612401,21906247,Brooklyn,Bedford-Stuyvesant,40.69295,-73.93537,Private room,70,1,0,1,0,0
4719825,24381419,Manhattan,Upper West Side,40.79973,-73.9711,Entire home/apt,160,30,6,1,0,0
4738250,24461143,Brooklyn,Williamsburg,40.71754,-73.96228,Private room,77,1,0,1,0,0
4738429,295128,Bronx,Clason Point,40.81215,-73.85503,Private room,121,1,18,6,15,0
4720086,24382598,Manhattan,Harlem,40.81521,-73.94463,Entire home/apt,125,2,199,1,225,38
4613154,23899573,Manhattan,Hell's Kitchen,40.76748,-73.98816,Entire home/apt,150,30,23,1,0,0
4614091,16437254,Brooklyn,Gowanus,40.66619,-73.99366,Entire home/apt,271,30,10,14,348,0
4614838,1698391,Manhattan,Hell's Kitchen,40.76128,-73.99331,Entire home/apt,272,30,8,3,292,0
4720142,21466735,Brooklyn,Carroll Gardens,40.68234,-73.9932,Private room,65,30,0,1,0,0
4619579,23929065,Manhattan,West Village,40.73137,-74.00923,Entire home/apt,450,30,0,1,0,0
4620505,12511067,Brooklyn,Williamsburg,40.71824,-73.95205,Entire home/apt,95,30,0,1,0,0
4738946,15821855,Manhattan,Harlem,40.81599,-73.95861,Private room,65,30,1,1,0,0
4739407,24467359,Brooklyn,Crown Heights,40.6744,-73.94431,Entire home/apt,85,30,14,1,0,0
4720558,14140782,Manhattan,Harlem,40.81578,-73.95121,Private room,80,30,0,1,0,0
4620962,21685221,Manhattan,Upper West Side,40.79292,-73.97089,Entire home/apt,199,1,0,1,0,0
4720752,23752440,Manhattan,Upper East Side,40.77065,-73.95702,Private room,175,30,0,1,0,0
4621213,23899821,Manhattan,Upper West Side,40.78407,-73.97324,Entire home/apt,200,30,70,1,44,1
4621217,2119276,Manhattan,Gramercy,40.73564,-73.98125,Entire home/apt,170,30,16,22,310,4
4621713,2119276,Manhattan,Gramercy,40.73353,-73.98722,Entire home/apt,150,30,14,22,310,4
4623217,23945185,Manhattan,East Village,40.72801,-73.97893,Entire home/apt,100,30,6,1,0,0
4739557,7537442,Manhattan,East Harlem,40.80156,-73.94025,Private room,65,3,45,3,225,13
4721007,6720617,Brooklyn,Crown Heights,40.67116,-73.93582,Private room,40,30,1,1,0,0
4724857,12729740,Brooklyn,Bedford-Stuyvesant,40.68681,-73.93054,Private room,75,30,0,1,0,0
4742068,22616989,Brooklyn,Bensonhurst,40.62128,-73.99483,Entire home/apt,128,3,88,1,307,19
4623635,1136842,Brooklyn,Fort Greene,40.69285,-73.97072,Entire home/apt,425,5,21,1,30,6
4624521,9072771,Manhattan,Financial District,40.70461,-74.00946,Private room,214,14,9,2,149,1
4624874,23162890,Brooklyn,Flatbush,40.64889,-73.96563,Private room,72,30,37,2,0,0
4724943,24403405,Brooklyn,Crown Heights,40.67171,-73.94382,Entire home/apt,82,30,1,1,0,0
4628804,23971734,Queens,Sunnyside,40.74089,-73.92051,Private room,45,5,4,1,0,0
4725852,405090,Brooklyn,Williamsburg,40.70903,-73.96499,Entire home/apt,110,27,13,1,0,0
4726749,11686822,Manhattan,Harlem,40.81169,-73.94301,Private room,75,30,0,1,0,0
4629599,22503794,Brooklyn,South Slope,40.66238,-73.98457,Private room,95,30,2,1,0,0
4742102,6932195,Queens,Fresh Meadows,40.73158,-73.78746,Entire home/apt,679,5,39,1,353,4
4726893,1031900,Manhattan,East Village,40.72943,-73.98116,Entire home/apt,815,3,12,1,0,2
4744276,24487418,Brooklyn,Crown Heights,40.67348,-73.947,Private room,78,30,19,1,0,0
4726941,724633,Manhattan,Tribeca,40.72276,-74.0094,Entire home/apt,800,2,7,1,0,0
4745012,1766929,Manhattan,Upper East Side,40.76386,-73.95702,Entire home/apt,154,30,16,1,0,0
4629726,23971405,Queens,Kew Gardens,40.70705,-73.83346,Entire home/apt,100,30,1,1,0,0
4629870,16437254,Brooklyn,Boerum Hill,40.688255,-73.98558,Entire home/apt,197,30,17,14,312,3
4632795,3250450,Manhattan,Upper West Side,40.78633,-73.97241,Private room,500,30,12,18,334,0
4632852,23991556,Bronx,Concourse,40.83559,-73.92011,Private room,89,30,9,1,249,0
4727731,18746337,Brooklyn,Williamsburg,40.71058,-73.96298,Entire home/apt,200,30,19,1,0,0
4636643,24007762,Manhattan,East Village,40.72639,-73.98827,Entire home/apt,125,30,8,1,0,0
4637053,24009463,Queens,Long Island City,40.76601,-73.93388,Entire home/apt,250,180,176,2,365,0
4745212,2665225,Brooklyn,Williamsburg,40.71648,-73.95837,Entire home/apt,150,30,1,1,0,0
4727912,24415699,Manhattan,Civic Center,40.71354,-74.00511,Entire home/apt,199,30,0,1,0,0
4746171,24450948,Manhattan,East Village,40.72774,-73.98273,Entire home/apt,250,30,11,1,0,0
4803244,24744819,Brooklyn,Bedford-Stuyvesant,40.68393,-73.9502,Private room,50,30,0,1,0,0
4803623,24747103,Manhattan,Hell's Kitchen,40.7646,-73.98799,Entire home/apt,225,30,0,1,0,0
4729374,799566,Brooklyn,Bushwick,40.69692,-73.93353,Private room,80,30,0,1,0,0
4730379,10503555,Manhattan,East Village,40.72717,-73.991,Private room,55,30,0,1,0,0
4886168,25137999,Brooklyn,Crown Heights,40.67332,-73.95936,Private room,60,30,0,1,66,0
4807244,24761711,Brooklyn,Windsor Terrace,40.64862,-73.97933,Entire home/apt,258,2,283,4,314,38
4747068,24500940,Brooklyn,Windsor Terrace,40.65131,-73.97405,Entire home/apt,100,30,24,1,0,0
4886678,2470606,Brooklyn,Greenpoint,40.72563,-73.94545,Private room,59,30,2,1,0,0
4807899,3422859,Manhattan,Harlem,40.80434,-73.95476,Entire home/apt,95,30,9,1,0,0
4887473,24982697,Brooklyn,Sunset Park,40.64299,-74.01858,Private room,46,30,17,2,177,3
4808239,23982388,Manhattan,Midtown,40.75266,-73.96641,Entire home/apt,130,30,3,3,159,0
4747624,24109763,Manhattan,Chinatown,40.71301,-73.99454,Entire home/apt,500,30,256,1,88,0
4748873,24508767,Brooklyn,Williamsburg,40.71174,-73.94353,Private room,100,30,0,1,0,0
4887638,25145883,Queens,Sunnyside,40.74314,-73.91563,Private room,50,1,5,1,45,0
4751686,21247073,Brooklyn,Williamsburg,40.71504,-73.96376,Private room,80,120,5,1,0,0
4808505,24765924,Queens,East Elmhurst,40.7648,-73.88255,Private room,50,30,68,2,129,0
4887727,3339901,Manhattan,Nolita,40.72369,-73.99406,Entire home/apt,250,30,7,1,0,0
4890335,7920086,Manhattan,East Harlem,40.78686,-73.94285,Private room,65,30,21,3,0,0
4891172,14813211,Manhattan,Harlem,40.82008,-73.94542,Entire home/apt,89,30,0,1,0,0
4813236,24789838,Brooklyn,Bushwick,40.69023,-73.91009,Private room,37,30,0,2,0,0
4813342,23982388,Manhattan,Hell's Kitchen,40.76291,-73.98833,Entire home/apt,95,30,5,3,219,0
4813832,13486673,Brooklyn,Prospect Heights,40.67888,-73.97361,Private room,79,10,19,3,0,4
4814075,24793480,Manhattan,East Village,40.72771,-73.98549,Private room,100,30,0,1,0,0
4752020,24454906,Manhattan,Washington Heights,40.83301,-73.9394,Entire home/apt,225,30,0,1,0,0
4753571,24529969,Manhattan,SoHo,40.72782,-74.00357,Entire home/apt,200,30,10,1,0,0
4891441,3417940,Brooklyn,Gowanus,40.6713,-73.99169,Entire home/apt,284,2,156,1,0,0
4891477,6438118,Brooklyn,Williamsburg,40.71279,-73.9641,Private room,55,3,0,1,0,0
4753639,24530713,Manhattan,Harlem,40.82498,-73.95343,Private room,95,30,18,3,215,0
4753866,24530713,Manhattan,Harlem,40.82554,-73.95315,Private room,125,30,4,3,310,0
4756125,2702777,Brooklyn,Bushwick,40.69787,-73.91536,Private room,55,30,0,1,0,0
4814553,321660,Manhattan,East Village,40.72857,-73.98456,Entire home/apt,115,30,3,1,249,0
4891616,25168328,Manhattan,Harlem,40.82211,-73.94046,Entire home/apt,70,30,1,1,0,0
4756551,4031913,Brooklyn,Prospect-Lefferts Gardens,40.65782,-73.96096,Private room,101,2,194,1,114,29
4891701,25168888,Manhattan,Harlem,40.82063,-73.95613,Entire home/apt,181,7,11,3,0,5
4756578,24544724,Brooklyn,Williamsburg,40.71476,-73.96269,Entire home/apt,196,3,27,1,0,0
4814692,24796204,Brooklyn,Crown Heights,40.67391524480295,-73.95973211992336,Entire home/apt,325,2,4,1,2,3
4815028,24797535,Manhattan,Upper West Side,40.79897,-73.96312,Entire home/apt,129,30,35,1,9,0
4892079,15025293,Brooklyn,Bedford-Stuyvesant,40.68457861225161,-73.95877818339964,Entire home/apt,200,30,0,1,59,0
4815953,7813520,Brooklyn,Bushwick,40.69348,-73.91892,Private room,42,3,6,1,18,1
4817139,21671443,Manhattan,Hell's Kitchen,40.76698,-73.98839,Entire home/apt,135,30,16,1,0,0
4757212,10563051,Manhattan,Murray Hill,40.74984,-73.97293,Entire home/apt,110,30,26,1,0,0
4757941,24551170,Manhattan,East Village,40.72619,-73.98284,Entire home/apt,239,30,2,1,0,0
4758601,24554369,Brooklyn,Bedford-Stuyvesant,40.68777,-73.92315,Private room,31,30,1,1,0,0
4897673,14035846,Queens,Sunnyside,40.74384,-73.92114,Private room,50,30,2,1,0,0
4758924,24555785,Brooklyn,Bushwick,40.69688,-73.92853,Private room,73,30,1,1,0,0
4759680,11045893,Brooklyn,Red Hook,40.67976,-74.00631,Private room,50,29,20,1,271,1
4817208,3514707,Manhattan,East Harlem,40.7945,-73.94298,Entire home/apt,89,30,2,1,0,0
4820897,177846,Brooklyn,Fort Greene,40.68848,-73.97752,Private room,68,3,112,3,22,35
4901269,6285979,Brooklyn,Brooklyn Heights,40.69287,-73.99504,Entire home/apt,200,30,6,1,0,0
4822057,19660044,Brooklyn,Williamsburg,40.70814,-73.94262,Private room,103,30,7,1,0,0
4822181,23772724,Manhattan,Upper East Side,40.77429,-73.95157,Entire home/apt,99,30,11,58,365,0
4901617,16460889,Manhattan,Greenwich Village,40.72895,-74.001,Entire home/apt,175,30,4,1,0,0
4822324,24832100,Manhattan,Upper East Side,40.76352,-73.96183,Entire home/apt,190,30,7,1,0,0
4822557,24832418,Brooklyn,Bedford-Stuyvesant,40.69253,-73.94681,Private room,90,30,0,1,0,0
4823105,24835471,Manhattan,Washington Heights,40.84477,-73.94154,Private room,45,30,30,1,41,2
4823386,16514175,Queens,Elmhurst,40.74674,-73.88593,Entire home/apt,175,5,129,3,223,35
4823529,6677425,Manhattan,Upper West Side,40.7962,-73.96334,Shared room,47,2,221,3,271,42
4823959,24633966,Brooklyn,Kensington,40.64488,-73.9705,Private room,50,30,0,1,0,0
4824052,24839116,Brooklyn,South Slope,40.66401,-73.98258,Entire home/apt,160,30,14,1,0,0
4824146,24840863,Brooklyn,Bushwick,40.69892,-73.92902,Entire home/apt,95,30,1,1,0,0
4760085,24561040,Brooklyn,Park Slope,40.67858,-73.97517,Private room,106,2,192,3,264,29
4760107,16437254,Brooklyn,Boerum Hill,40.68826,-73.98558,Entire home/apt,192,30,19,14,256,4
4762718,22814290,Manhattan,Upper West Side,40.78321,-73.98448,Entire home/apt,250,30,0,1,0,0
4763327,24576978,Brooklyn,Greenpoint,40.72119,-73.95279,Entire home/apt,195,30,1,1,0,0
4902025,5564276,Brooklyn,Bedford-Stuyvesant,40.68998,-73.95465,Private room,75,30,0,1,0,0
4824310,7402258,Brooklyn,Williamsburg,40.70741,-73.94336,Entire home/apt,340,3,25,1,40,5
4904582,25249481,Bronx,Mount Hope,40.84972,-73.90408,Private room,40,14,5,1,341,0
4766198,24590092,Queens,Astoria,40.75962,-73.91419,Private room,80,30,2,1,0,0
4766284,420111,Manhattan,East Harlem,40.79852,-73.94067,Private room,80,4,29,3,331,13
4766468,24591281,Brooklyn,Bushwick,40.69913,-73.91484,Entire home/apt,91,30,1,1,0,0
4905337,13772270,Brooklyn,Kensington,40.64586,-73.97511,Entire home/apt,86,2,3,1,327,0
4824361,1445060,Brooklyn,Williamsburg,40.70586,-73.94931,Private room,150,31,5,1,275,2
4824847,20934972,Manhattan,Kips Bay,40.74087,-73.97739,Private room,99,30,5,1,0,0
4906961,551139,Brooklyn,Williamsburg,40.7088,-73.96547,Entire home/apt,145,3,38,1,0,0
4766582,24591710,Manhattan,SoHo,40.7259,-74.00653,Private room,150,30,27,1,0,0
4907206,25264954,Manhattan,Hell's Kitchen,40.7597,-73.99163,Private room,225,30,0,1,0,0
4907749,25268374,Brooklyn,Crown Heights,40.6722,-73.94544,Private room,75,30,0,1,0,0
4908331,25266756,Manhattan,Harlem,40.80586,-73.9516,Entire home/apt,300,30,22,1,89,0
4766819,13705706,Brooklyn,Williamsburg,40.71887,-73.94845,Private room,65,30,0,1,0,0
4824849,24844621,Manhattan,Midtown,40.76609,-73.98038,Entire home/apt,200,30,0,1,0,0
4825359,3800548,Brooklyn,Greenpoint,40.73011,-73.95501,Private room,70,30,6,1,0,0
4909438,24127267,Manhattan,East Village,40.73053,-73.98279,Entire home/apt,175,30,1,1,0,0
4768030,24598868,Manhattan,East Harlem,40.79588,-73.93646,Private room,80,30,0,1,0,0
4773286,322079,Manhattan,Washington Heights,40.85332,-73.93204,Entire home/apt,75,90,0,1,0,0
4773463,7156474,Queens,Long Island City,40.74651,-73.954,Entire home/apt,175,30,0,1,0,0
4774496,24517455,Manhattan,Upper East Side,40.77932,-73.95558,Entire home/apt,185,1,159,1,214,18
4914545,25308624,Brooklyn,Bedford-Stuyvesant,40.683,-73.93635,Entire home/apt,129,90,26,3,34,1
4774629,1660841,Brooklyn,Prospect-Lefferts Gardens,40.65713,-73.9537,Private room,90,30,0,1,0,0
4830154,24865745,Queens,Ozone Park,40.68182,-73.84442,Private room,45,30,0,1,0,0
4916340,81335,Manhattan,Upper West Side,40.78378,-73.97624,Entire home/apt,160,30,236,6,243,6
4917122,4445005,Brooklyn,Williamsburg,40.71322,-73.96551,Entire home/apt,165,30,4,1,0,0
4774658,24625694,Manhattan,Washington Heights,40.85111,-73.93009,Private room,40,30,0,1,0,0
4917217,1780076,Brooklyn,Crown Heights,40.67642,-73.95593,Private room,55,30,0,2,0,0
4774763,24404928,Brooklyn,Crown Heights,40.66947,-73.95843,Entire home/apt,130,30,9,1,0,0
4775278,6948005,Brooklyn,Bedford-Stuyvesant,40.69279,-73.95824,Private room,75,30,1,1,0,0
4830799,3677131,Brooklyn,Red Hook,40.67612,-74.00676,Private room,98,30,64,1,64,0
4920338,25341839,Manhattan,Upper East Side,40.76402,-73.95916,Entire home/apt,310,30,0,3,365,0
4833294,24878584,Manhattan,East Village,40.72999,-73.98764,Private room,180,30,0,1,0,0
4775737,24630374,Brooklyn,Clinton Hill,40.68236,-73.964,Entire home/apt,110,30,14,1,0,0
4777236,3295012,Queens,Rego Park,40.72076,-73.8628,Private room,123,1,43,1,76,5
4777597,10319096,Manhattan,Flatiron District,40.74084,-73.99247,Entire home/apt,215,30,0,1,0,0
4920448,25341839,Manhattan,Upper West Side,40.7855,-73.9745,Entire home/apt,310,30,0,3,365,0
4920489,25341839,Manhattan,Midtown,40.75976,-73.96447,Entire home/apt,330,30,0,3,365,0
4920912,22338025,Manhattan,Chelsea,40.74304,-73.9984,Entire home/apt,175,30,0,1,0,0
4778638,24643923,Manhattan,East Harlem,40.8084,-73.94064,Private room,35,30,2,1,0,0
4838260,20357771,Brooklyn,Williamsburg,40.71045,-73.94579,Private room,100,30,1,1,0,0
4838271,1304390,Brooklyn,Bushwick,40.69838,-73.92995,Private room,67,30,5,2,341,0
4839323,988069,Brooklyn,Williamsburg,40.71992,-73.96308,Entire home/apt,249,30,2,1,0,0
4921514,25113533,Manhattan,Inwood,40.86347,-73.92624,Entire home/apt,100,2,18,1,341,14
4925368,331579,Brooklyn,Bedford-Stuyvesant,40.68751,-73.922,Private room,69,4,64,1,29,13
4839805,6430105,Manhattan,Upper West Side,40.77773,-73.97764,Private room,200,30,1,1,0,0
4781069,482242,Manhattan,Harlem,40.81651,-73.94319,Private room,59,30,0,1,0,0
4925517,22210080,Manhattan,Hell's Kitchen,40.7629,-73.98857,Private room,141,2,383,2,88,25
4782243,2715121,Manhattan,Lower East Side,40.71969,-73.99118,Entire home/apt,180,30,5,1,0,0
4839932,24907501,Queens,Astoria,40.76944,-73.91939,Entire home/apt,125,30,8,1,0,0
4926610,7537442,Manhattan,East Harlem,40.80139,-73.93985,Private room,65,2,64,3,216,15
4928303,23533897,Brooklyn,Crown Heights,40.67395,-73.95107,Private room,100,1,99,6,2,0
4930306,25394253,Manhattan,Chelsea,40.74141,-73.99996,Entire home/apt,175,30,1,1,0,0
4840211,24821875,Manhattan,Hell's Kitchen,40.76431,-73.98965,Private room,200,30,0,1,0,0
4840381,12730517,Manhattan,Upper West Side,40.79923,-73.96029,Entire home/apt,50,30,1,1,0,0
4840841,4244200,Manhattan,Lower East Side,40.7202,-73.98667,Entire home/apt,200,30,0,1,0,0
4840977,24913141,Manhattan,Chinatown,40.71626,-73.9913,Entire home/apt,300,30,0,1,0,0
4841187,14923355,Manhattan,Chelsea,40.74467,-74.0059,Entire home/apt,200,30,7,1,0,0
4782252,24657274,Manhattan,Upper West Side,40.78983,-73.97874,Entire home/apt,175,30,0,1,0,0
4931807,25401356,Manhattan,East Harlem,40.79485,-73.93499,Entire home/apt,132,30,7,1,0,0
4782569,5071632,Brooklyn,Borough Park,40.61797,-73.98026,Entire home/apt,89,6,77,1,193,7
4841257,4990142,Queens,Astoria,40.77173,-73.92767,Entire home/apt,65,30,6,1,0,1
4841431,24915465,Brooklyn,Prospect-Lefferts Gardens,40.66057,-73.95699,Entire home/apt,139,30,44,1,0,0
4842054,24918898,Brooklyn,Williamsburg,40.70765,-73.95116,Private room,40,30,13,2,0,0
4842507,6954001,Manhattan,Chelsea,40.74241,-73.99863,Private room,150,30,0,1,0,0
4845237,12485770,Manhattan,Stuyvesant Town,40.73018,-73.97963,Entire home/apt,115,30,8,8,68,0
4845290,12485770,Manhattan,Gramercy,40.73301,-73.98407,Entire home/apt,150,30,2,8,306,0
4932139,25404246,Manhattan,Nolita,40.7226,-73.99644,Entire home/apt,150,198,163,1,0,0
4846199,5545129,Brooklyn,Boerum Hill,40.68731,-73.98942,Entire home/apt,85,30,2,1,0,0
4932714,25295888,Brooklyn,Bedford-Stuyvesant,40.67755,-73.92625,Private room,48,30,16,1,0,0
4846877,6706914,Brooklyn,Crown Heights,40.67226,-73.95669,Private room,65,30,1,1,0,0
4936254,22087408,Manhattan,Lower East Side,40.7191,-73.9834,Entire home/apt,490,1,85,1,267,54
4937135,25439443,Manhattan,Harlem,40.81864,-73.93819,Entire home/apt,85,30,6,1,0,0
4782799,2910317,Manhattan,Midtown,40.75527,-73.96576,Entire home/apt,225,30,14,1,0,0
4783614,3805240,Brooklyn,Bushwick,40.70074,-73.92895,Private room,60,5,2,2,0,0
4941141,15297517,Manhattan,Upper East Side,40.78118,-73.94861,Entire home/apt,155,30,9,1,0,0
4783738,7655962,Manhattan,Hell's Kitchen,40.75552,-73.994,Entire home/apt,99,30,10,1,0,0
4783809,177846,Brooklyn,Fort Greene,40.6869,-73.97713,Entire home/apt,165,4,39,3,16,8
4784846,24667595,Brooklyn,Bushwick,40.69169,-73.92351,Private room,50,30,8,1,0,0
4847177,24940913,Brooklyn,Boerum Hill,40.68574,-73.99055,Entire home/apt,130,90,1,1,88,0
4848500,6902571,Brooklyn,Bedford-Stuyvesant,40.68778,-73.95209,Entire home/apt,90,30,6,1,0,0
4849266,24950473,Brooklyn,Sheepshead Bay,40.58414,-73.95489,Private room,50,30,0,1,0,0
4941771,25468442,Brooklyn,Crown Heights,40.67314,-73.96278,Entire home/apt,98,30,34,1,0,0
4850000,22219331,Brooklyn,Bushwick,40.70141,-73.91782,Private room,65,30,0,1,0,0
4853287,23621417,Brooklyn,Williamsburg,40.71026,-73.9509,Entire home/apt,120,30,0,1,0,0
4853365,414477,Brooklyn,Crown Heights,40.67806,-73.94722,Entire home/apt,150,30,15,1,0,0
4785563,1977947,Brooklyn,Carroll Gardens,40.67725,-73.99968,Private room,100,30,0,1,0,0
4942985,25476493,Manhattan,Harlem,40.80607,-73.94805,Entire home/apt,115,30,0,1,0,0
4785941,1786943,Manhattan,Greenwich Village,40.73095,-74.00016,Entire home/apt,214,5,2,1,0,0
4854417,24973197,Manhattan,Upper West Side,40.79671,-73.96225,Entire home/apt,316,30,21,1,93,1
4947515,1556712,Brooklyn,Greenpoint,40.73283,-73.95617,Entire home/apt,284,3,63,1,242,16
4854552,24973819,Manhattan,Stuyvesant Town,40.73001,-73.97579,Private room,600,30,0,1,0,0
4948928,914838,Manhattan,Hell's Kitchen,40.76555,-73.9945,Entire home/apt,80,30,5,8,324,0
4948953,19965673,Brooklyn,Greenpoint,40.72086,-73.94609,Private room,75,30,0,1,0,0
4857075,4306959,Brooklyn,Bushwick,40.70017,-73.92841,Entire home/apt,159,30,30,1,0,0
4786030,24672682,Manhattan,East Village,40.72879,-73.97959,Private room,110,30,1,1,0,0
4786675,23852000,Brooklyn,Williamsburg,40.72026,-73.96349,Entire home/apt,147,30,25,1,287,4
4787201,7365719,Brooklyn,Crown Heights,40.67784,-73.94519,Entire home/apt,199,7,18,1,0,5
4787527,9767363,Manhattan,East Harlem,40.79502,-73.93323,Private room,62,30,177,1,310,0
4790969,2052361,Brooklyn,Prospect-Lefferts Gardens,40.65672,-73.95797,Private room,60,4,70,3,242,9
4951402,10795846,Manhattan,Upper West Side,40.78942,-73.97513,Private room,65,30,171,2,0,0
4952989,25379501,Brooklyn,Crown Heights,40.66687,-73.95023,Private room,275,30,59,1,0,0
4792192,16297020,Brooklyn,Williamsburg,40.71234,-73.96601,Private room,80,30,0,1,0,0
4792529,57101,Queens,Rockaway Beach,40.59009,-73.81323,Entire home/apt,220,1,327,1,327,50
4792533,2546941,Queens,Astoria,40.75677,-73.91624,Private room,180,4,8,1,0,4
4859903,15398647,Manhattan,Upper West Side,40.7855,-73.97062,Entire home/apt,479,3,98,1,311,1
4956896,8951256,Manhattan,Chinatown,40.71535,-73.99027,Entire home/apt,165,30,43,1,29,0
4958223,25517905,Manhattan,Upper West Side,40.79500041655831,-73.96301510179636,Private room,108,1,358,2,292,20
4860430,25002053,Manhattan,Upper West Side,40.78864,-73.9677,Private room,100,30,175,1,48,2
4792744,24525564,Queens,Ridgewood,40.702,-73.90193,Entire home/apt,334,1,50,1,244,50
4963215,7245581,Manhattan,East Village,40.72304,-73.97674,Entire home/apt,124,120,8,19,230,1
4963237,310670,Bronx,Eastchester,40.87893,-73.83413,Entire home/apt,141,2,30,6,329,12
4963511,310670,Bronx,Eastchester,40.881,-73.83511,Entire home/apt,224,2,22,6,359,2
4965152,14854832,Manhattan,SoHo,40.72089,-74.00171,Private room,102,30,9,1,0,0
4794322,24704747,Manhattan,Upper East Side,40.77232,-73.9581,Entire home/apt,214,30,3,1,0,0
4967098,25605654,Bronx,Morris Park,40.85456,-73.85709,Private room,50,30,2,1,0,0
4795029,24710778,Manhattan,Harlem,40.81095,-73.95421,Private room,66,30,1,1,0,0
4795390,16151285,Bronx,Williamsbridge,40.88054,-73.84811,Private room,43,30,17,6,219,0
4860650,25001808,Brooklyn,South Slope,40.65998,-73.9861,Entire home/apt,125,15,85,1,257,3
4967114,25605887,Manhattan,Hell's Kitchen,40.7666,-73.98475,Entire home/apt,450,30,0,1,0,0
4861046,7355953,Queens,Astoria,40.75741,-73.92509,Entire home/apt,125,30,0,1,0,0
4795857,8902883,Manhattan,Washington Heights,40.83701,-73.94228,Entire home/apt,89,30,15,1,97,1
4798723,23982388,Manhattan,Midtown,40.75431,-73.96606,Entire home/apt,79,30,3,3,129,0
4798794,1660906,Manhattan,West Village,40.73397,-74.0048,Entire home/apt,250,30,3,1,0,0
4968633,248490,Brooklyn,Bedford-Stuyvesant,40.68232,-73.93792,Private room,90,3,137,2,234,43
4799839,5999440,Manhattan,Midtown,40.75365,-73.9919,Private room,257,2,214,1,261,4
4968798,23345098,Queens,East Elmhurst,40.75684,-73.87709,Private room,50,52,33,1,143,1
4973452,693815,Manhattan,Chinatown,40.71652,-73.99801,Private room,75,30,0,1,0,0
4800921,1559494,Brooklyn,Williamsburg,40.71221,-73.95059,Entire home/apt,457,2,127,1,245,46
4801661,9864136,Manhattan,Kips Bay,40.74267,-73.97995,Private room,98,30,39,28,250,0
4802648,13026391,Manhattan,Midtown,40.75496,-73.96774,Entire home/apt,165,30,11,1,0,0
5020687,10366837,Queens,Flushing,40.75794208532509,-73.82971288898162,Private room,158,2,130,2,155,3
4861859,25008474,Brooklyn,Flatbush,40.65101,-73.95548,Private room,48,5,22,2,34,1
4863176,25015010,Manhattan,Inwood,40.86663,-73.92621,Entire home/apt,100,30,5,1,0,0
4976848,519554,Manhattan,Lower East Side,40.71905,-73.98792,Private room,89,1,104,3,0,3
4977744,10350245,Manhattan,Lower East Side,40.72061,-73.98775,Entire home/apt,200,30,1,1,0,0
4865377,11457159,Manhattan,Upper East Side,40.78335,-73.94822,Entire home/apt,130,30,2,1,0,0
4865387,7017213,Brooklyn,Flatbush,40.64997,-73.9628,Entire home/apt,86,30,3,1,0,0
5025771,630519,Brooklyn,Prospect Heights,40.6776,-73.96534,Entire home/apt,288,1,2,1,0,0
5028135,3560446,Brooklyn,Williamsburg,40.71958,-73.95504,Entire home/apt,120,2,72,1,0,0
4978214,3737351,Brooklyn,Canarsie,40.6384,-73.91611,Private room,45,4,43,2,327,2
4978241,271527,Manhattan,Harlem,40.81141,-73.93975,Entire home/apt,170,3,120,2,317,28
5028264,25881276,Manhattan,Upper West Side,40.79067,-73.97923,Entire home/apt,125,21,49,1,0,0
5029202,14362471,Manhattan,East Harlem,40.79706,-73.94769,Entire home/apt,220,30,7,3,64,1
4978607,2316247,Manhattan,Upper West Side,40.78075,-73.98359,Entire home/apt,120,30,10,1,341,0
5029573,25961456,Brooklyn,Prospect Heights,40.67824,-73.96514,Private room,60,30,0,1,0,0
4866049,23794464,Manhattan,Harlem,40.80278,-73.95583,Private room,100,30,19,1,162,1
4982969,2803589,Brooklyn,Prospect-Lefferts Gardens,40.65833,-73.95196,Private room,45,30,0,1,0,0
5030646,25968714,Queens,Jackson Heights,40.75394,-73.87986,Private room,100,30,40,1,354,1
5037892,6228539,Manhattan,Harlem,40.80406,-73.95494,Private room,85,30,2,2,316,1
5038299,17465490,Brooklyn,Boerum Hill,40.68704,-73.98021,Entire home/apt,180,31,1,1,0,0
4987238,17985595,Manhattan,Greenwich Village,40.73238,-73.995,Entire home/apt,300,30,34,1,224,1
5039939,26018110,Brooklyn,Williamsburg,40.70687,-73.9331,Private room,60,30,0,1,0,0
5040653,19195540,Manhattan,Lower East Side,40.71785,-73.99019,Private room,166,4,74,2,331,22
5040919,26024349,Brooklyn,Downtown Brooklyn,40.69745,-73.98367,Private room,200,30,0,1,0,0
5040951,26024433,Manhattan,Gramercy,40.73351,-73.98748,Entire home/apt,125,30,24,1,0,0
5049823,22927481,Manhattan,Midtown,40.7655,-73.98018,Private room,500,30,1,2,0,0
4866875,87473,Brooklyn,Greenpoint,40.73059,-73.95257,Entire home/apt,145,31,9,1,84,6
4868048,15442902,Brooklyn,Boerum Hill,40.6832,-73.98109,Private room,60,30,0,1,0,0
4871966,3896287,Brooklyn,Williamsburg,40.71396,-73.94021,Entire home/apt,225,30,9,1,0,0
4873699,22840947,Manhattan,Chinatown,40.71633,-73.99133,Entire home/apt,140,30,0,1,0,0
4987929,25715117,Queens,Astoria,40.76523,-73.92812,Private room,100,30,51,1,311,0
4879530,25102191,Manhattan,East Harlem,40.80824,-73.93987,Entire home/apt,125,30,0,1,0,0
4879911,1473630,Brooklyn,Gowanus,40.68096,-73.98209,Private room,100,30,2,1,0,0
5050156,193488,Manhattan,East Village,40.73333,-73.9905,Private room,115,2,25,3,332,5
4991235,25271688,Brooklyn,Greenpoint,40.7299,-73.95143,Private room,100,31,1,1,0,0
5050369,23465153,Manhattan,East Village,40.72536,-73.9856,Entire home/apt,250,30,0,1,0,0
4880277,18254644,Manhattan,Lower East Side,40.72128,-73.98529,Entire home/apt,300,5,131,1,0,0
4993422,25744379,Queens,Astoria,40.76791,-73.9204,Entire home/apt,72,30,39,1,0,0
5050799,16616158,Brooklyn,Crown Heights,40.67741,-73.96326,Entire home/apt,91,30,22,1,0,0
4994264,41398078,Manhattan,Financial District,40.7076,-74.01367,Private room,125,30,0,1,0,0
4995083,25748492,Manhattan,East Village,40.72767,-73.98335,Entire home/apt,120,30,8,1,0,0
4880542,66276,Brooklyn,Williamsburg,40.70829,-73.94852,Entire home/apt,700,1,37,1,3,4
4881420,25112856,Manhattan,Chelsea,40.74085,-74.00339,Entire home/apt,189,4,82,1,285,26
4996027,45384,Brooklyn,Williamsburg,40.71109,-73.9642,Entire home/apt,450,100,22,1,55,0
5002867,262760,Brooklyn,Flatbush,40.64224,-73.96236,Private room,75,30,24,1,0,0
4884601,12417880,Manhattan,Upper West Side,40.79417,-73.96461,Entire home/apt,225,30,0,1,0,0
5051236,26080800,Brooklyn,Williamsburg,40.71699,-73.96299,Private room,89,100,16,2,242,0
5004463,25807709,Brooklyn,Midwood,40.62299,-73.9529,Private room,60,30,27,1,277,0
5052495,26089087,Brooklyn,Williamsburg,40.70918,-73.96413,Private room,44,1,53,1,0,0
4885240,210602,Manhattan,Flatiron District,40.7408,-73.99065,Entire home/apt,300,30,0,1,0,0
4885569,17056215,Manhattan,Greenwich Village,40.73053,-74.00097,Entire home/apt,296,30,46,3,38,5
5006113,6095946,Manhattan,Tribeca,40.72044,-74.00399,Entire home/apt,1130,21,2,1,298,0
5006927,25821864,Queens,Ridgewood,40.70547,-73.91432,Private room,65,30,5,1,0,0
4885673,24943630,Manhattan,Greenwich Village,40.73382,-73.99683,Private room,155,6,49,1,301,18
5055033,26100862,Brooklyn,Greenpoint,40.72244,-73.94561,Entire home/apt,90,30,0,1,0,0
5010368,25840204,Manhattan,Upper East Side,40.77395,-73.95153,Entire home/apt,120,30,101,1,290,4
5225088,2265022,Staten Island,Mariners Harbor,40.62914,-74.15927,Entire home/apt,150,30,27,1,348,4
5013564,1315306,Brooklyn,Park Slope,40.67438,-73.97541,Private room,110,30,9,1,363,0
5231104,27072226,Brooklyn,Crown Heights,40.66906,-73.93491,Private room,40,30,0,1,0,0
5231817,2119276,Manhattan,Upper East Side,40.75966,-73.96124,Entire home/apt,140,30,12,22,314,1
5232121,3339701,Queens,Ditmars Steinway,40.77727,-73.91761,Private room,50,1,147,4,313,24
5058359,7635592,Manhattan,Washington Heights,40.85191,-73.93924,Private room,49,30,9,1,125,0
5059082,12879799,Brooklyn,Williamsburg,40.71013,-73.96354,Private room,99,30,0,1,0,0
5015281,25870353,Manhattan,Gramercy,40.73635,-73.98669,Entire home/apt,1000,30,0,1,365,0
5233279,19034179,Manhattan,Upper East Side,40.76902,-73.95807,Entire home/apt,139,30,2,1,0,0
5019373,25895198,Brooklyn,Williamsburg,40.71619,-73.94156,Entire home/apt,80,30,10,1,0,0
5233345,27084741,Queens,Sunnyside,40.74401,-73.91331,Private room,90,30,29,2,365,0
5236234,12762559,Manhattan,Upper East Side,40.78633,-73.95218,Entire home/apt,150,30,0,1,0,0
5059402,26124805,Brooklyn,Williamsburg,40.71559,-73.95701,Private room,90,30,0,1,0,0
5060118,3737351,Brooklyn,Canarsie,40.63841,-73.91589,Private room,46,5,52,2,305,12
5065185,10428997,Manhattan,Upper West Side,40.79495,-73.97237,Entire home/apt,151,30,90,1,1,2
5065630,8813443,Brooklyn,Bedford-Stuyvesant,40.68487,-73.95695,Entire home/apt,83,30,0,1,0,0
5411787,21327210,Brooklyn,Bay Ridge,40.63883,-74.0276,Entire home/apt,200,7,30,2,61,2
5412567,19655924,Brooklyn,Bedford-Stuyvesant,40.6893,-73.95105,Entire home/apt,110,30,3,1,0,0
5413565,11968309,Brooklyn,Williamsburg,40.70794,-73.93486,Entire home/apt,239,2,67,1,314,30
5066526,26162659,Brooklyn,Bedford-Stuyvesant,40.69494,-73.95507,Private room,70,30,0,1,0,0
5237336,189275,Brooklyn,Clinton Hill,40.69657,-73.96884,Entire home/apt,103,1,107,1,101,22
5414178,28065838,Brooklyn,Prospect Heights,40.6769,-73.96485,Private room,150,30,2,1,0,0
5247202,172672,Manhattan,Upper East Side,40.77607,-73.94802,Entire home/apt,60,30,44,1,0,1
5248975,9423379,Brooklyn,Williamsburg,40.71527,-73.95001,Entire home/apt,320,30,10,1,0,0
5251624,3114551,Brooklyn,Bushwick,40.69761,-73.92093,Private room,40,30,0,1,0,0
5066963,26164700,Brooklyn,Bushwick,40.69549,-73.90979,Private room,50,30,0,1,0,0
5068972,23340108,Manhattan,Financial District,40.71095,-74.00694,Entire home/apt,150,30,7,1,0,0
5414471,7503643,Brooklyn,Greenpoint,40.72547,-73.94073,Entire home/apt,149,30,5,33,319,2
5414911,27673980,Queens,Flushing,40.74537,-73.83252,Private room,68,1,104,8,57,23
5073939,26106667,Brooklyn,Bay Ridge,40.62957655013779,-74.02476864081062,Entire home/apt,180,3,3,1,40,3
5251719,27181498,Manhattan,Financial District,40.70411,-74.00795,Shared room,82,30,0,1,0,0
5259407,2119276,Manhattan,West Village,40.73205,-74.0064,Entire home/apt,155,30,3,22,289,0
5260386,3851843,Queens,Woodside,40.74214,-73.90236,Private room,56,5,12,2,11,9
5424994,9488731,Manhattan,SoHo,40.72658,-74.00328,Entire home/apt,150,30,5,1,0,0
5262333,27053744,Manhattan,Midtown,40.76223,-73.97165,Entire home/apt,149,3,1,1,0,0
5077231,7021059,Manhattan,Upper East Side,40.77514,-73.95057,Entire home/apt,150,30,0,2,0,0
5430560,15402737,Manhattan,Upper West Side,40.7717,-73.98759,Private room,140,30,2,1,0,0
5078828,3196390,Brooklyn,Flatbush,40.63811,-73.96016,Entire home/apt,415,30,3,1,0,0
5079124,12603113,Brooklyn,Kensington,40.63957,-73.97163,Private room,50,30,47,3,352,3
5266888,14684238,Manhattan,East Village,40.72478,-73.98999,Entire home/apt,150,5,28,1,0,0
5431845,3680008,Queens,Long Island City,40.75279,-73.94089,Entire home/apt,134,500,30,1,90,0
5267177,27263990,Brooklyn,Bushwick,40.69553,-73.93009,Entire home/apt,110,30,0,1,0,0
5082455,2908101,Manhattan,Harlem,40.82921,-73.94481,Entire home/apt,150,30,30,1,0,0
5083907,63613,Brooklyn,Clinton Hill,40.69079,-73.96756,Private room,55,21,0,2,188,0
5084095,1700398,Manhattan,Upper East Side,40.77483,-73.95237,Entire home/apt,250,30,0,1,0,0
5085803,23772724,Manhattan,Upper East Side,40.78248,-73.94643,Entire home/apt,99,30,21,58,264,4
5433746,28187447,Brooklyn,Bedford-Stuyvesant,40.68263,-73.91575,Entire home/apt,105,30,126,2,0,0
5093352,19850240,Manhattan,Harlem,40.80945,-73.94095,Private room,50,4,21,1,0,0
5094593,7801481,Queens,Bay Terrace,40.78797,-73.7804,Private room,99,3,4,2,0,0
5269840,27277459,Brooklyn,East Flatbush,40.65514,-73.91992,Entire home/apt,139,30,88,2,341,1
5434150,27813383,Manhattan,Greenwich Village,40.72876,-74.00075,Entire home/apt,150,30,53,1,70,3
5276602,20114391,Brooklyn,Fort Greene,40.68485,-73.96854,Private room,62,14,25,2,128,5
5100436,26354652,Brooklyn,Flatbush,40.65075,-73.96484,Private room,136,2,3,4,0,0
5434654,28193427,Brooklyn,Cypress Hills,40.67863,-73.88347,Entire home/apt,214,3,102,1,0,0
5277117,6023360,Brooklyn,Crown Heights,40.67221,-73.95584,Private room,50,30,1,1,0,0
5439372,19066350,Manhattan,East Harlem,40.801,-73.94598,Entire home/apt,60,30,124,1,99,3
5277242,8627814,Brooklyn,Bushwick,40.70474,-73.9272,Entire home/apt,100,30,3,1,0,0
5278927,7503643,Brooklyn,Greenpoint,40.72558,-73.94208,Entire home/apt,149,30,9,33,312,0
5102132,26260328,Brooklyn,Bushwick,40.70228,-73.9129,Private room,45,7,1,1,0,0
5105514,26380626,Brooklyn,Williamsburg,40.71792,-73.95211,Entire home/apt,120,30,1,1,0,0
5442054,16437254,Brooklyn,Fort Greene,40.68827,-73.97701,Entire home/apt,324,30,3,14,337,2
5442584,27204642,Manhattan,Theater District,40.76261,-73.98287,Entire home/apt,195,30,20,1,246,4
5105632,15321576,Brooklyn,Prospect Heights,40.67467,-73.96557,Private room,60,30,0,1,0,0
5106041,4265630,Brooklyn,Flatbush,40.64802,-73.95608,Entire home/apt,85,30,67,3,365,1
5279902,7181834,Manhattan,Chelsea,40.73861,-73.99482,Entire home/apt,400,30,0,1,0,0
5286096,3866196,Manhattan,Midtown,40.74796,-73.98546,Entire home/apt,248,30,3,1,0,0
5443318,162280872,Manhattan,Hell's Kitchen,40.76667,-73.98805,Entire home/apt,170,30,15,98,313,2
5445314,21838149,Brooklyn,DUMBO,40.70408,-73.98645,Private room,250,2,92,1,12,27
5287414,27376622,Manhattan,Gramercy,40.73765,-73.98275,Shared room,67,1,80,1,266,26
5106749,26388856,Queens,Long Island City,40.76024,-73.92986,Entire home/apt,110,30,49,1,166,3
5110541,1965783,Manhattan,Upper East Side,40.76918,-73.95738,Entire home/apt,245,30,3,1,0,0
5113910,10125456,Brooklyn,Red Hook,40.67507,-74.01209,Entire home/apt,150,4,81,1,40,3
5451108,7159349,Brooklyn,Greenpoint,40.73556,-73.9557,Private room,75,30,0,1,0,0
5287733,27379417,Queens,South Ozone Park,40.66843,-73.82541,Private room,85,1,243,1,0,0
5454050,2119276,Manhattan,Hell's Kitchen,40.76696,-73.98853,Entire home/apt,160,30,21,22,320,5
5465270,4413909,Brooklyn,Cobble Hill,40.68645,-73.99088,Entire home/apt,120,30,7,1,0,0
5288228,860636,Bronx,East Morrisania,40.83928,-73.88631,Private room,39,30,15,3,0,0
5291956,240048,Brooklyn,Sunset Park,40.66246,-73.9933,Entire home/apt,100,10,16,3,124,12
5469274,3999031,Brooklyn,Bedford-Stuyvesant,40.68939,-73.93178,Private room,85,30,7,1,334,0
5293662,6177121,Brooklyn,Fort Greene,40.69189,-73.97048,Entire home/apt,70,30,1,1,0,0
5115534,26433326,Brooklyn,Williamsburg,40.70767,-73.94818,Entire home/apt,195,30,3,1,0,0
5116727,2897021,Manhattan,East Village,40.72849,-73.98835,Entire home/apt,137,30,7,1,0,0
5470350,1340207,Manhattan,Harlem,40.81597,-73.94705,Private room,81,30,5,1,0,0
5477034,4687722,Brooklyn,Williamsburg,40.71501,-73.94505,Private room,85,30,0,1,0,0
5117177,7243674,Brooklyn,Greenpoint,40.72376,-73.94957,Entire home/apt,166,7,48,1,90,3
5121827,26435150,Queens,Forest Hills,40.71269,-73.85365,Entire home/apt,150,3,9,1,303,9
5123033,1475015,Manhattan,Midtown,40.75647,-73.96901,Entire home/apt,180,30,1,6,280,1
5297292,26134830,Brooklyn,Bedford-Stuyvesant,40.68285,-73.92195,Entire home/apt,300,3,119,1,228,0
5478741,28411613,Manhattan,Midtown,40.74495,-73.98402,Entire home/apt,589,30,71,1,65,0
5298299,11462251,Manhattan,Chelsea,40.74009,-73.99719,Private room,109,30,2,1,0,0
5298458,2730883,Manhattan,Washington Heights,40.85521,-73.93168,Entire home/apt,77,30,5,2,174,1
5125051,1434120,Brooklyn,Bedford-Stuyvesant,40.69674,-73.93703,Entire home/apt,99,30,120,1,341,0
5131879,26529661,Brooklyn,Williamsburg,40.71284,-73.94679,Entire home/apt,1763,60,0,1,0,0
5135121,5125933,Brooklyn,Prospect-Lefferts Gardens,40.65729,-73.95782,Entire home/apt,65,30,3,1,0,0
5136673,8118080,Brooklyn,Bedford-Stuyvesant,40.68701,-73.9202,Private room,40,7,0,1,0,0
5478901,20121732,Manhattan,Harlem,40.82205,-73.94523,Private room,60,30,0,1,0,0
5298896,3868692,Manhattan,Financial District,40.70419,-74.01127,Private room,150,5,203,2,97,47
5482918,26602392,Queens,Springfield Gardens,40.66228,-73.76676,Private room,85,1,159,2,354,7
5301003,1763862,Brooklyn,South Slope,40.6658,-73.98555,Entire home/apt,162,2,237,1,183,63
5487204,6834165,Brooklyn,Crown Heights,40.67216,-73.94281,Shared room,70,30,2,1,0,0
5494750,26377263,Brooklyn,East Flatbush,40.65875,-73.93451,Private room,43,6,3,53,293,2
5136833,26558533,Manhattan,Upper West Side,40.79601,-73.96503,Private room,79,30,8,1,0,0
5137531,7881946,Manhattan,Harlem,40.80618,-73.95482,Entire home/apt,140,30,5,1,0,0
5141379,21112602,Manhattan,West Village,40.73437,-73.99904,Entire home/apt,198,30,15,1,0,0
5495026,26377263,Brooklyn,East Flatbush,40.66084,-73.93418,Private room,60,6,5,53,278,0
5495927,860636,Bronx,Tremont,40.84041,-73.88835,Private room,40,30,25,3,0,0
5500197,6050250,Brooklyn,Williamsburg,40.71298,-73.93835,Entire home/apt,145,30,8,1,0,0
5143959,20518366,Brooklyn,Prospect-Lefferts Gardens,40.65811,-73.95146,Private room,65,30,0,2,0,0
5303100,25854571,Brooklyn,Greenpoint,40.72739,-73.94121,Private room,49,30,2,1,0,0
5304431,7503643,Brooklyn,Greenpoint,40.72756,-73.9407,Entire home/apt,179,30,18,33,323,3
5505918,28557212,Manhattan,East Village,40.73117,-73.98337,Private room,60,30,4,1,0,0
5309343,27502743,Manhattan,West Village,40.73183,-74.00649,Entire home/apt,175,90,0,1,0,0
5309448,27503203,Brooklyn,Williamsburg,40.71372,-73.94434,Private room,102,14,1,1,0,1
5506438,2263462,Manhattan,Kips Bay,40.74265,-73.97364,Private room,100,30,1,1,0,0
5144689,26597048,Manhattan,East Harlem,40.80581,-73.94234,Entire home/apt,139,3,236,2,25,45
5509771,1098902,Brooklyn,Park Slope,40.67154,-73.97998,Entire home/apt,215,3,214,2,262,40
5148878,215570,Brooklyn,Williamsburg,40.71081,-73.96373,Entire home/apt,125,30,5,1,0,0
5160871,8780729,Manhattan,Chelsea,40.74335,-73.99819,Entire home/apt,135,30,31,1,0,0
5309959,22420999,Queens,Richmond Hill,40.69579,-73.83174,Private room,48,2,30,5,251,7
5510725,7580514,Manhattan,Hell's Kitchen,40.76209,-73.98816,Entire home/apt,160,2,61,1,0,0
5313584,1747467,Brooklyn,Crown Heights,40.67464,-73.95735,Private room,52,30,0,1,0,0
5511036,28584269,Brooklyn,Crown Heights,40.67486,-73.96068,Entire home/apt,115,5,88,2,279,1
5315798,22761603,Brooklyn,Williamsburg,40.71425,-73.96054,Private room,90,30,1,1,0,0
5164045,26710027,Brooklyn,Bedford-Stuyvesant,40.68074,-73.92513,Private room,65,30,21,1,0,0
5168749,10433019,Queens,Long Island City,40.74425,-73.94953,Entire home/apt,168,30,15,1,270,4
5512274,7033514,Manhattan,West Village,40.73373,-74.00647,Entire home/apt,199,30,1,1,0,0
5519207,3191371,Manhattan,East Harlem,40.80712,-73.93898,Private room,82,2,207,2,229,42
5520934,28629958,Brooklyn,Williamsburg,40.71499,-73.9599,Entire home/apt,168,30,6,1,284,0
5168854,26731382,Manhattan,Theater District,40.75504,-73.9879,Shared room,200,30,0,1,0,0
5316158,936258,Brooklyn,Clinton Hill,40.68596,-73.96443,Entire home/apt,175,2,8,1,0,0
5319150,3865502,Brooklyn,Williamsburg,40.71268,-73.95693,Entire home/apt,120,30,21,1,0,0
5319431,27315132,Manhattan,Upper East Side,40.78673,-73.95512,Entire home/apt,120,30,27,1,339,1
5525510,23086547,Manhattan,Little Italy,40.71915,-73.99869,Entire home/apt,135,30,76,1,365,0
5319785,5734689,Manhattan,Gramercy,40.73722,-73.98039,Entire home/apt,189,30,27,1,0,3
5172992,23386756,Brooklyn,Williamsburg,40.70675,-73.94654,Private room,40,30,0,1,0,0
5534660,28699661,Brooklyn,Greenpoint,40.73249,-73.95373,Entire home/apt,120,30,17,1,0,0
5536638,28709982,Brooklyn,Williamsburg,40.72027,-73.95513,Private room,112,3,43,2,14,3
5173154,26756453,Brooklyn,Bedford-Stuyvesant,40.68963,-73.94307,Private room,70,30,0,1,0,0
5320325,27502008,Manhattan,Harlem,40.81568,-73.94912,Private room,41,30,107,1,206,2
5320983,588270,Brooklyn,DUMBO,40.70264,-73.98808,Entire home/apt,356,2,307,2,243,53
5536824,24715671,Manhattan,Midtown,40.74186,-73.98304,Entire home/apt,299,30,9,6,318,0
5327598,11576606,Manhattan,East Village,40.72372,-73.98523,Entire home/apt,199,30,1,1,0,0
5335792,7877557,Manhattan,East Village,40.72604,-73.99016,Private room,100,30,0,1,0,0
5181720,5399418,Brooklyn,Bushwick,40.69092,-73.90443,Private room,30,30,0,1,0,0
5536844,28711190,Brooklyn,Park Slope,40.6682,-73.98196,Private room,75,30,0,1,0,0
5538410,26377263,Brooklyn,East Flatbush,40.65309,-73.94587,Private room,48,6,0,53,320,0
5538720,28722667,Brooklyn,Flatlands,40.62384,-73.92868,Private room,55,1,92,4,360,0
5183502,1762555,Brooklyn,Williamsburg,40.71598,-73.945,Private room,75,1,45,1,0,0
5337757,117949,Brooklyn,Greenpoint,40.72724,-73.94208,Private room,43,30,97,1,115,14
5543210,3424719,Brooklyn,Columbia St,40.6821,-74.00348,Private room,65,30,8,1,0,0
5543996,28745989,Brooklyn,Midwood,40.61056,-73.96558,Entire home/apt,125,30,0,1,0,0
5340170,27240422,Brooklyn,Park Slope,40.6732,-73.98477,Private room,45,30,2,1,0,0
5340262,27673980,Queens,Flushing,40.74537,-73.83252,Private room,60,1,279,8,66,8
5184986,26819401,Manhattan,Upper East Side,40.77594,-73.95584,Entire home/apt,180,30,3,1,0,0
5545560,28752891,Manhattan,Upper West Side,40.79206,-73.96567,Private room,350,3,109,1,79,41
5550377,13972159,Manhattan,East Village,40.72838,-73.98046,Entire home/apt,250,30,12,1,0,0
5557097,3447539,Manhattan,Washington Heights,40.84896,-73.93773,Private room,70,14,165,2,297,18
5343821,27589508,Manhattan,Midtown,40.75758,-73.96519,Entire home/apt,205,5,119,1,243,14
5557135,28809821,Manhattan,Murray Hill,40.7447,-73.97322,Shared room,115,30,7,1,0,0
5558242,16548032,Brooklyn,Park Slope,40.67004,-73.97437,Entire home/apt,90,30,4,1,0,0
5558596,28473177,Manhattan,Upper West Side,40.77313,-73.98024,Entire home/apt,122,30,53,1,183,1
5352301,27741331,Brooklyn,East Flatbush,40.6575,-73.92244,Private room,28,30,14,6,281,4
5352802,5740424,Manhattan,Midtown,40.7487,-73.98316,Entire home/apt,229,30,2,1,0,0
5353312,23772724,Manhattan,Upper East Side,40.77375,-73.95215,Entire home/apt,99,30,20,58,219,2
5353431,16548665,Brooklyn,Bedford-Stuyvesant,40.69413,-73.95731,Entire home/apt,80,30,5,1,0,0
5353612,9350960,Manhattan,West Village,40.73478,-74.00734,Entire home/apt,300,2,301,1,219,39
5354796,13649613,Bronx,University Heights,40.85477,-73.91597,Private room,61,2,156,4,7,18
5358354,162280872,Manhattan,Hell's Kitchen,40.76681,-73.98638,Entire home/apt,160,30,27,98,225,3
5185359,5788393,Queens,Astoria,40.75976,-73.92603,Entire home/apt,99,30,19,1,0,0
5188840,26377263,Queens,Far Rockaway,40.59621,-73.75413,Private room,47,6,10,53,334,0
5191617,3977023,Brooklyn,Bedford-Stuyvesant,40.69131,-73.95383,Private room,70,30,1,2,0,0
5560024,14785032,Queens,St. Albans,40.69093,-73.77806,Private room,52,1,166,3,355,11
5192165,26856159,Manhattan,Harlem,40.82197,-73.946,Private room,75,1,291,3,228,25
5192219,26856159,Manhattan,Harlem,40.82347,-73.94651,Private room,66,1,271,3,220,24
5359410,27782348,Brooklyn,Bushwick,40.69713,-73.92447,Private room,50,30,1,1,0,0
5362041,27796188,Manhattan,Harlem,40.81115,-73.95334,Entire home/apt,257,4,123,2,214,0
5362279,9787502,Brooklyn,Brooklyn Heights,40.69477,-73.99225,Entire home/apt,200,30,24,1,0,0
5363874,17982486,Manhattan,Kips Bay,40.74259,-73.97949,Entire home/apt,250,30,14,1,155,0
5562962,1389487,Manhattan,Upper East Side,40.77389,-73.94956,Entire home/apt,156,30,15,1,0,0
5364337,27807705,Brooklyn,Bedford-Stuyvesant,40.68941,-73.94206,Private room,70,30,0,1,0,0
5364814,9881214,Brooklyn,Bushwick,40.69983,-73.92549,Entire home/apt,125,30,1,1,0,0
5370580,12621774,Queens,Corona,40.73794,-73.85343,Private room,47,2,75,1,333,17
5371463,1295576,Brooklyn,Bedford-Stuyvesant,40.69158,-73.95634,Entire home/apt,120,30,100,1,0,0
5194812,23909946,Brooklyn,Bushwick,40.68808,-73.91862,Private room,80,14,96,3,0,0
5195568,26877037,Brooklyn,Sheepshead Bay,40.59858,-73.95817,Private room,138,30,3,4,365,0
5199439,23772724,Manhattan,Upper East Side,40.77504,-73.95357,Entire home/apt,99,30,22,58,263,4
5567220,27201435,Manhattan,East Harlem,40.79844,-73.94009,Entire home/apt,106,30,32,1,0,0
5567361,16910623,Brooklyn,Prospect-Lefferts Gardens,40.65534,-73.95993,Entire home/apt,124,3,452,1,235,72
5374912,27863482,Bronx,Mott Haven,40.80899,-73.91489,Entire home/apt,385,30,0,2,0,0
5382755,26377263,Brooklyn,East Flatbush,40.65941,-73.93545,Private room,56,6,2,53,89,1
5384774,26377263,Queens,Far Rockaway,40.59511,-73.75424,Private room,47,6,6,53,145,2
5567401,134936,Brooklyn,Williamsburg,40.70743,-73.94832,Entire home/apt,99,25,24,1,0,0
5204458,1238879,Brooklyn,Crown Heights,40.67247,-73.92894,Entire home/apt,96,30,2,1,0,0
5569464,2729850,Brooklyn,Greenpoint,40.72658,-73.94031,Entire home/apt,125,30,0,1,0,0
5207973,26942242,Manhattan,East Village,40.7295,-73.98623,Entire home/apt,230,30,1,1,0,0
5385943,27919611,Manhattan,Washington Heights,40.83242,-73.93931,Private room,28,30,0,1,0,0
5579147,10054163,Brooklyn,South Slope,40.66582,-73.98399,Entire home/apt,155,30,1,1,0,0
5579240,17523196,Queens,Jamaica,40.69461,-73.79604,Entire home/apt,72,3,30,1,55,7
5386402,4624753,Brooklyn,Williamsburg,40.71276,-73.96254,Entire home/apt,182,30,0,1,0,0
5213963,26975156,Manhattan,East Harlem,40.80199,-73.93353,Entire home/apt,119,4,1,1,0,0
5217507,3510638,Manhattan,Murray Hill,40.74625,-73.97505,Entire home/apt,75,5,13,1,0,0
5224210,1220404,Brooklyn,East New York,40.66836,-73.89257,Entire home/apt,140,2,61,2,328,38
5580236,19512999,Manhattan,Upper West Side,40.80174,-73.96612,Entire home/apt,325,31,2,1,0,0
5580648,21497854,Brooklyn,Bushwick,40.70007,-73.92151,Private room,45,30,13,1,0,0
5626601,29161738,Manhattan,Harlem,40.82831,-73.94919,Private room,55,30,7,1,0,0
5628539,24715671,Manhattan,Flatiron District,40.74138,-73.9835,Entire home/apt,899,30,15,6,365,0
5581272,26377263,Queens,Far Rockaway,40.5963,-73.75593,Private room,47,6,9,53,271,2
5581442,26377263,Queens,Far Rockaway,40.59507,-73.75408,Private room,47,6,11,53,306,2
5582038,6502530,Brooklyn,Clinton Hill,40.69468,-73.96748,Entire home/apt,151,2,27,1,292,4
5631916,14358525,Manhattan,Upper East Side,40.77048,-73.955,Entire home/apt,179,30,0,1,0,0
5389907,3641421,Queens,Astoria,40.7632,-73.92515,Entire home/apt,289,7,11,1,142,5
5395116,14586567,Manhattan,Upper West Side,40.79217,-73.97293,Entire home/apt,150,30,0,1,0,0
5588684,489950,Brooklyn,Greenpoint,40.73268,-73.95824,Entire home/apt,115,30,22,1,0,0
5640394,240584,Brooklyn,Bushwick,40.69918,-73.93765,Entire home/apt,100,30,28,1,0,0
5590262,669773,Queens,Sunnyside,40.7459,-73.91796,Entire home/apt,130,30,5,1,327,1
5395679,27969560,Brooklyn,Bushwick,40.69756,-73.90778,Private room,65,30,161,1,332,0
5590400,28984530,Manhattan,Harlem,40.81211,-73.95323,Entire home/apt,100,30,0,1,0,0
5396801,22249707,Brooklyn,Sheepshead Bay,40.58477,-73.95426,Entire home/apt,118,30,81,1,0,0
5647213,148610928,Brooklyn,Bedford-Stuyvesant,40.68337,-73.92668,Entire home/apt,130,4,60,1,0,0
5590966,28723165,Manhattan,Harlem,40.82631,-73.94931,Private room,70,30,131,1,0,0
5397568,9209691,Manhattan,Harlem,40.82298,-73.9482,Entire home/apt,164,31,159,2,89,0
5401148,27998261,Manhattan,Chelsea,40.74565,-73.99822,Entire home/apt,195,30,14,1,0,0
5593725,29003805,Manhattan,Harlem,40.82676,-73.94552,Private room,42,30,39,2,0,0
5402672,28005408,Manhattan,Murray Hill,40.74703,-73.98043,Entire home/apt,469,30,6,1,167,1
5649163,643512,Brooklyn,Bedford-Stuyvesant,40.68546,-73.95086,Entire home/apt,148,30,10,1,308,3
5593975,29005043,Brooklyn,Bedford-Stuyvesant,40.67867,-73.94531,Private room,125,30,7,1,180,0
5598465,18941320,Queens,Astoria,40.76244,-73.9249,Entire home/apt,122,30,7,1,0,0
5601147,11658596,Manhattan,Upper West Side,40.80324,-73.96517,Entire home/apt,100,30,0,1,0,0
5649580,29278028,Manhattan,Upper East Side,40.77591,-73.95754,Private room,226,1,95,5,189,36
5649623,836168,Manhattan,Upper West Side,40.77482,-73.98606,Entire home/apt,2000,30,9,11,364,0
5651944,29278028,Manhattan,Upper East Side,40.77671,-73.9565,Private room,225,3,71,5,103,7
5404201,28013319,Brooklyn,Park Slope,40.67605,-73.97167,Entire home/apt,180,2,219,1,125,37
5602200,24665235,Brooklyn,Bedford-Stuyvesant,40.68417,-73.94977,Entire home/apt,53,2,9,1,0,0
5602369,1407325,Brooklyn,Prospect Heights,40.67965,-73.97287,Entire home/apt,250,5,18,1,0,0
5615835,29106164,Manhattan,East Village,40.72871,-73.985,Private room,72,3,39,1,5,0
5406041,27974744,Manhattan,East Village,40.72655,-73.97775,Private room,100,2,246,1,156,33
5406167,22189723,Queens,Ridgewood,40.70835,-73.91158,Private room,49,30,56,3,210,0
5652403,3999695,Brooklyn,Bedford-Stuyvesant,40.69535,-73.9364,Private room,475,30,1,1,0,0
5616298,836168,Manhattan,Upper West Side,40.77277,-73.98571,Entire home/apt,2500,30,9,11,364,0
5619149,3868692,Manhattan,Financial District,40.70282,-74.00911,Entire home/apt,675,7,64,2,18,1
5623799,9311147,Manhattan,Harlem,40.82407,-73.94316,Private room,49,30,0,1,0,0
5624807,15775091,Brooklyn,Crown Heights,40.6701,-73.95714,Entire home/apt,170,30,2,1,0,0
5652542,29279330,Manhattan,Inwood,40.85988,-73.93143,Entire home/apt,115,30,34,1,0,0
5652946,19233353,Brooklyn,Prospect-Lefferts Gardens,40.65738,-73.95893,Private room,45,30,6,2,0,0
5656458,16091512,Brooklyn,Cobble Hill,40.68722,-73.99701,Entire home/apt,240,5,10,1,0,0
5409372,7016520,Brooklyn,Windsor Terrace,40.65406,-73.97536,Entire home/apt,80,30,17,1,0,0
6020044,12154854,Brooklyn,South Slope,40.66969,-73.98884,Private room,35,30,0,1,0,0
5823337,30224326,Manhattan,Morningside Heights,40.80652,-73.96226,Entire home/apt,150,30,2,1,0,0
5823579,30224269,Manhattan,Upper East Side,40.78088,-73.95061,Entire home/apt,92,7,178,1,229,13
5825911,22627992,Brooklyn,Park Slope,40.6772,-73.97604,Entire home/apt,450,6,14,1,0,0
5661603,27755788,Brooklyn,Park Slope,40.67762,-73.97537,Entire home/apt,145,30,1,1,0,0
5661631,26377263,Brooklyn,Bedford-Stuyvesant,40.67809,-73.93649,Private room,48,6,0,53,320,0
6026546,22613302,Manhattan,Upper East Side,40.77723,-73.96133,Entire home/apt,170,30,2,1,0,0
5826468,27894798,Manhattan,East Harlem,40.79552,-73.94231,Entire home/apt,200,30,1,1,0,0
6027485,31283971,Brooklyn,Bedford-Stuyvesant,40.68572,-73.95273,Private room,38,30,1,1,0,0
6028165,31287099,Manhattan,Lower East Side,40.71897,-73.9921,Entire home/apt,125,30,9,1,0,0
6029809,4049004,Brooklyn,Bedford-Stuyvesant,40.68223,-73.91927,Entire home/apt,150,3,175,1,107,34
5831012,1409854,Manhattan,Upper East Side,40.77143,-73.94797,Private room,150,30,2,1,6,0
5663222,29358602,Manhattan,Harlem,40.80613,-73.95033,Private room,90,1,317,4,269,66
6029987,15635060,Manhattan,Washington Heights,40.84514,-73.93966,Entire home/apt,100,2,10,1,0,0
6031001,30021924,Brooklyn,Williamsburg,40.71583,-73.94981,Private room,90,30,5,1,338,0
5671103,1686834,Queens,Astoria,40.76739,-73.91768,Private room,80,30,11,1,0,0
5833530,30280316,Brooklyn,Bedford-Stuyvesant,40.68638,-73.92032,Private room,40,30,0,1,0,0
6037761,7256281,Manhattan,East Village,40.72737,-73.98936,Private room,176,1,592,1,9,67
5672196,29408218,Brooklyn,Crown Heights,40.67178,-73.95272,Private room,53,30,0,1,0,0
6040757,23713669,Brooklyn,Prospect Heights,40.67404,-73.96518,Entire home/apt,300,14,35,1,0,2
5672288,15586243,Brooklyn,Williamsburg,40.70908,-73.94889,Entire home/apt,100,30,1,1,0,0
5672471,142695,Brooklyn,Bedford-Stuyvesant,40.6813,-73.9476,Private room,65,30,0,1,0,0
5672615,2423554,Brooklyn,Crown Heights,40.67734,-73.94826,Private room,46,7,16,1,0,0
5672704,6003891,Manhattan,Hell's Kitchen,40.76247,-73.99359,Private room,70,30,3,1,0,0
5838638,30312382,Brooklyn,Crown Heights,40.66926,-73.95897,Entire home/apt,70,60,4,1,0,0
6041875,30354475,Manhattan,East Harlem,40.8124,-73.9347,Entire home/apt,150,30,0,1,0,0
5679938,1303542,Manhattan,Financial District,40.71081,-74.00762,Entire home/apt,150,120,3,1,190,0
6043671,16458904,Manhattan,Murray Hill,40.74922,-73.97424,Entire home/apt,125,30,14,1,191,1
5681745,29456424,Brooklyn,Greenpoint,40.73125,-73.95905,Entire home/apt,150,30,8,1,0,0
5839029,580009,Brooklyn,Williamsburg,40.71604,-73.94912,Entire home/apt,279,30,80,1,82,2
5840936,16245414,Brooklyn,Bushwick,40.69415,-73.92415,Entire home/apt,493,1,2,3,55,0
6044964,31204745,Queens,Arverne,40.59008,-73.79276,Entire home/apt,218,2,295,2,341,41
5842819,3560299,Brooklyn,Williamsburg,40.71671,-73.95591,Private room,90,30,1,1,0,0
6045917,31376201,Queens,Kew Gardens,40.70664,-73.83395,Private room,150,30,0,3,0,0
5846654,30354449,Manhattan,Upper East Side,40.77139,-73.95766,Entire home/apt,110,30,3,1,0,0
5846745,24561040,Brooklyn,Park Slope,40.67828,-73.97586,Private room,111,2,214,3,279,35
5690007,22020703,Manhattan,Washington Heights,40.85358,-73.93004,Private room,74,3,206,2,157,0
6046877,31376201,Queens,Kew Gardens,40.7064,-73.83327,Private room,150,30,0,3,0,0
6048583,31389734,Manhattan,Greenwich Village,40.7299,-73.99632,Entire home/apt,120,30,1,1,0,0
5692492,3148473,Manhattan,Washington Heights,40.83884,-73.93809,Private room,45,30,10,1,0,0
5847182,30357478,Brooklyn,East Flatbush,40.65256,-73.95031,Private room,20,30,0,1,0,0
6051856,9828418,Manhattan,Washington Heights,40.84429,-73.93765,Private room,45,30,3,1,0,0
5847724,8968224,Brooklyn,Bushwick,40.68878,-73.91346,Private room,49,30,0,1,0,0
5848422,13465396,Manhattan,East Village,40.73101,-73.98601,Entire home/apt,101,30,3,1,0,0
5693978,29518961,Manhattan,Upper West Side,40.77978,-73.9779,Entire home/apt,120,30,1,1,0,0
5695055,13347167,Manhattan,Upper East Side,40.77266,-73.95535,Entire home/apt,117,30,7,31,304,2
5695509,15897880,Queens,Ridgewood,40.70285,-73.90973,Private room,50,30,0,1,0,0
6052119,8893700,Brooklyn,Sunset Park,40.66191,-73.99438,Entire home/apt,199,30,9,2,31,0
5695523,36841,Brooklyn,Bedford-Stuyvesant,40.68578,-73.92593,Entire home/apt,110,4,228,1,0,24
5850978,2843970,Manhattan,Flatiron District,40.74076,-73.98664,Entire home/apt,214,30,1,1,0,0
5851054,26440049,Brooklyn,Bushwick,40.70007,-73.91965,Private room,95,30,12,1,0,0
6054194,2568690,Queens,Astoria,40.75541,-73.92505,Entire home/apt,75,30,8,1,0,1
5856685,4194830,Brooklyn,Williamsburg,40.71187,-73.95777,Private room,75,5,17,1,0,4
5695566,29528182,Brooklyn,Bedford-Stuyvesant,40.68071,-73.95525,Private room,40,30,2,1,0,0
6054400,18874199,Brooklyn,Greenpoint,40.73658,-73.95405,Entire home/apt,75,30,27,1,0,0
5697062,29537636,Manhattan,Battery Park City,40.7106,-74.01496,Entire home/apt,225,30,3,1,0,0
5857515,2171626,Brooklyn,Williamsburg,40.7109,-73.96271,Entire home/apt,289,5,0,1,0,0
5859030,13347167,Manhattan,Upper East Side,40.77253,-73.95736,Entire home/apt,119,30,4,31,292,2
5860123,16437254,Brooklyn,Clinton Hill,40.685,-73.96044,Entire home/apt,198,30,10,14,341,2
5861963,30436731,Queens,Astoria,40.76279,-73.92039,Entire home/apt,90,30,16,1,0,0
6054864,3088202,Brooklyn,Carroll Gardens,40.68223,-73.99595,Entire home/apt,109,30,6,1,0,0
6055964,16151285,Bronx,Williamsbridge,40.88096,-73.84998,Private room,42,30,1,6,221,0
6055980,16151285,Bronx,Williamsbridge,40.87969,-73.85015,Private room,67,30,6,6,36,0
6059556,1098902,Brooklyn,Park Slope,40.6696,-73.98085,Private room,480,3,0,2,0,0
6062060,24561040,Brooklyn,Park Slope,40.67847,-73.97685,Private room,207,1,9,3,247,0
6066563,19810363,Bronx,Clason Point,40.81241,-73.85639,Entire home/apt,110,2,179,1,62,24
5697556,946943,Brooklyn,Williamsburg,40.71185,-73.9483,Entire home/apt,155,30,65,3,0,0
5705775,16437254,Brooklyn,Boerum Hill,40.68826,-73.98558,Entire home/apt,258,30,7,14,281,0
5706202,7503643,Brooklyn,Greenpoint,40.72706,-73.94038,Entire home/apt,169,30,2,33,341,0
5706280,13347167,Manhattan,Upper East Side,40.77171,-73.95535,Entire home/apt,145,30,9,31,316,5
6069703,17958459,Brooklyn,Williamsburg,40.71288,-73.96341,Entire home/apt,130,30,64,1,281,3
5707888,3780975,Manhattan,Harlem,40.80447,-73.95623,Entire home/apt,200,30,6,1,0,0
5862128,30437624,Queens,Astoria,40.76826,-73.9155,Private room,79,2,119,1,0,23
5866656,26377263,Brooklyn,Borough Park,40.64051,-73.99868,Private room,52,6,0,53,181,0
6071870,21940966,Manhattan,Harlem,40.80433,-73.958,Private room,50,2,13,2,64,0
6077354,31545214,Queens,Middle Village,40.72197,-73.86924,Private room,100,30,56,1,365,0
5869197,30475154,Manhattan,Upper West Side,40.7763,-73.98939,Entire home/apt,250,30,3,1,0,0
5871372,5309143,Bronx,Williamsbridge,40.8791,-73.86345,Private room,130,5,120,1,204,10
5708360,2946319,Brooklyn,Prospect Heights,40.67584,-73.96451,Entire home/apt,67,30,1,1,0,0
6077798,17249370,Brooklyn,Bushwick,40.69299,-73.90539,Private room,111,5,10,2,2,6
6078234,31425596,Manhattan,Upper West Side,40.78835,-73.97974,Entire home/apt,275,4,124,1,69,21
5715049,29628369,Brooklyn,Park Slope,40.6662,-73.97799,Entire home/apt,225,2,395,1,286,57
6079079,30214562,Queens,Jamaica Estates,40.72574,-73.78878,Entire home/apt,200,5,48,1,166,10
5716362,22992748,Manhattan,Two Bridges,40.71097,-73.99713,Entire home/apt,200,3,11,1,7,11
5717674,29642992,Brooklyn,Kensington,40.63523,-73.97486,Private room,70,30,8,1,0,0
5872177,9893040,Manhattan,Chelsea,40.74148,-73.99877,Entire home/apt,163,30,12,1,0,0
6079197,31555753,Manhattan,Upper West Side,40.80272,-73.96634,Private room,45,30,7,1,0,0
6087827,31594375,Brooklyn,Bedford-Stuyvesant,40.69903,-73.9412,Private room,85,30,0,1,0,0
5718494,11559667,Manhattan,Lower East Side,40.72038,-73.99154,Entire home/apt,150,30,3,1,0,0
5718935,29651191,Manhattan,Upper West Side,40.79679,-73.96105,Entire home/apt,225,30,13,1,0,0
6091850,31614694,Queens,Long Island City,40.76081,-73.92886,Entire home/apt,111,3,263,1,183,37
5719742,87105,Manhattan,Upper West Side,40.77874,-73.98505,Entire home/apt,230,30,18,2,34,2
6092535,17879321,Manhattan,Upper West Side,40.78103,-73.97787,Entire home/apt,150,30,2,1,0,0
5720988,29664627,Manhattan,West Village,40.73397,-74.0036,Entire home/apt,200,30,8,1,0,0
5878382,18527346,Brooklyn,Prospect Heights,40.67551,-73.96512,Private room,60,30,5,1,0,0
6093352,31621291,Brooklyn,Williamsburg,40.7045,-73.93594,Private room,97,1,471,2,8,61
5881858,3311124,Manhattan,East Village,40.73031,-73.98953,Entire home/apt,220,30,0,1,0,0
5725154,29683852,Brooklyn,Downtown Brooklyn,40.68888,-73.98344,Entire home/apt,150,30,2,1,0,0
6094046,31626212,Manhattan,Theater District,40.75893,-73.98384,Private room,79,30,172,5,179,1
5882068,2533934,Brooklyn,Flatbush,40.64774,-73.96226,Entire home/apt,95,4,11,1,0,0
6094708,31629890,Manhattan,Lower East Side,40.71712,-73.98532,Entire home/apt,85,30,0,1,0,0
6099485,15763944,Brooklyn,Bedford-Stuyvesant,40.69137,-73.95982,Private room,68,30,2,1,0,0
5726139,14001033,Brooklyn,Williamsburg,40.71239,-73.96178,Private room,65,30,0,1,0,0
6101104,9107715,Manhattan,Upper East Side,40.77318,-73.95156,Entire home/apt,260,7,31,1,107,1
6103146,182477,Brooklyn,Prospect-Lefferts Gardens,40.65479,-73.96083,Entire home/apt,100,30,11,1,0,0
6103273,4562182,Manhattan,Harlem,40.81067,-73.94508,Entire home/apt,250,30,118,3,312,0
6104187,31673092,Brooklyn,Crown Heights,40.67796,-73.95065,Entire home/apt,75,30,108,1,26,1
5882725,20557884,Brooklyn,Williamsburg,40.70709,-73.94949,Entire home/apt,185,4,130,1,186,27
6105342,31678869,Manhattan,Harlem,40.8251,-73.93899,Private room,200,30,0,1,0,0
5883159,436365,Manhattan,Upper East Side,40.76745,-73.95506,Entire home/apt,130,30,18,2,0,0
5727093,29693386,Brooklyn,Williamsburg,40.70401,-73.9337,Private room,65,30,1,1,0,0
6106142,2077383,Manhattan,Upper East Side,40.77863,-73.95704,Entire home/apt,85,30,3,1,0,0
6107592,30080463,Manhattan,Harlem,40.80194,-73.95051,Private room,105,30,79,3,145,0
5729530,29707420,Manhattan,Upper East Side,40.76939,-73.9504,Entire home/apt,150,30,0,1,0,0
5734824,2739450,Brooklyn,Bedford-Stuyvesant,40.69316,-73.93295,Entire home/apt,150,30,16,1,0,0
5737759,7503643,Brooklyn,Greenpoint,40.72624,-73.9423,Entire home/apt,149,30,3,33,338,1
5885201,4291007,Brooklyn,Clinton Hill,40.69378,-73.96196,Private room,96,30,49,16,269,1
5885280,4291007,Brooklyn,Clinton Hill,40.69311,-73.96186,Private room,101,30,61,16,342,2
5885373,4291007,Brooklyn,Clinton Hill,40.6929,-73.96196,Private room,101,30,45,16,312,1
5885396,4291007,Brooklyn,Bedford-Stuyvesant,40.69405,-73.96098,Private room,99,30,56,16,261,4
5885402,4291007,Brooklyn,Clinton Hill,40.69279,-73.96184,Private room,101,30,43,16,344,4
5885542,4291007,Brooklyn,Clinton Hill,40.69343,-73.96168,Private room,101,30,54,16,349,3
6114353,16923190,Manhattan,Lower East Side,40.72026,-73.98774,Private room,65,30,21,1,0,0
5889379,30585124,Bronx,Longwood,40.81831,-73.90816,Private room,55,5,40,3,44,8
5895056,30616879,Queens,Flushing,40.754,-73.80858,Private room,56,2,50,3,353,10
5895082,30616879,Queens,Flushing,40.76204,-73.80576,Private room,56,2,73,3,349,8
5897622,17266994,Manhattan,Harlem,40.80832,-73.95533,Entire home/apt,192,4,144,4,207,28
5743959,29792577,Manhattan,Harlem,40.81992,-73.95526,Private room,50,30,6,1,0,0
5748301,29817997,Queens,Rego Park,40.72879,-73.856232,Private room,80,2,236,2,336,28
5749147,860636,Bronx,Tremont,40.84102,-73.88694,Private room,31,30,11,3,0,0
6115275,8164199,Manhattan,Midtown,40.75061,-73.97393,Entire home/apt,180,30,0,1,0,0
5749889,16727332,Brooklyn,Park Slope,40.66801,-73.98142,Private room,60,30,0,1,0,0
5756464,13347167,Manhattan,Upper East Side,40.77297,-73.95689,Entire home/apt,120,30,5,31,262,0
5899598,6319915,Staten Island,St. George,40.64390612272814,-74.08280754285174,Entire home/apt,56,30,143,2,30,3
6121052,13525339,Manhattan,SoHo,40.72396,-73.99668,Entire home/apt,140,300,83,1,0,0
5756643,4275400,Manhattan,Upper West Side,40.8026,-73.9637,Private room,50,30,0,1,0,0
6124097,3035426,Manhattan,Chelsea,40.74043,-74.00078,Entire home/apt,266,4,67,1,233,20
5757509,29867161,Manhattan,Murray Hill,40.74415,-73.97322,Private room,165,30,0,1,0,0
6130145,29871437,Queens,Sunnyside,40.74299,-73.91576,Private room,60,30,134,1,249,4
5758234,21823,Brooklyn,Bushwick,40.68744,-73.91377,Entire home/apt,229,3,115,2,245,11
5761564,10532169,Manhattan,Gramercy,40.73241,-73.98457,Private room,97,30,0,1,0,0
5762947,27673980,Queens,Flushing,40.74537,-73.83252,Private room,68,1,112,8,44,0
5904538,30667773,Manhattan,Kips Bay,40.74556,-73.97942,Private room,150,30,0,1,0,0
5905128,28187447,Brooklyn,Bedford-Stuyvesant,40.68272,-73.91577,Entire home/apt,105,30,79,2,0,0
5919646,410962,Manhattan,Upper West Side,40.76905,-73.98515,Entire home/apt,550,4,28,1,18,8
6131266,3940516,Brooklyn,Crown Heights,40.67331,-73.95863,Private room,55,30,1,1,0,0
5763191,29901463,Manhattan,Upper West Side,40.77255,-73.9789,Shared room,85,3,122,1,38,4
6132230,6976808,Manhattan,SoHo,40.72708,-74.00055,Entire home/apt,150,30,36,1,0,0
5766499,19735540,Brooklyn,Bushwick,40.70834,-73.92213,Private room,55,30,0,1,0,0
5766895,3448931,Brooklyn,Clinton Hill,40.6924,-73.96835,Entire home/apt,195,30,6,1,0,0
5925550,30768511,Brooklyn,Park Slope,40.6755,-73.97452,Entire home/apt,275,30,1,1,0,0
5926854,557157,Manhattan,Greenwich Village,40.73088,-73.99337,Entire home/apt,179,30,28,1,0,0
5927152,30775529,Manhattan,East Village,40.73101,-73.99087,Private room,300,30,0,1,0,0
6133150,31817441,Brooklyn,Bedford-Stuyvesant,40.68198,-73.93224,Private room,59,30,1,1,0,0
5931103,24982374,Brooklyn,Clinton Hill,40.69576,-73.96181,Entire home/apt,237,30,131,1,331,2
5931824,23116198,Manhattan,Harlem,40.82896,-73.94059,Private room,50,30,0,1,0,0
5935275,28846474,Queens,Long Island City,40.7485,-73.94418,Private room,80,30,3,1,0,0
5769218,29452212,Manhattan,Upper East Side,40.76545,-73.95668,Entire home/apt,120,30,0,1,0,0
5770483,29936494,Manhattan,Hell's Kitchen,40.76301,-73.98824,Entire home/apt,330,5,70,1,69,5
5772667,9518420,Manhattan,Harlem,40.80502,-73.95808,Entire home/apt,150,30,13,1,85,6
5773199,2446016,Manhattan,Upper West Side,40.792,-73.97506,Entire home/apt,150,7,52,1,0,0
6138423,1978841,Manhattan,Upper West Side,40.79227,-73.96557,Entire home/apt,1100,30,10,1,267,1
6145124,31876574,Brooklyn,Crown Heights,40.66938,-73.95055,Private room,44,30,1,1,0,0
5774245,25859072,Brooklyn,Fort Greene,40.68759,-73.96942,Entire home/apt,115,30,5,1,0,0
5936796,30824695,Manhattan,Upper East Side,40.78297,-73.94559,Private room,75,3,3,1,0,0
5939328,14152383,Brooklyn,Gowanus,40.67849,-73.98938,Entire home/apt,199,4,4,1,0,3
6145637,9532490,Manhattan,East Village,40.73222,-73.9898,Shared room,75,30,68,3,322,3
5940868,2862308,Brooklyn,Greenpoint,40.72814,-73.95308,Entire home/apt,75,30,6,1,0,0
5944801,27796188,Manhattan,Harlem,40.8091,-73.95326,Entire home/apt,307,30,62,2,5,0
5779752,19498957,Manhattan,East Village,40.72558,-73.98212,Private room,129,30,4,1,0,0
5783517,23533897,Brooklyn,Crown Heights,40.67614,-73.95235,Private room,100,1,67,6,2,0
6146783,14796247,Brooklyn,Flatbush,40.64072,-73.96381,Private room,40,7,84,1,247,14
5786059,30006954,Brooklyn,Greenpoint,40.73269,-73.95341,Private room,143,30,3,1,365,0
5946137,11237515,Manhattan,Harlem,40.82202,-73.94701,Private room,100,30,3,1,358,0
5952441,26354652,Brooklyn,Flatbush,40.64898,-73.96636,Private room,126,2,0,4,0,0
6151450,26790498,Manhattan,Harlem,40.82366,-73.9461,Private room,50,30,1,1,0,0
5954466,30909882,Brooklyn,Greenpoint,40.72094,-73.94786,Entire home/apt,220,6,31,1,0,5
5956257,30918671,Brooklyn,Prospect-Lefferts Gardens,40.66149,-73.95222,Private room,60,30,0,1,0,0
6152725,31916657,Queens,East Elmhurst,40.76499,-73.87628,Entire home/apt,339,3,149,2,315,25
6155857,7573842,Manhattan,West Village,40.73215,-74.00318,Entire home/apt,250,30,1,1,0,0
5965198,1566167,Brooklyn,Kensington,40.63599,-73.97229,Entire home/apt,68,30,30,1,302,0
5965946,4308068,Brooklyn,Bushwick,40.69968,-73.91319,Private room,110,3,76,1,59,17
5969719,10685632,Queens,Sunnyside,40.7385,-73.92413,Private room,60,30,45,1,0,0
5791540,30046603,Brooklyn,Brooklyn Heights,40.69692,-73.99315,Entire home/apt,113,30,2,1,0,0
5792453,30050649,Manhattan,East Village,40.73306,-73.98762,Entire home/apt,196,30,9,1,0,0
5803068,16151285,Bronx,Williamsbridge,40.88039,-73.84798,Private room,45,30,31,6,361,1
6156319,7775447,Manhattan,Upper East Side,40.7797,-73.94815,Entire home/apt,185,30,4,1,0,0
5804170,30063582,Queens,Woodside,40.74954,-73.90383,Private room,37,30,0,1,0,0
5979675,7039396,Brooklyn,Cypress Hills,40.68088,-73.88786,Entire home/apt,109,1,287,1,301,66
5986444,914838,Manhattan,Hell's Kitchen,40.75758,-73.99367,Entire home/apt,73,30,13,8,95,0
6156442,31937844,Manhattan,Hell's Kitchen,40.76329,-73.99554,Entire home/apt,180,30,2,1,0,0
5991675,22388424,Queens,Ridgewood,40.70389,-73.91017,Private room,46,7,17,2,161,0
5992438,2537749,Brooklyn,Fort Greene,40.6953,-73.97137,Private room,50,30,2,1,0,0
5804184,30112106,Brooklyn,Bedford-Stuyvesant,40.69885,-73.93885,Private room,45,30,18,1,0,0
5804451,13501779,Brooklyn,Crown Heights,40.67025,-73.95206,Entire home/apt,55,30,14,2,0,0
6165032,25406101,Brooklyn,Prospect-Lefferts Gardens,40.66081,-73.96019,Entire home/apt,123,30,2,1,0,0
6165564,30906910,Brooklyn,Bedford-Stuyvesant,40.6874,-73.94339,Private room,750,30,0,1,0,0
5998890,5574620,Brooklyn,Crown Heights,40.67192,-73.9555,Entire home/apt,220,30,5,1,0,0
5999786,4714927,Manhattan,East Harlem,40.79047,-73.94865,Private room,63,26,97,5,0,6
6166870,13708762,Brooklyn,Bedford-Stuyvesant,40.68625,-73.92504,Private room,30,210,11,1,0,0
6000785,31150792,Brooklyn,Bedford-Stuyvesant,40.69517,-73.93394,Entire home/apt,129,30,163,1,0,0
6000898,23708009,Manhattan,Upper East Side,40.78287,-73.95169,Entire home/apt,1300,5,84,1,290,23
5805561,19390428,Manhattan,Chelsea,40.74318,-74.0027,Entire home/apt,240,30,0,1,0,0
5806687,18060780,Brooklyn,Bushwick,40.69611,-73.92258,Private room,65,30,1,1,0,0
5806817,29817997,Queens,Rego Park,40.72879,-73.856232,Private room,65,30,142,2,249,0
5806829,4473420,Brooklyn,Boerum Hill,40.68821,-73.9903,Private room,120,30,0,1,0,0
5811500,2558779,Queens,Ridgewood,40.70299,-73.90543,Private room,56,7,68,2,160,6
6167817,31997128,Manhattan,Chelsea,40.73975,-74.00079,Entire home/apt,139,30,4,1,0,0
5821886,10553573,Brooklyn,Williamsburg,40.71122,-73.95602,Entire home/apt,210,30,3,1,0,0
6196354,31621291,Brooklyn,Williamsburg,40.70657,-73.93664,Shared room,55,1,376,2,14,58
6196860,32135311,Manhattan,Inwood,40.85901,-73.92874,Entire home/apt,79,30,4,1,0,0
6002382,4266202,Queens,Astoria,40.76039,-73.92187,Private room,60,30,0,1,0,0
6168331,32001723,Brooklyn,Bedford-Stuyvesant,40.69448,-73.93107,Shared room,45,30,1,1,0,0
6004567,28720717,Manhattan,Financial District,40.70632,-74.01219,Entire home/apt,399,360,14,3,340,3
6197119,26908204,Brooklyn,Prospect-Lefferts Gardens,40.66161,-73.95644,Entire home/apt,90,30,62,1,0,0
6168663,15743117,Manhattan,Harlem,40.81339,-73.95171,Private room,79,30,2,1,0,0
6005231,31175000,Brooklyn,Bedford-Stuyvesant,40.68397,-73.93787,Entire home/apt,180,3,188,3,69,20
6169068,9773128,Brooklyn,Park Slope,40.66916,-73.97534,Entire home/apt,345,30,0,1,0,0
6169897,10720264,Manhattan,Harlem,40.82044,-73.95624,Entire home/apt,75,500,0,1,0,0
6005868,31177258,Brooklyn,Williamsburg,40.71118,-73.95192,Entire home/apt,245,30,48,1,40,4
6198343,1245722,Brooklyn,Williamsburg,40.71783,-73.94539,Entire home/apt,275,2,47,1,293,4
6169981,32011239,Manhattan,Gramercy,40.73702,-73.98661,Entire home/apt,200,30,14,1,0,0
6006711,28429835,Manhattan,East Village,40.72896,-73.98725,Private room,250,30,1,1,0,0
6179500,26819117,Manhattan,Kips Bay,40.74174,-73.97878,Private room,115,30,1,1,0,0
6180121,8826175,Bronx,Concourse,40.81943,-73.92911,Entire home/apt,69,30,136,3,74,0
6180741,14318669,Manhattan,Lower East Side,40.71393,-73.98868,Entire home/apt,210,30,44,1,0,0
6181131,32060911,Staten Island,West Brighton,40.63451,-74.11527,Private room,45,26,16,6,310,5
6006837,6527023,Brooklyn,South Slope,40.6648,-73.99195,Private room,70,30,1,1,0,0
6198636,31877774,Manhattan,Upper West Side,40.77836,-73.98119,Entire home/apt,250,30,1,1,0,0
6200613,10418386,Manhattan,Upper West Side,40.79422,-73.97565,Private room,90,30,0,1,0,0
6184827,1912541,Brooklyn,Bushwick,40.68991,-73.92039,Entire home/apt,100,30,3,1,0,0
6201730,32158960,Manhattan,Washington Heights,40.83562,-73.94581,Private room,90,30,0,1,0,0
6012187,25796636,Manhattan,East Village,40.72406,-73.98942,Entire home/apt,150,30,44,1,0,0
6013171,13917722,Manhattan,Hell's Kitchen,40.76324,-73.98563,Private room,150,30,0,1,0,0
6013186,31175000,Brooklyn,Bedford-Stuyvesant,40.68271,-73.93971,Entire home/apt,215,3,81,3,81,0
6014926,820011,Manhattan,East Village,40.72582,-73.98656,Entire home/apt,129,7,80,2,263,11
6015754,8636732,Brooklyn,Flatbush,40.63676,-73.96713,Private room,31,30,1,2,0,0
6018589,31241183,Manhattan,Washington Heights,40.8391,-73.94062,Private room,65,30,41,3,249,0
6184855,23593179,Brooklyn,Williamsburg,40.7193,-73.95815,Entire home/apt,195,30,3,1,0,0
6019386,31245355,Manhattan,Harlem,40.81124,-73.94128,Entire home/apt,85,30,45,1,174,10
6322937,80447,Queens,Long Island City,40.76461,-73.93263,Entire home/apt,115,30,6,1,0,0
6185426,5689587,Brooklyn,Williamsburg,40.71339,-73.95589,Entire home/apt,99,40,30,1,0,0
6323483,19750664,Manhattan,Battery Park City,40.70846,-74.01675,Entire home/apt,200,30,0,1,0,0
6326345,23589288,Brooklyn,Bedford-Stuyvesant,40.69037,-73.95746,Private room,60,30,9,1,0,0
6209084,14772147,Brooklyn,Williamsburg,40.71349,-73.93776,Private room,50,30,2,1,0,0
6209147,32197200,Manhattan,East Harlem,40.79807,-73.93793,Entire home/apt,130,30,34,1,0,0
6209799,7894614,Manhattan,Gramercy,40.73598,-73.97942,Entire home/apt,150,30,5,1,0,0
6185530,24123701,Manhattan,Hell's Kitchen,40.7695,-73.98802,Entire home/apt,259,7,38,1,32,3
6216318,16970067,Brooklyn,Williamsburg,40.7137,-73.94214,Private room,105,30,0,1,0,0
6326410,32922532,Manhattan,East Village,40.73076,-73.98735,Entire home/apt,230,5,179,3,293,42
6185599,31241183,Manhattan,Washington Heights,40.83744,-73.94061,Private room,65,30,47,3,310,0
6188022,1811344,Brooklyn,Greenpoint,40.73207,-73.95436,Entire home/apt,225,30,1,1,0,0
6326568,32924122,Manhattan,West Village,40.73497,-74.00216,Entire home/apt,207,30,1,1,0,0
6220514,31617949,Manhattan,East Village,40.72332,-73.97914,Entire home/apt,250,30,25,1,0,0
6192999,32117091,Brooklyn,Williamsburg,40.70956,-73.95878,Entire home/apt,122,30,36,1,0,0
6221877,31675601,Brooklyn,Bay Ridge,40.62669,-74.02812,Private room,64,30,65,4,59,6
6224336,32279718,Queens,Long Island City,40.74427,-73.95475,Entire home/apt,150,4,120,1,221,21
6225501,150832,Brooklyn,Williamsburg,40.71477,-73.96233,Entire home/apt,150,30,95,1,0,0
6326582,32924087,Manhattan,Washington Heights,40.8346,-73.94082,Shared room,63,1,2,1,0,0
6326681,241395,Manhattan,East Village,40.72556,-73.99036,Entire home/apt,140,30,13,1,82,2
6195564,14600914,Brooklyn,Williamsburg,40.71516,-73.95651,Entire home/apt,140,1,154,1,0,16
6424227,6969910,Brooklyn,DUMBO,40.70237,-73.98975,Entire home/apt,150,30,0,1,0,0
6326865,29594719,Brooklyn,Carroll Gardens,40.67778,-73.99402,Entire home/apt,350,30,1,1,0,0
6326959,16152105,Manhattan,Washington Heights,40.85298,-73.94021,Entire home/apt,750,30,7,1,0,0
6327222,9922972,Brooklyn,Bedford-Stuyvesant,40.68487,-73.93477,Private room,56,30,237,4,149,18
6225766,7702854,Manhattan,Lower East Side,40.71952,-73.99141,Entire home/apt,368,2,130,1,72,45
6225968,19007308,Manhattan,Harlem,40.82244,-73.94542,Entire home/apt,158,7,25,1,349,1
6225974,909577,Brooklyn,Williamsburg,40.71182,-73.96256,Private room,127,2,244,3,139,33
6425712,16598550,Manhattan,Washington Heights,40.85564,-73.93683,Entire home/apt,200,30,2,1,0,0
6226794,32295605,Manhattan,Upper East Side,40.76486,-73.95991,Private room,200,7,88,2,339,0
6227027,6089159,Manhattan,Upper West Side,40.78533,-73.97899,Entire home/apt,125,30,4,1,0,0
6227341,26595479,Brooklyn,Bedford-Stuyvesant,40.6815,-73.94603,Private room,45,1,0,1,0,0
6227680,23548583,Brooklyn,East Flatbush,40.65249,-73.9439,Entire home/apt,120,30,30,2,148,2
6228461,31675601,Brooklyn,Bay Ridge,40.62668,-74.02821,Private room,65,30,71,4,190,3
6328394,8876603,Manhattan,Harlem,40.81373,-73.94811,Entire home/apt,166,3,206,1,281,27
6329973,31626212,Manhattan,Theater District,40.75882,-73.98362,Private room,83,30,156,5,174,5
6330321,6319915,Staten Island,St. George,40.64499446984693,-74.08091924711673,Entire home/apt,78,29,158,2,40,2
6425850,32715865,Manhattan,Upper West Side,40.79169,-73.97498,Entire home/apt,86,30,5,1,0,0
6331598,32958503,Brooklyn,Bedford-Stuyvesant,40.68407,-73.93994,Entire home/apt,93,30,2,1,0,0
6232987,32340523,Manhattan,Kips Bay,40.74325,-73.9735,Entire home/apt,250,30,0,1,0,0
6428581,3760161,Manhattan,SoHo,40.7225,-73.99771,Private room,95,30,1,1,0,0
6237443,32305413,Brooklyn,Prospect Heights,40.67422,-73.96759,Private room,97,2,273,1,121,48
6332130,21725994,Brooklyn,Prospect-Lefferts Gardens,40.65554,-73.95955,Entire home/apt,120,2,87,2,102,0
6428913,13043852,Brooklyn,Cobble Hill,40.68692,-73.99845,Entire home/apt,300,30,7,1,305,1
6333850,11127879,Brooklyn,Crown Heights,40.6726,-73.92859,Private room,120,30,0,1,0,0
6237974,25689357,Brooklyn,Bedford-Stuyvesant,40.68295,-73.92436,Entire home/apt,175,4,203,1,274,6
6432836,19251040,Manhattan,Upper West Side,40.79105,-73.97192,Private room,90,30,1,1,0,0
6239643,23290881,Brooklyn,Flatbush,40.64943,-73.96255,Private room,65,3,132,1,341,0
6333994,4194894,Manhattan,Lower East Side,40.71969,-73.99404,Entire home/apt,447,4,152,1,101,36
6435782,1494655,Manhattan,Midtown,40.76465,-73.9751,Private room,149,1,2,1,11,0
6436950,3563303,Manhattan,Upper West Side,40.78038,-73.98604,Entire home/apt,118,180,9,1,0,0
6438239,11885649,Manhattan,Upper East Side,40.76273,-73.96029,Entire home/apt,195,30,0,1,0,0
6334236,32901759,Brooklyn,Bedford-Stuyvesant,40.67736,-73.92431,Entire home/apt,116,4,71,1,57,2
6337725,33000709,Manhattan,Harlem,40.81349,-73.95125,Entire home/apt,140,30,2,1,0,0
6242355,32405588,Brooklyn,Williamsburg,40.70986,-73.9605,Entire home/apt,242,10,2,2,68,1
6242600,32406934,Brooklyn,Bedford-Stuyvesant,40.67966,-73.94093,Private room,180,30,9,1,363,0
6244089,17264040,Bronx,Mount Hope,40.84815,-73.90448,Entire home/apt,364,3,81,4,175,14
6245521,9922972,Brooklyn,Bedford-Stuyvesant,40.68556,-73.93645,Private room,55,30,236,4,82,20
6245792,9922972,Brooklyn,Bedford-Stuyvesant,40.6849,-73.93485,Private room,56,15,202,4,151,14
6246681,27428499,Brooklyn,Williamsburg,40.71521,-73.93734,Entire home/apt,196,30,1,1,0,0
6438254,33611370,Brooklyn,Carroll Gardens,40.68324,-73.99706,Entire home/apt,125,30,2,1,0,0
6342741,29893120,Manhattan,Tribeca,40.71436,-74.00836,Private room,89,30,9,1,0,0
6443330,33640698,Manhattan,West Village,40.73404,-74.00955,Entire home/apt,200,30,0,1,0,0
6342801,19904371,Manhattan,West Village,40.73283,-74.00836,Entire home/apt,500,30,3,1,0,0
6343619,33037772,Brooklyn,Crown Heights,40.66756,-73.95187,Private room,55,1,5,1,0,0
6343641,32865595,Brooklyn,Prospect-Lefferts Gardens,40.66238,-73.96281,Private room,69,30,54,1,158,0
6248358,29584774,Brooklyn,Bushwick,40.70382,-73.91363,Entire home/apt,135,30,0,1,0,0
6445126,32850071,Brooklyn,Williamsburg,40.71411,-73.95771,Entire home/apt,150,30,1,1,0,0
6249100,14614459,Manhattan,East Harlem,40.78519,-73.94825,Private room,90,30,4,3,0,0
6345728,13275837,Manhattan,Greenwich Village,40.72947,-73.99364,Entire home/apt,133,30,7,1,0,0
6447136,33648474,Brooklyn,Bushwick,40.69897,-73.92241,Entire home/apt,113,14,63,1,267,2
6346456,32846930,Manhattan,Nolita,40.72157,-73.99384,Entire home/apt,350,30,0,1,0,0
6249465,31914305,Manhattan,Morningside Heights,40.8044,-73.96514,Private room,80,30,0,1,0,0
6447797,33616159,Manhattan,Chinatown,40.71776,-73.99407,Private room,89,30,3,1,0,0
6449002,11179499,Manhattan,West Village,40.72936,-74.00293,Entire home/apt,180,30,2,1,0,0
6252815,32479008,Brooklyn,Park Slope,40.66793,-73.9809,Entire home/apt,100,30,59,1,198,2
6346496,14087588,Manhattan,East Village,40.72459,-73.99173,Entire home/apt,300,30,1,1,0,0
6449238,517772,Queens,Ditmars Steinway,40.77387,-73.91778,Entire home/apt,70,30,2,1,0,0
6449718,33675739,Manhattan,East Harlem,40.79296,-73.9388,Private room,123,30,50,2,115,0
6253399,32482524,Brooklyn,Williamsburg,40.714737,-73.954971,Private room,200,2,46,1,16,5
6450240,4498389,Brooklyn,Clinton Hill,40.68366,-73.96229,Private room,70,30,4,1,0,0
6450457,33680384,Manhattan,Kips Bay,40.74114,-73.98097,Entire home/apt,200,30,0,1,0,0
6451892,20192028,Brooklyn,Sunset Park,40.66552,-73.99477,Private room,55,1,1,1,0,0
6347548,33063310,Manhattan,Kips Bay,40.73789,-73.97493,Private room,155,30,2,1,0,0
6347713,33064443,Manhattan,Flatiron District,40.74079,-73.99304,Private room,111,30,1,1,0,0
6452188,276291,Manhattan,Harlem,40.80919,-73.94276,Entire home/apt,174,3,197,2,270,34
6452585,6826449,Manhattan,East Village,40.72466,-73.9853,Private room,115,30,0,1,0,0
6459617,1531125,Brooklyn,Williamsburg,40.71637,-73.9548,Entire home/apt,346,4,24,2,0,8
6460353,11775328,Brooklyn,Prospect-Lefferts Gardens,40.65651,-73.96187,Entire home/apt,150,30,20,1,310,1
6348972,33074274,Manhattan,Harlem,40.80632,-73.94821,Private room,69,5,51,3,274,7
6255407,8095903,Manhattan,Harlem,40.82871,-73.93938,Entire home/apt,114,30,2,1,0,0
6255597,11189753,Brooklyn,Fort Greene,40.68565,-73.97121,Entire home/apt,240,30,47,4,346,10
6256470,17264040,Bronx,Mount Hope,40.84625,-73.90436,Entire home/apt,364,3,112,4,175,14
6460927,33741028,Manhattan,Gramercy,40.73382,-73.98392,Private room,295,30,22,1,0,0
6257715,1856829,Brooklyn,Clinton Hill,40.6838,-73.96753,Entire home/apt,100,30,1,1,0,0
6259593,3562322,Brooklyn,Bedford-Stuyvesant,40.68622,-73.95257,Private room,48,7,50,5,9,22
6259928,31405259,Manhattan,East Village,40.72739,-73.98411,Private room,75,30,3,1,0,0
6461789,33746505,Brooklyn,Sheepshead Bay,40.60932,-73.96698,Private room,80,1,138,1,0,0
6260442,32527193,Manhattan,Upper West Side,40.77929,-73.98068,Entire home/apt,364,4,129,1,3,15
6262339,4153233,Manhattan,Washington Heights,40.85342,-73.94049,Private room,100,30,2,1,0,0
6262496,4582357,Manhattan,Chelsea,40.73786,-73.99652,Private room,150,30,1,1,0,0
6262536,405555,Manhattan,Theater District,40.76295,-73.98435,Entire home/apt,64,30,1,1,0,0
6262562,15743237,Queens,Forest Hills,40.71305,-73.85147,Private room,59,30,2,1,0,0
6269517,9524360,Brooklyn,Williamsburg,40.71389,-73.93677,Entire home/apt,124,3,248,2,239,54
6349524,8852945,Manhattan,East Village,40.72708,-73.98745,Private room,110,30,0,1,0,0
6462454,3210626,Brooklyn,Park Slope,40.6761,-73.97509,Entire home/apt,200,30,0,1,0,0
6356070,20320155,Brooklyn,Bedford-Stuyvesant,40.68126,-73.91374,Entire home/apt,140,30,87,1,362,0
6269646,25915648,Queens,Flushing,40.75643,-73.82163,Private room,200,30,160,2,0,0
6462513,33750239,Brooklyn,Bedford-Stuyvesant,40.68744,-73.93659,Private room,105,3,141,1,67,18
6269808,233161,Brooklyn,Flatbush,40.6503,-73.97197,Entire home/apt,150,30,0,1,0,0
6464881,18412434,Brooklyn,Prospect Heights,40.67604,-73.96372,Entire home/apt,91,7,61,1,0,0
6357128,20156894,Manhattan,Harlem,40.80809,-73.94777,Private room,139,1,32,1,154,5
6467264,33782884,Brooklyn,Carroll Gardens,40.67828,-73.99605,Private room,175,30,4,1,0,0
6357527,18762837,Manhattan,Upper West Side,40.79159,-73.97809,Entire home/apt,130,30,3,1,0,0
6269945,32583105,Manhattan,Upper East Side,40.77941,-73.95195,Private room,100,30,85,1,362,0
6467905,33788184,Manhattan,Harlem,40.82987,-73.94888,Private room,50,30,0,1,0,0
6273469,4248868,Manhattan,West Village,40.73711,-74.00684,Entire home/apt,200,30,0,1,0,0
6470740,33803881,Manhattan,Financial District,40.70516,-74.00798,Entire home/apt,275,30,0,1,0,0
6359111,5720429,Manhattan,Midtown,40.74806,-73.98322,Entire home/apt,1064,1,99,1,115,1
6476242,33833944,Manhattan,Midtown,40.76075,-73.96481,Entire home/apt,333,30,25,4,0,0
6476333,18693139,Manhattan,East Harlem,40.80126,-73.93889,Private room,100,30,6,1,219,0
6359266,33128992,Manhattan,Morningside Heights,40.81444,-73.95863,Private room,75,30,1,1,0,0
6274181,32608639,Brooklyn,Williamsburg,40.71554,-73.95433,Entire home/apt,339,30,33,1,61,2
6476426,25646971,Manhattan,Financial District,40.7092,-74.01095,Entire home/apt,600,30,9,1,0,0
6276574,7483317,Manhattan,Upper West Side,40.78572,-73.97492,Entire home/apt,175,30,31,1,0,0
6477272,6696648,Queens,Astoria,40.76711,-73.9229,Entire home/apt,111,30,8,1,314,1
6477558,17770287,Manhattan,Murray Hill,40.74929,-73.98125,Entire home/apt,125,30,13,12,261,4
6478214,29766266,Manhattan,Chelsea,40.73966,-73.99821,Entire home/apt,165,30,71,1,0,0
6277476,3764548,Manhattan,Upper East Side,40.77943,-73.95103,Entire home/apt,150,30,2,1,0,0
6278513,29111260,Brooklyn,Bedford-Stuyvesant,40.69148,-73.9388,Private room,55,30,2,1,0,0
6279160,9742010,Manhattan,Upper West Side,40.78352,-73.97448,Private room,175,30,0,1,0,0
6478459,18897568,Manhattan,Greenwich Village,40.72873,-74.00032,Entire home/apt,499,30,3,1,0,0
6479956,13356805,Brooklyn,Park Slope,40.66753,-73.97747,Private room,300,30,0,1,0,0
6487196,3263765,Manhattan,Greenwich Village,40.73133,-73.995,Private room,75,30,4,1,0,0
6282629,32658478,Manhattan,Harlem,40.81665,-73.93483,Entire home/apt,124,1,49,1,30,8
6359621,31313946,Manhattan,Theater District,40.757,-73.98312,Entire home/apt,200,30,0,1,365,0
6492185,33929905,Brooklyn,Manhattan Beach,40.57817,-73.95277,Entire home/apt,165,5,90,1,144,10
6360224,33134899,Brooklyn,Bushwick,40.69977,-73.92912,Private room,37,30,1,1,0,0
6360639,3320288,Queens,Ridgewood,40.70373,-73.90374,Entire home/apt,75,1,65,1,249,0
6283933,41612,Brooklyn,Carroll Gardens,40.67678,-73.99708,Private room,45,2,0,1,0,0
6284582,7474069,Manhattan,Washington Heights,40.84581,-73.94212,Entire home/apt,275,3,87,2,207,17
6492778,21575456,Brooklyn,Clinton Hill,40.68617,-73.96257,Entire home/apt,225,30,174,1,315,1
6362662,33149697,Brooklyn,Williamsburg,40.72026,-73.96111,Private room,65,30,0,1,0,0
6364280,4358400,Manhattan,West Village,40.73851,-74.00713,Entire home/apt,200,30,1,1,0,0
6493737,33941066,Manhattan,Murray Hill,40.74834,-73.97657,Entire home/apt,199,30,0,1,0,0
6370889,33198779,Manhattan,Washington Heights,40.84021,-73.93612,Private room,35,30,4,1,0,0
6286253,32678605,Brooklyn,Bushwick,40.69756,-73.92209,Private room,100,30,0,1,0,0
6291371,31675601,Brooklyn,Bay Ridge,40.62466,-74.02871,Private room,65,30,60,4,10,0
6494256,33527075,Queens,Elmhurst,40.74385,-73.87613,Private room,31,30,197,2,0,0
6291454,20565470,Brooklyn,Williamsburg,40.71772,-73.95534,Entire home/apt,140,30,2,1,0,0
6499058,33970775,Manhattan,Upper East Side,40.7641,-73.95801,Entire home/apt,135,30,11,1,0,0
6292334,7189415,Manhattan,Upper East Side,40.77357,-73.95193,Entire home/apt,300,30,0,1,0,0
6371504,26484511,Manhattan,Upper West Side,40.7823,-73.97477,Entire home/apt,175,30,4,1,0,0
6499870,33975064,Manhattan,Harlem,40.80773,-73.9529,Entire home/apt,105,30,2,1,0,0
6500246,33977124,Brooklyn,Bedford-Stuyvesant,40.6867,-73.95701,Private room,65,30,60,2,0,0
6371593,11740479,Manhattan,Lower East Side,40.7185,-73.9934,Entire home/apt,254,30,6,1,0,0
6371890,6771594,Manhattan,SoHo,40.72053,-74.00256,Private room,110,30,0,1,0,0
6501082,33977623,Brooklyn,Williamsburg,40.71366,-73.96616,Entire home/apt,463,30,22,1,0,0
6502493,14231957,Manhattan,West Village,40.73412,-74.0007,Entire home/apt,300,30,5,1,0,0
6373379,33212205,Manhattan,Midtown,40.75506,-73.96887,Entire home/apt,250,30,0,1,0,0
6292828,28980092,Brooklyn,Williamsburg,40.71075,-73.95168,Private room,110,30,0,1,0,0
6504972,5785497,Brooklyn,Bushwick,40.70085,-73.92206,Private room,50,30,27,1,9,4
6505898,34009194,Manhattan,Washington Heights,40.83758,-73.94844,Entire home/apt,214,30,1,1,0,0
6292893,2563284,Manhattan,East Village,40.72104,-73.98131,Entire home/apt,120,30,6,1,0,0
6373790,26818265,Manhattan,Upper West Side,40.79733,-73.97032,Entire home/apt,280,1,1,1,0,0
6375124,738918,Brooklyn,Park Slope,40.67591,-73.97778,Entire home/apt,200,14,29,2,53,1
6505927,12798614,Brooklyn,Bedford-Stuyvesant,40.68766,-73.94205,Entire home/apt,135,30,64,3,315,3
6377161,14141873,Manhattan,Gramercy,40.73795,-73.98582,Entire home/apt,843,3,59,1,318,12
6377384,1993978,Manhattan,West Village,40.73836,-74.00245,Entire home/apt,495,30,8,1,0,0
6378298,33163646,Queens,Sunnyside,40.74365,-73.92481,Entire home/apt,75,30,72,1,0,0
6506449,34013546,Manhattan,Upper West Side,40.79324,-73.97489,Entire home/apt,140,30,2,1,0,0
6507084,23772724,Manhattan,East Harlem,40.79905,-73.9316,Entire home/apt,100,30,13,58,336,0
6509750,696487,Manhattan,Upper West Side,40.7838,-73.9772,Entire home/apt,385,30,0,1,0,0
6300353,29854689,Brooklyn,Bushwick,40.69738,-73.92798,Private room,72,30,37,1,0,0
6512429,34049419,Brooklyn,South Slope,40.66664,-73.9903,Entire home/apt,140,30,14,1,0,0
6512929,34052554,Manhattan,Upper East Side,40.77499,-73.94875,Entire home/apt,120,30,1,1,0,0
6515562,14979188,Manhattan,East Village,40.72617,-73.98734,Entire home/apt,110,30,3,1,0,0
6302460,21211868,Brooklyn,Bedford-Stuyvesant,40.68576,-73.94022,Private room,55,30,1,1,0,0
6302996,18671223,Manhattan,Washington Heights,40.84918,-73.93472,Private room,45,30,1,1,0,0
6303109,32778868,Brooklyn,Cobble Hill,40.68537,-73.99966,Entire home/apt,300,55,2,1,83,0
6380118,6645134,Brooklyn,Bushwick,40.69964,-73.91647,Private room,42,3,5,1,218,0
6384275,252121,Brooklyn,Clinton Hill,40.68138,-73.96407,Entire home/apt,130,30,113,1,300,0
6384560,4233168,Brooklyn,Prospect-Lefferts Gardens,40.65691,-73.95721,Private room,75,30,1,1,0,0
6515686,4224588,Brooklyn,Williamsburg,40.71155,-73.94883,Private room,106,30,0,1,0,0
6384622,31752474,Brooklyn,Prospect-Lefferts Gardens,40.66019,-73.96172,Private room,32,60,11,2,0,0
6385039,2881,Brooklyn,Bedford-Stuyvesant,40.68479,-73.94822,Private room,60,30,254,1,77,36
6385364,3922258,Manhattan,Lower East Side,40.72035,-73.99289,Private room,100,1,1,1,0,0
6388315,9815198,Manhattan,Upper West Side,40.77752,-73.9777,Entire home/apt,120,150,0,1,0,0
6390092,33159253,Brooklyn,Greenpoint,40.7201,-73.9469,Entire home/apt,125,30,1,1,0,0
6303611,6283678,Brooklyn,Greenpoint,40.72559,-73.94684,Entire home/apt,165,30,0,1,0,0
6304002,2822805,Brooklyn,Bedford-Stuyvesant,40.68624,-73.94914,Private room,78,30,27,10,342,1
6516344,25865233,Manhattan,Harlem,40.81752,-73.95448,Entire home/apt,120,4,83,1,9,8
6304307,10384362,Brooklyn,Williamsburg,40.71556,-73.94705,Entire home/apt,140,30,7,1,0,0
6391062,5972246,Brooklyn,Bedford-Stuyvesant,40.68207,-73.95329,Private room,47,30,3,1,0,0
6519873,829717,Queens,Arverne,40.59559,-73.78886,Entire home/apt,92,1,89,1,50,26
6395433,23693099,Bronx,Concourse Village,40.82648,-73.91541,Entire home/apt,50,2,137,1,0,0
6520350,4089529,Queens,Arverne,40.59411,-73.79647,Entire home/apt,743,3,113,1,365,10
6397963,21894410,Brooklyn,Williamsburg,40.70218,-73.93996,Private room,85,30,3,1,0,0
6304928,886705,Brooklyn,Williamsburg,40.71629,-73.96539,Entire home/apt,263,30,4,1,0,0
6305027,309393,Brooklyn,Boerum Hill,40.68484,-73.97906,Entire home/apt,175,30,1,1,0,0
6522426,34110700,Brooklyn,Williamsburg,40.71003,-73.94834,Private room,148,2,2,1,15,1
6398715,31762883,Queens,Ditmars Steinway,40.77915,-73.90902,Private room,35,30,0,1,0,0
6523409,2124716,Brooklyn,Park Slope,40.66923,-73.98134,Private room,99,30,100,1,0,0
6400482,15195194,Manhattan,Washington Heights,40.83967,-73.94523,Entire home/apt,115,30,3,1,0,0
6305553,32798845,Brooklyn,Kensington,40.64345,-73.98258,Private room,35,30,0,1,0,0
6528040,25168888,Manhattan,Harlem,40.82233,-73.95605,Private room,67,4,40,3,220,1
6528046,34142649,Manhattan,Stuyvesant Town,40.73515,-73.97944,Entire home/apt,249,30,0,1,0,0
6309328,30494262,Brooklyn,Bushwick,40.70217,-73.92739,Private room,55,30,4,1,0,0
6311978,4309521,Manhattan,Lower East Side,40.71962,-73.98953,Private room,60,1,1,1,0,0
6313624,9864136,Manhattan,Kips Bay,40.74073,-73.97985,Private room,78,30,1,28,0,0
6528060,34142729,Manhattan,Morningside Heights,40.80523,-73.96157,Private room,84,30,0,1,0,0
6534409,34174768,Manhattan,Midtown,40.75066,-73.98736,Entire home/apt,340,30,19,1,0,0
6314148,24874937,Manhattan,NoHo,40.726,-73.99223,Entire home/apt,429,30,0,1,0,0
6400649,11731168,Brooklyn,Boerum Hill,40.68755,-73.98973,Private room,65,30,6,1,0,0
6403485,33394459,Manhattan,Harlem,40.80575,-73.95263,Entire home/apt,106,30,2,1,0,0
6403755,33396510,Brooklyn,Williamsburg,40.70797,-73.94185,Entire home/apt,66,90,9,1,0,0
6403795,21090508,Brooklyn,Bushwick,40.69898,-73.93605,Shared room,34,30,27,2,0,0
6539114,111837,Brooklyn,Williamsburg,40.71008,-73.95242,Private room,78,30,1,1,0,0
6539778,34201688,Brooklyn,Williamsburg,40.71834,-73.95867,Entire home/apt,149,30,35,1,0,0
6404584,33403059,Brooklyn,Crown Heights,40.67543,-73.95923,Private room,79,30,3,3,0,0
6405859,10396710,Brooklyn,Williamsburg,40.70969,-73.95584,Private room,56,30,2,1,0,0
6407534,5919678,Manhattan,Lower East Side,40.72129,-73.98923,Private room,170,7,16,1,32,8
6408849,33426004,Manhattan,Murray Hill,40.74583,-73.97834,Entire home/apt,160,30,5,1,0,0
6315050,6844007,Brooklyn,Bedford-Stuyvesant,40.68912,-73.95663,Private room,65,30,0,1,0,0
6316005,656798,Brooklyn,Bedford-Stuyvesant,40.68076,-73.92858,Entire home/apt,280,30,159,1,0,0
6540907,31298029,Brooklyn,Fort Greene,40.68451,-73.97005,Private room,90,4,163,1,263,11
6555997,11513446,Manhattan,Lower East Side,40.719,-73.99451,Entire home/apt,150,30,2,1,0,0
6410814,15613411,Manhattan,Lower East Side,40.71891,-73.99222,Entire home/apt,185,30,26,1,0,0
6410924,1503493,Brooklyn,Prospect-Lefferts Gardens,40.65973,-73.96095,Private room,55,3,0,1,0,0
6541214,7155183,Brooklyn,Crown Heights,40.67011,-73.95082,Entire home/apt,115,30,1,1,0,0
6542603,3057531,Brooklyn,Williamsburg,40.71902,-73.94454,Entire home/apt,175,30,11,1,322,0
6412888,26405086,Manhattan,Harlem,40.80034,-73.95295,Private room,109,30,11,4,310,0
6416449,25008474,Brooklyn,Flatbush,40.65224,-73.95353,Private room,50,4,3,2,238,0
6416714,24448775,Brooklyn,Williamsburg,40.70904,-73.94031,Private room,118,30,4,1,0,0
6421011,33499491,Brooklyn,Crown Heights,40.67655,-73.95356,Entire home/apt,110,30,5,1,0,0
6421335,6680071,Manhattan,Chinatown,40.71646,-73.99239,Private room,80,30,1,1,0,0
6421429,310670,Bronx,Eastchester,40.8816,-73.83533,Entire home/apt,126,2,12,6,343,2
6422511,2680820,Queens,Flushing,40.75385,-73.81984,Entire home/apt,115,2,294,3,117,47
6556848,9119676,Brooklyn,Prospect Heights,40.68134,-73.97246,Entire home/apt,175,30,10,1,0,0
6557289,7074531,Bronx,Longwood,40.82707,-73.90583,Private room,680,30,0,1,0,0
6558125,28305098,Manhattan,Flatiron District,40.74399,-73.99105,Entire home/apt,900,30,13,1,0,0
6542929,6789992,Manhattan,East Village,40.7264,-73.98145,Entire home/apt,194,30,36,1,0,0
6543312,18342421,Manhattan,Chelsea,40.73811,-73.99688,Entire home/apt,175,30,5,1,0,0
6543581,2436695,Manhattan,Chelsea,40.74189,-74.00123,Entire home/apt,350,30,0,1,0,0
6544899,34233009,Manhattan,West Village,40.73783,-74.00418,Entire home/apt,170,30,0,1,0,0
6558729,12764940,Brooklyn,Williamsburg,40.70608,-73.93223,Private room,95,30,0,1,0,0
6559615,31675601,Brooklyn,Bay Ridge,40.62624,-74.02963,Private room,70,30,57,4,220,0
6422762,13341919,Manhattan,Upper East Side,40.78202,-73.95154,Private room,110,30,3,1,0,0
6545310,3992566,Brooklyn,Bushwick,40.69881,-73.92997,Private room,64,14,37,2,0,2
6545580,1142068,Manhattan,East Village,40.72847,-73.98532,Private room,89,30,0,2,0,0
6545900,7537442,Manhattan,East Harlem,40.80276,-73.93789,Private room,47,3,32,3,187,16
6546016,10771238,Manhattan,Harlem,40.82574,-73.95287,Private room,75,3,155,1,165,9
6423521,33513998,Manhattan,Upper West Side,40.77946,-73.97702,Private room,160,30,7,1,0,0
6550596,34262042,Manhattan,Harlem,40.81781,-73.9347,Entire home/apt,109,30,15,1,0,0
6662241,30208406,Manhattan,Chelsea,40.73917,-73.99656,Entire home/apt,299,30,4,1,0,0
6559926,26270573,Manhattan,Upper East Side,40.77161,-73.95269,Entire home/apt,1491,30,107,1,270,0
6560165,23311838,Manhattan,Upper West Side,40.7791,-73.98565,Entire home/apt,175,30,4,1,0,0
6553874,34276823,Manhattan,West Village,40.73843,-74.00314,Entire home/apt,267,30,5,1,0,0
6561328,24860438,Brooklyn,Williamsburg,40.70387,-73.93403,Private room,42,8,1,1,0,0
6784406,12764250,Manhattan,Financial District,40.70649,-74.00506,Private room,125,30,0,1,0,0
6570718,9630921,Queens,Long Island City,40.75433,-73.92046,Entire home/apt,85,7,0,1,0,0
6784873,2903840,Brooklyn,Greenpoint,40.72224,-73.94563,Entire home/apt,225,30,4,1,0,0
6571441,31458100,Brooklyn,Bedford-Stuyvesant,40.68708,-73.95234,Private room,53,30,11,1,0,0
6574353,34386255,Brooklyn,Bedford-Stuyvesant,40.6809,-73.95527,Private room,85,1,0,1,0,0
6574537,34387513,Queens,Long Island City,40.7583,-73.9315,Private room,225,30,0,1,0,0
6574595,909577,Brooklyn,Williamsburg,40.71201,-73.96139,Private room,364,2,2,3,330,0
6576327,33680030,Manhattan,Harlem,40.82079,-73.95803,Entire home/apt,120,30,3,1,0,0
6576336,34397256,Queens,Richmond Hill,40.69178,-73.8385,Private room,67,30,120,1,297,0
6662422,34873920,Brooklyn,Park Slope,40.68108,-73.97724,Entire home/apt,250,30,0,1,0,0
6662967,34876980,Manhattan,Harlem,40.8011,-73.95613,Private room,90,1,62,1,305,36
6672758,2196224,Manhattan,Stuyvesant Town,40.73086,-73.98118,Entire home/apt,225,30,1,5,249,0
6787310,35524316,Manhattan,Hell's Kitchen,40.76151,-73.99098,Private room,211,30,225,9,364,1
6581248,34426902,Manhattan,Upper West Side,40.79985,-73.9698,Entire home/apt,250,30,1,1,97,1
6585852,1263574,Manhattan,Upper West Side,40.80306,-73.96468,Private room,60,4,5,1,0,0
6794912,24973811,Manhattan,Inwood,40.86623,-73.91993,Private room,50,30,1,1,0,0
6795231,1295985,Brooklyn,Boerum Hill,40.68438,-73.98465,Entire home/apt,85,30,16,1,0,0
6673638,19600872,Brooklyn,Gravesend,40.60447,-73.97611,Private room,69,30,0,1,0,0
6795568,35524316,Manhattan,Hell's Kitchen,40.76179,-73.99074,Private room,156,30,208,9,358,2
6795657,33622924,Manhattan,Harlem,40.82975,-73.94695,Private room,109,1,157,4,357,4
6674155,1208337,Manhattan,Upper East Side,40.7685,-73.96109,Entire home/apt,209,30,4,1,0,0
6586663,34453577,Manhattan,Lower East Side,40.7205,-73.98869,Entire home/apt,160,4,204,1,78,35
6588947,19233353,Brooklyn,Prospect-Lefferts Gardens,40.65615,-73.95939,Private room,60,30,0,2,0,0
6590549,6495511,Brooklyn,Williamsburg,40.71183,-73.95112,Entire home/apt,175,30,5,1,0,0
6590570,9777215,Manhattan,Harlem,40.814148,-73.943657,Entire home/apt,117,30,148,3,95,5
6796235,19805631,Manhattan,East Harlem,40.79807,-73.93765,Private room,78,30,9,4,311,0
6797564,35581556,Manhattan,Gramercy,40.73727,-73.98432,Entire home/apt,120,30,0,1,0,0
6594861,34501360,Brooklyn,Park Slope,40.67329,-73.9793,Entire home/apt,450,30,12,1,250,0
6676383,34943122,Brooklyn,Clinton Hill,40.68612,-73.95995,Entire home/apt,175,30,5,2,0,0
6678082,34371968,Brooklyn,Bedford-Stuyvesant,40.6828,-73.93271,Entire home/apt,150,30,94,1,338,7
6798811,33279657,Brooklyn,Midwood,40.61247,-73.94902,Entire home/apt,92,2,20,1,0,0
6679063,7409073,Manhattan,Hell's Kitchen,40.7603,-73.994,Private room,130,30,2,1,0,0
6686140,6743604,Manhattan,Nolita,40.72286,-73.9958,Entire home/apt,130,30,13,1,0,0
6687933,35000945,Manhattan,Lower East Side,40.71748,-73.98364,Private room,60,30,0,1,0,0
6688119,35005938,Brooklyn,South Slope,40.66136,-73.98437,Entire home/apt,199,30,1,1,0,0
6596927,8934751,Queens,Maspeth,40.72509,-73.89317,Entire home/apt,200,4,15,1,92,13
6799118,35590273,Brooklyn,Red Hook,40.67728,-74.00572,Entire home/apt,80,30,0,1,0,0
6598624,17382149,Brooklyn,Williamsburg,40.71639,-73.95838,Private room,128,1,51,1,0,0
6599950,1651102,Manhattan,West Village,40.73752,-74.00113,Entire home/apt,700,30,0,1,0,0
6688780,11199830,Manhattan,Marble Hill,40.87659,-73.90921,Private room,45,30,1,1,0,0
6799692,35524316,Manhattan,Hell's Kitchen,40.76179,-73.99074,Private room,256,30,243,9,364,1
6799814,35524316,Manhattan,Hell's Kitchen,40.76008,-73.99067,Private room,246,30,188,9,364,2
6799895,35524316,Manhattan,Hell's Kitchen,40.76032,-73.98921,Private room,156,30,252,9,341,8
6799932,35524316,Manhattan,Hell's Kitchen,40.75987,-73.99099,Private room,156,30,245,9,319,3
6799999,35524316,Manhattan,Hell's Kitchen,40.76181,-73.98969,Private room,166,30,181,9,364,2
6800277,35524316,Manhattan,Hell's Kitchen,40.75988,-73.99093,Private room,156,30,217,9,337,1
6804319,20279153,Brooklyn,Crown Heights,40.67895,-73.96302,Entire home/apt,250,5,3,1,0,0
6688818,4952591,Manhattan,East Village,40.72353,-73.977455,Entire home/apt,180,30,14,1,310,3
6806282,4055091,Manhattan,East Village,40.72949,-73.98012,Private room,80,30,0,1,0,0
6688914,15493999,Manhattan,East Harlem,40.79415,-73.94015,Entire home/apt,400,2,0,1,76,0
6689548,4271676,Manhattan,Nolita,40.72375,-73.99623,Entire home/apt,285,2,177,1,259,47
6690696,3131306,Brooklyn,Clinton Hill,40.68834,-73.967,Entire home/apt,220,30,1,1,0,0
6691723,35025150,Brooklyn,Williamsburg,40.72058,-73.95749,Entire home/apt,280,30,8,1,0,0
6692213,6847312,Manhattan,Upper East Side,40.78272,-73.94697,Entire home/apt,136,2,41,1,0,0
6692574,22727131,Queens,Flushing,40.75509,-73.83233,Entire home/apt,134,30,1,1,0,0
6692633,481921,Brooklyn,Prospect Heights,40.67752,-73.9673,Entire home/apt,650,7,31,1,0,0
6601284,1021060,Brooklyn,South Slope,40.66531,-73.98635,Entire home/apt,195,3,222,1,263,44
6603534,9922972,Brooklyn,Bedford-Stuyvesant,40.68552,-73.93507,Private room,49,30,158,4,331,31
6607833,570850,Brooklyn,Midwood,40.61673,-73.97093,Entire home/apt,88,30,5,1,65,0
6807281,35634594,Brooklyn,Prospect-Lefferts Gardens,40.66,-73.96154,Entire home/apt,130,30,1,1,0,0
6808818,23582893,Brooklyn,Bushwick,40.68972,-73.91512,Private room,112,19,184,3,70,44
6608246,26415767,Brooklyn,Sunset Park,40.66516,-73.99484,Entire home/apt,200,30,59,1,340,0
6610244,7701992,Manhattan,Harlem,40.82536,-73.94383,Entire home/apt,130,30,0,1,0,0
6611557,21823,Brooklyn,Bushwick,40.68765,-73.91364,Entire home/apt,286,3,43,2,267,15
6611774,3183567,Brooklyn,Park Slope,40.67725,-73.97991,Private room,75,30,0,1,0,0
6612664,1797304,Manhattan,Hell's Kitchen,40.76284,-73.99226,Private room,100,5,61,1,3,0
6692975,29417590,Manhattan,Chelsea,40.74489,-73.99164,Private room,110,30,2,1,0,0
6693612,4316973,Manhattan,Chelsea,40.75322,-73.99672,Entire home/apt,160,30,5,1,0,0
6699725,34914311,Bronx,Longwood,40.81816,-73.90464,Private room,99,30,0,1,0,0
6809332,198010,Manhattan,West Village,40.73686,-74.0082,Entire home/apt,95,30,4,1,0,0
6812061,35660592,Queens,Woodside,40.74072,-73.89341,Private room,69,1,134,1,293,20
6700860,35075473,Brooklyn,Carroll Gardens,40.68018,-74.00058,Entire home/apt,130,30,5,1,0,0
6703106,34841020,Brooklyn,Williamsburg,40.71056,-73.94906,Private room,110,30,1,1,0,0
6704000,34578795,Queens,Astoria,40.75859,-73.91541,Private room,45,30,1,1,0,0
6704737,9743617,Manhattan,Harlem,40.81436,-73.94175,Entire home/apt,139,4,3,7,280,3
6612737,28181993,Manhattan,Kips Bay,40.73967,-73.98081,Private room,70,30,0,1,0,0
6812270,21130473,Brooklyn,Bedford-Stuyvesant,40.68529,-73.92138,Private room,40,30,4,1,0,0
6613106,10014644,Brooklyn,Park Slope,40.66933,-73.98204,Private room,70,30,46,1,320,5
6614604,6492234,Manhattan,Washington Heights,40.83721,-73.93894,Private room,50,30,0,1,0,0
6705604,35103293,Bronx,Fordham,40.87083,-73.88706,Private room,45,30,40,1,0,0
6706703,8556751,Queens,Ditmars Steinway,40.77519,-73.91247,Private room,53,30,0,1,0,0
6812456,400240,Brooklyn,Flatbush,40.65156,-73.96061,Entire home/apt,80,6,2,1,0,0
6711306,14946552,Brooklyn,Park Slope,40.66784,-73.98168,Private room,100,30,0,1,0,0
6619100,34642925,Manhattan,Chelsea,40.74205,-73.99968,Entire home/apt,230,30,1,1,0,0
6619187,34643568,Manhattan,East Harlem,40.79279,-73.93919,Private room,85,900,33,7,364,0
6619589,4265630,Brooklyn,Flatbush,40.64796,-73.95497,Entire home/apt,90,30,78,3,155,0
6812717,2608356,Manhattan,Battery Park City,40.7098,-74.01643,Entire home/apt,100,30,0,1,0,0
6712618,22651758,Queens,Sunnyside,40.74109,-73.92006,Entire home/apt,85,30,2,1,0,0
6713005,35144920,Manhattan,Upper East Side,40.76751,-73.95517,Private room,100,30,0,1,0,0
6713521,1401919,Brooklyn,Bedford-Stuyvesant,40.68301,-73.95607,Entire home/apt,354,5,34,1,2,6
6821839,35726649,Queens,Jackson Heights,40.75075,-73.8873,Entire home/apt,145,5,9,1,0,0
6713911,34988058,Manhattan,Midtown,40.76122,-73.96692,Entire home/apt,275,30,0,1,0,0
6716066,6226676,Manhattan,Harlem,40.80811,-73.94791,Entire home/apt,121,30,1,1,0,0
6716199,31765814,Queens,Astoria,40.76519,-73.92102,Private room,55,30,3,1,0,0
6716444,24466159,Manhattan,East Village,40.72762,-73.98601,Private room,100,30,2,1,0,0
6619984,2007714,Brooklyn,Bedford-Stuyvesant,40.68028,-73.91196,Entire home/apt,246,2,167,1,287,32
6620407,31880074,Brooklyn,Bedford-Stuyvesant,40.69674,-73.93627,Entire home/apt,98,30,7,1,0,0
6821978,13219494,Brooklyn,Clinton Hill,40.68636,-73.96207,Entire home/apt,125,30,1,1,0,0
6622389,5025809,Brooklyn,Crown Heights,40.67304,-73.95777,Entire home/apt,100,30,1,1,0,0
6717053,34992043,Queens,Flushing,40.73887,-73.82936,Private room,75,1,271,2,9,3
6717544,35174506,Brooklyn,Bensonhurst,40.61481,-73.9906,Private room,53,2,37,2,0,10
6718257,26377263,Brooklyn,East Flatbush,40.66087,-73.93555,Private room,60,6,5,53,62,3
6718383,26377263,Brooklyn,East Flatbush,40.66078,-73.93538,Private room,52,6,3,53,250,2
6719207,26377263,Brooklyn,East Flatbush,40.65877,-73.9332,Private room,56,6,4,53,243,3
6824996,7021059,Manhattan,Upper East Side,40.76806,-73.95227,Private room,59,30,0,2,0,0
6827028,10630723,Brooklyn,Bedford-Stuyvesant,40.69071,-73.93739,Entire home/apt,190,3,241,2,257,51
6833000,1587123,Manhattan,Upper East Side,40.76551,-73.96132,Entire home/apt,135,30,4,1,0,0
6722799,21079341,Manhattan,Chelsea,40.74461,-74.00284,Entire home/apt,260,30,6,1,0,0
6626581,27077862,Manhattan,East Village,40.72699,-73.98694,Entire home/apt,200,30,0,1,0,0
6626894,13500220,Manhattan,Upper West Side,40.78473,-73.98466,Entire home/apt,450,30,1,1,0,0
6627016,263614,Brooklyn,Greenpoint,40.72018,-73.95296,Entire home/apt,250,30,1,1,0,0
6627668,27462282,Manhattan,Harlem,40.80197,-73.95078,Private room,80,30,0,1,0,0
6833049,1787313,Manhattan,West Village,40.73152,-74.00347,Entire home/apt,150,30,5,1,0,0
6833395,10767841,Manhattan,Lower East Side,40.71396,-73.98924,Entire home/apt,1200,3,25,1,71,4
6834972,438545,Brooklyn,Carroll Gardens,40.68136,-74.00012,Entire home/apt,275,30,0,1,0,0
6627752,25599307,Brooklyn,Flatbush,40.63752,-73.95586,Entire home/apt,67,6,42,1,0,0
6627931,33722691,Brooklyn,Clinton Hill,40.69509,-73.9689,Entire home/apt,139,30,2,1,0,0
6628117,24839107,Brooklyn,Williamsburg,40.71623,-73.96014,Private room,80,30,7,1,0,0
6726337,21444167,Bronx,Kingsbridge,40.88232,-73.90621,Entire home/apt,121,30,16,2,216,0
6835487,2947857,Manhattan,Lower East Side,40.7195,-73.98337,Entire home/apt,215,30,1,1,0,0
6837529,35829854,Manhattan,Lower East Side,40.72072,-73.98589,Private room,135,30,6,1,0,0
6843145,5361360,Manhattan,Upper West Side,40.78606,-73.97099,Entire home/apt,295,30,10,1,0,0
6728550,34058193,Brooklyn,Bedford-Stuyvesant,40.68915,-73.95594,Entire home/apt,75,30,5,1,54,0
6729589,6386894,Brooklyn,Cobble Hill,40.68731,-73.99051,Entire home/apt,105,30,19,1,0,0
6730056,7186661,Manhattan,Chelsea,40.74688,-74.00145,Entire home/apt,150,30,4,1,0,0
6633613,22058409,Manhattan,Battery Park City,40.70625,-74.01688,Private room,85,1,2,2,0,0
6636389,27439632,Manhattan,West Village,40.73251,-74.00384,Entire home/apt,160,30,0,1,0,0
6846956,2558534,Brooklyn,Williamsburg,40.7159,-73.96418,Entire home/apt,399,3,135,1,0,25
6847053,35878048,Manhattan,Morningside Heights,40.81019,-73.95781,Private room,82,30,0,1,0,0
6637311,34740215,Manhattan,Midtown,40.74641,-73.98837,Entire home/apt,225,30,11,1,0,0
6730582,32220047,Queens,Springfield Gardens,40.68457,-73.75989,Entire home/apt,160,30,35,3,128,3
6731170,24131487,Manhattan,Harlem,40.8032,-73.95258,Entire home/apt,109,30,1,1,0,0
6737249,6110471,Manhattan,Harlem,40.80073,-73.95787,Private room,85,30,20,2,253,0
6850752,35897162,Brooklyn,Williamsburg,40.70755,-73.94856,Private room,52,30,6,1,0,0
6738524,35287916,Brooklyn,Greenpoint,40.73231,-73.95327,Entire home/apt,150,30,1,1,0,0
6851685,33605216,Manhattan,Washington Heights,40.83771,-73.94627,Private room,145,30,1,1,0,0
6851700,35902297,Brooklyn,Carroll Gardens,40.67416,-73.99955,Private room,40,30,0,1,0,0
6739145,25368839,Staten Island,Dongan Hills,40.58151,-74.08876,Entire home/apt,160,30,84,1,340,2
6851875,30102777,Brooklyn,Crown Heights,40.66666,-73.95432,Entire home/apt,212,2,59,3,3,44
6638042,5609081,Queens,Richmond Hill,40.6986,-73.83867,Entire home/apt,325,4,22,1,218,5
6853661,35914632,Manhattan,Lower East Side,40.71937,-73.9864,Entire home/apt,250,30,2,1,0,0
6638377,31889552,Brooklyn,Fort Greene,40.68809,-73.97516,Entire home/apt,95,30,1,1,0,0
6741094,35299368,Manhattan,Murray Hill,40.748,-73.98159,Private room,200,30,1,1,0,0
6743346,5556571,Brooklyn,Williamsburg,40.70495,-73.93592,Shared room,25,30,32,3,308,0
6743935,740756,Manhattan,West Village,40.73742,-74.00171,Entire home/apt,199,30,14,1,0,0
6853752,946943,Brooklyn,Williamsburg,40.71179,-73.9481,Entire home/apt,295,30,0,3,0,0
6853761,946943,Brooklyn,Williamsburg,40.71159,-73.94836,Entire home/apt,130,30,156,3,0,0
6854013,22136368,Brooklyn,Bedford-Stuyvesant,40.68603,-73.92204,Entire home/apt,120,30,0,1,0,0
6854404,35919822,Manhattan,Financial District,40.70899,-74.01401,Entire home/apt,70,14,1,1,0,0
6747106,2388537,Manhattan,Morningside Heights,40.81551,-73.96113,Entire home/apt,100,30,34,1,0,0
6640144,34512551,Manhattan,Upper East Side,40.77195,-73.96292,Entire home/apt,450,3,67,1,50,18
6855514,24260658,Manhattan,East Harlem,40.79682,-73.93614,Private room,124,3,93,4,19,10
6642103,10025306,Brooklyn,Bedford-Stuyvesant,40.67747,-73.91064,Entire home/apt,120,30,1,1,0,0
6747308,3282552,Manhattan,Upper West Side,40.77663,-73.98976,Entire home/apt,225,30,10,1,0,0
6747685,29769754,Manhattan,NoHo,40.72784,-73.99428,Entire home/apt,749,3,117,1,244,46
6861894,35958095,Brooklyn,South Slope,40.66414,-73.97798,Entire home/apt,135,30,1,1,0,0
6748711,3900093,Brooklyn,Williamsburg,40.71109,-73.95527,Entire home/apt,135,30,35,1,19,0
6643716,2329581,Manhattan,Nolita,40.72349,-73.99428,Private room,85,30,11,2,0,0
6644449,15537676,Brooklyn,Williamsburg,40.71007,-73.94316,Private room,80,30,1,1,0,0
6862191,17782625,Brooklyn,Vinegar Hill,40.70236,-73.98404,Entire home/apt,245,30,9,2,0,0
6748952,34950721,Brooklyn,Williamsburg,40.70799,-73.94888,Private room,100,30,1,1,0,0
6750178,173938,Brooklyn,Bedford-Stuyvesant,40.68635,-73.94883,Private room,55,5,6,1,0,0
6757821,28813132,Manhattan,Morningside Heights,40.81563,-73.96125,Private room,70,30,0,1,0,0
6758846,22894987,Brooklyn,Williamsburg,40.71078,-73.94953,Entire home/apt,100,30,0,1,0,0
6863691,700224,Brooklyn,Gowanus,40.68385,-73.98655,Entire home/apt,297,30,25,2,257,3
6863948,3313475,Manhattan,Kips Bay,40.74241,-73.98085,Entire home/apt,150,30,2,1,0,0
6864482,35798207,Brooklyn,Bedford-Stuyvesant,40.69468,-73.94729,Private room,80,30,0,1,0,0
6758849,35384978,Manhattan,Upper East Side,40.7772,-73.95009,Entire home/apt,1019,3,97,2,100,41
6759052,5693024,Brooklyn,Bedford-Stuyvesant,40.68675,-73.94497,Private room,40,1,1,1,0,0
6865662,29480685,Manhattan,Lower East Side,40.72099,-73.98268,Entire home/apt,260,3,47,1,51,8
6764316,362418,Brooklyn,DUMBO,40.70461,-73.98776,Entire home/apt,260,4,261,1,98,47
6765697,35417042,Queens,Astoria,40.76999,-73.92404,Private room,90,30,40,1,310,1
6766169,35422693,Brooklyn,Crown Heights,40.6696,-73.94818,Entire home/apt,70,30,9,1,0,0
6766537,29278028,Manhattan,Upper East Side,40.77777,-73.95628,Entire home/apt,930,4,3,5,6,0
6766662,35426209,Queens,Astoria,40.76993,-73.91412,Entire home/apt,150,30,3,1,0,0
6645224,34782697,Manhattan,Chelsea,40.73783,-73.99383,Private room,100,30,0,1,0,0
6866960,35983559,Brooklyn,East Flatbush,40.63913,-73.94997,Entire home/apt,207,5,128,1,96,17
6645263,351650,Brooklyn,Williamsburg,40.7097,-73.96369,Entire home/apt,175,30,2,1,0,0
6645387,1629906,Brooklyn,Williamsburg,40.71901,-73.95469,Private room,100,30,128,1,255,0
6766894,27103894,Brooklyn,Williamsburg,40.70965,-73.94411,Private room,115,30,0,1,0,0
6766908,308930,Brooklyn,Prospect-Lefferts Gardens,40.65611,-73.95952,Entire home/apt,131,1,11,1,0,0
6767047,23582893,Brooklyn,Bushwick,40.68972,-73.91512,Entire home/apt,183,42,30,3,155,3
6768399,30616879,Queens,Flushing,40.75456,-73.80637,Private room,48,30,54,3,0,0
6769535,32220047,Queens,Springfield Gardens,40.68476,-73.75873,Entire home/apt,105,30,7,3,0,0
6867325,13667779,Manhattan,Harlem,40.82465,-73.93808,Private room,50,30,36,3,60,4
6645788,13307277,Manhattan,East Village,40.73037,-73.98073,Entire home/apt,250,60,3,1,326,1
6645963,24260658,Manhattan,East Harlem,40.79616,-73.93444,Private room,108,3,52,4,16,6
6647114,3579116,Manhattan,West Village,40.73135,-74.00371,Private room,150,3,76,2,84,3
6649555,20700509,Manhattan,West Village,40.73395,-74.00601,Entire home/apt,169,30,11,1,0,0
6869363,35997540,Manhattan,Upper West Side,40.78823,-73.98096,Entire home/apt,150,30,0,1,0,0
6770160,3913087,Brooklyn,Bushwick,40.70504,-73.91828,Entire home/apt,350,30,6,1,59,0
6871251,34780872,Manhattan,Upper West Side,40.77857,-73.97983,Entire home/apt,259,30,20,1,0,0
6880480,36053172,Brooklyn,Midwood,40.61698,-73.95633,Entire home/apt,76,30,5,2,65,2
6775098,23985505,Manhattan,SoHo,40.72656,-74.00253,Entire home/apt,150,30,0,1,0,0
6776698,9284163,Queens,Woodhaven,40.69129,-73.85222,Private room,51,2,373,3,33,43
6776711,35476099,Manhattan,Upper East Side,40.76957,-73.95302,Entire home/apt,150,30,2,1,0,0
6778776,18591697,Manhattan,Washington Heights,40.83534,-73.94166,Private room,55,30,4,1,0,0
6779136,35488245,Manhattan,West Village,40.73226,-74.01033,Entire home/apt,195,30,1,1,0,0
6651070,11179915,Queens,Astoria,40.76813,-73.93081,Private room,65,30,0,1,0,0
6880873,17475096,Brooklyn,Flatbush,40.65384,-73.9616,Entire home/apt,85,30,2,1,0,0
6880990,36055888,Manhattan,Harlem,40.83004,-73.94798,Private room,75,30,1,1,0,0
6651156,34813492,Brooklyn,Boerum Hill,40.69026,-73.99127,Entire home/apt,169,3,59,1,0,0
6881827,25111426,Manhattan,Hell's Kitchen,40.76131,-73.99039,Private room,193,30,0,1,0,0
6882689,4040200,Manhattan,Lower East Side,40.71945,-73.98688,Entire home/apt,198,30,17,1,0,0
6883096,14510607,Queens,Astoria,40.76385,-73.92604,Entire home/apt,385,2,44,1,356,23
6652353,7106617,Manhattan,Upper West Side,40.79773,-73.97449,Entire home/apt,150,30,6,1,0,0
6782407,31147528,Brooklyn,Williamsburg,40.71354,-73.93882,Private room,45,30,0,1,0,0
6784207,6387355,Brooklyn,Bushwick,40.69934,-73.9301,Private room,94,30,54,2,218,0
6902855,36176332,Brooklyn,Flatbush,40.6527,-73.9668,Entire home/apt,120,30,19,1,0,0
6908140,21705530,Brooklyn,Clinton Hill,40.69608,-73.96867,Entire home/apt,375,7,1,2,0,0
6909447,36207962,Manhattan,Upper West Side,40.78299,-73.97616,Entire home/apt,150,30,13,1,0,0
6909615,36208205,Manhattan,Washington Heights,40.84797,-73.93748,Private room,45,30,1,1,0,0
6911965,1106323,Brooklyn,Windsor Terrace,40.66036,-73.98214,Private room,59,30,1,2,0,0
6912211,21183428,Brooklyn,Bedford-Stuyvesant,40.68385,-73.95461,Entire home/apt,148,3,182,2,304,36
6913023,36227371,Brooklyn,Bushwick,40.70035,-73.92316,Private room,75,30,0,1,0,0
6913773,26377263,Brooklyn,Bushwick,40.70498,-73.91896,Private room,56,6,4,53,257,0
6913969,26377263,Brooklyn,Bushwick,40.70496,-73.91872,Private room,56,6,6,53,159,0
6883404,35651501,Manhattan,Chelsea,40.74012,-74.00042,Entire home/apt,295,30,31,1,0,0
6654081,2979971,Brooklyn,Prospect-Lefferts Gardens,40.66001,-73.95566,Entire home/apt,325,5,2,2,0,1
6884147,36072139,Brooklyn,Bushwick,40.69296,-73.9242,Private room,50,30,0,1,0,0
6914268,36166297,Manhattan,Stuyvesant Town,40.7339,-73.97743,Private room,45,30,0,1,0,0
6884254,19789003,Brooklyn,Bedford-Stuyvesant,40.68632,-73.92064,Private room,35,30,1,1,0,0
6914516,36237566,Manhattan,East Village,40.72771,-73.97977,Private room,100,30,1,1,0,0
6915467,27962518,Queens,Elmhurst,40.73713,-73.8741,Private room,85,30,1,2,0,0
6654202,34824417,Manhattan,Murray Hill,40.74743,-73.97567,Entire home/apt,140,30,28,1,131,1
6654984,5417600,Brooklyn,Park Slope,40.6735,-73.98406,Entire home/apt,200,365,4,1,0,0
6885767,36080537,Manhattan,Hell's Kitchen,40.75603,-73.99247,Entire home/apt,95,30,0,1,0,0
6885805,5743711,Brooklyn,Williamsburg,40.70673,-73.95611,Private room,75,30,2,1,0,0
6887127,36089395,Manhattan,Washington Heights,40.83461,-73.94671,Entire home/apt,147,30,49,1,0,1
6919971,36268893,Manhattan,Upper West Side,40.80235,-73.96933,Entire home/apt,70,30,1,1,0,0
6887405,11081099,Manhattan,Harlem,40.82872,-73.94538,Private room,50,1,1,1,0,0
6887755,21426910,Brooklyn,Gravesend,40.59638,-73.97299,Entire home/apt,89,5,299,2,95,24
6921831,36279488,Manhattan,Harlem,40.81242,-73.95292,Entire home/apt,167,30,12,1,281,2
6921974,35921273,Brooklyn,Williamsburg,40.7173,-73.9532,Entire home/apt,160,30,1,1,0,0
6921984,619693,Manhattan,West Village,40.73407,-74.003,Entire home/apt,201,30,3,1,0,0
6922490,742729,Manhattan,East Village,40.7279,-73.98347,Entire home/apt,85,30,56,1,0,0
6922758,896708,Brooklyn,Carroll Gardens,40.68272,-73.99577,Private room,350,3,4,2,0,0
6923000,1164568,Brooklyn,Williamsburg,40.71003,-73.96004,Entire home/apt,180,30,3,1,0,0
6923161,36285615,Manhattan,Harlem,40.80168,-73.95084,Private room,90,30,12,1,0,0
6655786,7088466,Brooklyn,Prospect Heights,40.67904,-73.967,Entire home/apt,165,30,13,1,0,0
6656567,33622924,Manhattan,Harlem,40.82983,-73.94806,Private room,141,30,60,4,365,1
6657134,1131394,Manhattan,Upper East Side,40.7824,-73.95446,Entire home/apt,240,30,4,1,0,0
6657454,6913285,Brooklyn,Bedford-Stuyvesant,40.69367,-73.95569,Entire home/apt,95,30,4,1,0,0
6659165,12720552,Brooklyn,Bushwick,40.70291,-73.92887,Private room,70,3,30,3,249,8
6892731,36119026,Brooklyn,Sheepshead Bay,40.58781,-73.95715,Entire home/apt,157,3,44,1,359,9
6659371,192349,Brooklyn,Williamsburg,40.70513,-73.93005,Entire home/apt,99,30,3,1,0,0
6660117,2196224,Manhattan,East Village,40.72914,-73.98243,Entire home/apt,125,30,0,5,277,0
6895056,10348305,Brooklyn,Flatbush,40.63893,-73.96407,Private room,26,27,3,1,0,0
6895270,5159449,Brooklyn,Greenpoint,40.72635,-73.95391,Entire home/apt,209,30,1,2,0,0
6660330,1586060,Manhattan,West Village,40.73568,-74.0007,Entire home/apt,300,30,7,1,0,0
6924400,32767789,Manhattan,Greenwich Village,40.73127,-73.99941,Private room,60,30,0,1,0,0
6925372,1568269,Brooklyn,Greenpoint,40.72495,-73.94655,Entire home/apt,142,30,10,3,69,2
6896715,10489933,Manhattan,Midtown,40.75895,-73.96831,Entire home/apt,1000,30,0,1,0,0
6896737,36138575,Queens,Ditmars Steinway,40.77133,-73.90213,Private room,32,30,51,1,284,0
6925777,26330490,Brooklyn,Bushwick,40.70479,-73.92524,Private room,40,30,5,1,0,0
6926686,4667102,Manhattan,Little Italy,40.72005,-73.99653,Private room,95,30,1,1,0,0
6926732,36311143,Brooklyn,Bushwick,40.70481,-73.91713,Private room,45,30,0,1,0,0
6927027,503555,Brooklyn,Williamsburg,40.71488,-73.96148,Private room,89,30,2,1,0,0
6933326,25168888,Manhattan,Harlem,40.82076,-73.95751,Private room,90,4,19,3,0,0
6933582,35914251,Queens,Astoria,40.76237,-73.92069,Entire home/apt,100,30,2,1,0,0
6934770,36356923,Queens,Astoria,40.76348,-73.91995,Private room,55,30,0,1,0,0
6660511,34861715,Manhattan,East Village,40.72826,-73.98912,Entire home/apt,290,4,48,1,202,11
6660518,34861728,Queens,Kew Gardens,40.70837,-73.83065,Private room,52,30,22,4,294,3
6660816,1546620,Brooklyn,Bedford-Stuyvesant,40.68479,-73.94248,Entire home/apt,100,3,1,1,0,0
6661923,15008796,Manhattan,Hell's Kitchen,40.7611,-73.99316,Entire home/apt,150,30,1,1,0,0
6897066,7895505,Manhattan,SoHo,40.72603,-74.00382,Entire home/apt,225,30,2,1,320,1
6994259,36673376,Brooklyn,Clinton Hill,40.69314,-73.96092,Entire home/apt,120,2,47,1,9,27
6898240,11395856,Manhattan,Kips Bay,40.74364,-73.97788,Entire home/apt,363,30,6,1,0,0
6900168,2831384,Queens,Woodside,40.74395,-73.89418,Entire home/apt,125,7,331,1,275,22
6999056,415502,Manhattan,Harlem,40.80418,-73.95513,Private room,70,30,3,1,0,0
6936903,36369314,Brooklyn,Williamsburg,40.71611,-73.94327,Entire home/apt,213,30,3,1,0,0
6937871,1106323,Brooklyn,South Slope,40.66061,-73.98238,Private room,65,30,0,2,0,0
6901484,36166165,Brooklyn,Williamsburg,40.721,-73.95924,Private room,62,30,1,1,0,0
6901734,36167966,Manhattan,Harlem,40.79942,-73.95519,Entire home/apt,93,30,5,1,0,0
7114665,34866720,Queens,Ridgewood,40.70646,-73.90406,Private room,69,30,0,1,0,0
6937897,36375657,Manhattan,Kips Bay,40.73924,-73.98126,Shared room,800,30,1,1,0,0
7116034,16296388,Brooklyn,Bushwick,40.68412,-73.91045,Private room,37,30,4,1,0,0
6938827,36381094,Brooklyn,Park Slope,40.6714,-73.97871,Entire home/apt,229,30,22,1,0,0
7001872,36708202,Manhattan,Upper East Side,40.76448,-73.96619,Entire home/apt,225,7,30,1,0,1
7116071,36903907,Brooklyn,Bensonhurst,40.61266,-74.0011,Entire home/apt,169,30,235,1,341,0
7002884,36713105,Manhattan,East Harlem,40.78551,-73.94167,Entire home/apt,99,30,4,1,0,0
7003788,21773199,Queens,Long Island City,40.7458,-73.94441,Entire home/apt,149,30,4,1,0,0
6939024,34930811,Manhattan,East Village,40.7253,-73.98962,Entire home/apt,188,30,15,1,0,0
7116273,37166807,Brooklyn,Sunset Park,40.65876,-73.99908,Private room,65,30,37,1,0,0
6939597,2723812,Bronx,Mott Haven,40.81149,-73.92376,Entire home/apt,100,4,75,1,278,8
7004408,21641864,Manhattan,SoHo,40.72763,-74.00254,Entire home/apt,230,5,127,1,223,31
7116799,37291339,Queens,Jamaica,40.69118,-73.7853,Entire home/apt,120,2,96,1,351,12
7004933,26499961,Manhattan,Upper East Side,40.77295,-73.95468,Private room,75,60,12,1,193,0
6939638,36307255,Manhattan,Tribeca,40.71424,-74.00861,Entire home/apt,700,30,8,1,0,0
6939668,36387290,Manhattan,Upper West Side,40.77949,-73.97862,Entire home/apt,150,30,0,1,0,0
6939719,36006178,Manhattan,Hell's Kitchen,40.76459,-73.98891,Entire home/apt,400,7,14,1,130,5
7122067,37275619,Manhattan,Washington Heights,40.85471,-73.93021,Private room,90,30,0,1,0,0
6939758,3266476,Manhattan,Kips Bay,40.74221,-73.98081,Private room,100,30,11,1,0,0
7006494,36726560,Manhattan,Chelsea,40.7449,-74.0046,Entire home/apt,350,30,0,1,0,0
7124028,1788377,Manhattan,Greenwich Village,40.72779,-74.00069,Entire home/apt,200,30,0,1,0,0
7010135,24706492,Manhattan,Upper East Side,40.77868,-73.95617,Shared room,130,31,0,1,0,0
6939859,36388501,Brooklyn,Williamsburg,40.70492,-73.93671,Private room,50,30,5,1,0,0
7124926,2055744,Brooklyn,Fort Greene,40.68662,-73.97442,Entire home/apt,149,30,1,1,0,0
7010332,1523206,Bronx,Belmont,40.85371,-73.88757,Private room,45,30,0,1,0,0
7126996,37191276,Brooklyn,Williamsburg,40.71236,-73.95285,Private room,125,30,0,1,0,0
6940108,13031379,Manhattan,Upper East Side,40.77233,-73.95661,Entire home/apt,140,4,63,1,0,0
7127684,37331914,Brooklyn,Bushwick,40.69528,-73.92327,Private room,40,30,0,1,0,0
6944665,36413917,Brooklyn,Williamsburg,40.70732,-73.95449,Private room,73,30,0,1,0,0
7010681,36754170,Brooklyn,Prospect-Lefferts Gardens,40.65478,-73.96122,Entire home/apt,121,30,2,1,0,0
7129972,3704762,Manhattan,Civic Center,40.7151,-74.00445,Entire home/apt,169,30,8,1,0,0
6946479,204472,Brooklyn,South Slope,40.66816,-73.9858,Entire home/apt,250,30,2,1,0,0
7131007,2830197,Brooklyn,Bedford-Stuyvesant,40.68651,-73.95419,Entire home/apt,100,30,14,1,0,0
7132891,23988743,Brooklyn,Bushwick,40.69178,-73.92573,Private room,75,30,24,1,347,0
6947196,36425465,Manhattan,Chelsea,40.73699,-73.99265,Entire home/apt,800,30,0,1,0,0
7015831,36029533,Brooklyn,Bushwick,40.69034,-73.91666,Private room,35,30,1,1,0,0
7133488,37188098,Queens,Astoria,40.75852,-73.92606,Private room,84,30,32,2,0,0
7142734,37405985,Queens,Forest Hills,40.71754,-73.85141,Private room,109,1,125,1,0,2
7019195,36793116,Manhattan,Midtown,40.76495,-73.97886,Entire home/apt,445,30,9,5,260,1
7144807,37360127,Staten Island,Castleton Corners,40.61363,-74.12152,Private room,45,30,0,1,0,0
7020266,3524653,Brooklyn,Williamsburg,40.71654,-73.94261,Private room,100,2,28,1,125,6
7021346,6661559,Manhattan,East Village,40.72478,-73.98587,Private room,99,30,0,1,0,0
7023437,1298759,Brooklyn,Williamsburg,40.71303,-73.94063,Entire home/apt,220,30,2,1,0,0
6948161,24806455,Manhattan,Chelsea,40.74815,-73.99417,Entire home/apt,250,30,0,1,0,0
6949104,6884282,Manhattan,Chelsea,40.74731,-74.00586,Private room,135,30,1,1,0,0
7149408,37440707,Manhattan,Upper West Side,40.79324,-73.9708,Private room,99,30,0,1,0,0
6949526,36434721,Brooklyn,Fort Greene,40.68501,-73.97273,Entire home/apt,170,1,323,1,269,113
7023583,36816110,Manhattan,Morningside Heights,40.80462,-73.96185,Private room,45,30,4,1,0,0
7023739,23833056,Manhattan,Gramercy,40.73833,-73.98392,Entire home/apt,163,3,7,1,5,7
7023818,36817279,Manhattan,Midtown,40.75944,-73.96704,Private room,105,30,18,1,0,0
7024079,36818817,Manhattan,Morningside Heights,40.80395,-73.96531,Private room,50,30,3,2,0,0
7149710,37442404,Manhattan,Washington Heights,40.83255,-73.94411,Private room,38,30,0,1,0,0
7151565,37453881,Brooklyn,Williamsburg,40.7165,-73.94263,Private room,95,30,6,1,0,0
7024138,12930988,Manhattan,Upper East Side,40.78414,-73.94834,Entire home/apt,122,2,204,1,239,50
7024303,2750745,Brooklyn,Bedford-Stuyvesant,40.69039,-73.95947,Entire home/apt,198,30,4,1,0,0
7024538,16112564,Brooklyn,Brooklyn Heights,40.69382,-73.99334,Entire home/apt,130,30,1,1,0,0
6950074,6434434,Queens,Ditmars Steinway,40.77774,-73.90723,Entire home/apt,110,30,14,1,0,0
7155442,1279181,Brooklyn,Williamsburg,40.7155,-73.95603,Private room,150,30,0,1,0,0
6950807,36441990,Queens,Long Island City,40.75486,-73.91782,Entire home/apt,105,30,5,1,0,0
7024774,703023,Brooklyn,Fort Greene,40.69337,-73.97008,Entire home/apt,150,30,4,1,0,0
7025026,3011750,Manhattan,West Village,40.73818,-74.00336,Entire home/apt,149,30,5,1,0,0
7028199,4051711,Manhattan,Financial District,40.70662,-74.00191,Entire home/apt,210,30,0,1,0,0
7031803,1971850,Manhattan,Harlem,40.81051,-73.9444,Private room,135,30,0,1,0,0
7032396,3716646,Manhattan,Lower East Side,40.71922,-73.98316,Entire home/apt,240,30,1,1,0,0
7033271,27439022,Manhattan,Washington Heights,40.84886,-73.94335,Private room,100,2,140,1,328,22
7158132,961349,Manhattan,Upper East Side,40.77547,-73.95221,Private room,250,3,14,1,49,12
7035051,33821265,Brooklyn,Park Slope,40.67623,-73.98058,Private room,200,30,0,1,0,0
6955143,16533401,Brooklyn,Gowanus,40.67789,-73.98517,Private room,130,30,0,1,0,0
7159258,292421,Brooklyn,Bushwick,40.70334,-73.93159,Private room,100,30,14,1,0,0
7161189,37503617,Brooklyn,Bedford-Stuyvesant,40.69203,-73.94611,Entire home/apt,150,7,3,1,0,0
7035579,36885622,Manhattan,Upper West Side,40.7866,-73.97501,Entire home/apt,125,30,0,1,0,0
7162435,19055216,Manhattan,Chelsea,40.74212,-73.99852,Entire home/apt,599,30,0,1,0,0
6956358,7013442,Manhattan,Lower East Side,40.72146,-73.98949,Private room,100,30,2,1,0,0
6956731,13347167,Manhattan,Upper East Side,40.77604,-73.95381,Entire home/apt,119,30,6,31,280,1
7172107,37565381,Manhattan,Upper West Side,40.79321,-73.96782,Entire home/apt,165,30,5,1,0,0
7036079,5781885,Brooklyn,Cobble Hill,40.68952,-73.99789,Entire home/apt,245,30,6,1,0,0
7174695,36903246,Manhattan,Upper East Side,40.77613,-73.94977,Entire home/apt,700,30,1,1,0,0
7176975,32933539,Manhattan,Washington Heights,40.83536,-73.94195,Entire home/apt,165,30,1,1,0,0
7036285,36889987,Manhattan,Stuyvesant Town,40.7291,-73.97605,Shared room,100,30,0,1,0,0
7036435,5476372,Brooklyn,Bushwick,40.69145,-73.92151,Private room,35,30,3,1,0,0
7037791,36899834,Brooklyn,Bedford-Stuyvesant,40.68766,-73.93861,Entire home/apt,185,30,151,1,252,0
6957168,22346913,Brooklyn,Columbia St,40.68168,-74.00298,Entire home/apt,220,2,144,1,0,0
6957328,330976,Brooklyn,Williamsburg,40.71012,-73.95347,Private room,129,30,20,1,0,0
7177666,37587378,Brooklyn,Gowanus,40.67868,-73.98909,Entire home/apt,495,3,13,1,119,0
7037918,36242220,Queens,East Elmhurst,40.7655,-73.86577,Private room,60,30,231,1,365,0
7177958,780952,Manhattan,Morningside Heights,40.80475,-73.96443,Entire home/apt,100,30,7,1,0,0
7179646,37563411,Brooklyn,Crown Heights,40.66852,-73.94962,Private room,55,30,47,3,0,0
7038801,36907706,Brooklyn,Crown Heights,40.6696,-73.94685,Private room,59,30,61,1,37,4
6965441,19228782,Manhattan,Chelsea,40.74467,-74.00203,Entire home/apt,150,4,20,1,0,0
6966985,2714997,Manhattan,Upper West Side,40.80115,-73.96844,Private room,55,30,76,1,0,0
7180015,37614545,Queens,Astoria,40.75871,-73.91112,Private room,85,30,0,1,0,0
7041968,36926132,Manhattan,Harlem,40.80646,-73.95346,Entire home/apt,80,30,0,1,0,0
7180335,3508047,Brooklyn,Bushwick,40.69847,-73.93322,Private room,35,30,1,2,0,0
7043817,20270730,Brooklyn,Williamsburg,40.71568,-73.93917,Entire home/apt,499,5,4,1,0,0
7047076,3434070,Manhattan,Upper East Side,40.77758,-73.9459,Entire home/apt,165,4,8,1,0,0
6967201,36530547,Manhattan,Upper West Side,40.79126,-73.96738,Private room,110,30,0,1,0,0
6967305,36531150,Brooklyn,Prospect Heights,40.6808,-73.96787,Entire home/apt,164,30,2,1,0,0
7181422,4993337,Brooklyn,Williamsburg,40.71007,-73.95272,Entire home/apt,110,30,2,1,0,0
7048195,90316,Brooklyn,Flatbush,40.65304,-73.96351,Private room,35,30,0,1,0,0
7048508,26389845,Manhattan,East Village,40.72817,-73.98542,Private room,130,30,8,2,0,0
7050316,36818817,Manhattan,Morningside Heights,40.8046,-73.96545,Private room,50,30,1,2,0,0
7193201,33739627,Manhattan,East Village,40.7296,-73.98232,Private room,99,30,4,1,0,0
7194538,37633503,Manhattan,Harlem,40.80818,-73.94964,Entire home/apt,520,3,100,1,147,27
7051619,36980964,Queens,Long Island City,40.75164,-73.93655,Entire home/apt,164,30,5,1,0,0
7052026,36976268,Manhattan,Hell's Kitchen,40.76789,-73.9838,Entire home/apt,400,30,0,1,0,0
6967861,36534042,Brooklyn,Fort Hamilton,40.61948,-74.03708,Entire home/apt,120,30,1,1,0,0
6968737,36538690,Brooklyn,South Slope,40.66414,-73.97856,Entire home/apt,224,30,1,1,0,0
6969011,107016,Brooklyn,Crown Heights,40.67654,-73.95138,Private room,60,60,22,1,0,1
6969048,36540358,Brooklyn,Bushwick,40.70138,-73.92615,Private room,200,30,18,1,0,0
7194972,22502429,Manhattan,Upper West Side,40.78365,-73.97467,Entire home/apt,190,30,9,1,0,0
7195202,2902496,Brooklyn,Williamsburg,40.71121,-73.94395,Entire home/apt,99,30,2,1,0,0
7197915,37691482,Manhattan,Lower East Side,40.72064,-73.98689,Entire home/apt,209,30,8,1,0,0
6969473,30247261,Manhattan,SoHo,40.7202,-73.99826,Entire home/apt,999,30,1,1,0,0
6970005,23026033,Manhattan,Greenwich Village,40.73187,-73.99917,Entire home/apt,230,30,1,1,0,0
6972046,23574544,Manhattan,Upper West Side,40.78567,-73.97665,Private room,150,30,7,1,0,0
7053165,36581036,Queens,Astoria,40.76578,-73.91244,Entire home/apt,236,30,0,1,0,0
7198878,30066276,Brooklyn,Greenpoint,40.72379,-73.93897,Private room,55,30,1,1,0,0
7053353,8002698,Queens,Astoria,40.75819,-73.911,Private room,27,30,3,1,0,0
7053502,36894011,Brooklyn,Fort Greene,40.68965,-73.97425,Private room,157,2,167,1,148,60
7199464,21651082,Manhattan,Upper West Side,40.78487,-73.97816,Private room,68,30,1,1,0,0
7200503,8920465,Manhattan,Upper West Side,40.79008,-73.97291,Entire home/apt,160,31,18,1,0,0
6972271,31213925,Manhattan,Midtown,40.74452,-73.98438,Entire home/apt,150,30,0,1,0,0
6972554,17155244,Manhattan,East Harlem,40.79617,-73.94908,Entire home/apt,155,30,4,1,0,0
7201169,37243004,Manhattan,Midtown,40.75322,-73.98176,Entire home/apt,167,30,0,1,0,0
6972673,13698410,Brooklyn,Clinton Hill,40.69408,-73.96493,Private room,80,30,12,1,0,0
6974249,6623402,Brooklyn,Williamsburg,40.71928,-73.95514,Entire home/apt,125,30,6,1,0,0
7053815,18600674,Brooklyn,Greenpoint,40.7196,-73.94001,Private room,400,100,128,1,358,0
7201615,6674211,Manhattan,SoHo,40.72358,-74.00052,Entire home/apt,375,30,0,1,0,0
7202170,37711914,Manhattan,Murray Hill,40.75005,-73.97756,Entire home/apt,180,30,33,1,0,0
7054267,36998520,Manhattan,Upper East Side,40.76806,-73.95145,Entire home/apt,155,30,0,1,0,0
7054405,36999491,Brooklyn,Flatbush,40.65357,-73.96129,Private room,80,30,0,1,0,0
7054468,29702921,Manhattan,East Village,40.72206,-73.97982,Private room,80,30,0,1,0,0
6974801,21175506,Brooklyn,Greenpoint,40.7303,-73.9553,Entire home/apt,165,30,1,1,0,0
6976045,1373836,Brooklyn,Gowanus,40.6805,-73.99175,Entire home/apt,150,5,3,1,0,0
6977204,687062,Manhattan,Harlem,40.81415,-73.95066,Private room,77,1,213,1,220,31
7202368,23952819,Brooklyn,Bedford-Stuyvesant,40.68589,-73.93335,Entire home/apt,103,3,191,2,84,34
6982967,36613427,Brooklyn,Prospect-Lefferts Gardens,40.65678,-73.95389,Private room,95,30,0,1,0,0
7054585,24830540,Brooklyn,Williamsburg,40.71056,-73.95101,Private room,85,30,1,1,0,0
7054797,32220047,Queens,Springfield Gardens,40.6849,-73.75854,Entire home/apt,150,30,16,3,128,1
7203943,21381325,Brooklyn,Williamsburg,40.70999,-73.9689,Private room,100,30,0,1,0,0
7204281,36093196,Queens,Astoria,40.76321,-73.91679,Private room,96,3,1,2,0,1
7062446,16639377,Manhattan,Midtown,40.74625,-73.98743,Private room,150,30,0,1,0,0
7064935,33622924,Manhattan,Harlem,40.82966,-73.94831,Private room,123,1,149,4,356,0
7065653,1306850,Manhattan,Kips Bay,40.7402,-73.97935,Entire home/apt,150,30,7,1,0,0
6986600,4394871,Brooklyn,Clinton Hill,40.69303,-73.96492,Entire home/apt,65,30,15,1,0,0
7204721,37188272,Brooklyn,Crown Heights,40.67196,-73.95103,Entire home/apt,125,2,4,1,0,0
7205064,37703550,Manhattan,Washington Heights,40.84728,-73.93933,Private room,55,1,30,2,297,17
6988265,36634420,Manhattan,Washington Heights,40.85009,-73.93979,Entire home/apt,120,30,0,1,0,0
7066122,7951613,Queens,Long Island City,40.74199,-73.95854,Entire home/apt,125,30,7,1,0,0
7066414,13347167,Manhattan,Upper East Side,40.77532,-73.95518,Entire home/apt,117,30,7,31,264,2
7070705,37072479,Brooklyn,Williamsburg,40.71905,-73.95937,Private room,90,30,7,3,0,0
7205212,35651880,Manhattan,Upper West Side,40.79838,-73.96229,Entire home/apt,130,30,18,1,0,0
7205668,25712247,Brooklyn,Greenpoint,40.72283,-73.95232,Private room,140,30,0,1,0,0
7206401,17383399,Manhattan,Inwood,40.86783,-73.92471,Entire home/apt,175,30,0,1,0,0
7207594,22792227,Brooklyn,Crown Heights,40.66913,-73.95898,Private room,45,30,0,1,0,0
7210353,12856103,Queens,Long Island City,40.74907550848057,-73.94319675869714,Private room,99,5,0,2,0,0
7071657,4909308,Manhattan,Upper East Side,40.77432,-73.95106,Entire home/apt,271,2,68,1,208,19
7071677,37076121,Brooklyn,Bushwick,40.69946,-73.92108,Private room,47,30,2,1,0,0
6988606,36640518,Manhattan,West Village,40.72879,-74.00419,Entire home/apt,404,3,2,1,120,2
7221712,92436,Brooklyn,Williamsburg,40.70732,-73.95433,Entire home/apt,86,30,1,1,0,0
7222354,18489745,Manhattan,Upper East Side,40.76446,-73.95603,Private room,86,30,2,1,0,0
7222833,6403403,Brooklyn,Greenpoint,40.72068,-73.95394,Entire home/apt,199,2,18,1,0,0
7224028,5998033,Brooklyn,Bushwick,40.68969,-73.90619,Private room,26,30,3,1,0,0
7226624,6407741,Brooklyn,Bedford-Stuyvesant,40.69499,-73.9469,Private room,39,30,0,1,0,0
7228259,37101663,Manhattan,Harlem,40.82324,-73.95426,Entire home/apt,115,25,84,1,0,15
6988905,36133913,Manhattan,Midtown,40.75429,-73.97503,Entire home/apt,193,30,27,1,0,0
7228397,700231,Manhattan,Harlem,40.82834,-73.94848,Entire home/apt,500,30,0,1,0,0
7234538,1793569,Brooklyn,Park Slope,40.67944,-73.97468,Entire home/apt,170,30,0,1,0,0
7072541,35819315,Brooklyn,Bushwick,40.69374,-73.92077,Entire home/apt,138,4,34,2,28,10
7239527,37903935,Manhattan,East Harlem,40.79831,-73.93961,Private room,70,30,1,1,0,0
7074488,43772,Brooklyn,Greenpoint,40.72205,-73.94941,Entire home/apt,272,30,3,1,0,0
6989258,7339760,Manhattan,East Harlem,40.79261,-73.93926,Entire home/apt,130,30,1,1,0,0
6989436,36644635,Manhattan,East Harlem,40.79013,-73.94837,Private room,81,2,174,1,0,0
6990524,36650631,Manhattan,Kips Bay,40.74074,-73.98187,Entire home/apt,300,30,0,1,0,0
6992300,24530713,Manhattan,Harlem,40.82338,-73.95462,Private room,97,30,20,3,221,3
7239575,37904263,Manhattan,Upper East Side,40.76272,-73.95718,Entire home/apt,120,30,5,1,0,0
7240002,14905080,Manhattan,Morningside Heights,40.80738,-73.96179,Entire home/apt,75,30,1,1,0,0
7240997,2519631,Manhattan,West Village,40.73491,-74.00151,Entire home/apt,252,1,16,1,0,5
6992831,36663321,Brooklyn,Flatbush,40.6343,-73.96441,Private room,63,3,270,1,256,37
7074504,37091023,Brooklyn,Park Slope,40.67234,-73.9825,Private room,100,30,1,1,0,0
7241020,6697833,Manhattan,Washington Heights,40.85642,-73.9365,Entire home/apt,115,30,2,1,0,0
7074961,37095710,Brooklyn,Bedford-Stuyvesant,40.68854,-73.95937,Entire home/apt,160,30,3,1,0,0
7084621,27919510,Manhattan,West Village,40.7368,-74.00519,Entire home/apt,350,30,7,1,0,0
7086310,37138042,Manhattan,Washington Heights,40.83767,-73.94616,Private room,99,7,146,1,61,14
7087255,3974249,Brooklyn,Windsor Terrace,40.6534,-73.97387,Entire home/apt,168,30,16,1,0,0
7087752,12602098,Brooklyn,Bedford-Stuyvesant,40.67979,-73.95102,Private room,55,30,2,1,0,0
7089639,19834927,Manhattan,East Village,40.72382,-73.98171,Private room,80,30,3,1,0,0
7090264,10285950,Brooklyn,Bedford-Stuyvesant,40.68343,-73.92074,Entire home/apt,120,30,7,1,271,1
7091390,14329995,Manhattan,Harlem,40.82697,-73.95321,Entire home/apt,125,30,2,1,0,0
7093122,36562419,Manhattan,Nolita,40.72123,-73.99513,Private room,90,30,1,1,0,0
6992939,1281637,Brooklyn,Fort Greene,40.68737,-73.97355,Entire home/apt,140,2,1,1,0,0
6992973,5162530,Brooklyn,Williamsburg,40.71944,-73.95645,Entire home/apt,145,30,0,1,0,0
7243708,3302103,Brooklyn,Clinton Hill,40.69091,-73.96579,Private room,65,30,6,1,0,0
6994064,35928174,Brooklyn,Williamsburg,40.70469,-73.94133,Entire home/apt,110,30,25,1,0,0
7265079,912400,Brooklyn,Park Slope,40.67383,-73.97764,Private room,131,5,170,1,264,33
7244171,37915862,Brooklyn,East New York,40.67412,-73.8921,Entire home/apt,115,30,61,2,251,2
7265118,7118658,Manhattan,Washington Heights,40.84708,-73.94258,Private room,250,30,11,1,0,0
7093920,37181980,Manhattan,Roosevelt Island,40.76189,-73.95065,Private room,120,2,263,1,9,40
7094112,12749467,Manhattan,East Village,40.73088,-73.98893,Entire home/apt,220,30,11,4,260,5
7244824,37932285,Manhattan,Harlem,40.81918,-73.95442,Private room,83,1,21,1,81,16
7094262,22625462,Manhattan,Midtown,40.7572,-73.96915,Entire home/apt,149,30,14,1,0,0
7246159,31245915,Manhattan,Upper West Side,40.78963,-73.97898,Entire home/apt,200,30,0,1,0,0
7247763,2483508,Brooklyn,Bushwick,40.70389,-73.91645,Private room,44,30,1,1,0,0
7094462,10896584,Brooklyn,Greenpoint,40.73227,-73.95875,Entire home/apt,120,30,6,1,0,0
7254952,16183358,Brooklyn,Park Slope,40.67475,-73.98245,Entire home/apt,175,30,6,1,0,0
7094619,37186427,Manhattan,Kips Bay,40.74403,-73.97938,Private room,120,30,1,1,0,0
7265249,38038797,Brooklyn,Sunset Park,40.66112,-73.98785,Entire home/apt,200,30,15,1,3,0
7265253,15899061,Manhattan,Financial District,40.70583,-74.00717,Shared room,47,30,2,1,0,0
7254973,1489696,Brooklyn,Downtown Brooklyn,40.6984,-73.98476,Entire home/apt,148,30,351,1,0,0
7271876,38073985,Brooklyn,Bushwick,40.7005,-73.91816,Entire home/apt,75,60,0,1,0,0
7254986,3695529,Brooklyn,Carroll Gardens,40.68393,-73.9948,Entire home/apt,800,30,18,2,179,1
7255372,37987441,Brooklyn,Bedford-Stuyvesant,40.68678,-73.9228,Private room,46,5,9,1,0,1
7272680,8792814,Brooklyn,Bedford-Stuyvesant,40.69386,-73.9457,Private room,54,1,67,7,323,35
7095426,2252859,Manhattan,Financial District,40.70668,-74.00913,Entire home/apt,160,200,0,1,0,0
7257163,1467387,Manhattan,West Village,40.73489,-74.00273,Entire home/apt,175,30,17,1,0,0
7095534,37191710,Manhattan,East Village,40.72467,-73.98334,Private room,110,30,1,1,0,0
7105865,24797068,Manhattan,Washington Heights,40.83664,-73.94572,Private room,45,30,1,1,0,0
7257311,14726038,Manhattan,Chinatown,40.71455,-73.99083,Private room,69,30,13,1,0,0
7274441,7079175,Brooklyn,Bedford-Stuyvesant,40.69197,-73.93193,Private room,100,30,0,1,0,0
7259369,20404001,Manhattan,Nolita,40.72057,-73.99454,Entire home/apt,80,30,1,1,0,0
7262068,24884055,Manhattan,Upper West Side,40.79715,-73.96873,Private room,80,30,0,1,0,0
7275655,19491505,Manhattan,East Village,40.72413,-73.98283,Entire home/apt,170,30,5,1,0,0
7276534,31851704,Queens,East Elmhurst,40.75921,-73.8758,Private room,55,1,303,2,5,49
7108992,3801047,Manhattan,Upper West Side,40.79855,-73.96999,Entire home/apt,187,30,1,1,0,0
7111775,37252712,Brooklyn,Park Slope,40.66999,-73.98388,Entire home/apt,80,30,5,1,0,0
7262439,37325782,Brooklyn,Bedford-Stuyvesant,40.68397,-73.95136,Private room,40,30,0,1,0,0
7264471,15416709,Brooklyn,Sunset Park,40.65295,-74.00411,Private room,70,30,0,1,0,0
7277143,24821272,Manhattan,Upper East Side,40.77877,-73.94824,Private room,100,30,3,1,0,0
7264560,37362312,Brooklyn,Bushwick,40.69618,-73.93263,Private room,50,30,8,1,0,0
7264659,6994503,Manhattan,Upper West Side,40.78735,-73.97541,Entire home/apt,200,4,18,1,0,0
7547481,9646150,Brooklyn,Prospect-Lefferts Gardens,40.65874,-73.95929,Private room,45,1,163,1,0,0
7277600,24772574,Manhattan,Upper East Side,40.76463,-73.9552,Entire home/apt,175,30,0,1,0,0
7402303,11962385,Queens,Astoria,40.76764,-73.92034,Entire home/apt,120,30,3,1,0,0
7555283,39599671,Manhattan,Upper West Side,40.78885,-73.97352,Entire home/apt,200,31,12,1,0,0
7402597,4376076,Manhattan,Lower East Side,40.71406,-73.98261,Private room,59,2,17,1,0,0
7278762,22816592,Queens,Elmhurst,40.73564,-73.87221,Entire home/apt,208,30,142,1,266,4
7279583,1557442,Manhattan,Harlem,40.80838,-73.95012,Entire home/apt,450,30,48,1,64,0
7286324,97580,Queens,Astoria,40.76474,-73.9272,Entire home/apt,120,4,164,1,0,0
7556153,16437254,Brooklyn,Fort Greene,40.68929,-73.97759,Entire home/apt,188,30,28,14,206,6
7556587,39608626,Manhattan,Harlem,40.82992,-73.94033,Private room,28,30,1,1,0,0
7402608,38788236,Brooklyn,Williamsburg,40.70765,-73.94539,Entire home/apt,104,30,11,1,0,0
7403613,1405974,Manhattan,Midtown,40.74603,-73.98364,Entire home/apt,150,30,1,1,0,0
7556669,16437254,Brooklyn,Boerum Hill,40.68826,-73.98558,Entire home/apt,184,30,11,14,319,0
7556814,3894475,Brooklyn,Park Slope,40.66714,-73.98179,Private room,85,30,5,3,0,0
7411044,38827405,Manhattan,West Village,40.72893,-74.00285,Private room,145,30,62,1,0,0
7557546,9443343,Queens,Ditmars Steinway,40.77833,-73.91861,Entire home/apt,134,3,170,1,239,27
7288752,38169148,Brooklyn,Greenpoint,40.72642,-73.94519,Private room,70,30,3,1,0,0
7560658,8726365,Brooklyn,Williamsburg,40.70781,-73.96916,Entire home/apt,185,30,0,1,0,0
7292891,9403624,Manhattan,Chelsea,40.74604,-73.99939,Entire home/apt,200,30,15,1,0,0
7411421,3750905,Brooklyn,Williamsburg,40.71325,-73.9577,Entire home/apt,375,2,47,1,134,10
7411499,1023985,Brooklyn,Williamsburg,40.71206,-73.95361,Private room,80,30,2,1,0,0
7560918,39635423,Brooklyn,Williamsburg,40.71272,-73.96632,Entire home/apt,120,30,0,1,0,0
7293506,2993160,Manhattan,Upper West Side,40.78629,-73.98056,Entire home/apt,200,30,0,1,0,0
7561432,4291007,Brooklyn,Bedford-Stuyvesant,40.69281,-73.95983,Private room,100,30,29,16,341,4
7561584,4291007,Brooklyn,Bedford-Stuyvesant,40.6949,-73.96025,Private room,90,30,41,16,299,5
7561686,39639929,Bronx,Concourse,40.82381,-73.92725,Entire home/apt,110,30,1,1,0,0
7562611,10475653,Brooklyn,Windsor Terrace,40.64782,-73.97305,Private room,64,1,197,3,274,73
7415011,15824880,Queens,Astoria,40.77203,-73.93145,Private room,37,30,0,1,0,0
7417444,11239404,Manhattan,Upper West Side,40.77083,-73.98029,Entire home/apt,140,30,2,1,0,0
7563487,3353772,Brooklyn,Williamsburg,40.70939,-73.94218,Private room,75,30,1,1,0,0
7419230,22805576,Manhattan,East Village,40.72189,-73.98022,Private room,100,30,0,1,0,0
7302762,1533248,Brooklyn,Greenpoint,40.72556,-73.94974,Entire home/apt,220,30,2,1,0,0
7563493,39648442,Queens,Flushing,40.74791,-73.80966,Entire home/apt,88,30,185,3,341,1
7305718,38269863,Manhattan,Harlem,40.8202,-73.95795,Entire home/apt,150,30,0,1,0,0
7419334,19135506,Manhattan,Upper West Side,40.77918,-73.98738,Entire home/apt,150,30,1,1,0,0
7563529,39652597,Manhattan,Chelsea,40.74477,-73.99561,Entire home/apt,193,30,4,1,0,0
7307468,26364541,Brooklyn,Bedford-Stuyvesant,40.69301,-73.94229,Private room,49,30,1,1,0,0
7309129,7737249,Manhattan,Chinatown,40.71451,-73.9912,Entire home/apt,185,30,58,1,280,6
7563717,39655899,Manhattan,Midtown,40.75176,-73.96921,Entire home/apt,140,30,1,1,0,0
7419517,4875631,Manhattan,Gramercy,40.73579,-73.98175,Private room,200,30,0,1,0,0
7421930,22344488,Queens,Long Island City,40.75228,-73.93876,Entire home/apt,110,30,9,1,0,0
7570475,16173306,Manhattan,Hell's Kitchen,40.76409,-73.99091,Private room,90,30,0,1,0,0
7309427,38292974,Brooklyn,South Slope,40.66477,-73.98797,Entire home/apt,399,30,14,1,0,0
7573103,4565614,Brooklyn,South Slope,40.6628,-73.98393,Entire home/apt,135,30,3,1,0,0
7573221,5287536,Brooklyn,Greenpoint,40.72961,-73.95656,Entire home/apt,120,30,0,1,0,0
7573321,1242357,Manhattan,Upper West Side,40.79397,-73.97376,Entire home/apt,175,30,1,1,0,0
7309459,14715701,Brooklyn,Cobble Hill,40.68596,-73.9976,Entire home/apt,200,3,2,1,0,0
7309633,38294553,Brooklyn,Bedford-Stuyvesant,40.68288,-73.94846,Entire home/apt,78,30,1,1,0,0
7426597,38902136,Brooklyn,Gowanus,40.67077,-73.98919,Entire home/apt,191,30,223,1,251,4
7431316,16617981,Manhattan,Washington Heights,40.83551,-73.93923,Private room,40,30,2,1,0,0
7432146,4279384,Brooklyn,Flatbush,40.64315,-73.95459,Private room,45,30,4,2,0,0
7573430,6031454,Brooklyn,Prospect-Lefferts Gardens,40.656,-73.95886,Private room,40,30,2,1,0,0
7575626,35307662,Manhattan,Greenwich Village,40.73049,-74.00111,Private room,119,30,0,1,0,0
7575697,38022820,Manhattan,Financial District,40.70965,-74.01273,Entire home/apt,100,30,0,1,0,0
7433174,34789416,Queens,Laurelton,40.67261,-73.75254,Private room,115,30,1,1,0,0
7310097,38297695,Brooklyn,Prospect Heights,40.67846,-73.96855,Entire home/apt,150,30,1,1,0,0
7576910,39725165,Manhattan,Harlem,40.80323,-73.94595,Private room,45,30,27,1,0,0
7310330,38294027,Manhattan,East Village,40.72254,-73.98585,Entire home/apt,300,30,1,1,0,0
7577608,1355616,Brooklyn,Gowanus,40.68215,-73.98095,Private room,100,30,0,1,0,0
7581611,18770940,Brooklyn,Williamsburg,40.70616,-73.93846,Private room,56,30,16,1,0,0
7581727,27921486,Manhattan,Greenwich Village,40.72657,-73.99743,Entire home/apt,350,30,0,1,0,0
7582706,12757332,Manhattan,Financial District,40.70582,-74.01087,Entire home/apt,350,30,0,1,0,0
7310835,3390947,Manhattan,Tribeca,40.71931,-74.00423,Entire home/apt,1450,3,46,1,85,8
7433796,2134232,Manhattan,Tribeca,40.71955,-74.00974,Private room,104,30,15,1,0,0
7434316,3861404,Brooklyn,Prospect-Lefferts Gardens,40.6547,-73.9613,Private room,80,30,3,2,0,0
7582834,7915676,Manhattan,East Village,40.72768,-73.99071,Private room,100,30,0,1,0,0
7435181,38946305,Brooklyn,Bushwick,40.69359,-73.92872,Private room,50,30,4,1,0,0
7311209,1641537,Brooklyn,Greenpoint,40.72348,-73.9412,Private room,50,30,7,2,0,0
7319791,19195540,Manhattan,Chinatown,40.7175,-73.99177,Private room,149,4,165,2,159,24
7320160,19692652,Brooklyn,Clinton Hill,40.69262,-73.96886,Private room,60,30,42,1,0,0
7583507,23124921,Brooklyn,Bedford-Stuyvesant,40.68891,-73.95931,Private room,65,30,2,1,0,0
7584885,23129690,Manhattan,Upper West Side,40.80089,-73.96752,Shared room,85,30,0,1,0,0
7321054,38352423,Queens,Long Island City,40.75508,-73.92918,Private room,45,1,1,1,0,0
7593985,16382059,Manhattan,Upper East Side,40.77463,-73.94948,Private room,115,30,18,1,0,0
7594252,13283118,Brooklyn,South Slope,40.66419,-73.98738,Entire home/apt,200,60,2,1,310,1
7435577,28460565,Brooklyn,Bedford-Stuyvesant,40.67969,-73.92891,Entire home/apt,135,30,6,1,0,0
7596078,4582155,Manhattan,East Village,40.7243,-73.98028,Entire home/apt,140,30,0,1,0,0
7596341,17675081,Manhattan,Midtown,40.7601,-73.96746,Private room,125,30,0,1,0,0
7322088,24259346,Queens,Rego Park,40.72637,-73.85621,Private room,45,30,2,1,0,0
7599569,15762897,Brooklyn,Bedford-Stuyvesant,40.69367,-73.9307,Private room,29,30,10,1,0,0
7599873,7182520,Brooklyn,Bedford-Stuyvesant,40.68609,-73.9525,Entire home/apt,195,5,11,1,0,4
7601496,39706334,Brooklyn,Williamsburg,40.71009,-73.95398,Entire home/apt,140,30,0,1,0,0
7322656,38360286,Brooklyn,Bushwick,40.68992,-73.91408,Private room,50,30,0,1,0,0
7435882,4807448,Brooklyn,Bushwick,40.70647,-73.92093,Private room,35,30,0,1,0,0
7436186,6367907,Brooklyn,Flatbush,40.63366,-73.95973,Private room,108,30,70,1,310,0
7437824,17942384,Brooklyn,Park Slope,40.66847,-73.98064,Entire home/apt,200,30,2,1,0,0
7448093,6223874,Brooklyn,Greenpoint,40.73203,-73.95726,Entire home/apt,130,30,3,1,0,0
7601870,35102629,Manhattan,Chelsea,40.75089,-74.00141,Entire home/apt,225,1,78,1,0,0
7602400,2619307,Manhattan,SoHo,40.72797,-74.00247,Entire home/apt,180,30,6,1,0,0
7602426,18008678,Manhattan,Upper West Side,40.80269,-73.97075,Entire home/apt,250,30,18,2,0,0
7450047,3676701,Brooklyn,Prospect Heights,40.68079,-73.96439,Entire home/apt,145,30,5,1,0,0
7451145,918087,Brooklyn,Bedford-Stuyvesant,40.68765,-73.95145,Entire home/apt,130,30,1,3,0,0
7602442,39868106,Manhattan,Flatiron District,40.74297,-73.99195,Entire home/apt,400,30,0,1,0,0
7323905,2303270,Manhattan,Stuyvesant Town,40.73062,-73.97991,Entire home/apt,199,30,28,1,0,0
7603075,17163531,Brooklyn,Flatbush,40.65353,-73.95611,Private room,65,30,0,1,0,0
7603716,10831168,Brooklyn,Fort Hamilton,40.61911,-74.03144,Private room,88,2,51,1,72,15
7324746,942252,Brooklyn,Prospect Heights,40.67897,-73.9678,Private room,99,1,10,2,0,2
7327782,38388018,Brooklyn,Crown Heights,40.66651,-73.92779,Private room,40,2,82,1,0,0
7609520,39908190,Manhattan,Hell's Kitchen,40.76436,-73.99198,Entire home/apt,220,1,34,1,77,34
7611169,39916890,Manhattan,East Village,40.73059,-73.98827,Private room,95,30,3,1,0,0
7328712,2482069,Manhattan,Flatiron District,40.74145,-73.98828,Private room,95,30,0,1,0,0
7328775,38392850,Brooklyn,Fort Greene,40.68801,-73.97383,Entire home/apt,150,30,10,1,0,0
7454378,39039509,Brooklyn,East Flatbush,40.6458,-73.94183,Entire home/apt,150,2,45,2,249,0
7457091,24450956,Manhattan,SoHo,40.72546,-73.99863,Entire home/apt,450,30,0,1,0,0
7611764,87494,Manhattan,Washington Heights,40.83455,-73.9387,Private room,70,30,2,1,0,0
7612100,39921605,Manhattan,Upper West Side,40.80384,-73.9676,Private room,176,30,44,4,264,0
7457673,2203415,Brooklyn,Bedford-Stuyvesant,40.68698,-73.95012,Entire home/apt,85,30,6,1,0,0
7612456,4936739,Manhattan,Upper West Side,40.79146,-73.97233,Private room,193,6,50,1,26,2
7460009,37077716,Brooklyn,Bay Ridge,40.63014,-74.027,Entire home/apt,55,30,10,2,0,0
7329781,38398698,Manhattan,Nolita,40.72112,-73.99477,Entire home/apt,458,5,30,1,86,4
7330488,18008678,Manhattan,Upper West Side,40.80235,-73.97082,Private room,95,30,33,2,0,0
7615409,39938343,Manhattan,Chinatown,40.71717,-73.99158,Entire home/apt,145,6,13,1,0,0
7331070,22373907,Queens,Bayside,40.76603,-73.77133,Entire home/apt,181,1,169,1,350,34
7331835,23851015,Manhattan,Lower East Side,40.71986,-73.98552,Entire home/apt,139,30,0,1,0,0
7331958,2282450,Manhattan,West Village,40.73689,-74.00531,Entire home/apt,220,30,161,2,213,3
7460803,18922562,Manhattan,Hell's Kitchen,40.75705,-73.99559,Private room,90,30,0,1,0,0
7615496,37676608,Brooklyn,Canarsie,40.63141,-73.89629,Entire home/apt,99,2,312,1,283,48
7615693,39940356,Brooklyn,Fort Greene,40.68676,-73.97521,Entire home/apt,275,6,9,1,0,0
7616651,3663218,Brooklyn,Williamsburg,40.71405,-73.94129,Private room,60,30,1,2,0,0
7461611,28316637,Brooklyn,Crown Heights,40.66493,-73.95543,Entire home/apt,153,3,94,1,283,17
7461720,942252,Brooklyn,Prospect Heights,40.67919,-73.9685,Private room,88,1,394,2,37,86
7332196,5628243,Manhattan,Harlem,40.81074,-73.95218,Private room,95,30,10,1,0,0
7619996,16662303,Manhattan,Harlem,40.81793,-73.94303,Private room,50,30,2,1,0,0
7339802,38452274,Manhattan,Harlem,40.82385,-73.94195,Entire home/apt,100,30,14,1,0,0
7340318,6772512,Brooklyn,Greenpoint,40.72138,-73.94709,Entire home/apt,100,30,7,1,0,0
7344720,24260658,Manhattan,East Harlem,40.79678,-73.9344,Private room,114,3,122,4,19,11
7462019,39085295,Brooklyn,Flatbush,40.64052,-73.95351,Entire home/apt,180,30,129,1,287,0
7470123,39126862,Brooklyn,Williamsburg,40.70643,-73.95267,Entire home/apt,199,30,4,1,0,0
7620355,38670785,Brooklyn,Bushwick,40.70159,-73.92692,Private room,68,30,1,1,0,0
7620763,15163256,Brooklyn,Sheepshead Bay,40.60797,-73.95699,Private room,167,3,122,1,324,18
7471859,3504234,Brooklyn,Williamsburg,40.7128,-73.94175,Entire home/apt,125,30,0,1,0,0
7473810,39143718,Brooklyn,Bedford-Stuyvesant,40.68171,-73.95705,Entire home/apt,400,30,9,2,0,0
7621629,39977656,Manhattan,Upper West Side,40.80299,-73.96465,Private room,40,30,0,1,0,0
7345443,38480982,Brooklyn,South Slope,40.66216,-73.97952,Entire home/apt,166,30,6,1,0,0
7621698,39978385,Queens,Astoria,40.77152,-73.92198,Entire home/apt,100,30,7,1,0,0
7473909,14291580,Brooklyn,Park Slope,40.67881,-73.9785,Private room,60,30,7,1,0,0
7629563,13866555,Brooklyn,Bedford-Stuyvesant,40.68316,-73.92761,Private room,45,30,2,1,0,0
7629972,16929791,Brooklyn,Carroll Gardens,40.6835,-74.00168,Private room,70,14,4,1,0,0
7348509,38497438,Brooklyn,Williamsburg,40.71969,-73.9562,Entire home/apt,215,30,1,1,0,0
7630422,37138251,Manhattan,Upper West Side,40.78775,-73.97538,Entire home/apt,220,30,212,1,365,2
7348925,38500630,Manhattan,Upper East Side,40.76735,-73.95548,Entire home/apt,264,30,2,1,0,0
7631233,22994376,Queens,Ditmars Steinway,40.78247,-73.91595,Private room,47,30,0,1,0,0
7349421,31469635,Manhattan,Harlem,40.82446,-73.94711,Private room,84,30,4,2,0,0
7475708,12535775,Manhattan,Gramercy,40.73784,-73.98325,Entire home/apt,200,30,0,1,0,0
7632128,19650141,Manhattan,Hell's Kitchen,40.75553,-73.99624,Private room,105,1,0,1,0,0
7480066,4336763,Brooklyn,Park Slope,40.68123,-73.98034,Entire home/apt,130,1,4,1,0,0
7354701,3484734,Brooklyn,Bedford-Stuyvesant,40.68385,-73.92762,Entire home/apt,395,3,13,1,5,4
7359313,38445572,Manhattan,Murray Hill,40.74801,-73.97391,Private room,130,30,2,1,0,0
7361434,38569616,Brooklyn,Flatbush,40.64871,-73.95981,Entire home/apt,100,30,2,1,0,0
7362840,2164856,Brooklyn,East Flatbush,40.64939,-73.94791,Private room,50,30,0,1,0,0
7632182,40037773,Manhattan,Kips Bay,40.74546,-73.97934,Private room,90,30,19,1,0,0
7366831,38599690,Manhattan,East Harlem,40.80023,-73.93822,Private room,35,30,1,1,0,0
7480520,15887987,Manhattan,Chelsea,40.74062,-74.00009,Entire home/apt,210,30,98,1,0,0
7632731,39455276,Manhattan,Upper West Side,40.78625,-73.97374,Entire home/apt,600,14,2,1,4,0
7480795,18576994,Manhattan,East Village,40.72175,-73.98361,Private room,100,30,6,1,0,0
7367165,4964848,Manhattan,Harlem,40.82673,-73.94078,Private room,35,30,2,1,0,0
7632804,40041424,Brooklyn,Crown Heights,40.67211,-73.94293,Private room,50,30,2,1,0,0
7636280,40058595,Manhattan,Upper East Side,40.77865,-73.94858,Entire home/apt,175,30,4,1,0,0
7367484,31452390,Manhattan,Washington Heights,40.83218,-73.94434,Private room,61,30,1,1,0,0
7482767,39186813,Brooklyn,Carroll Gardens,40.67541,-73.99812,Private room,75,30,0,1,0,0
7483034,7202390,Manhattan,Chelsea,40.74381,-73.99465,Private room,195,30,0,1,0,0
7637047,15090552,Manhattan,Midtown,40.74468,-73.98199,Entire home/apt,175,30,1,1,0,0
7483853,33983182,Manhattan,Upper East Side,40.78249,-73.94845,Private room,57,30,4,1,0,0
7483910,13667779,Manhattan,Harlem,40.82246,-73.9378,Private room,60,30,26,3,76,5
7492539,6004716,Queens,Astoria,40.7573,-73.92773,Private room,75,30,0,1,0,0
7495497,2045777,Brooklyn,South Slope,40.66563,-73.9886,Entire home/apt,145,30,4,1,0,0
7368173,4901287,Brooklyn,Park Slope,40.67428,-73.98194,Entire home/apt,600,7,1,1,317,0
7376952,32004384,Manhattan,Upper West Side,40.77873,-73.97694,Private room,160,30,12,1,307,0
7378773,11129295,Brooklyn,Bushwick,40.70179,-73.92807,Entire home/apt,98,30,1,1,0,0
7637101,2484520,Manhattan,Morningside Heights,40.81033,-73.95897,Private room,150,30,0,1,0,0
7379929,27283579,Manhattan,East Village,40.72609,-73.99069,Private room,119,30,3,1,0,0
7496211,6520502,Manhattan,Financial District,40.70541,-74.01466,Entire home/apt,450,30,0,1,0,0
7497287,241593,Brooklyn,Flatbush,40.65071,-73.96138,Private room,70,30,0,2,0,0
7498074,13347167,Manhattan,Upper East Side,40.77107,-73.95742,Entire home/apt,118,30,8,31,290,2
7498271,35819315,Brooklyn,Bushwick,40.69454,-73.92191,Entire home/apt,189,4,216,2,247,46
7500030,19976579,Manhattan,East Village,40.72682,-73.97845,Entire home/apt,250,30,0,1,0,0
7500228,16960158,Manhattan,Battery Park City,40.71004,-74.01534,Private room,99,30,31,1,0,0
7637112,40068023,Manhattan,Midtown,40.75189,-73.9716,Entire home/apt,400,30,0,1,0,0
7638537,40072723,Queens,Rego Park,40.73005,-73.85858,Private room,48,30,32,1,0,0
7500270,21742272,Brooklyn,Midwood,40.62513,-73.96358,Entire home/apt,81,30,13,1,0,0
7500390,11279503,Manhattan,Nolita,40.724,-73.99485,Private room,125,30,3,1,0,0
7381236,33365473,Brooklyn,Bedford-Stuyvesant,40.68269,-73.94207,Entire home/apt,350,30,58,2,341,3
7643399,39918716,Brooklyn,East Flatbush,40.65515,-73.94259,Entire home/apt,189,30,6,1,7,0
7381893,12866178,Brooklyn,East New York,40.65965,-73.89428,Private room,39,2,19,3,0,7
7382396,38672291,Brooklyn,Bedford-Stuyvesant,40.69282,-73.93483,Private room,64,1,24,1,0,0
7501668,39249461,Brooklyn,Bushwick,40.70671,-73.92187,Private room,65,30,3,1,0,0
7643428,12866178,Brooklyn,East New York,40.66043,-73.89203,Private room,60,5,12,3,0,2
7644505,29999716,Brooklyn,South Slope,40.66294,-73.98722,Entire home/apt,300,30,0,1,0,0
7646092,24001156,Brooklyn,Williamsburg,40.71821,-73.94919,Private room,48,30,3,1,0,0
7501694,32164030,Bronx,Hunts Point,40.81245,-73.88756,Private room,60,30,21,6,354,1
7501794,10131727,Manhattan,Harlem,40.80309,-73.9509,Entire home/apt,109,30,1,1,0,0
7502146,32164030,Bronx,Hunts Point,40.81465,-73.88872,Private room,50,30,28,6,359,0
7382573,16548316,Brooklyn,Williamsburg,40.70707,-73.95014,Private room,70,30,0,1,0,0
7646751,40027302,Brooklyn,Williamsburg,40.72006,-73.95892,Entire home/apt,304,3,105,1,137,1
7382982,19504544,Manhattan,West Village,40.72911,-74.00338,Private room,120,30,2,1,0,0
7507877,22079796,Queens,Sunnyside,40.7472,-73.9154,Entire home/apt,100,30,0,1,0,0
7646832,6182854,Brooklyn,Clinton Hill,40.68538,-73.96356,Entire home/apt,349,30,5,2,0,0
7508560,39335488,Manhattan,East Harlem,40.81404,-73.93642,Private room,85,3,150,1,0,0
7508742,26354652,Brooklyn,Flatbush,40.64916,-73.96485,Private room,126,2,33,4,0,0
7512811,13873590,Brooklyn,Williamsburg,40.70925,-73.95965,Private room,80,30,3,1,0,0
7512967,1497263,Brooklyn,Williamsburg,40.71713,-73.94362,Private room,60,30,0,1,0,0
7647268,40124500,Brooklyn,Borough Park,40.63737,-74.00303,Private room,39,30,72,2,287,4
7515281,18277294,Brooklyn,Crown Heights,40.67158,-73.93481,Private room,40,30,1,1,0,0
7515694,1825554,Manhattan,Chelsea,40.73897,-73.9971,Entire home/apt,210,30,11,1,0,0
7516218,60046,Brooklyn,Vinegar Hill,40.70305,-73.98368,Entire home/apt,169,30,38,1,108,4
7383380,4907734,Brooklyn,Bushwick,40.70109,-73.93972,Private room,49,30,14,1,0,0
7383804,38678875,Manhattan,Midtown,40.75277,-73.96686,Private room,70,30,2,1,0,0
7647651,6072700,Brooklyn,Red Hook,40.67879,-74.00772,Private room,90,5,14,1,34,5
7516992,29544115,Manhattan,Midtown,40.75737,-73.96916,Private room,70,30,1,1,0,0
7651418,40151792,Manhattan,Lower East Side,40.71755,-73.99097,Entire home/apt,150,5,15,1,0,1
7517614,39389693,Manhattan,Harlem,40.83161,-73.94498,Entire home/apt,120,30,3,1,0,0
7518327,39394883,Manhattan,Chinatown,40.71629,-73.99087,Entire home/apt,150,30,0,1,0,0
7385692,38404959,Queens,Ditmars Steinway,40.7792,-73.90747,Private room,85,30,3,2,218,0
7651459,39726069,Manhattan,SoHo,40.7206,-74.00216,Private room,107,30,2,1,0,0
7651474,405908,Brooklyn,Bedford-Stuyvesant,40.68414,-73.92791,Entire home/apt,140,2,295,1,188,51
7386119,12517331,Brooklyn,Prospect Heights,40.67883,-73.97079,Entire home/apt,75,30,4,1,0,0
7651547,9209691,Manhattan,Harlem,40.82306,-73.95035,Entire home/apt,243,31,29,2,89,0
7652929,27784469,Manhattan,Upper West Side,40.78523,-73.96995,Private room,150,30,2,1,0,0
7652936,18985761,Brooklyn,Carroll Gardens,40.6778,-73.99972,Entire home/apt,103,90,20,1,0,0
7387862,38702813,Manhattan,Lower East Side,40.72309,-73.98926,Private room,150,30,0,1,0,0
7387919,37993952,Manhattan,Hell's Kitchen,40.75952,-73.99433,Private room,150,30,1,1,0,0
7389120,7365834,Brooklyn,Sheepshead Bay,40.58418,-73.95929,Entire home/apt,190,3,73,5,334,15
7524934,39298265,Manhattan,Harlem,40.8038,-73.95681,Private room,60,30,1,1,0,0
7654931,40176101,Brooklyn,Bedford-Stuyvesant,40.69035,-73.92879,Private room,72,1,380,8,66,57
7526715,11203708,Manhattan,Harlem,40.81,-73.94152,Private room,64,30,20,1,0,0
7534543,12215421,Brooklyn,Park Slope,40.66663,-73.97528,Entire home/apt,105,30,68,1,0,0
7535450,39480845,Manhattan,East Harlem,40.79103,-73.94832,Private room,75,30,37,1,0,0
7535791,39483454,Brooklyn,Williamsburg,40.71146,-73.95765,Entire home/apt,180,30,2,1,0,0
7394136,38741040,Queens,Long Island City,40.754,-73.91872,Private room,40,30,0,1,0,0
7656308,1311104,Brooklyn,Williamsburg,40.71434,-73.95738,Private room,50,30,23,1,0,0
7657879,1163318,Manhattan,Chelsea,40.74189,-74.00258,Entire home/apt,499,3,287,2,183,44
7396662,7489344,Manhattan,Lower East Side,40.71574,-73.98962,Private room,120,30,18,1,0,0
7659042,23187157,Brooklyn,Bushwick,40.70036,-73.91723,Private room,80,30,0,1,0,0
7397237,38757107,Brooklyn,Bedford-Stuyvesant,40.68811,-73.94301,Entire home/apt,100,30,2,1,0,0
7397649,9991314,Queens,Astoria,40.76297,-73.92696,Entire home/apt,132,30,0,1,0,0
7397699,38759330,Brooklyn,Williamsburg,40.7122,-73.9511,Private room,35,30,3,1,0,0
7539610,39503857,Manhattan,Harlem,40.82034,-73.94345,Private room,200,30,0,1,0,0
7542840,31799541,Manhattan,Upper West Side,40.79294,-73.97151,Private room,75,30,12,1,0,0
7660853,40010465,Brooklyn,East Flatbush,40.65429,-73.94917,Private room,40,30,1,1,0,0
7543993,7753501,Manhattan,Harlem,40.80902,-73.95156,Entire home/apt,400,30,1,1,0,0
7545274,25846948,Manhattan,Upper East Side,40.76157,-73.96248,Entire home/apt,151,30,18,1,0,0
7398163,28269324,Manhattan,Stuyvesant Town,40.73379,-73.98031,Private room,45,30,2,1,0,0
7661020,40204929,Manhattan,Washington Heights,40.834,-73.94616,Entire home/apt,99,30,5,1,35,0
7398507,5898139,Manhattan,Upper West Side,40.8001,-73.96082,Entire home/apt,185,30,1,1,0,0
7399036,38706510,Manhattan,Upper West Side,40.78098,-73.97888,Entire home/apt,80,30,3,2,0,0
7545750,39539952,Manhattan,Inwood,40.86318,-73.92765,Entire home/apt,40,30,7,1,0,0
7545751,39539913,Manhattan,Harlem,40.82471,-73.94233,Private room,100,30,0,1,0,0
7546039,39541748,Manhattan,West Village,40.73827,-73.99956,Entire home/apt,185,30,4,1,0,0
7661735,19071455,Manhattan,West Village,40.74036,-74.00416,Entire home/apt,190,30,0,1,0,0
7662160,6338005,Brooklyn,Crown Heights,40.6716,-73.93969,Private room,36,30,7,1,0,0
7547439,39549996,Manhattan,East Village,40.72976,-73.98906,Private room,78,31,9,1,0,0
7749069,40735098,Brooklyn,Borough Park,40.64477,-73.9983,Entire home/apt,111,30,40,1,282,0
7749239,10784441,Brooklyn,Williamsburg,40.71541,-73.95528,Entire home/apt,100,3,25,1,0,1
7749472,13667779,Manhattan,Harlem,40.82444,-73.9377,Private room,70,4,11,3,50,2
7399754,4343834,Brooklyn,Carroll Gardens,40.68299,-73.99841,Entire home/apt,150,30,6,1,0,0
7401048,10832128,Brooklyn,Sunset Park,40.64608,-74.00999,Private room,47,30,2,1,0,0
7664263,25266538,Manhattan,Harlem,40.8165,-73.94005,Entire home/apt,130,30,12,2,0,0
7867805,41464907,Manhattan,Kips Bay,40.74068,-73.98117,Entire home/apt,67,30,1,1,0,0
7664692,40124500,Brooklyn,Borough Park,40.63574,-74.00386,Shared room,30,30,91,2,33,0
7664863,40236384,Brooklyn,Prospect-Lefferts Gardens,40.65796,-73.95901,Private room,65,30,35,2,0,0
7869449,30541205,Brooklyn,Bushwick,40.70019,-73.92012,Private room,50,30,0,1,0,0
7749818,40221604,Manhattan,Harlem,40.82451,-73.94538,Private room,60,30,126,2,0,1
7664959,40237377,Brooklyn,Sheepshead Bay,40.60068,-73.95894,Private room,80,30,0,1,0,0
7665230,15892935,Brooklyn,Sunset Park,40.64182,-74.01584,Private room,50,30,2,1,0,0
7756015,31876151,Manhattan,SoHo,40.72346,-73.99732,Entire home/apt,140,30,43,1,0,0
7871818,4769886,Brooklyn,Bushwick,40.69633,-73.91872,Private room,105,3,189,2,300,37
7871985,5577926,Queens,Astoria,40.7562,-73.91162,Entire home/apt,60,30,7,3,0,0
7665764,40244009,Queens,Sunnyside,40.73959,-73.91912,Entire home/apt,150,30,2,1,0,0
7673007,3526617,Brooklyn,Greenpoint,40.73784,-73.9549,Entire home/apt,150,4,17,1,210,1
7873524,37282412,Manhattan,Harlem,40.80038,-73.95463,Entire home/apt,130,30,1,1,0,0
7758577,30669247,Manhattan,Chelsea,40.74379,-73.99707,Entire home/apt,175,30,2,1,0,0
7677565,40316314,Manhattan,East Village,40.72338,-73.98239,Private room,80,30,1,2,0,0
7760406,39060578,Manhattan,Chelsea,40.74336,-74.00278,Entire home/apt,200,30,45,1,0,0
7761394,40812084,Brooklyn,Bedford-Stuyvesant,40.68647,-73.92494,Private room,45,30,2,1,0,0
7762201,3189999,Brooklyn,Bedford-Stuyvesant,40.68141,-73.9508,Entire home/apt,99,30,1,1,0,0
7677595,326952,Brooklyn,Prospect Heights,40.67439,-73.96319,Entire home/apt,95,30,4,1,0,0
7678187,40319733,Brooklyn,Bedford-Stuyvesant,40.68719,-73.94906,Entire home/apt,110,30,3,1,0,0
7679094,3130040,Queens,Ditmars Steinway,40.77772,-73.92252,Entire home/apt,175,2,9,1,0,0
7679691,7065413,Manhattan,Lower East Side,40.72014,-73.98498,Private room,80,30,2,1,0,0
7884922,7139819,Manhattan,Chelsea,40.74716,-74.00047,Entire home/apt,250,30,2,1,0,0
7679697,5513694,Manhattan,Hell's Kitchen,40.76543,-73.98766,Entire home/apt,188,30,73,1,293,2
7887966,119441,Queens,Astoria,40.75834,-73.91284,Entire home/apt,90,30,71,1,260,2
7893820,1330961,Brooklyn,Williamsburg,40.71371,-73.96357,Entire home/apt,220,30,0,1,0,0
7763869,40828217,Brooklyn,Prospect-Lefferts Gardens,40.66189,-73.93997,Private room,75,7,88,5,54,4
7764285,489734,Brooklyn,Williamsburg,40.71316,-73.94499,Entire home/apt,185,30,8,1,0,0
7768661,39921605,Manhattan,Upper West Side,40.80372,-73.96908,Entire home/apt,241,30,19,4,157,3
7679943,40332331,Brooklyn,Windsor Terrace,40.65722,-73.97855,Entire home/apt,275,2,17,2,0,4
7894007,41619645,Queens,Arverne,40.58957,-73.79093,Entire home/apt,182,1,92,1,0,3
7680504,1550888,Brooklyn,Crown Heights,40.67503,-73.9183,Entire home/apt,114,30,13,3,362,0
7894084,41620310,Manhattan,Upper East Side,40.77481,-73.94745,Entire home/apt,100,30,0,1,0,0
7894907,1830864,Manhattan,East Village,40.72609,-73.97967,Entire home/apt,150,30,25,1,0,0
7769782,40867860,Brooklyn,Bedford-Stuyvesant,40.68064,-73.91091,Private room,90,2,30,1,294,5
7772377,16000650,Brooklyn,Boerum Hill,40.68321,-73.9804,Entire home/apt,150,30,1,1,0,0
7686940,40371157,Bronx,Longwood,40.82576,-73.90124,Private room,95,30,182,2,0,0
7688839,2060383,Brooklyn,Cobble Hill,40.68752,-73.99146,Entire home/apt,155,3,28,1,0,0
7895157,39531775,Manhattan,Hell's Kitchen,40.76449,-73.9934,Entire home/apt,175,30,0,1,0,0
7689346,39956905,Manhattan,East Village,40.72752,-73.98453,Private room,95,30,1,2,0,0
7897229,598090,Manhattan,Upper West Side,40.77545,-73.97884,Private room,180,1,8,1,0,0
7689495,33064750,Brooklyn,Carroll Gardens,40.68132,-73.99685,Entire home/apt,119,30,2,1,0,0
7691534,40394783,Manhattan,Battery Park City,40.70637,-74.01869,Entire home/apt,200,30,0,1,0,0
7692326,255597,Brooklyn,Crown Heights,40.66508,-73.95409,Entire home/apt,285,30,137,1,0,0
7692660,32164030,Bronx,Hunts Point,40.81398,-73.88751,Private room,50,30,29,6,360,5
7692870,3587751,Brooklyn,Williamsburg,40.70882,-73.9558,Private room,120,3,284,2,306,21
7693124,20691165,Manhattan,Upper West Side,40.77343,-73.98767,Private room,56,30,4,1,0,0
7900119,2697468,Brooklyn,Williamsburg,40.70875,-73.95033,Private room,80,30,2,1,0,0
7693424,40404813,Brooklyn,East Flatbush,40.64743,-73.94962,Private room,143,30,2,1,365,0
7694064,24666317,Brooklyn,Clinton Hill,40.68502,-73.96788,Private room,67,2,12,1,0,0
7694852,21570720,Manhattan,Murray Hill,40.74746,-73.98108,Entire home/apt,190,2,0,1,0,0
7696645,7590543,Brooklyn,Fort Greene,40.69691,-73.97592,Entire home/apt,156,3,114,1,0,0
7900437,32828988,Manhattan,Theater District,40.75995,-73.98617,Entire home/apt,100,30,5,1,0,0
7774182,40895328,Queens,Astoria,40.75653,-73.92515,Private room,289,30,223,2,265,6
7696654,5742112,Manhattan,Harlem,40.81078,-73.9402,Entire home/apt,107,30,0,1,0,0
7697161,40427171,Brooklyn,Carroll Gardens,40.68603,-73.99373,Entire home/apt,125,1,0,1,0,0
7697256,17326743,Manhattan,Upper West Side,40.78486,-73.97761,Private room,130,30,9,1,0,0
7775627,40905449,Manhattan,Financial District,40.7052,-74.01536,Entire home/apt,160,30,7,1,0,0
7698593,5974094,Brooklyn,Bedford-Stuyvesant,40.69342,-73.94036,Entire home/apt,264,2,5,1,148,2
7780335,7285322,Brooklyn,Williamsburg,40.71602,-73.95394,Entire home/apt,150,30,9,1,0,0
7782176,8792814,Brooklyn,Bedford-Stuyvesant,40.69386,-73.9457,Private room,50,1,94,7,290,44
7785582,11048791,Brooklyn,Bushwick,40.7003,-73.91634,Private room,40,30,2,1,0,0
7698619,35997506,Brooklyn,Williamsburg,40.70939,-73.96758,Private room,85,30,0,1,0,0
7698722,31919780,Brooklyn,Bedford-Stuyvesant,40.68623,-73.94041,Entire home/apt,166,3,184,2,29,43
7785952,4797755,Manhattan,East Harlem,40.78479,-73.94615,Entire home/apt,105,30,53,1,0,0
7787799,26377263,Brooklyn,Bushwick,40.70513,-73.91937,Private room,60,6,2,53,103,1
7788438,26377263,Brooklyn,Bushwick,40.70683,-73.9193,Private room,56,6,3,53,279,3
7788565,26377263,Brooklyn,Bushwick,40.705,-73.91731,Private room,56,6,0,53,117,0
7789152,1439611,Manhattan,Lower East Side,40.71871,-73.98419,Entire home/apt,89,5,39,1,0,0
7900575,41657584,Manhattan,West Village,40.73558,-74.00479,Entire home/apt,150,4,16,1,5,4
7699037,62328018,Manhattan,Washington Heights,40.85275,-73.93047,Private room,50,30,29,1,0,0
7789678,40995200,Manhattan,Morningside Heights,40.81483,-73.9609,Private room,30,30,0,1,0,0
7790911,16962694,Brooklyn,Gravesend,40.60743,-73.98124,Private room,69,30,3,1,0,0
7796446,19693990,Manhattan,Chelsea,40.75098,-74.00291,Entire home/apt,329,30,0,1,0,0
7699156,820649,Manhattan,Murray Hill,40.74548,-73.97651,Entire home/apt,190,30,0,1,0,0
7699542,22703843,Manhattan,Upper East Side,40.76102,-73.96124,Private room,95,30,1,1,0,0
7798327,41046343,Manhattan,East Village,40.72306,-73.98567,Private room,75,30,1,1,0,0
7900722,37728157,Brooklyn,Williamsburg,40.71121,-73.94167,Entire home/apt,175,30,11,1,0,0
7700741,3284564,Manhattan,Harlem,40.81484,-73.95065,Private room,69,30,1,1,0,0
7901715,29599415,Manhattan,Harlem,40.80302,-73.95648,Private room,60,30,2,1,0,0
7798935,33593407,Brooklyn,Flatbush,40.6342,-73.95645,Entire home/apt,93,30,3,1,0,0
7800079,5134018,Brooklyn,Williamsburg,40.70688,-73.93165,Entire home/apt,100,30,16,1,280,3
7707274,19056507,Manhattan,East Village,40.72597,-73.98938,Entire home/apt,175,30,9,1,0,0
7709293,40498479,Manhattan,Harlem,40.82364,-73.95122,Private room,59,30,0,1,0,0
7711161,3737483,Manhattan,Chinatown,40.71382,-73.99769,Private room,75,30,2,1,0,0
7800835,11549078,Brooklyn,Bedford-Stuyvesant,40.68129,-73.93004,Entire home/apt,172,7,218,1,42,27
7801023,41060321,Brooklyn,Prospect-Lefferts Gardens,40.65757,-73.95015,Private room,35,30,0,1,0,0
7801169,1619994,Manhattan,East Village,40.72835,-73.98628,Entire home/apt,150,30,12,1,0,0
7901928,4646764,Queens,Astoria,40.76455,-73.91398,Private room,60,30,2,1,0,0
7711899,40509550,Manhattan,Washington Heights,40.84896,-73.94109,Shared room,43,30,15,1,363,0
7902291,41667978,Manhattan,Lower East Side,40.71513,-73.98725,Private room,50,30,1,1,0,0
7911249,16430135,Manhattan,Lower East Side,40.72076,-73.98602,Private room,80,4,3,1,0,0
7911437,15904258,Queens,Maspeth,40.72212,-73.88813,Entire home/apt,71,3,61,1,132,6
7801262,2083759,Manhattan,Harlem,40.79966,-73.95511,Entire home/apt,141,2,129,1,6,45
7712750,40516440,Brooklyn,Sheepshead Bay,40.58837,-73.95569,Private room,53,4,84,1,323,14
7804337,41079797,Brooklyn,Williamsburg,40.71168,-73.94746,Entire home/apt,125,3,40,1,266,5
7806322,37915862,Brooklyn,East New York,40.67391,-73.89394,Entire home/apt,187,15,92,2,285,0
7913704,2405940,Manhattan,Harlem,40.82457,-73.94984,Private room,42,30,3,1,0,0
7713509,12303720,Brooklyn,Clinton Hill,40.68405,-73.96681,Private room,60,30,2,1,0,0
7807454,16853124,Brooklyn,Boerum Hill,40.68641,-73.98526,Entire home/apt,75,30,2,1,0,0
7714405,40527701,Queens,Elmhurst,40.7372,-73.87909,Entire home/apt,150,30,2,1,0,0
7808565,6947307,Brooklyn,Williamsburg,40.70319,-73.94177,Private room,75,30,1,1,0,0
7810109,30247185,Queens,Ridgewood,40.70877,-73.90169,Entire home/apt,65,30,2,1,0,0
7714664,2520125,Brooklyn,East New York,40.66063,-73.89887,Entire home/apt,58,30,142,2,0,0
7715344,15581933,Manhattan,East Harlem,40.79344,-73.94517,Entire home/apt,90,30,4,1,0,0
7716489,22770300,Brooklyn,Williamsburg,40.71331,-73.96347,Entire home/apt,225,30,0,1,0,0
7814575,41140356,Brooklyn,Park Slope,40.67358,-73.9805,Entire home/apt,125,31,16,1,0,0
7914401,22282829,Manhattan,East Village,40.72708,-73.988,Private room,64,5,10,1,0,0
7915525,34943122,Brooklyn,Clinton Hill,40.68617,-73.96023,Private room,85,1,14,2,0,0
7717071,243356,Manhattan,Harlem,40.79997,-73.95584,Entire home/apt,150,5,16,1,0,2
7725042,23715762,Manhattan,Upper West Side,40.80113,-73.96566,Private room,50,30,0,1,0,0
7725075,40591396,Queens,Long Island City,40.74404,-73.95629,Private room,70,30,4,1,0,0
7726296,7375767,Brooklyn,Bedford-Stuyvesant,40.68927,-73.95277,Entire home/apt,150,30,0,1,0,0
7727644,40539880,Manhattan,Hell's Kitchen,40.76237,-73.98801,Entire home/apt,300,30,4,1,0,0
7816449,1317360,Manhattan,SoHo,40.72222,-74.00112,Entire home/apt,1357,10,46,1,341,0
7728265,6623512,Brooklyn,Bedford-Stuyvesant,40.6863,-73.95653,Private room,32,30,0,1,0,0
7728860,7503643,Brooklyn,Greenpoint,40.72552,-73.94028,Entire home/apt,169,30,2,33,333,0
7729804,18066933,Brooklyn,Crown Heights,40.67736,-73.94311,Private room,59,30,2,1,0,0
7818142,16426665,Manhattan,Morningside Heights,40.80514,-73.96503,Private room,85,30,0,1,0,0
7915542,30448028,Queens,Jamaica,40.70563,-73.80523,Entire home/apt,220,3,12,2,178,12
7730865,21256980,Manhattan,Murray Hill,40.7459,-73.97607,Private room,170,30,0,1,0,0
7731348,40627479,Manhattan,Upper West Side,40.79433,-73.97333,Entire home/apt,175,30,5,1,0,0
7819539,5623834,Brooklyn,East Flatbush,40.64561,-73.94633,Entire home/apt,90,90,45,3,281,1
7733315,3010260,Brooklyn,Crown Heights,40.66879,-73.95136,Entire home/apt,225,30,4,1,0,0
7733651,36539736,Brooklyn,Boerum Hill,40.68639,-73.98981,Entire home/apt,180,30,17,1,0,0
7734176,40645778,Manhattan,Theater District,40.76262,-73.98555,Entire home/apt,300,30,14,1,0,0
7819704,40070423,Brooklyn,Bedford-Stuyvesant,40.68921,-73.92664,Private room,70,30,5,1,0,0
7821813,1249116,Brooklyn,Greenpoint,40.72926,-73.95642,Private room,135,30,2,1,0,0
7822488,5623834,Brooklyn,East Flatbush,40.64748,-73.94642,Private room,43,30,40,3,6,1
7916103,29235148,Brooklyn,Prospect-Lefferts Gardens,40.65586,-73.95725,Private room,64,30,3,1,0,0
7734670,32164030,Bronx,Hunts Point,40.81288,-73.88736,Private room,40,30,26,6,312,4
7734995,3344231,Manhattan,East Village,40.7297,-73.98835,Entire home/apt,200,5,136,1,82,27
7740527,40684968,Manhattan,Harlem,40.8127,-73.95004,Private room,60,30,1,1,0,0
7823121,37402024,Manhattan,Morningside Heights,40.80435,-73.96563,Private room,80,30,4,1,0,0
7741113,910884,Brooklyn,Flatbush,40.65496,-73.95726,Private room,49,30,1,1,0,0
7742486,40695843,Brooklyn,Park Slope,40.67127,-73.98466,Entire home/apt,145,30,17,1,0,0
7823495,11898556,Manhattan,Chelsea,40.74291,-73.9975,Entire home/apt,1000,30,32,1,277,6
7826411,24881130,Manhattan,Lower East Side,40.72184,-73.9868,Private room,80,30,0,1,0,0
7916802,20336015,Manhattan,Hell's Kitchen,40.7699,-73.98985,Private room,120,30,1,1,0,0
7742889,8692598,Manhattan,Inwood,40.8624,-73.93059,Private room,48,30,5,1,0,0
7917604,16139880,Brooklyn,Bedford-Stuyvesant,40.67678,-73.91645,Entire home/apt,450,4,38,2,73,32
7744805,40703442,Manhattan,Harlem,40.80692,-73.94347,Entire home/apt,200,3,116,3,6,21
7919094,41757762,Brooklyn,Williamsburg,40.71099,-73.95594,Entire home/apt,90,30,6,1,0,0
7919303,10399992,Brooklyn,Bushwick,40.70028,-73.92517,Private room,39,30,1,1,0,0
7919372,23533897,Brooklyn,Crown Heights,40.67422,-73.95252,Private room,130,1,43,6,3,0
7919803,4549552,Brooklyn,Clinton Hill,40.6914,-73.96102,Entire home/apt,160,30,14,1,0,0
7827908,41201538,Brooklyn,Bushwick,40.70169,-73.91858,Private room,67,30,134,1,313,5
7745868,7876900,Brooklyn,Williamsburg,40.71052,-73.94001,Private room,45,30,3,1,0,0
7746286,40703442,Manhattan,Harlem,40.80783,-73.94321,Entire home/apt,179,3,9,3,2,7
7747237,40703442,Manhattan,Harlem,40.80917511281972,-73.94489264862446,Private room,100,3,2,3,0,1
7748044,40140854,Queens,Elmhurst,40.73477,-73.87805,Private room,60,30,1,1,0,0
7828204,30379314,Queens,Sunnyside,40.74447,-73.92547,Private room,50,30,1,1,0,0
7921643,15102423,Brooklyn,Fort Greene,40.69011,-73.98053,Entire home/apt,225,30,0,1,0,0
7922002,41775303,Manhattan,Lower East Side,40.72131,-73.98541,Entire home/apt,100,30,1,1,0,0
7922158,41774713,Manhattan,Harlem,40.83108817755033,-73.9489696152622,Entire home/apt,94,15,0,1,251,0
8013947,29338009,Manhattan,Midtown,40.749,-73.9845,Entire home/apt,160,30,17,1,0,0
7928917,41810578,Manhattan,West Village,40.73739,-73.99758,Entire home/apt,215,30,0,1,0,0
7834733,13425453,Brooklyn,Bedford-Stuyvesant,40.68244,-73.95753,Private room,69,30,0,1,0,0
8014087,38857566,Manhattan,Chelsea,40.74042,-73.99714,Private room,100,30,2,1,0,0
7834765,41261306,Brooklyn,Bedford-Stuyvesant,40.69194,-73.95934,Private room,120,4,66,2,21,14
7835470,2682346,Brooklyn,Bedford-Stuyvesant,40.68831,-73.94081,Entire home/apt,75,30,4,1,0,0
7835680,1302599,Manhattan,West Village,40.72975,-74.00243,Entire home/apt,150,30,1,1,0,0
7835778,40693481,Brooklyn,Kensington,40.64465,-73.98012,Private room,38,30,1,1,0,0
8014298,42315851,Brooklyn,Crown Heights,40.66852,-73.93273,Private room,50,30,1,1,0,0
7837347,13089720,Manhattan,Morningside Heights,40.8141,-73.96154,Entire home/apt,180,30,0,1,0,0
7837685,41007099,Brooklyn,Crown Heights,40.66732,-73.92937,Private room,75,30,12,1,0,0
7837816,19483885,Brooklyn,Bedford-Stuyvesant,40.69503,-73.95971,Private room,69,1,357,2,240,77
7837952,2610233,Manhattan,Flatiron District,40.74153,-73.98522,Entire home/apt,318,3,142,2,133,22
7839109,10020844,Manhattan,Battery Park City,40.70963,-74.01779,Entire home/apt,149,30,1,1,0,0
7839972,2905589,Manhattan,Midtown,40.74748,-73.98345,Entire home/apt,239,30,4,1,0,0
7841464,3064885,Brooklyn,Williamsburg,40.71228,-73.96081,Private room,50,1,2,1,0,0
7841904,24976518,Manhattan,West Village,40.73957,-74.00397,Private room,75,30,4,1,0,0
7931180,28398689,Brooklyn,Bedford-Stuyvesant,40.67965,-73.92994,Private room,150,30,0,1,0,0
7932428,21468915,Brooklyn,Bushwick,40.69494,-73.92757,Entire home/apt,80,30,1,1,0,0
7933400,40336543,Queens,Long Island City,40.76422,-73.93169,Private room,89,30,0,2,0,0
7933773,41764756,Brooklyn,Prospect-Lefferts Gardens,40.6576,-73.95878,Entire home/apt,130,30,20,1,0,0
7933896,8363605,Manhattan,Chinatown,40.71336,-73.99398,Entire home/apt,130,30,0,1,0,0
7935508,16978120,Manhattan,Harlem,40.8299,-73.94872,Private room,65,30,4,3,40,1
7936698,2128535,Brooklyn,Prospect-Lefferts Gardens,40.66058,-73.96256,Private room,50,30,5,1,0,0
7937553,2787,Brooklyn,Bensonhurst,40.60966,-73.97645,Private room,199,1,39,9,162,9
7938424,5504415,Brooklyn,Carroll Gardens,40.6805,-73.99238,Entire home/apt,110,30,2,1,0,0
7939788,26297795,Manhattan,East Harlem,40.79086,-73.94821,Private room,75,30,5,1,0,0
7945940,7020836,Manhattan,NoHo,40.72600878395496,-73.9957852457152,Entire home/apt,200,4,196,1,27,4
7949480,119445,Bronx,City Island,40.85187,-73.78914,Private room,123,1,83,1,278,0
7950368,1696218,Brooklyn,Williamsburg,40.71916,-73.95747,Entire home/apt,500,30,9,1,0,0
7951281,292522,Brooklyn,Fort Greene,40.68899,-73.97269,Entire home/apt,400,2,260,2,274,61
7951346,7057608,Queens,East Elmhurst,40.75727,-73.89305,Private room,64,2,145,1,271,52
8014811,42320409,Brooklyn,Williamsburg,40.70695,-73.94101,Entire home/apt,87,30,3,1,0,0
7952963,3333577,Manhattan,Gramercy,40.73636,-73.98624,Private room,160,30,66,2,317,0
7842116,30320622,Brooklyn,Borough Park,40.64295,-73.99955,Private room,55,30,0,1,0,0
7842276,7634973,Brooklyn,Gowanus,40.68316,-73.98382,Entire home/apt,99,4,77,1,0,21
7842671,3599088,Manhattan,Nolita,40.72113,-73.99465,Private room,59,30,10,1,0,0
8015917,12474780,Brooklyn,Park Slope,40.66948,-73.97797,Private room,30,30,6,1,0,0
7843390,1810885,Manhattan,East Village,40.7259,-73.97974,Private room,120,3,78,3,56,18
7843582,1246073,Brooklyn,Crown Heights,40.67032,-73.95565,Entire home/apt,119,30,27,1,0,0
7953819,2665690,Brooklyn,Bedford-Stuyvesant,40.68303,-73.9304,Entire home/apt,150,7,10,1,0,0
7954940,39956905,Manhattan,East Village,40.72952,-73.98446,Private room,100,30,0,2,0,0
8016681,21787440,Manhattan,Washington Heights,40.84135,-73.93512,Private room,65,30,11,2,0,0
7843604,41329387,Manhattan,Harlem,40.80812,-73.95111,Entire home/apt,185,3,309,2,237,56
8016747,1444040,Manhattan,Lower East Side,40.72147,-73.9852,Entire home/apt,109,30,76,1,0,0
7955150,41951749,Brooklyn,South Slope,40.66489,-73.98994,Entire home/apt,120,30,8,1,0,0
8017587,10779300,Manhattan,West Village,40.7383,-74.00602,Entire home/apt,150,30,0,1,0,0
7956593,5555793,Brooklyn,Carroll Gardens,40.67845,-73.99691,Entire home/apt,98,30,3,2,0,0
7956643,3251778,Brooklyn,Crown Heights,40.67188,-73.96196,Entire home/apt,125,30,4,1,0,0
7843696,41330687,Manhattan,Gramercy,40.73363,-73.98545,Private room,79,30,0,1,0,0
7851047,41371043,Manhattan,East Village,40.72642,-73.99025,Entire home/apt,400,30,0,1,0,0
8021914,39921605,Manhattan,Upper West Side,40.80189,-73.96783,Private room,166,30,39,4,342,0
8033860,42418809,Manhattan,Washington Heights,40.857,-73.93354,Entire home/apt,74,30,3,1,0,0
7851753,24570526,Brooklyn,Clinton Hill,40.69543,-73.96971,Private room,79,30,0,1,0,0
7853110,631747,Brooklyn,Carroll Gardens,40.68008,-73.99429,Private room,60,30,1,1,0,0
7856749,16437254,Brooklyn,Boerum Hill,40.68826,-73.98558,Entire home/apt,192,30,17,14,342,3
7962707,42008401,Queens,Astoria,40.75586,-73.91627,Entire home/apt,140,1,9,1,0,0
8034665,42237225,Manhattan,Harlem,40.80083,-73.95584,Private room,250,30,22,1,0,0
7966153,42030960,Brooklyn,Bay Ridge,40.63519,-74.02634,Entire home/apt,135,30,0,1,0,0
7857040,41405875,Brooklyn,Bedford-Stuyvesant,40.69637,-73.93893,Private room,36,30,0,1,0,0
7857185,41406733,Manhattan,Midtown,40.75403,-73.96951,Entire home/apt,155,1,377,1,77,59
8035074,58546,Manhattan,Upper West Side,40.79994,-73.96949,Entire home/apt,130,30,4,1,0,0
8040050,39921605,Manhattan,Upper West Side,40.802,-73.96791,Entire home/apt,166,30,32,4,303,2
8042732,1229609,Brooklyn,Bedford-Stuyvesant,40.68646,-73.95197,Entire home/apt,125,30,2,1,0,0
7858096,41411803,Manhattan,Stuyvesant Town,40.73546,-73.97909,Private room,87,30,3,1,0,0
7858468,8552927,Manhattan,Hell's Kitchen,40.76467,-73.99121,Private room,125,1,403,1,247,24
8045552,42488595,Queens,Astoria,40.7688,-73.9093,Private room,77,3,250,1,244,47
7858532,735786,Brooklyn,Crown Heights,40.67138,-73.92739,Private room,61,2,41,1,249,2
7858824,27655084,Manhattan,Midtown,40.75711,-73.96845,Entire home/apt,299,30,7,1,0,0
7860155,24559181,Manhattan,Upper East Side,40.76339,-73.96739,Private room,150,1,238,3,283,41
7966447,42034713,Manhattan,SoHo,40.72251,-73.99957,Private room,50,30,0,1,0,0
7967942,24707895,Manhattan,West Village,40.73891,-74.0058,Entire home/apt,385,30,3,1,0,0
8047711,23027887,Brooklyn,Greenpoint,40.72725,-73.95034,Private room,55,30,2,1,0,0
7968983,780477,Brooklyn,East New York,40.66145,-73.89935,Entire home/apt,247,3,126,1,283,18
7864877,36264666,Manhattan,Harlem,40.80193,-73.94982,Entire home/apt,240,30,2,1,0,0
7866421,40511631,Brooklyn,Bedford-Stuyvesant,40.68506,-73.93867,Private room,36,30,6,2,0,0
8052046,21090508,Brooklyn,Bushwick,40.69951,-73.93632,Shared room,42,30,73,2,0,0
8052243,16396888,Brooklyn,Williamsburg,40.71006,-73.95371,Entire home/apt,250,30,3,1,0,0
8052841,39084892,Manhattan,Midtown,40.75351,-73.96656,Entire home/apt,150,30,15,1,0,0
8054277,42535703,Manhattan,Harlem,40.80224,-73.95302,Entire home/apt,295,30,32,1,0,0
8192789,2808153,Manhattan,Harlem,40.80636,-73.94694,Entire home/apt,150,30,19,1,318,0
7970578,20233558,Brooklyn,Greenpoint,40.73264,-73.95394,Entire home/apt,350,30,5,1,0,0
7972210,12720552,Brooklyn,Bushwick,40.70324,-73.92687,Private room,100,2,35,3,292,10
7972839,1287826,Brooklyn,Prospect Heights,40.67546,-73.96953,Entire home/apt,139,30,2,1,0,0
8054295,37735133,Brooklyn,Midwood,40.61513,-73.95342,Private room,35,30,20,1,333,0
7973933,42082221,Manhattan,Washington Heights,40.83713,-73.94343,Private room,60,30,3,1,0,0
8194369,13076168,Brooklyn,Crown Heights,40.67788,-73.94965,Private room,40,30,9,1,0,0
8054651,40176101,Brooklyn,Bedford-Stuyvesant,40.68884,-73.93059,Private room,80,1,474,8,58,57
8055508,40176101,Brooklyn,Bedford-Stuyvesant,40.68998,-73.9307,Private room,79,1,435,8,64,64
8055582,40176101,Brooklyn,Bedford-Stuyvesant,40.69049,-73.93005,Private room,100,1,443,8,65,70
8055721,40176101,Brooklyn,Bedford-Stuyvesant,40.68879,-73.92859,Private room,97,1,409,8,66,53
8055778,40176101,Brooklyn,Bedford-Stuyvesant,40.68886,-73.92871,Private room,78,1,505,8,63,70
8055859,14019268,Brooklyn,Bushwick,40.69505,-73.9318,Private room,111,2,116,2,343,29
8063565,5072735,Brooklyn,Clinton Hill,40.6854,-73.96741,Entire home/apt,150,30,0,1,0,0
8195335,43226806,Manhattan,Harlem,40.80222,-73.95171,Private room,65,30,1,1,0,0
7975360,12986426,Manhattan,Harlem,40.822761707151386,-73.95472166759454,Entire home/apt,314,5,126,2,60,8
8065272,2928867,Manhattan,West Village,40.73717,-74.00849,Entire home/apt,179,30,10,1,0,0
7979200,12739246,Brooklyn,Bedford-Stuyvesant,40.68416,-73.95678,Entire home/apt,95,30,11,1,0,0
7979433,37801911,Queens,Astoria,40.7602,-73.92415,Entire home/apt,100,30,2,1,0,0
8195719,24128401,Brooklyn,Williamsburg,40.71559,-73.95596,Entire home/apt,190,30,1,1,0,0
8067561,19510122,Brooklyn,Flatbush,40.65462,-73.95953,Private room,55,30,9,1,0,0
8206060,3039478,Brooklyn,Bedford-Stuyvesant,40.69524,-73.94417,Entire home/apt,200,30,11,1,0,0
8207003,4307662,Manhattan,East Village,40.72546,-73.97657,Entire home/apt,120,30,3,1,0,0
7980191,27331181,Manhattan,Murray Hill,40.74763,-73.9733,Entire home/apt,250,30,26,1,0,0
7982720,41112084,Brooklyn,Clinton Hill,40.68836,-73.96868,Entire home/apt,145,30,3,1,0,0
8069030,42619297,Brooklyn,Fort Greene,40.69231,-73.96967,Entire home/apt,1076,2,157,2,332,12
7985537,15311573,Brooklyn,Prospect-Lefferts Gardens,40.65897,-73.95982,Private room,84,30,14,1,0,0
8069293,13603374,Manhattan,Chelsea,40.7420899,-73.9990029,Entire home/apt,260,30,1,1,35,1
7987209,42154621,Manhattan,Theater District,40.75728,-73.98253,Hotel room,1245,30,131,1,353,1
7987306,34149113,Brooklyn,Bushwick,40.70227,-73.92362,Private room,50,30,0,1,0,0
7988259,5555793,Brooklyn,Carroll Gardens,40.67705,-73.99503,Private room,100,30,3,2,0,0
7988491,83834,Brooklyn,Williamsburg,40.71273,-73.93617,Entire home/apt,115,30,0,1,0,0
7993995,4083654,Manhattan,Upper East Side,40.7719,-73.954,Private room,80,30,1,4,200,0
8000640,42233780,Brooklyn,Clinton Hill,40.69485,-73.96254,Entire home/apt,130,30,9,1,0,0
8207453,1194064,Brooklyn,Williamsburg,40.70846,-73.95276,Private room,60,30,1,1,0,0
8069316,7363236,Brooklyn,Bushwick,40.69766,-73.93035,Entire home/apt,85,30,2,1,0,0
8208285,22572797,Manhattan,East Village,40.72375,-73.9808,Entire home/apt,196,2,222,1,220,33
8210423,19477617,Manhattan,Chelsea,40.74342,-74.00102,Private room,132,4,169,1,42,41
8000716,3348610,Manhattan,Midtown,40.75169,-73.99081,Entire home/apt,200,30,19,1,0,0
8071687,36481078,Manhattan,SoHo,40.72599,-74.0053,Entire home/apt,385,3,155,1,215,46
8005645,11360525,Queens,Sunnyside,40.74513,-73.92346,Entire home/apt,99,4,4,1,0,0
8007908,390117,Manhattan,West Village,40.73169,-74.0087,Entire home/apt,375,5,24,2,0,1
8011605,42295490,Manhattan,Chinatown,40.71817,-73.99431,Private room,72,4,15,2,99,0
8012041,16762482,Brooklyn,Greenpoint,40.73239,-73.95813,Private room,49,30,15,1,0,0
8213227,43298076,Manhattan,Harlem,40.82091,-73.95354,Private room,72,31,38,4,0,0
8219648,7806471,Manhattan,Washington Heights,40.84087,-73.93547,Private room,75,3,225,1,302,41
8081193,14946082,Queens,Long Island City,40.75608,-73.93483,Entire home/apt,210,3,172,1,11,29
8221965,42849963,Manhattan,Hell's Kitchen,40.75492,-73.99557,Entire home/apt,180,30,9,1,51,3
8381173,19838610,Manhattan,Hell's Kitchen,40.76921,-73.98923,Private room,79,30,5,1,0,0
8082651,42691960,Manhattan,Harlem,40.80754,-73.94473,Private room,34,29,19,1,0,0
8381381,2284111,Manhattan,Hell's Kitchen,40.76599,-73.98388,Entire home/apt,152,30,0,1,0,0
8088779,35524316,Manhattan,Hell's Kitchen,40.76073,-73.98908,Shared room,251,30,167,9,364,1
8089270,42718751,Manhattan,Upper East Side,40.76464,-73.96388,Entire home/apt,155,30,13,1,259,3
8385447,27382789,Brooklyn,Bedford-Stuyvesant,40.68001,-73.94248,Entire home/apt,105,30,6,2,113,4
8223230,43361668,Brooklyn,Williamsburg,40.71872,-73.95168,Private room,80,30,35,1,331,0
8225210,43370599,Manhattan,Harlem,40.81298,-73.94114,Entire home/apt,250,30,0,1,0,0
8101848,5489956,Brooklyn,Fort Greene,40.68834,-73.9749,Entire home/apt,125,30,3,1,0,0
8228217,43390488,Brooklyn,Flatbush,40.64381,-73.95297,Private room,55,30,4,1,89,0
8234295,481603,Brooklyn,Bushwick,40.69017,-73.91291,Private room,45,30,0,1,0,0
8234510,7853503,Queens,Astoria,40.7725,-73.92719,Entire home/apt,140,30,2,1,0,0
8235820,13716326,Brooklyn,Williamsburg,40.70731,-73.9542,Private room,99,6,3,1,0,2
8237244,38363621,Manhattan,East Village,40.72905,-73.9882,Entire home/apt,215,30,72,1,0,0
8386889,44193702,Manhattan,East Village,40.72091,-73.97957,Private room,75,30,5,1,0,0
8387244,26909087,Brooklyn,Bushwick,40.69225,-73.92566,Private room,65,30,2,1,0,0
8102145,26163238,Manhattan,Upper West Side,40.79069,-73.97369,Private room,115,30,1,1,0,0
8108376,42814202,Queens,Fresh Meadows,40.74205,-73.787,Entire home/apt,115,1,71,2,170,5
8388776,2227376,Manhattan,Chelsea,40.74304,-73.99725,Entire home/apt,109,30,10,1,0,0
8239352,43449898,Queens,Maspeth,40.72291,-73.90931,Private room,39,1,96,1,0,0
8240016,36791609,Brooklyn,Bushwick,40.6988,-73.93532,Entire home/apt,112,30,257,1,295,4
8241545,21628945,Brooklyn,Bedford-Stuyvesant,40.6813,-73.92626,Private room,71,30,12,2,0,0
8115321,40874834,Queens,Jackson Heights,40.75545,-73.8643,Private room,100,2,155,2,351,12
8241894,6865699,Queens,Long Island City,40.75363,-73.93463,Private room,80,3,1,1,0,0
8250457,43509184,Manhattan,West Village,40.73456,-74.00502,Entire home/apt,194,30,117,1,0,0
8250925,7455706,Manhattan,East Village,40.7247,-73.97922,Private room,49,30,108,2,0,0
8254405,26856159,Manhattan,Harlem,40.8231,-73.94635,Private room,65,1,258,3,219,29
8389603,32588705,Manhattan,East Harlem,40.79754,-73.93494,Entire home/apt,110,30,1,1,0,0
8390906,10953390,Manhattan,East Village,40.72501,-73.98998,Entire home/apt,300,2,1,1,0,0
8115423,40874834,Queens,Jackson Heights,40.75572,-73.86453,Private room,100,2,139,2,349,12
8117209,3250450,Queens,Astoria,40.75695,-73.91854,Private room,37,30,18,18,344,3
8118692,37670256,Manhattan,Midtown,40.75296,-73.98451,Entire home/apt,193,30,3,1,0,0
8392670,44223001,Brooklyn,Canarsie,40.64123,-73.88868,Private room,52,28,10,2,328,5
8392929,1182180,Brooklyn,Sunset Park,40.65078,-74.004,Private room,39,30,35,4,231,1
8255464,43534773,Brooklyn,Sunset Park,40.65612,-73.9989,Entire home/apt,100,30,1,1,0,0
8127517,42918586,Brooklyn,Gowanus,40.6729,-73.99594,Entire home/apt,650,1,0,1,365,0
8256749,41514104,Brooklyn,Bushwick,40.69205,-73.92511,Entire home/apt,113,6,132,1,286,18
8257903,43549138,Manhattan,Kips Bay,40.74265,-73.97625,Entire home/apt,135,30,2,1,0,0
8257999,37376980,Manhattan,Upper East Side,40.78086,-73.94974,Entire home/apt,135,30,3,1,0,0
8398120,17871237,Brooklyn,Williamsburg,40.71599,-73.95514,Private room,250,30,0,1,0,0
8130551,13164593,Manhattan,Upper West Side,40.80156,-73.96431,Private room,88,30,0,1,0,0
8133275,33519200,Brooklyn,East Flatbush,40.64044,-73.94878,Private room,101,2,149,1,317,25
8398566,43779028,Manhattan,Upper West Side,40.77001,-73.98777,Private room,90,2,2,1,0,0
8398955,31851704,Queens,East Elmhurst,40.75921,-73.8758,Private room,55,1,297,2,8,54
8399234,44251528,Manhattan,Harlem,40.8101,-73.94337,Entire home/apt,391,3,36,1,196,11
8266933,29499028,Brooklyn,Fort Greene,40.69477,-73.98227,Private room,65,30,65,1,0,0
8268849,43599290,Manhattan,SoHo,40.72214,-74.00443,Entire home/apt,199,1,208,4,265,40
8133707,42951928,Manhattan,Theater District,40.76185,-73.98432,Private room,49,30,8,1,0,0
8135144,42959506,Manhattan,Hell's Kitchen,40.76213,-73.99029,Entire home/apt,255,2,122,1,234,46
8269681,43601551,Manhattan,East Harlem,40.78788,-73.94906,Private room,75,31,13,2,0,0
8400115,43768534,Brooklyn,Greenpoint,40.72611,-73.94326,Private room,45,14,13,1,0,0
8139311,7849109,Brooklyn,Bedford-Stuyvesant,40.68011,-73.9311,Entire home/apt,280,30,1,1,0,0
8401484,1278978,Brooklyn,Williamsburg,40.71602,-73.94645,Private room,70,30,1,1,0,0
8142536,42991737,Manhattan,Financial District,40.70704,-74.01205,Entire home/apt,350,30,0,1,0,0
8272327,38465372,Brooklyn,Cobble Hill,40.68793,-73.99828,Entire home/apt,225,3,67,1,106,19
8274711,1017231,Manhattan,Harlem,40.82667,-73.9398,Entire home/apt,225,3,8,1,0,0
8144049,2126994,Manhattan,Harlem,40.80784,-73.94442,Private room,79,30,5,1,0,0
8145339,24430182,Manhattan,Chelsea,40.74519,-73.99783,Entire home/apt,129,30,6,1,0,0
8401620,44262118,Manhattan,Upper West Side,40.77915,-73.97794,Private room,130,30,3,1,0,0
8146444,12796091,Brooklyn,Crown Heights,40.67511,-73.9599,Entire home/apt,96,30,14,1,0,0
8402882,3687880,Brooklyn,Bedford-Stuyvesant,40.68293,-73.93437,Private room,35,30,0,1,0,0
8275676,43637999,Staten Island,Great Kills,40.54615,-74.14654,Private room,109,1,115,1,134,17
8281340,21628945,Brooklyn,Bedford-Stuyvesant,40.6813,-73.92626,Entire home/apt,118,30,16,2,0,0
8147651,11635800,Brooklyn,Williamsburg,40.71502,-73.96084,Entire home/apt,450,30,0,1,0,0
8281889,43669213,Brooklyn,Williamsburg,40.70279,-73.94689,Private room,150,30,4,1,365,0
8281967,43669488,Manhattan,Midtown,40.75823,-73.9627,Entire home/apt,170,30,1,1,0,0
8283594,1182180,Brooklyn,Sunset Park,40.64977,-74.00385,Private room,53,30,13,4,160,5
8404181,44273727,Brooklyn,Crown Heights,40.67416,-73.93854,Private room,70,30,3,1,0,0
8151183,5983145,Brooklyn,Bushwick,40.69693,-73.91153,Entire home/apt,140,30,68,1,245,7
8283627,11428056,Manhattan,Hell's Kitchen,40.75934,-73.99044,Private room,70,30,11,1,0,0
8283693,15809410,Manhattan,Morningside Heights,40.81372,-73.96103,Entire home/apt,186,30,0,1,0,0
8286139,10134825,Manhattan,Lower East Side,40.71466,-73.98501,Private room,89,30,5,4,0,0
8286476,23936958,Manhattan,East Village,40.72655,-73.99108,Private room,120,30,4,1,0,0
8151605,1740952,Brooklyn,Bedford-Stuyvesant,40.68441,-73.94132,Entire home/apt,180,30,1,1,0,0
8290724,2857722,Manhattan,Greenwich Village,40.73282,-73.99915,Entire home/apt,225,30,23,1,0,0
8151925,43038322,Manhattan,Chinatown,40.71671,-73.99263,Entire home/apt,183,3,258,1,59,45
8291897,43719073,Brooklyn,Sheepshead Bay,40.60005,-73.95589,Shared room,60,1,195,8,22,22
8404499,6630320,Brooklyn,Williamsburg,40.71056,-73.95782,Entire home/apt,150,30,7,1,0,0
8410347,44303500,Manhattan,Washington Heights,40.84634,-73.93848,Private room,75,2,1,2,0,0
8410796,26389845,Manhattan,East Village,40.72696,-73.98406,Private room,95,30,2,2,0,0
8411164,19939430,Manhattan,Hell's Kitchen,40.76027,-73.99374,Entire home/apt,550,30,21,2,362,0
8411390,9247072,Manhattan,Upper West Side,40.80017,-73.96598,Private room,100,30,9,1,0,0
8416681,6722310,Manhattan,Lower East Side,40.71979,-73.9861,Private room,81,30,12,1,0,0
8152916,2232821,Manhattan,Washington Heights,40.84451,-73.93417,Private room,130,2,158,1,36,4
8293281,634004,Brooklyn,Prospect Heights,40.67781,-73.97262,Entire home/apt,140,3,165,1,191,44
8293802,3901962,Manhattan,East Village,40.72733,-73.98682,Entire home/apt,149,30,1,1,0,0
8294525,25266527,Brooklyn,Bensonhurst,40.62054,-73.99828,Entire home/apt,60,30,6,1,0,0
8299030,1182180,Brooklyn,Sunset Park,40.6498,-74.00204,Private room,50,30,26,4,263,1
8301182,42771225,Manhattan,Harlem,40.8024,-73.95135,Private room,90,30,9,1,0,0
8152985,10134825,Manhattan,Lower East Side,40.71326,-73.9842,Private room,89,30,5,4,0,0
8153240,10134825,Manhattan,Lower East Side,40.71495,-73.98594,Entire home/apt,250,30,0,4,0,0
8155028,43052750,Manhattan,Battery Park City,40.70951,-74.01623,Entire home/apt,120,30,7,1,0,0
8162214,41087164,Manhattan,Lower East Side,40.71296,-73.98514,Private room,90,30,8,1,0,0
8420870,44350279,Manhattan,Gramercy,40.73377,-73.98818,Entire home/apt,210,2,153,4,280,0
8164877,9862206,Brooklyn,Williamsburg,40.71775,-73.96025,Private room,70,30,19,1,0,0
8167884,43108922,Brooklyn,Greenpoint,40.7217,-73.94205,Entire home/apt,165,30,160,1,293,6
8420972,44346409,Manhattan,Hell's Kitchen,40.76218,-73.99278,Entire home/apt,139,30,31,1,49,0
8422085,9996343,Brooklyn,Bedford-Stuyvesant,40.69181,-73.9463,Private room,55,30,18,1,0,0
8303074,5499953,Brooklyn,Crown Heights,40.67026,-73.95514,Entire home/apt,325,3,42,1,298,17
8170917,41466973,Manhattan,Hell's Kitchen,40.76037,-73.99205,Entire home/apt,200,30,1,1,341,0
8304809,43443842,Brooklyn,Crown Heights,40.66714,-73.9308,Entire home/apt,278,3,146,1,235,28
8307946,6502766,Manhattan,Chelsea,40.73706,-73.99596,Entire home/apt,150,30,16,1,0,0
8308797,43719073,Brooklyn,Sheepshead Bay,40.59997,-73.9563,Shared room,75,1,211,8,0,19
8313370,3473097,Manhattan,Upper East Side,40.78094,-73.95285,Entire home/apt,250,360,2,1,0,0
8313551,5268758,Queens,Long Island City,40.73591,-73.92603,Entire home/apt,125,30,215,1,68,3
8423636,31230100,Brooklyn,Crown Heights,40.67378042387775,-73.95446097821389,Entire home/apt,172,3,90,3,0,17
8423666,44361695,Queens,Bellerose,40.73351,-73.71299,Private room,85,2,72,1,345,10
8171965,40336543,Queens,Long Island City,40.76211,-73.92894,Private room,100,30,1,2,0,0
8172995,1443186,Manhattan,Harlem,40.80988,-73.94036,Entire home/apt,90,30,148,1,163,1
8424350,41808609,Manhattan,Hell's Kitchen,40.75698,-73.99766,Entire home/apt,235,30,19,1,0,0
8425657,3404110,Brooklyn,Clinton Hill,40.6942,-73.96879,Entire home/apt,120,30,1,1,0,0
8426247,2787,Brooklyn,Kensington,40.64508,-73.97373,Private room,299,30,4,9,171,0
8320702,39047190,Manhattan,Flatiron District,40.74004,-73.98883,Entire home/apt,180,30,2,1,0,0
8173001,37740031,Queens,Howard Beach,40.65697,-73.83344,Entire home/apt,150,1,399,1,66,82
8426584,5354888,Brooklyn,Prospect-Lefferts Gardens,40.65689,-73.96125,Entire home/apt,70,45,195,1,96,1
8173232,14196588,Manhattan,Upper East Side,40.77914,-73.94965,Entire home/apt,180,30,0,1,0,0
8173434,38378985,Brooklyn,Bedford-Stuyvesant,40.67895,-73.94051,Entire home/apt,237,5,168,1,0,0
8426874,17853061,Manhattan,East Village,40.72935,-73.98519,Entire home/apt,280,30,4,1,0,0
8322478,5008870,Brooklyn,Bedford-Stuyvesant,40.68252,-73.92404,Entire home/apt,148,2,283,1,212,58
8173559,24982697,Brooklyn,Sunset Park,40.64494,-74.01896,Private room,50,30,20,2,270,2
8173609,43137812,Manhattan,Harlem,40.80193,-73.95677,Entire home/apt,175,2,203,1,178,39
8323015,43876308,Brooklyn,East Flatbush,40.64272,-73.94819,Entire home/apt,111,3,51,1,23,18
8426915,44378396,Queens,Jamaica,40.66985,-73.7766,Entire home/apt,138,1,82,1,10,71
8427028,17473615,Manhattan,Hell's Kitchen,40.75753,-73.99706,Private room,130,30,1,1,0,0
8174397,9511935,Manhattan,Roosevelt Island,40.76714,-73.94497,Shared room,48,30,1,1,0,0
8431906,44398705,Brooklyn,Bedford-Stuyvesant,40.68727,-73.92789,Entire home/apt,80,30,7,1,55,0
8437115,14362471,Manhattan,East Harlem,40.79643,-73.94781,Entire home/apt,225,30,4,3,15,0
8183112,37563411,Brooklyn,Crown Heights,40.66995,-73.95163,Entire home/apt,110,30,5,3,0,0
8183217,37563411,Brooklyn,Crown Heights,40.66996,-73.94971,Private room,65,30,0,3,0,0
8185845,30283594,Manhattan,Upper East Side,40.76366,-73.9586,Entire home/apt,419,30,2,95,319,0
8439145,7654837,Manhattan,Midtown,40.75411,-73.97465,Entire home/apt,169,30,4,1,0,0
8186068,2182167,Brooklyn,Williamsburg,40.71388,-73.93989,Private room,80,30,2,1,0,0
8439191,2761047,Brooklyn,Williamsburg,40.71041,-73.9597,Entire home/apt,128,30,13,1,0,0
8324941,43885876,Bronx,Pelham Bay,40.8534,-73.82815,Shared room,150,30,0,1,364,0
8186181,56350,Manhattan,Midtown,40.75463,-73.97445,Entire home/apt,124,30,14,1,0,0
8186924,22751337,Brooklyn,Fort Greene,40.69249,-73.97179,Entire home/apt,150,30,2,1,0,0
8325605,43889585,Brooklyn,Greenpoint,40.73747,-73.95289,Private room,80,30,0,1,0,0
8440352,7137049,Manhattan,Lower East Side,40.71329,-73.9862,Private room,48,30,238,1,127,5
8441969,1411399,Queens,Astoria,40.76676,-73.91276,Private room,62,1,26,4,320,18
8442642,1411399,Queens,Astoria,40.76477,-73.91517,Private room,93,30,3,4,332,0
8187719,6898461,Brooklyn,Bushwick,40.70503,-73.91902,Private room,40,30,0,1,0,0
8189063,3663218,Brooklyn,Williamsburg,40.71321,-73.94099,Private room,60,30,0,2,0,0
8190747,43203249,Queens,Sunnyside,40.74836,-73.9133,Private room,75,30,2,1,342,0
8444013,11625123,Brooklyn,Crown Heights,40.6763,-73.95903,Entire home/apt,95,2,24,2,0,0
8444730,44460139,Manhattan,Greenwich Village,40.72856,-73.99972,Entire home/apt,39,90,4,2,0,0
8454886,16954469,Brooklyn,Crown Heights,40.67105,-73.94737,Private room,157,30,2,1,0,0
8458966,24559181,Manhattan,Upper East Side,40.76507,-73.96606,Private room,170,1,82,3,310,9
8326389,43893277,Manhattan,Harlem,40.82352,-73.95245,Private room,85,3,102,1,82,38
8326753,34934128,Manhattan,Hell's Kitchen,40.75955,-73.98834,Private room,150,30,3,1,0,0
8327773,6444987,Brooklyn,Bedford-Stuyvesant,40.68088,-73.93003,Entire home/apt,189,3,295,1,282,47
8328900,890425,Brooklyn,Crown Heights,40.67737,-73.94297,Entire home/apt,80,30,7,1,0,0
8521188,684398,Manhattan,Hell's Kitchen,40.75966,-73.9929,Entire home/apt,304,30,2,1,0,0
8467862,35302724,Manhattan,Tribeca,40.71787,-74.01051,Private room,127,30,2,1,0,0
8522756,44875359,Manhattan,East Village,40.7224,-73.97978,Shared room,60,10,0,1,0,0
8467950,44593150,Manhattan,Civic Center,40.71239,-74.00497,Entire home/apt,150,30,0,1,0,0
8522933,44018877,Brooklyn,Flatbush,40.63796,-73.95136,Entire home/apt,169,2,265,4,319,50
8335547,1237358,Manhattan,Lower East Side,40.72291,-73.98996,Entire home/apt,250,30,1,1,0,0
8337597,43949321,Brooklyn,Clinton Hill,40.68725,-73.96036,Private room,50,30,1,1,0,0
8523688,12649916,Brooklyn,Williamsburg,40.71383,-73.95273,Entire home/apt,115,30,2,1,0,0
8468662,19244346,Manhattan,Upper West Side,40.79893,-73.96769,Entire home/apt,150,30,1,1,0,0
8470281,31469635,Manhattan,Harlem,40.82605,-73.94424,Private room,64,30,1,2,363,0
8470974,2742979,Manhattan,Chelsea,40.740275100717525,-74.00077294018041,Entire home/apt,275,5,14,1,45,7
8523742,44881523,Manhattan,Harlem,40.82914,-73.94767,Entire home/apt,72,30,13,1,0,0
8525172,44887928,Manhattan,Upper East Side,40.78457,-73.95188,Shared room,62,30,124,1,249,0
8473532,44623374,Brooklyn,Crown Heights,40.67619,-73.95855,Private room,65,30,5,1,0,0
8339140,43956548,Manhattan,Chinatown,40.71597,-73.99848,Entire home/apt,119,30,17,1,207,0
8340381,20990447,Manhattan,Washington Heights,40.85293,-73.93078,Private room,50,30,4,1,0,0
8525292,44225290,Brooklyn,Williamsburg,40.71173,-73.94825,Entire home/apt,105,30,26,1,0,0
8525477,22420999,Queens,Richmond Hill,40.69566,-73.83248,Private room,56,1,13,5,324,2
8530517,16437254,Brooklyn,Sunset Park,40.66505,-73.994,Entire home/apt,259,30,5,14,358,1
8531441,11234583,Manhattan,Midtown,40.75534,-73.96646,Entire home/apt,100,30,0,1,0,0
8340568,43963849,Brooklyn,Flatbush,40.65052,-73.96415,Entire home/apt,79,30,4,1,0,3
8341556,43298076,Manhattan,Harlem,40.82277,-73.9537,Private room,73,31,89,4,0,0
8341919,43945071,Queens,Long Island City,40.74638,-73.95618,Entire home/apt,199,480,0,1,0,0
8474806,44630169,Manhattan,Harlem,40.82897,-73.94661,Entire home/apt,68,30,9,1,0,0
8532358,44924968,Brooklyn,Bedford-Stuyvesant,40.67865,-73.9466,Private room,60,30,42,1,341,0
8342053,26012172,Manhattan,Chelsea,40.75144,-73.99523,Entire home/apt,160,30,9,1,0,0
8532876,34021565,Manhattan,Upper West Side,40.79401,-73.96432,Private room,80,30,0,1,0,0
8343222,43977828,Staten Island,Silver Lake,40.62287,-74.09968,Entire home/apt,113,3,263,1,357,41
8479799,44660079,Manhattan,Upper West Side,40.77934,-73.9876,Private room,165,3,130,2,56,27
8480087,44660079,Manhattan,Upper West Side,40.77894,-73.98759,Entire home/apt,175,5,57,2,47,11
8533225,1420715,Brooklyn,Bushwick,40.68933,-73.91848,Entire home/apt,284,3,256,1,264,42
8481074,44666806,Manhattan,East Village,40.72549,-73.98474,Entire home/apt,250,30,2,1,0,0
8484152,26443890,Brooklyn,Williamsburg,40.70663,-73.93682,Private room,65,3,2,1,0,0
8533457,44924379,Queens,Jamaica,40.69912,-73.78687,Private room,56,2,196,3,353,27
8485057,10364617,Brooklyn,Sunset Park,40.64742,-74.01245,Entire home/apt,80,30,34,1,0,0
8355794,15833732,Manhattan,Upper West Side,40.80352,-73.96641,Private room,60,30,2,1,0,0
8536270,44941648,Manhattan,Murray Hill,40.74572,-73.97531,Entire home/apt,209,3,218,1,207,38
8358047,44050884,Manhattan,Harlem,40.82927,-73.94169,Private room,91,30,0,1,0,0
8364733,44087298,Manhattan,Washington Heights,40.84906,-73.93702,Private room,51,30,38,2,0,0
8365647,10024006,Bronx,Riverdale,40.88635,-73.90974,Private room,65,1,202,1,0,0
8365750,19939430,Manhattan,Hell's Kitchen,40.76028,-73.99501,Entire home/apt,500,30,0,2,351,0
8485671,29821368,Manhattan,Gramercy,40.73743,-73.98226,Entire home/apt,209,30,2,1,0,0
8541991,27615247,Brooklyn,Midwood,40.62308,-73.96258,Entire home/apt,90,5,106,2,279,14
8486828,44697034,Brooklyn,Bedford-Stuyvesant,40.69538,-73.94961,Private room,55,30,14,1,0,0
8367125,44099001,Queens,Elmhurst,40.7452,-73.89086,Entire home/apt,78,30,1,1,0,0
8368447,44106439,Queens,Astoria,40.76695,-73.91098,Private room,99,1,8,1,249,8
8368928,15789077,Manhattan,Murray Hill,40.74686,-73.97629,Entire home/apt,500,30,1,1,0,0
8547335,44992001,Brooklyn,Bedford-Stuyvesant,40.69383,-73.94628,Private room,65,14,11,2,35,2
8373265,15094887,Manhattan,Harlem,40.80391,-73.95326,Entire home/apt,150,30,13,1,0,0
8488615,3969780,Manhattan,Upper East Side,40.77719,-73.95327,Entire home/apt,175,30,1,1,0,0
8547630,44996314,Brooklyn,Williamsburg,40.7101,-73.96225,Private room,59,30,26,1,0,0
8496270,44742061,Manhattan,Hell's Kitchen,40.76326,-73.99142,Entire home/apt,500,30,0,1,0,0
8498885,32583045,Manhattan,Lower East Side,40.71506,-73.98702,Entire home/apt,200,30,4,1,0,0
8547691,44996501,Manhattan,Hell's Kitchen,40.76172,-73.98684,Private room,119,30,69,1,0,0
8499719,3501090,Queens,Astoria,40.76271,-73.91208,Private room,75,30,106,1,341,1
8502814,8636732,Brooklyn,Flatbush,40.63682,-73.9676,Entire home/apt,70,30,0,2,0,0
8503280,25913948,Brooklyn,Bushwick,40.70145,-73.93798,Private room,45,30,1,1,0,0
8663101,45516192,Manhattan,Upper West Side,40.79406,-73.97463,Private room,100,30,100,1,0,0
8551866,45016174,Manhattan,Chelsea,40.74763,-73.98931,Entire home/apt,800,30,0,1,0,0
8504231,44779572,Manhattan,Upper West Side,40.80116,-73.96537,Private room,109,30,7,1,0,0
8553197,1603471,Brooklyn,Prospect-Lefferts Gardens,40.65685,-73.95287,Private room,90,30,0,1,0,0
8663831,16339935,Queens,Long Island City,40.7579,-73.9303,Private room,150,30,1,1,0,0
8553287,45023742,Manhattan,East Village,40.72623,-73.98452,Entire home/apt,150,30,2,1,0,0
8504666,44782700,Brooklyn,Bedford-Stuyvesant,40.68393,-73.91919,Entire home/apt,200,3,84,1,322,14
8554425,45029559,Manhattan,West Village,40.7389,-74.00342,Entire home/apt,250,30,1,1,0,0
8505892,11241345,Manhattan,Lower East Side,40.72027,-73.98565,Entire home/apt,275,30,0,1,0,0
8664611,45519775,Staten Island,West Brighton,40.62872,-74.12154,Entire home/apt,86,3,213,1,339,35
8554547,38515690,Bronx,Norwood,40.87303,-73.88001,Entire home/apt,70,7,15,1,352,6
8506757,3599579,Brooklyn,Brooklyn Heights,40.69484,-73.99689,Entire home/apt,140,30,112,1,39,1
8506867,258023,Manhattan,Upper West Side,40.77795,-73.9811,Entire home/apt,220,30,2,1,0,0
8507219,20985328,Queens,Astoria,40.76254,-73.92297,Private room,80,30,30,2,0,0
8507768,436365,Manhattan,Upper East Side,40.76806,-73.955,Private room,70,30,42,2,0,0
8513839,2876700,Brooklyn,Williamsburg,40.71172,-73.95723,Entire home/apt,130,30,2,1,0,0
8555411,45033715,Manhattan,Upper East Side,40.7799,-73.9498,Entire home/apt,139,30,19,1,0,0
8664615,45446889,Queens,Astoria,40.76707,-73.91397,Entire home/apt,75,30,1,1,0,0
8664965,43719073,Brooklyn,Sheepshead Bay,40.59849,-73.9562,Shared room,75,1,187,8,0,17
8665047,17074459,Manhattan,East Village,40.73138,-73.98749,Entire home/apt,297,30,9,3,0,0
8556915,15199280,Manhattan,Stuyvesant Town,40.73088,-73.98135,Entire home/apt,120,1,10,1,244,0
8667280,31876150,Brooklyn,Gowanus,40.66639,-73.99307,Entire home/apt,173,30,146,1,64,0
8515213,44837740,Manhattan,Midtown,40.75451,-73.98897,Entire home/apt,1571,1,4,2,335,0
8558627,45045974,Brooklyn,Cypress Hills,40.68026,-73.87187,Private room,49,30,63,1,98,0
8563025,13313020,Manhattan,Hell's Kitchen,40.76389,-73.99072,Shared room,85,30,8,1,0,0
8569534,45100854,Manhattan,East Village,40.72367,-73.981,Private room,60,30,74,2,0,0
8577949,11623096,Brooklyn,Flatbush,40.64718,-73.96634,Entire home/apt,800,30,1,1,0,0
8518051,44850669,Bronx,Clason Point,40.81767,-73.86303,Entire home/apt,100,30,70,1,342,0
8518280,4264360,Brooklyn,Williamsburg,40.71426,-73.95714,Entire home/apt,150,30,6,1,0,0
8518878,4277248,Brooklyn,Bushwick,40.6984,-73.93687,Entire home/apt,125,30,1,1,0,0
8668115,8996336,Brooklyn,Crown Heights,40.67042,-73.94839,Private room,50,500,10,1,364,0
8582762,45082108,Brooklyn,Greenpoint,40.72564,-73.94885,Private room,90,30,0,1,0,0
8583175,28272799,Manhattan,Harlem,40.82922,-73.94129,Private room,25,30,33,3,0,0
8588016,45197192,Brooklyn,Prospect-Lefferts Gardens,40.65714,-73.95633,Entire home/apt,70,30,7,1,0,0
8520094,44862166,Manhattan,East Village,40.72788,-73.98628,Entire home/apt,199,1,347,1,302,57
8520667,9864136,Brooklyn,Bedford-Stuyvesant,40.68442,-73.91434,Private room,53,30,2,28,250,0
8588621,25889382,Brooklyn,Crown Heights,40.67437,-73.94791,Private room,70,2,107,1,259,11
8520836,44866282,Manhattan,Chelsea,40.73893,-74.00031,Entire home/apt,300,30,2,1,0,0
8670999,37459618,Manhattan,Stuyvesant Town,40.73023530794889,-73.97860684563116,Entire home/apt,241,3,1,2,262,1
8589444,45204053,Brooklyn,Williamsburg,40.71545,-73.94022,Private room,51,30,23,2,0,0
8671663,45550171,Staten Island,Concord,40.60494,-74.07337,Entire home/apt,120,1,52,1,155,16
8589729,45201692,Staten Island,St. George,40.64816,-74.08445,Entire home/apt,190,2,172,1,234,21
8809578,14914020,Manhattan,Chelsea,40.74515,-74.00309,Entire home/apt,250,30,1,1,0,0
8811687,17074459,Manhattan,East Village,40.73114,-73.98711,Private room,139,30,6,3,0,0
8590275,45208389,Manhattan,Hell's Kitchen,40.75788,-73.99707,Entire home/apt,340,30,0,1,0,0
8672280,4068325,Manhattan,Midtown,40.75651,-73.968,Entire home/apt,198,3,14,1,8,3
8590777,6346333,Manhattan,East Village,40.72969,-73.98649,Private room,180,30,27,2,0,0
8813854,45850983,Manhattan,Hell's Kitchen,40.76231,-73.99322,Entire home/apt,126,1,75,1,0,20
8593798,45226868,Brooklyn,Crown Heights,40.67418,-73.93968,Entire home/apt,123,30,62,1,349,2
8815120,46178050,Brooklyn,East New York,40.66629,-73.89525,Shared room,85,30,0,1,0,0
8815979,46182625,Manhattan,East Harlem,40.79333,-73.94274,Private room,50,30,0,1,0,0
8816022,46182994,Brooklyn,East Flatbush,40.64878,-73.91918,Entire home/apt,321,1,49,1,355,16
8816465,40800505,Brooklyn,Bedford-Stuyvesant,40.68483,-73.93206,Entire home/apt,135,28,32,1,282,0
8673141,45557152,Bronx,Morrisania,40.82424,-73.91316,Entire home/apt,225,30,0,1,0,0
8676240,27973696,Manhattan,Washington Heights,40.83404,-73.94251,Entire home/apt,45,30,1,1,0,0
8680417,12190039,Manhattan,Washington Heights,40.83547,-73.94659,Entire home/apt,200,30,3,2,0,0
8681709,1644914,Manhattan,Kips Bay,40.73842,-73.98008,Shared room,97,30,1,1,0,0
8681776,17794638,Queens,Ditmars Steinway,40.77521,-73.91635,Private room,75,30,4,1,0,0
8594833,9737872,Brooklyn,Red Hook,40.67518,-74.01231,Entire home/apt,325,7,7,1,0,0
8683858,45600001,Queens,Flushing,40.74582,-73.83153,Private room,68,1,68,6,36,13
8816718,6225275,Brooklyn,Williamsburg,40.71909,-73.96287,Entire home/apt,260,30,0,1,328,0
8823472,1415417,Brooklyn,Prospect-Lefferts Gardens,40.65685,-73.95688,Entire home/apt,60,30,0,1,0,0
8823913,28272799,Manhattan,Tribeca,40.71369,-74.00693,Private room,42,30,0,3,54,0
8595036,45232769,Queens,Astoria,40.76534,-73.91944,Private room,89,10,101,3,208,11
8825297,46224845,Manhattan,East Harlem,40.80812,-73.93879,Entire home/apt,180,2,107,1,0,25
8825701,414999,Brooklyn,Greenpoint,40.72952,-73.95058,Entire home/apt,200,30,1,1,0,0
8684886,45604174,Brooklyn,South Slope,40.66778,-73.98582,Entire home/apt,144,14,193,1,241,14
8685857,42713726,Brooklyn,Crown Heights,40.66898,-73.95272,Private room,80,30,1,1,0,0
8686040,45608786,Manhattan,Inwood,40.85999,-73.9285,Entire home/apt,125,30,6,1,0,0
8595349,6346333,Manhattan,East Village,40.72791,-73.98679,Entire home/apt,264,30,2,2,0,0
8597141,43908809,Queens,Woodside,40.74789,-73.90604,Private room,164,30,3,1,90,0
8686167,20234611,Queens,Sunnyside,40.7444,-73.92585,Entire home/apt,75,30,14,1,0,0
8687096,45613202,Brooklyn,Bedford-Stuyvesant,40.6873,-73.95407,Private room,69,30,10,1,0,0
8826833,46234202,Manhattan,Upper East Side,40.76765,-73.95481,Entire home/apt,200,2,5,1,0,0
8829421,4087478,Manhattan,Lower East Side,40.72159,-73.99234,Entire home/apt,699,30,0,1,0,0
8830825,40828217,Brooklyn,Prospect-Lefferts Gardens,40.66137,-73.94181,Private room,70,7,103,5,41,9
8597265,43298844,Brooklyn,Williamsburg,40.71802,-73.95635,Private room,49,30,1,1,0,0
8603083,21734605,Brooklyn,Park Slope,40.67709,-73.97384,Private room,135,30,0,2,0,0
8605739,3210447,Brooklyn,Bushwick,40.69784,-73.9284,Private room,45,30,2,1,0,0
8608243,28781526,Brooklyn,Downtown Brooklyn,40.68911,-73.98174,Entire home/apt,104,30,87,1,36,0
8687556,13713605,Brooklyn,Kensington,40.64317,-73.97358,Entire home/apt,75,30,80,1,65,2
8687767,3856750,Manhattan,East Village,40.7212,-73.98271,Private room,42,30,0,2,0,0
8608841,17258663,Brooklyn,Williamsburg,40.71146,-73.95693,Entire home/apt,120,30,1,1,0,0
8689608,19808319,Manhattan,Harlem,40.8062,-73.94672,Private room,55,30,149,2,0,0
8609130,2520559,Manhattan,SoHo,40.72293,-73.99713,Entire home/apt,185,30,91,1,0,0
8610093,45295976,Manhattan,Morningside Heights,40.81352,-73.9587,Entire home/apt,80,30,3,1,0,0
8611817,45303998,Manhattan,Harlem,40.80109,-73.95323,Private room,75,6,95,1,67,7
8691258,45632792,Manhattan,Theater District,40.7599,-73.98542,Private room,200,30,1,2,0,0
8831792,46257760,Queens,Ridgewood,40.70922,-73.90278,Entire home/apt,132,2,0,1,0,0
8832355,4703687,Brooklyn,Greenpoint,40.72321,-73.93664,Entire home/apt,150,30,1,1,0,0
8837432,41743945,Manhattan,Hell's Kitchen,40.76173,-73.99157,Entire home/apt,304,3,8,1,1,5
8612715,20985328,Queens,Astoria,40.76302,-73.92144,Private room,70,30,1,2,0,0
8614125,45315085,Manhattan,Upper West Side,40.77988,-73.98103,Entire home/apt,275,30,0,1,0,0
8838341,5172606,Manhattan,Upper West Side,40.78634,-73.97019,Entire home/apt,175,30,0,1,0,0
8698663,3567699,Brooklyn,Brooklyn Heights,40.69724,-73.99454,Entire home/apt,165,31,0,1,44,0
8614204,1367316,Brooklyn,Prospect-Lefferts Gardens,40.66165,-73.95659,Entire home/apt,189,3,97,4,332,13
8614862,6272317,Manhattan,Washington Heights,40.84957,-73.93959,Private room,40,30,6,1,0,0
8615333,14035150,Brooklyn,Williamsburg,40.71103,-73.95025,Entire home/apt,190,30,0,1,0,0
8620134,17428203,Manhattan,Upper East Side,40.76972,-73.95336,Entire home/apt,135,7,109,2,0,4
8703355,7991797,Manhattan,Midtown,40.74345,-73.98187,Entire home/apt,200,30,9,1,0,0
8703711,40828217,Brooklyn,Prospect-Lefferts Gardens,40.66177,-73.94156,Entire home/apt,115,7,170,5,321,10
8838513,1423123,Brooklyn,Williamsburg,40.70058,-73.94405,Private room,35,1,10,1,0,0
8621113,4308094,Manhattan,Lower East Side,40.71732,-73.98935,Entire home/apt,120,30,2,1,0,0
8621133,41420696,Manhattan,Lower East Side,40.71912,-73.9904,Entire home/apt,396,3,169,1,17,44
8838861,46289881,Manhattan,Upper West Side,40.79079,-73.96583,Entire home/apt,225,30,2,1,0,0
8622301,45354224,Queens,Astoria,40.76975,-73.91937,Private room,136,2,375,1,269,48
8840959,39556296,Brooklyn,Bedford-Stuyvesant,40.67998,-73.95783,Entire home/apt,85,30,1,1,0,0
8704528,45694156,Brooklyn,Red Hook,40.67689,-74.01459,Private room,60,1,322,2,212,70
8709068,43820172,Manhattan,Upper West Side,40.79513,-73.96675,Entire home/apt,450,30,0,1,365,0
8623370,45359132,Queens,Queens Village,40.71869,-73.75395,Entire home/apt,98,4,85,1,321,11
8627561,17286936,Brooklyn,Carroll Gardens,40.67726,-74.00015,Entire home/apt,160,5,182,1,19,41
8627973,19303369,Queens,Elmhurst,40.74066,-73.87758,Private room,40,30,5,175,0,0
8709326,41638669,Manhattan,Upper East Side,40.76472,-73.95722,Private room,141,30,2,1,0,0
8712309,22577148,Brooklyn,Bushwick,40.69611,-73.93356,Private room,123,4,129,4,58,15
8841107,21332287,Brooklyn,Park Slope,40.67092,-73.98431,Entire home/apt,135,30,0,1,0,0
8841646,5380471,Manhattan,East Harlem,40.79134,-73.94483,Entire home/apt,131,30,2,1,0,0
8842752,4586937,Brooklyn,Williamsburg,40.70752,-73.94409,Entire home/apt,100,30,2,1,0,0
8628425,4481005,Brooklyn,Park Slope,40.67601,-73.98216,Private room,36,2,55,2,197,3
8629731,21965282,Brooklyn,Bay Ridge,40.6328,-74.03096,Entire home/apt,553,30,15,4,364,0
8630560,33200173,Manhattan,Upper West Side,40.78541,-73.97589,Entire home/apt,220,30,8,2,0,0
8630853,27504587,Manhattan,East Village,40.72979,-73.98905,Entire home/apt,160,30,0,1,0,0
8631355,19480603,Brooklyn,Crown Heights,40.67749,-73.95207,Private room,80,30,2,1,0,0
8634024,45399701,Brooklyn,Williamsburg,40.70645,-73.94433,Private room,110,30,1,1,0,0
8843403,4231636,Brooklyn,Bedford-Stuyvesant,40.68719,-73.9439,Private room,50,30,4,1,0,0
8844402,45232769,Queens,Astoria,40.76691,-73.91758,Private room,89,7,140,3,55,13
8845002,21172422,Manhattan,Chelsea,40.74334,-74.004,Entire home/apt,250,30,1,1,0,0
8712745,22502130,Manhattan,Upper West Side,40.80072,-73.96052,Private room,107,30,0,1,0,0
8719948,3869531,Manhattan,Little Italy,40.71986,-73.99567,Private room,70,3,13,1,0,0
8634515,24188973,Manhattan,Harlem,40.80469,-73.94801,Entire home/apt,133,30,39,1,93,3
8719984,42788011,Manhattan,Kips Bay,40.74279,-73.97833,Entire home/apt,75,30,4,1,0,0
8720070,4319369,Manhattan,Gramercy,40.73601,-73.98534,Entire home/apt,155,30,17,1,0,0
8845982,15641304,Manhattan,East Harlem,40.79397,-73.94276,Entire home/apt,125,30,8,1,0,0
8635363,20008462,Manhattan,Upper East Side,40.76616,-73.95855,Entire home/apt,150,30,2,1,0,0
8847200,46329096,Brooklyn,Flatbush,40.64426,-73.95806,Private room,50,30,9,1,0,0
8636811,45329725,Manhattan,Harlem,40.80428,-73.95605,Private room,80,30,1,1,0,0
8642428,45433475,Manhattan,East Village,40.72926,-73.98419,Entire home/apt,160,30,8,1,0,0
8847268,1818225,Brooklyn,Greenpoint,40.72212,-73.9378,Entire home/apt,80,30,0,1,0,0
8849684,10549906,Brooklyn,Clinton Hill,40.68286,-73.96004,Entire home/apt,104,31,66,1,319,0
8857546,45601111,Queens,Laurelton,40.67114,-73.74758,Private room,44,2,99,6,0,0
8860277,78353,Brooklyn,Prospect Heights,40.67707,-73.97065,Private room,150,30,25,2,42,0
8860450,12838732,Manhattan,Flatiron District,40.73923,-73.98808,Entire home/apt,264,2,142,1,9,23
8861269,9933134,Manhattan,Harlem,40.80564,-73.94864,Entire home/apt,170,30,37,1,341,0
8863005,46395463,Manhattan,Midtown,40.75681,-73.96747,Entire home/apt,150,30,3,1,0,0
8864404,46401675,Manhattan,East Harlem,40.7929,-73.94108,Private room,83,30,0,1,0,0
8720655,729279,Manhattan,Upper East Side,40.77249,-73.94844,Entire home/apt,65,3,61,1,0,0
8642982,13440686,Brooklyn,Bedford-Stuyvesant,40.68213,-73.91069,Private room,40,30,87,1,0,0
8865020,46404051,Manhattan,Midtown,40.76382,-73.98217,Entire home/apt,250,30,1,1,0,0
8643939,32970856,Manhattan,Upper East Side,40.78217,-73.95223,Private room,94,30,1,1,0,0
8866435,3629010,Brooklyn,Williamsburg,40.71175,-73.96692,Entire home/apt,200,30,0,1,0,0
8866669,2452616,Brooklyn,Greenpoint,40.73054,-73.95629,Entire home/apt,217,24,15,1,0,2
8720702,2549463,Manhattan,Battery Park City,40.70894,-74.01536,Entire home/apt,539,30,1,1,144,0
8720923,41324442,Manhattan,Lower East Side,40.7208,-73.9841,Private room,95,4,65,1,0,0
8722224,45778782,Brooklyn,Prospect-Lefferts Gardens,40.66153,-73.94887,Entire home/apt,50,30,1,1,0,0
8722500,45780468,Manhattan,Financial District,40.71171,-74.0062,Private room,619,30,0,1,0,0
8729960,420111,Manhattan,East Harlem,40.79839,-73.94061,Private room,75,7,53,3,213,6
8645186,45444713,Manhattan,Murray Hill,40.74919,-73.97108,Entire home/apt,125,30,0,1,0,0
8646618,10164435,Queens,Astoria,40.7574,-73.92613,Private room,84,1,489,5,36,78
8730247,21060064,Brooklyn,Fort Greene,40.69115,-73.9721,Private room,80,5,8,1,253,7
8731224,45815117,Manhattan,East Village,40.72784,-73.98908,Entire home/apt,200,1,1,1,0,0
8734174,19808319,Manhattan,Harlem,40.80658,-73.94933,Entire home/apt,100,30,131,2,0,0
8735236,1832751,Brooklyn,Boerum Hill,40.68649,-73.98507,Private room,65,30,37,1,0,0
8736934,12639098,Brooklyn,Flatbush,40.65315,-73.95538,Private room,60,30,0,4,0,0
8868762,7234603,Brooklyn,Williamsburg,40.70953,-73.92657,Private room,50,30,0,1,0,0
8869029,18048584,Manhattan,East Village,40.72861,-73.98842,Private room,125,30,2,1,0,0
8869857,45600001,Queens,Flushing,40.74427,-73.83192,Private room,58,1,137,6,73,28
8873479,27240092,Manhattan,Gramercy,40.73558,-73.98181,Private room,134,1,188,1,248,43
8880524,3758073,Brooklyn,Prospect-Lefferts Gardens,40.65821,-73.95839,Private room,63,30,12,1,0,0
8648818,2591842,Queens,Astoria,40.75782,-73.92262,Private room,75,30,2,2,139,0
8881765,218425,Brooklyn,Park Slope,40.66839,-73.98138,Entire home/apt,350,4,18,1,0,0
8650076,9094952,Manhattan,Financial District,40.70483,-74.01253,Entire home/apt,127,30,3,1,0,0
8881955,46476909,Brooklyn,Crown Heights,40.66979,-73.95563,Private room,60,30,1,1,0,0
8883074,46474221,Brooklyn,Bushwick,40.70482,-73.91927,Private room,41,30,0,1,0,0
8884004,23788168,Brooklyn,Bedford-Stuyvesant,40.68308,-73.93906,Private room,60,30,3,2,0,0
8887748,46501842,Brooklyn,Park Slope,40.67618,-73.9824,Private room,30,30,3,1,0,0
8737468,16934136,Queens,Queens Village,40.71486,-73.74774,Private room,68,30,0,1,0,0
8737991,5270447,Brooklyn,Bushwick,40.70076,-73.92828,Private room,150,30,0,1,0,0
8652653,21169602,Brooklyn,Greenpoint,40.72558,-73.9504,Entire home/apt,200,30,6,1,0,0
8738438,3784682,Manhattan,Harlem,40.8091,-73.94219,Entire home/apt,650,30,1,1,0,0
8653449,31598220,Queens,Elmhurst,40.74689,-73.88779,Private room,45,30,1,1,0,0
8741020,45854238,Manhattan,West Village,40.73439,-74.00589,Entire home/apt,258,30,51,1,0,0
8888689,11469296,Manhattan,Morningside Heights,40.80685,-73.96571,Entire home/apt,170,30,7,1,0,0
8653999,43219894,Manhattan,Upper West Side,40.78349,-73.97291,Entire home/apt,180,30,2,1,0,0
8662518,24856634,Brooklyn,Bay Ridge,40.63333,-74.0321,Entire home/apt,92,2,133,1,249,0
8741124,37413524,Brooklyn,Midwood,40.61333,-73.96804,Private room,73,30,35,1,364,1
8662610,45513630,Brooklyn,Bedford-Stuyvesant,40.69661,-73.94476,Private room,25,2,1,1,0,0
8741676,45859613,Manhattan,Upper West Side,40.77897,-73.98217,Entire home/apt,280,30,1,1,0,0
8742567,45864201,Manhattan,Chelsea,40.74043,-73.99913,Entire home/apt,100,30,0,1,0,0
8743269,12226733,Manhattan,Harlem,40.81078,-73.94555,Entire home/apt,95,30,1,1,0,0
8756017,26129793,Bronx,Fordham,40.86677,-73.89578,Private room,65,30,0,1,0,0
8889423,10328631,Manhattan,Upper West Side,40.78727,-73.97869,Entire home/apt,150,30,11,1,0,0
8953625,45416627,Queens,Astoria,40.7677,-73.92466,Private room,48,2,200,10,310,21
8897305,46544348,Manhattan,Upper East Side,40.77781,-73.9477,Entire home/apt,120,30,2,1,0,0
8901538,46562860,Bronx,Longwood,40.82247,-73.8876,Private room,70,30,8,1,363,0
8954037,45416627,Queens,Astoria,40.76808,-73.9246,Private room,52,15,122,10,320,0
8955750,46182242,Brooklyn,Sunset Park,40.64583,-74.01021,Entire home/apt,140,30,75,1,137,0
8757726,123367130,Brooklyn,Bedford-Stuyvesant,40.67743,-73.9203,Entire home/apt,120,3,123,1,8,27
8957189,25492187,Manhattan,East Village,40.72566,-73.98323,Entire home/apt,230,30,0,1,0,0
8901901,15433113,Manhattan,Harlem,40.80524,-73.95049,Entire home/apt,95,30,5,1,0,0
8904076,46574350,Queens,Forest Hills,40.71372,-73.83693,Entire home/apt,125,30,2,1,0,0
8963968,1610862,Brooklyn,Prospect Heights,40.6805,-73.96472,Private room,47,30,8,1,0,0
8964308,2968774,Brooklyn,Crown Heights,40.66887,-73.95671,Entire home/apt,125,30,10,2,0,0
8964446,46848226,Queens,Astoria,40.75951,-73.92091,Private room,42,30,5,1,0,0
8904662,20367564,Manhattan,East Harlem,40.79212,-73.95032,Private room,125,30,1,1,0,0
8758534,45619483,Manhattan,East Village,40.73115,-73.99175,Entire home/apt,745,30,0,1,0,0
8964740,46851431,Manhattan,Murray Hill,40.74637,-73.97469,Entire home/apt,104,30,0,1,0,0
8760212,45608369,Brooklyn,Williamsburg,40.70472664561191,-73.93824922955558,Entire home/apt,260,1,1,1,302,1
8760442,45937956,Queens,Jackson Heights,40.75166,-73.89305,Entire home/apt,108,3,150,3,57,14
8907812,925153,Manhattan,Upper West Side,40.78804,-73.96915,Entire home/apt,461,30,0,1,357,0
8914109,13951574,Manhattan,Harlem,40.81361,-73.94571,Private room,60,30,22,1,0,0
8915246,2968774,Brooklyn,Crown Heights,40.66749,-73.95618,Shared room,45,30,1,2,0,0
8920714,46650449,Brooklyn,Bushwick,40.69662,-73.91321,Private room,35,30,0,1,0,0
8920794,15995278,Manhattan,Lower East Side,40.72189,-73.99187,Entire home/apt,139,30,6,1,0,0
8966368,321710,Brooklyn,Carroll Gardens,40.68493,-73.99264,Entire home/apt,225,30,1,1,0,0
8967396,39097380,Bronx,Clason Point,40.80857,-73.85073,Entire home/apt,115,30,3,1,364,3
8920816,4262510,Manhattan,Morningside Heights,40.81415,-73.96076,Private room,35,30,6,1,0,0
8760775,45941254,Manhattan,Murray Hill,40.74842,-73.97639,Private room,111,30,4,1,0,0
8761013,18062807,Manhattan,Tribeca,40.72442,-74.00998,Entire home/apt,399,360,5,1,364,0
8971258,46881049,Brooklyn,Canarsie,40.64472,-73.91109,Entire home/apt,185,30,40,1,0,0
8762641,45950544,Manhattan,Upper West Side,40.78502,-73.97911,Entire home/apt,132,30,0,1,0,0
8762969,45951143,Manhattan,Chinatown,40.71319,-73.99265,Private room,100,30,1,1,0,0
8920988,29823680,Brooklyn,Carroll Gardens,40.67849,-74.00259,Entire home/apt,125,1,0,1,0,0
8924038,46665505,Manhattan,East Village,40.721,-73.97995,Entire home/apt,500,30,0,1,0,0
8972219,12933114,Manhattan,East Village,40.72138,-73.98005,Entire home/apt,130,30,4,1,0,0
8763502,45955013,Brooklyn,Williamsburg,40.70812,-73.94382,Entire home/apt,155,5,266,1,79,24
8973075,8595112,Manhattan,Midtown,40.75704,-73.97036,Private room,134,30,13,2,0,0
8924504,4077292,Brooklyn,Bushwick,40.69719,-73.90813,Private room,45,4,80,1,269,8
8924552,6818674,Brooklyn,Greenpoint,40.73308,-73.95224,Entire home/apt,100,30,2,1,0,0
8925082,33834627,Manhattan,Nolita,40.72291,-73.99565,Entire home/apt,200,30,0,1,0,0
8973292,1372837,Manhattan,Upper East Side,40.77636,-73.94855,Entire home/apt,295,30,0,1,0,0
8973682,26271616,Manhattan,Upper West Side,40.80147,-73.96109,Private room,104,30,1,2,0,0
8973873,11458977,Brooklyn,Clinton Hill,40.68888,-73.96405,Entire home/apt,108,30,112,1,36,0
8770660,2972546,Manhattan,Washington Heights,40.84632,-73.94075,Entire home/apt,175,30,1,1,0,0
8775344,4205149,Brooklyn,Crown Heights,40.67869,-73.95498,Private room,75,30,1,1,0,0
8974121,46815771,Manhattan,Midtown,40.75619,-73.96675,Entire home/apt,179,30,1,1,0,0
8776208,26543202,Brooklyn,Bushwick,40.699,-73.9118,Private room,60,30,1,1,0,0
8776479,8822845,Brooklyn,Williamsburg,40.70492,-73.93637,Entire home/apt,140,10,19,1,0,0
8975190,46901221,Brooklyn,Sheepshead Bay,40.5973,-73.96166,Entire home/apt,118,15,204,1,156,1
8777890,46013146,Brooklyn,Bedford-Stuyvesant,40.68727,-73.92227,Private room,80,30,0,1,0,0
8781396,45408439,Brooklyn,Bedford-Stuyvesant,40.69546,-73.95457,Private room,45,30,0,1,0,0
8929521,46690777,Brooklyn,Crown Heights,40.67706,-73.93716,Private room,83,4,72,1,125,0
8984085,4428757,Brooklyn,Crown Heights,40.67712,-73.93297,Private room,60,3,24,1,0,0
8985316,46941561,Manhattan,Upper East Side,40.76169,-73.96269,Entire home/apt,250,90,28,1,0,0
8933503,46707487,Brooklyn,Williamsburg,40.70967,-73.94509,Entire home/apt,150,30,1,2,100,0
8793166,13456636,Brooklyn,Bedford-Stuyvesant,40.67741,-73.9275,Entire home/apt,80,30,191,1,214,5
8986308,21293445,Brooklyn,Gowanus,40.66864,-73.99484,Private room,155,30,0,1,0,0
8935528,35430339,Brooklyn,Prospect Heights,40.67929,-73.97382,Entire home/apt,150,30,0,1,0,0
8942272,9864136,Brooklyn,Bedford-Stuyvesant,40.68454,-73.91557,Private room,55,30,4,28,250,0
8986585,46946480,Brooklyn,Williamsburg,40.71216,-73.94837,Entire home/apt,275,30,51,1,0,0
8942467,36821356,Brooklyn,Borough Park,40.62152,-73.99363,Entire home/apt,314,30,94,1,83,0
8794495,12330542,Manhattan,Midtown,40.75557,-73.97327,Private room,135,30,0,1,0,0
8794624,11918958,Brooklyn,Clinton Hill,40.68066,-73.96063,Private room,50,30,0,1,0,0
8795721,6672223,Queens,Astoria,40.7598,-73.9224,Entire home/apt,73,30,7,1,0,0
8987606,46951225,Manhattan,East Village,40.72933,-73.98755,Entire home/apt,199,30,39,1,0,0
8989320,15105912,Manhattan,Harlem,40.80279,-73.94605,Entire home/apt,175,3,301,1,43,38
8796876,46096478,Brooklyn,Prospect Heights,40.67903,-73.96869,Private room,90,1,6,1,0,0
8799529,7512454,Manhattan,Hell's Kitchen,40.75928,-73.98985,Entire home/apt,100,30,5,1,0,0
8943358,2695451,Manhattan,SoHo,40.72557067871094,-74.00360870361328,Private room,136,1,378,2,6,67
8990116,5485733,Brooklyn,Williamsburg,40.70727,-73.95455,Entire home/apt,150,30,19,1,0,0
8799533,46109528,Brooklyn,Midwood,40.61013,-73.96311,Private room,95,30,0,1,0,0
8990988,9060143,Brooklyn,Bushwick,40.69502,-73.92951,Entire home/apt,75,30,6,1,0,0
8948898,5548597,Manhattan,Upper East Side,40.77049,-73.95656,Entire home/apt,150,30,6,1,0,0
8992666,579126,Manhattan,Harlem,40.80307,-73.946,Entire home/apt,169,30,0,1,0,0
8949503,46778191,Brooklyn,Williamsburg,40.71435,-73.95841,Private room,125,30,1,1,0,0
8950064,30116009,Brooklyn,Sunset Park,40.64876,-74.00187,Entire home/apt,115,30,1,1,0,0
8802289,26033344,Brooklyn,Bushwick,40.70249,-73.92137,Private room,30,30,4,1,0,0
8992714,40552516,Brooklyn,Bedford-Stuyvesant,40.68494,-73.92691,Private room,51,30,2,1,0,0
8806783,8115401,Manhattan,Midtown,40.757,-73.9701,Entire home/apt,253,30,38,2,0,0
8951083,46785121,Brooklyn,Greenpoint,40.71961,-73.95429,Entire home/apt,169,2,47,1,0,0
8951480,46787065,Manhattan,Upper West Side,40.80284,-73.96797,Entire home/apt,88,30,2,1,0,0
8951763,31752474,Brooklyn,Prospect-Lefferts Gardens,40.66205,-73.96285,Entire home/apt,69,45,1,2,0,0
8952816,45416627,Queens,Astoria,40.76795,-73.92312,Private room,45,3,199,10,302,25
8953200,45416627,Queens,Astoria,40.76777,-73.92343,Private room,60,2,178,10,314,15
8953404,45416627,Queens,Astoria,40.7686,-73.92505,Private room,55,3,125,10,319,24
8992894,46973966,Manhattan,Harlem,40.8023,-73.95562,Entire home/apt,424,30,58,2,68,0
9089306,5671308,Manhattan,East Village,40.73165,-73.98483,Entire home/apt,135,30,10,1,0,0
8807842,13318184,Brooklyn,Williamsburg,40.70703,-73.9383,Private room,50,30,1,4,0,0
8808863,496979,Brooklyn,Park Slope,40.67301,-73.97598,Entire home/apt,120,30,1,1,0,0
8809245,3333577,Manhattan,Gramercy,40.73497,-73.98726,Entire home/apt,450,30,6,2,237,1
8993461,46976876,Manhattan,East Village,40.72469,-73.98796,Private room,90,30,0,2,0,0
8993871,46979077,Queens,Elmhurst,40.74084,-73.88995,Private room,80,1,217,2,282,55
8994197,4974196,Manhattan,Greenwich Village,40.72708,-74.00012,Entire home/apt,115,30,2,1,0,0
9208886,47893591,Manhattan,East Harlem,40.79644,-73.9305,Private room,50,13,0,1,0,0
9091059,3333213,Brooklyn,Bedford-Stuyvesant,40.68471,-73.93532,Private room,131,5,0,1,341,0
9091373,3829471,Brooklyn,Bedford-Stuyvesant,40.69027,-73.95849,Private room,100,30,0,1,0,0
8994423,2599664,Manhattan,Lower East Side,40.71483,-73.98244,Entire home/apt,170,30,1,1,0,0
8995042,25077909,Brooklyn,Bedford-Stuyvesant,40.68982,-73.9265,Private room,50,3,45,2,150,16
9092331,47407352,Manhattan,Inwood,40.86444,-73.92899,Private room,45,30,0,1,0,0
9211087,47903548,Manhattan,Midtown,40.75628,-73.96679,Entire home/apt,400,30,0,1,0,0
9211534,43846246,Queens,Astoria,40.7637,-73.91979,Private room,70,30,0,1,0,0
9002096,47013708,Brooklyn,Crown Heights,40.67823,-73.96225,Private room,45,30,3,1,0,0
9093219,47411697,Manhattan,Harlem,40.81204,-73.9443,Private room,80,5,102,1,169,15
9004969,47022650,Manhattan,East Harlem,40.79322,-73.93538,Entire home/apt,170,4,81,5,331,17
9211969,17634934,Manhattan,Upper East Side,40.78182,-73.94577,Entire home/apt,135,30,0,1,0,0
9005771,31666407,Manhattan,Harlem,40.81999,-73.93933,Private room,45,30,1,1,0,0
9212510,28570275,Manhattan,Chelsea,40.74639,-73.99967,Entire home/apt,450,30,9,1,0,0
9007591,25344446,Brooklyn,Park Slope,40.67016,-73.97691,Private room,120,5,38,1,344,0
9093261,47036828,Manhattan,East Village,40.732,-73.98518,Entire home/apt,190,30,0,1,0,0
9007767,45595980,Manhattan,Midtown,40.76021,-73.96595,Entire home/apt,154,30,14,5,270,4
9093358,8093077,Manhattan,Upper East Side,40.76732,-73.95359,Entire home/apt,100,30,3,1,0,0
9093389,38738475,Brooklyn,Park Slope,40.66951,-73.97767,Entire home/apt,90,30,1,1,0,0
9217592,881301,Brooklyn,Clinton Hill,40.68322,-73.96333,Entire home/apt,135,30,9,1,0,0
9217729,3389541,Brooklyn,Crown Heights,40.67663,-73.96033,Entire home/apt,299,30,18,1,150,1
9217745,13318184,Brooklyn,Williamsburg,40.70521,-73.93623,Private room,50,30,2,4,0,0
9011614,31019553,Brooklyn,Bedford-Stuyvesant,40.68425,-73.92362,Entire home/apt,150,30,1,1,0,0
9022913,47104818,Brooklyn,Bedford-Stuyvesant,40.68978,-73.93185,Entire home/apt,270,9,30,1,312,20
9219049,47938832,Queens,Kew Gardens Hills,40.72643,-73.82879,Entire home/apt,89,2,24,1,0,0
9219588,12864943,Queens,Astoria,40.75855,-73.91021,Entire home/apt,120,30,1,2,0,0
9227929,2807798,Manhattan,Washington Heights,40.83135,-73.9421,Entire home/apt,218,1,307,2,27,65
9093866,47414802,Manhattan,Harlem,40.80233,-73.95257,Entire home/apt,140,80,13,2,219,2
9096478,47426195,Manhattan,Harlem,40.80891,-73.94113,Private room,85,30,3,1,0,0
9024874,410665,Manhattan,East Village,40.72184,-73.98402,Entire home/apt,139,30,11,1,0,0
9096938,14356,Brooklyn,South Slope,40.66314,-73.98316,Private room,70,30,9,1,0,0
9231257,45168846,Brooklyn,Flatbush,40.64631,-73.96258,Entire home/apt,89,30,0,1,0,0
9025565,7503643,Brooklyn,Greenpoint,40.72583,-73.94232,Entire home/apt,169,30,10,33,327,3
9026203,31680304,Brooklyn,Gravesend,40.5884,-73.97185,Private room,80,3,83,2,135,14
9231341,14667282,Brooklyn,Bushwick,40.69405,-73.92974,Private room,100,30,0,1,0,0
9097241,47430022,Brooklyn,Bay Ridge,40.633489717523695,-74.0228660465993,Private room,100,7,1,7,69,1
9027607,19435113,Manhattan,West Village,40.72938,-74.00578,Entire home/apt,188,30,0,1,0,0
9231791,47989547,Brooklyn,Bushwick,40.6954,-73.92455,Private room,60,30,3,1,0,0
9232861,45595980,Manhattan,Midtown,40.76021,-73.96595,Entire home/apt,153,30,9,5,270,2
9235437,9419684,Manhattan,Hell's Kitchen,40.76153,-73.99878,Entire home/apt,469,29,0,79,334,0
9028493,24780521,Brooklyn,Greenpoint,40.72676,-73.9483,Private room,84,2,160,1,0,0
9104108,47457325,Manhattan,Harlem,40.82565,-73.95253,Entire home/apt,110,30,1,1,0,0
9105853,32848328,Brooklyn,Bushwick,40.70107,-73.91983,Private room,55,30,0,1,0,0
9106711,12485770,Manhattan,Gramercy,40.73324,-73.98396,Entire home/apt,150,30,7,8,323,2
9028839,3248277,Brooklyn,Williamsburg,40.70699,-73.94162,Entire home/apt,200,30,0,1,0,0
9030997,47139912,Manhattan,Upper East Side,40.76979,-73.95591,Entire home/apt,110,30,71,1,0,0
9106735,29721928,Manhattan,West Village,40.7289,-74.0048,Entire home/apt,180,30,5,1,0,0
9107450,3664194,Manhattan,Upper East Side,40.7839,-73.94776,Entire home/apt,210,30,0,1,0,0
9107772,4055295,Manhattan,Harlem,40.82544,-73.94989,Entire home/apt,100,30,17,1,0,0
9108196,45601111,Queens,Laurelton,40.67112,-73.74615,Private room,46,30,76,6,338,1
9236348,48007438,Brooklyn,Bushwick,40.70137,-73.91501,Entire home/apt,95,30,0,1,0,0
9033218,7252221,Brooklyn,Flatbush,40.65231,-73.96243,Private room,50,30,6,2,0,0
9237142,11013791,Brooklyn,Bedford-Stuyvesant,40.68906,-73.95947,Entire home/apt,100,30,4,1,0,0
9110077,19885346,Brooklyn,Williamsburg,40.70436,-73.94207,Private room,75,30,6,1,0,0
9039236,47176167,Manhattan,Washington Heights,40.85092,-73.93851,Private room,75,30,0,1,0,0
9111254,10040649,Brooklyn,Crown Heights,40.66804,-73.92626,Entire home/apt,75,30,7,1,119,0
9111561,35905254,Manhattan,East Harlem,40.79277,-73.94338,Private room,100,30,0,1,0,0
9112676,1202621,Manhattan,Upper West Side,40.78721,-73.97168,Entire home/apt,250,30,45,1,250,0
9237600,17051015,Manhattan,Battery Park City,40.71503,-74.01636,Entire home/apt,175,30,0,1,0,0
9040931,29213,Brooklyn,Fort Greene,40.68924,-73.97736,Private room,79,30,1,1,0,0
9042254,47187008,Manhattan,East Village,40.72737,-73.98605,Private room,90,30,0,1,0,0
9237857,17507097,Manhattan,Midtown,40.76402,-73.98186,Entire home/apt,325,4,5,1,0,1
9045427,47198995,Staten Island,Grymes Hill,40.61223,-74.09318,Entire home/apt,200,30,1,1,0,0
9238214,48016303,Queens,Astoria,40.75579,-73.91767,Private room,35,2,10,1,0,0
9112776,47489718,Brooklyn,Bedford-Stuyvesant,40.68589,-73.95353,Private room,55,30,0,1,0,0
9046095,12995701,Manhattan,West Village,40.73238,-74.00269,Entire home/apt,229,30,1,1,0,0
9113032,15175378,Brooklyn,Crown Heights,40.67462,-73.94886,Entire home/apt,180,15,129,2,38,5
9238861,4396038,Manhattan,Morningside Heights,40.80838,-73.9597,Entire home/apt,123,30,2,1,0,0
9240346,2598539,Manhattan,East Village,40.73239,-73.98575,Entire home/apt,213,1,405,2,281,61
9046490,1299166,Brooklyn,Flatbush,40.65026,-73.96052,Private room,49,30,31,1,0,0
9046808,21647215,Manhattan,East Harlem,40.79923,-73.93335,Entire home/apt,95,30,2,1,0,0
9241147,39768761,Brooklyn,Bushwick,40.69728,-73.93441,Entire home/apt,110,2,49,1,0,0
9115832,47501348,Brooklyn,Bushwick,40.69824,-73.93231,Private room,60,30,0,1,0,0
9047417,31153462,Manhattan,Nolita,40.72295,-73.99321,Entire home/apt,140,30,3,1,0,0
9047816,2660650,Queens,Long Island City,40.74801,-73.94028,Private room,100,4,107,1,250,35
9116018,12690012,Manhattan,Harlem,40.82981,-73.94132,Private room,60,30,17,1,337,0
9116126,3883685,Manhattan,Upper West Side,40.78642,-73.97003,Entire home/apt,199,4,27,1,0,3
9049505,2413971,Manhattan,Harlem,40.80193,-73.95573,Private room,74,30,0,1,0,0
9049607,14456700,Brooklyn,Williamsburg,40.71681,-73.95812,Private room,67,30,3,2,0,0
9242243,3335559,Manhattan,Midtown,40.76213,-73.9757,Entire home/apt,350,1,37,1,352,16
9050105,47219962,Brooklyn,Prospect-Lefferts Gardens,40.66254,-73.9609,Entire home/apt,150,31,152,2,361,0
9116734,20318052,Brooklyn,Bedford-Stuyvesant,40.69475,-73.94682,Private room,97,2,96,1,129,10
9116752,8862886,Brooklyn,Bushwick,40.70834,-73.92014,Entire home/apt,220,30,49,1,0,0
9050144,7360880,Brooklyn,Bedford-Stuyvesant,40.68701,-73.95713,Private room,80,30,2,1,0,0
9050373,1393469,Brooklyn,Flatbush,40.6523,-73.9655,Entire home/apt,95,30,28,1,0,0
9116831,3922367,Brooklyn,Williamsburg,40.71617,-73.95395,Entire home/apt,165,30,0,1,0,0
9117976,41510712,Manhattan,Harlem,40.82865,-73.95112,Private room,36,30,1,1,0,0
9118958,22420999,Queens,Richmond Hill,40.69389,-73.83256,Private room,56,2,10,5,233,4
9247687,48055483,Queens,Middle Village,40.71527,-73.89829,Private room,70,30,1,1,0,0
9050597,7407846,Manhattan,Harlem,40.82599,-73.93669,Private room,79,30,0,1,0,0
9051314,22007415,Manhattan,East Village,40.7247,-73.97771,Private room,110,30,2,1,0,0
9051437,14544355,Brooklyn,Crown Heights,40.66613,-73.95515,Entire home/apt,100,30,78,1,28,5
9247923,46631730,Manhattan,East Village,40.73249,-73.99087,Entire home/apt,325,30,9,1,0,0
9125862,47541749,Manhattan,Midtown,40.75807,-73.96308,Entire home/apt,300,30,0,1,0,0
9125917,20233581,Manhattan,Kips Bay,40.73759,-73.98019,Private room,65,30,4,1,0,0
9051763,1283476,Brooklyn,Bedford-Stuyvesant,40.68651,-73.94395,Private room,60,21,19,1,0,1
9052018,47228873,Manhattan,East Harlem,40.78751,-73.95171,Private room,195,30,0,1,0,0
9127011,19627702,Manhattan,Chelsea,40.7435,-73.99464,Entire home/apt,157,30,8,1,0,0
9059397,14614459,Manhattan,Upper East Side,40.7837,-73.94877,Entire home/apt,180,30,1,3,0,0
9061145,47266834,Brooklyn,Williamsburg,40.71192,-73.96238,Private room,120,5,50,1,49,16
9127163,47546771,Queens,Holliswood,40.72199,-73.76795,Private room,79,30,4,1,179,0
9129113,17497762,Brooklyn,Bushwick,40.69925,-73.92099,Private room,60,30,1,1,0,0
9248239,48057837,Brooklyn,Williamsburg,40.71879,-73.96471,Private room,75,30,2,1,0,0
9062257,6075567,Brooklyn,Crown Heights,40.671,-73.94784,Entire home/apt,100,30,13,1,0,0
9249597,20694807,Manhattan,Upper West Side,40.7796,-73.97838,Entire home/apt,150,30,1,1,0,0
9249776,11120994,Manhattan,Upper West Side,40.77741,-73.97789,Entire home/apt,150,30,0,1,0,0
9132614,9870919,Brooklyn,Williamsburg,40.71432,-73.9587,Private room,75,30,2,1,0,0
9133959,3092054,Manhattan,Hell's Kitchen,40.76642,-73.98621,Entire home/apt,120,360,0,1,0,0
9062515,21804910,Brooklyn,Greenpoint,40.7337,-73.9542,Entire home/apt,115,7,49,1,0,3
9063139,13530279,Manhattan,East Village,40.72529,-73.99031,Private room,106,30,3,1,0,0
9253112,1941852,Brooklyn,Crown Heights,40.66971,-73.95495,Entire home/apt,81,30,17,1,0,0
9063266,47275801,Brooklyn,Williamsburg,40.711742,-73.953186,Entire home/apt,198,30,6,1,103,5
9064238,4166175,Manhattan,Midtown,40.75301,-73.97103,Entire home/apt,103,30,0,1,0,0
9064688,1606152,Brooklyn,Williamsburg,40.70697,-73.94291,Entire home/apt,150,30,1,1,0,0
9066389,47289872,Manhattan,Lower East Side,40.72012,-73.9907,Entire home/apt,190,30,2,1,0,0
9253505,3001268,Manhattan,Midtown,40.75261,-73.97063,Private room,99,30,0,1,0,0
9136581,47584049,Manhattan,East Village,40.72491,-73.9897,Entire home/apt,180,30,5,1,0,0
9137194,15278522,Manhattan,East Village,40.72479,-73.98849,Entire home/apt,225,30,1,1,0,0
9137941,4223044,Manhattan,Upper East Side,40.77012,-73.95777,Entire home/apt,200,30,0,1,0,0
9078066,47343188,Queens,Ditmars Steinway,40.77249,-73.91689,Entire home/apt,145,30,6,1,0,0
9078222,47219962,Brooklyn,Prospect-Lefferts Gardens,40.66113,-73.96229,Entire home/apt,150,31,148,2,361,0
9078632,42570179,Manhattan,Washington Heights,40.83621,-73.94432,Private room,75,30,53,1,0,0
9145070,3025128,Manhattan,Upper West Side,40.77779,-73.97519,Entire home/apt,180,30,41,1,0,0
9253823,31537314,Manhattan,Upper West Side,40.80141,-73.9661,Entire home/apt,250,30,13,1,261,0
9079871,47351539,Brooklyn,East Flatbush,40.65284,-73.93724,Entire home/apt,154,30,287,3,43,2
9253827,48078451,Brooklyn,Williamsburg,40.71728,-73.94157,Entire home/apt,173,3,118,1,96,10
9145150,31980952,Brooklyn,Williamsburg,40.711,-73.96354,Private room,50,30,2,1,0,0
9080286,47353889,Brooklyn,Prospect Heights,40.67897,-73.97111,Private room,75,30,40,1,0,0
9087285,34398769,Manhattan,Upper East Side,40.76947,-73.9539,Entire home/apt,145,30,3,1,0,0
9328578,43963802,Manhattan,Harlem,40.82152,-73.94568,Entire home/apt,275,3,57,3,319,0
9146595,835110,Brooklyn,Bedford-Stuyvesant,40.68954,-73.92682,Entire home/apt,131,5,155,1,286,0
9256750,16865342,Brooklyn,Bushwick,40.70483,-73.9215,Private room,80,2,113,2,20,38
9260951,3509166,Manhattan,Hell's Kitchen,40.76317,-73.98954,Entire home/apt,142,30,0,1,0,0
9329015,11241615,Manhattan,East Harlem,40.79785,-73.94469,Entire home/apt,200,30,47,1,0,0
9261959,208983,Brooklyn,Greenpoint,40.72517,-73.94473,Entire home/apt,196,2,27,1,57,27
9147025,403032,Bronx,City Island,40.84637,-73.78857,Entire home/apt,195,3,171,1,167,17
9148875,3201337,Manhattan,East Harlem,40.7959,-73.93682,Entire home/apt,150,3,110,2,0,0
9330884,48427159,Manhattan,Lower East Side,40.72182,-73.98947,Entire home/apt,200,30,0,1,0,0
9263457,30637963,Manhattan,Upper West Side,40.79144,-73.96725,Private room,607,30,0,1,0,0
9331683,45589955,Brooklyn,Crown Heights,40.67651,-73.95765,Entire home/apt,106,30,1,1,0,0
9270122,48148603,Brooklyn,Greenpoint,40.73246,-73.95621,Private room,60,30,1,1,0,0
9271742,2801328,Brooklyn,Bedford-Stuyvesant,40.68428,-73.93173,Entire home/apt,135,2,222,1,277,48
9149182,47636934,Manhattan,Kips Bay,40.73989,-73.97952,Entire home/apt,139,30,1,1,0,0
9149930,2119276,Manhattan,West Village,40.73764,-74.0041,Entire home/apt,175,30,20,22,285,2
9333533,48442001,Brooklyn,Williamsburg,40.70723,-73.94811,Private room,50,30,4,1,0,0
9150194,22489244,Brooklyn,Williamsburg,40.70458,-73.94469,Private room,84,5,121,1,0,20
9273161,48161896,Manhattan,SoHo,40.72418,-74.00492,Entire home/apt,100,30,2,1,0,0
9275199,48170780,Brooklyn,Bedford-Stuyvesant,40.68071,-73.93381,Private room,46,30,0,1,0,0
9334086,25402037,Manhattan,Washington Heights,40.84423,-73.93734,Entire home/apt,80,30,3,1,0,0
9275453,48171900,Queens,Ditmars Steinway,40.77743,-73.91446,Private room,80,30,2,1,0,0
9276634,46323876,Manhattan,East Village,40.72967,-73.9806,Entire home/apt,199,30,1,1,0,0
9277581,25687571,Manhattan,East Village,40.73081,-73.98238,Entire home/apt,125,30,15,1,0,0
9151677,40880743,Brooklyn,Clinton Hill,40.68623,-73.9674,Entire home/apt,100,30,1,1,0,0
9334365,20592462,Manhattan,Upper East Side,40.77563,-73.95567,Entire home/apt,125,30,1,1,0,0
9152795,1443812,Brooklyn,Williamsburg,40.71053,-73.96317,Entire home/apt,120,2,416,2,0,79
9278192,48183551,Queens,Elmhurst,40.74566,-73.88326,Private room,68,6,137,5,271,30
9278786,1449710,Manhattan,East Village,40.72466,-73.98845,Entire home/apt,200,30,2,1,0,0
9280902,1747007,Brooklyn,Bedford-Stuyvesant,40.69014,-73.9551,Entire home/apt,98,30,9,1,0,0
9282032,4835399,Manhattan,Kips Bay,40.74154,-73.97958,Entire home/apt,250,30,0,1,0,0
9282443,5603037,Manhattan,Lower East Side,40.71842,-73.98252,Entire home/apt,230,30,12,1,0,0
9282987,11607339,Brooklyn,Park Slope,40.67811,-73.97897,Entire home/apt,133,30,4,1,0,0
9283104,26885466,Brooklyn,Midwood,40.61949,-73.95443,Private room,60,30,54,1,0,0
9289159,43963802,Manhattan,Harlem,40.82358,-73.94498,Entire home/apt,618,2,89,3,334,17
9334840,2716515,Queens,Astoria,40.7576,-73.9067,Entire home/apt,70,30,1,1,0,0
9153256,9787825,Manhattan,Flatiron District,40.74124,-73.99367,Entire home/apt,150,30,1,1,0,0
9336526,27962518,Queens,Elmhurst,40.73682,-73.875,Private room,180,30,0,2,0,0
9341144,377783,Manhattan,Harlem,40.80963,-73.94351,Entire home/apt,100,30,6,1,172,1
9343313,11824700,Manhattan,Lower East Side,40.7134,-73.98258,Private room,94,30,13,2,0,0
9291870,48244550,Manhattan,Upper East Side,40.76542,-73.95771,Entire home/apt,126,30,3,1,0,0
9343350,11824700,Manhattan,Lower East Side,40.7143,-73.98312,Entire home/apt,220,30,3,2,0,0
9345523,39333015,Manhattan,East Village,40.7228,-73.98352,Private room,85,30,1,1,0,0
9292072,23429756,Manhattan,Upper East Side,40.77798,-73.94704,Entire home/apt,215,30,0,1,0,0
9348923,6264251,Brooklyn,Williamsburg,40.71865,-73.96154,Entire home/apt,110,30,24,2,0,0
9348941,7992346,Manhattan,Midtown,40.75218,-73.97217,Entire home/apt,149,30,0,1,0,0
9155212,47661247,Manhattan,East Village,40.72715,-73.98714,Private room,76,30,16,1,15,3
9349010,3716641,Manhattan,Upper West Side,40.79273,-73.97161,Entire home/apt,124,30,11,6,63,1
9349116,5854655,Brooklyn,Williamsburg,40.71749,-73.95269,Entire home/apt,200,30,1,1,0,0
9155475,4900788,Manhattan,Chelsea,40.7398,-73.99777,Entire home/apt,130,30,4,1,0,0
9155741,47663806,Manhattan,Midtown,40.74475,-73.9827,Private room,85,30,1,1,0,0
9295402,48258863,Queens,Jamaica Estates,40.72027,-73.79873,Private room,46,30,5,2,250,0
9296089,34734634,Manhattan,Upper West Side,40.79133,-73.97761,Entire home/apt,160,31,1,1,0,1
9349221,35489917,Brooklyn,Williamsburg,40.71433,-73.96207,Private room,99,30,5,1,0,0
9296598,48264527,Manhattan,Upper West Side,40.77944,-73.98518,Entire home/apt,40,30,1,1,0,0
9296742,48264768,Brooklyn,Flatbush,40.64945,-73.96805,Private room,55,30,0,1,0,0
9297852,48261452,Brooklyn,Bushwick,40.70626,-73.91962,Entire home/apt,99,30,7,1,0,0
9297960,10646374,Brooklyn,Williamsburg,40.7063,-73.94886,Private room,82,30,0,1,0,0
9298825,4631581,Brooklyn,Cobble Hill,40.68875,-73.9985,Entire home/apt,185,30,3,1,0,0
9298895,3856750,Manhattan,East Village,40.72246,-73.98239,Private room,59,30,6,2,0,0
9299164,3250450,Queens,Jamaica,40.70915,-73.78744,Private room,36,30,1,18,339,1
9299515,48277456,Manhattan,Chelsea,40.73876,-73.99531,Entire home/apt,200,30,0,1,0,0
9300556,1550888,Brooklyn,Crown Heights,40.67525,-73.91898,Entire home/apt,92,30,7,3,346,3
9157504,47672492,Manhattan,Morningside Heights,40.80472,-73.96454,Private room,99,30,0,1,0,0
9162161,914838,Manhattan,Hell's Kitchen,40.76337,-73.99365,Entire home/apt,160,30,5,8,311,0
9166769,44087298,Manhattan,Washington Heights,40.84845,-73.93708,Private room,56,30,24,2,0,0
9167889,17943391,Manhattan,Harlem,40.80864,-73.9428,Entire home/apt,90,30,264,2,221,3
9172067,47731857,Manhattan,Chelsea,40.75014,-73.99224,Entire home/apt,500,30,2,1,0,0
9349950,10621509,Brooklyn,Bedford-Stuyvesant,40.68252,-73.91428,Entire home/apt,80,30,12,1,0,0
9175459,10621862,Manhattan,West Village,40.74087,-74.00554,Entire home/apt,400,3,17,1,0,3
9300634,15895218,Brooklyn,Boerum Hill,40.68605,-73.98942,Entire home/apt,134,30,2,2,0,0
9301562,48287405,Brooklyn,Williamsburg,40.70644,-73.93759,Private room,60,30,0,1,0,0
9350295,2539393,Manhattan,West Village,40.73303,-74.00379,Entire home/apt,400,30,3,1,0,0
9350645,13031745,Brooklyn,Williamsburg,40.70908,-73.94255,Entire home/apt,98,30,3,2,0,0
9351006,47784768,Brooklyn,Brownsville,40.6653,-73.91737,Private room,69,2,142,4,274,32
9301755,4865452,Manhattan,Lower East Side,40.71456,-73.9801,Entire home/apt,200,30,1,1,0,0
9308016,1516920,Brooklyn,Greenpoint,40.73102,-73.95646,Entire home/apt,115,30,1,2,0,0
9309192,84320,Manhattan,Lower East Side,40.71691,-73.98378,Entire home/apt,254,30,6,1,0,0
9178165,527811,Manhattan,East Harlem,40.79702,-73.94949,Private room,74,1,376,1,79,68
9180480,9230200,Brooklyn,Williamsburg,40.70868,-73.95013,Entire home/apt,250,30,0,1,115,0
9355498,10909829,Brooklyn,Bedford-Stuyvesant,40.6836,-73.92994,Entire home/apt,150,30,97,2,303,2
9356909,9038714,Brooklyn,Carroll Gardens,40.67641,-74.00036,Entire home/apt,200,2,39,1,32,11
9181483,47773961,Manhattan,East Village,40.72337,-73.97944,Private room,102,4,95,1,2,7
9181806,47232411,Brooklyn,Bedford-Stuyvesant,40.68772,-73.95904,Entire home/apt,172,2,125,1,179,57
9310959,7065964,Brooklyn,Crown Heights,40.66656,-73.94764,Entire home/apt,164,2,291,4,281,53
9312190,6930315,Bronx,Concourse,40.81977,-73.92752,Entire home/apt,170,30,0,1,0,0
9313758,1516920,Brooklyn,Greenpoint,40.73237,-73.95513,Private room,62,30,10,2,0,0
9313942,41464891,Queens,Flushing,40.76415,-73.8071,Private room,90,30,7,5,355,2
9358066,34654571,Manhattan,Battery Park City,40.70902,-74.01535,Entire home/apt,120,30,0,1,0,0
9314873,5636015,Queens,Astoria,40.77051,-73.9204,Entire home/apt,100,30,9,1,213,4
9315567,48351548,Manhattan,Harlem,40.80024,-73.95201,Private room,65,30,11,1,0,0
9316653,31245408,Manhattan,East Harlem,40.79259,-73.95171,Private room,90,30,0,1,0,0
9317779,30738895,Manhattan,East Village,40.72499,-73.98512,Private room,100,30,0,1,0,0
9182008,16176030,Queens,Ditmars Steinway,40.77461,-73.91525,Entire home/apt,196,3,51,2,251,20
9182754,9859148,Manhattan,East Village,40.72543,-73.98536,Entire home/apt,221,30,1,1,0,0
9359933,1733622,Brooklyn,Crown Heights,40.6725,-73.93521,Private room,43,30,3,1,0,0
9360968,29988752,Brooklyn,Bushwick,40.70498,-73.92108,Private room,100,30,21,1,0,0
9183131,872654,Manhattan,Chelsea,40.74598,-73.9938,Private room,139,30,3,1,0,0
9184124,47784768,Brooklyn,Brownsville,40.66514,-73.91697,Entire home/apt,156,2,61,4,300,0
9361349,48577772,Manhattan,East Village,40.72776,-73.98926,Entire home/apt,120,30,6,1,0,0
9184982,31291159,Manhattan,Harlem,40.81579,-73.94071,Private room,47,30,2,1,0,0
9185689,47790612,Manhattan,Harlem,40.81513,-73.94987,Entire home/apt,89,30,0,1,0,0
9319688,48372942,Queens,Astoria,40.76489,-73.91592,Private room,68,30,1,1,0,0
9362527,48582770,Manhattan,Inwood,40.86216,-73.92836,Private room,61,30,1,1,0,0
9362788,812866,Manhattan,Battery Park City,40.71018,-74.0172,Entire home/apt,450,30,0,1,0,0
9364626,22141007,Brooklyn,Prospect Heights,40.68057,-73.97305,Private room,75,30,0,1,0,0
9324841,9659504,Brooklyn,Williamsburg,40.71499,-73.9463,Entire home/apt,300,30,11,1,43,0
9185696,47790995,Queens,Queens Village,40.71858,-73.75411,Entire home/apt,75,14,92,1,322,5
9364750,48592068,Manhattan,Washington Heights,40.84672,-73.94074,Private room,75,30,0,1,0,0
9365025,2376644,Brooklyn,Greenpoint,40.72741,-73.94337,Private room,80,30,0,1,0,0
9193390,47825300,Manhattan,Upper West Side,40.77616,-73.98974,Private room,300,30,0,1,0,0
9195330,1826449,Brooklyn,Crown Heights,40.6694,-73.96182,Entire home/apt,95,7,3,1,0,0
9325951,33377685,Manhattan,Hell's Kitchen,40.76617,-73.98435,Entire home/apt,190,30,1,1,0,0
9365176,48593893,Manhattan,Midtown,40.74934,-73.98492,Entire home/apt,136,2,10,1,0,0
9196297,34907341,Manhattan,Upper East Side,40.76564,-73.96137,Private room,65,30,24,1,0,0
9197311,26474885,Brooklyn,Clinton Hill,40.69421,-73.96881,Entire home/apt,350,30,0,1,0,0
9197829,7897952,Brooklyn,Carroll Gardens,40.67675,-73.99686,Entire home/apt,132,30,1,1,0,0
9199352,1459609,Manhattan,Greenwich Village,40.72802,-74.00075,Entire home/apt,150,30,0,1,0,0
9200994,47857861,Manhattan,Chelsea,40.75064,-73.99713,Entire home/apt,218,1,14,1,186,14
9201458,13794250,Manhattan,Upper West Side,40.78278,-73.9775,Private room,75,30,1,1,0,0
9201479,47860375,Manhattan,Chelsea,40.74188,-73.99865,Private room,100,30,2,1,0,0
9207023,47886371,Brooklyn,Midwood,40.62402,-73.97071,Private room,50,30,1,1,0,0
9365502,3843401,Manhattan,Chelsea,40.74017,-74.00138,Entire home/apt,150,30,1,1,0,0
9325979,48402458,Manhattan,Chinatown,40.71393,-73.99519,Entire home/apt,249,4,188,1,131,37
9327458,48410883,Brooklyn,Gowanus,40.66801,-73.99125,Private room,45,3,7,2,0,0
9366256,10549294,Manhattan,Upper East Side,40.77027,-73.94875,Private room,65,30,19,2,0,0
9527971,14021017,Manhattan,Upper East Side,40.76597,-73.96162,Private room,521,30,1,1,0,0
9426406,12241602,Brooklyn,Bedford-Stuyvesant,40.69198,-73.94103,Entire home/apt,125,30,0,1,0,0
9366707,48601058,Manhattan,East Village,40.72587,-73.9917,Entire home/apt,169,2,24,1,0,0
9426526,48866651,Manhattan,Hell's Kitchen,40.7649,-73.99485,Entire home/apt,70,30,5,6,167,3
9528920,3906464,Manhattan,Lower East Side,40.71302,-73.98573,Private room,7314,99,6,1,83,0
9368754,801176,Manhattan,Greenwich Village,40.73017,-73.99969,Entire home/apt,211,30,2,1,0,0
9529332,49364392,Brooklyn,Fort Greene,40.68932,-73.97273,Entire home/apt,211,6,157,1,207,22
9427331,48870194,Brooklyn,Bushwick,40.70692,-73.92276,Entire home/apt,108,30,4,1,0,0
9369426,943095,Brooklyn,Bushwick,40.70156,-73.92786,Entire home/apt,60,2,2,1,0,0
9370538,6452596,Manhattan,Lower East Side,40.71582,-73.98862,Entire home/apt,250,30,1,1,0,0
9429015,13129524,Manhattan,Upper West Side,40.78017,-73.97629,Entire home/apt,275,30,4,1,0,0
9530079,49367316,Manhattan,Morningside Heights,40.80422,-73.96301,Entire home/apt,290,30,0,1,0,0
9371045,32975805,Manhattan,Murray Hill,40.75085,-73.97849,Entire home/apt,200,30,0,1,0,0
9532048,485349,Brooklyn,Crown Heights,40.67647,-73.94674,Private room,40,30,0,1,0,0
9430502,3100823,Brooklyn,Bushwick,40.70383,-73.92853,Private room,40,30,0,1,0,0
9374263,48638439,Queens,Springfield Gardens,40.66198,-73.77019,Entire home/apt,257,1,86,3,356,18
9434432,8012008,Manhattan,Kips Bay,40.74041,-73.98034,Entire home/apt,61,30,0,1,0,0
9434495,48899796,Brooklyn,Midwood,40.62179,-73.95219,Private room,76,3,108,3,122,17
9434513,48899736,Brooklyn,Boerum Hill,40.68691,-73.98783,Entire home/apt,542,2,203,1,314,42
9434801,10335025,Brooklyn,Williamsburg,40.70451,-73.93059,Private room,50,30,12,1,0,0
9532665,49379520,Manhattan,Upper West Side,40.78433,-73.9702,Entire home/apt,129,30,0,1,0,0
9536965,47784768,Brooklyn,Brownsville,40.66464,-73.91868,Private room,69,2,26,4,322,12
9540974,6904334,Manhattan,Chelsea,40.74722,-74.00086,Private room,195,30,0,1,0,0
9541753,11460541,Brooklyn,Prospect Heights,40.67978,-73.9648,Entire home/apt,60,30,1,1,0,0
9377185,1021134,Brooklyn,Williamsburg,40.70703,-73.96697,Private room,75,2,1,1,0,0
9542827,2966628,Brooklyn,Bedford-Stuyvesant,40.68782,-73.94019,Private room,59,30,2,1,0,0
9379983,48664130,Manhattan,Theater District,40.75726,-73.98523,Entire home/apt,205,30,1,1,0,0
9543557,48498097,Brooklyn,Williamsburg,40.71826,-73.95418,Entire home/apt,175,30,0,1,0,0
9435315,35539248,Manhattan,East Village,40.72252,-73.98113,Private room,78,30,0,1,0,0
9381315,7379511,Manhattan,East Village,40.72847,-73.98579,Entire home/apt,137,30,1,1,0,0
9381449,27499750,Brooklyn,Williamsburg,40.70838,-73.94269,Entire home/apt,120,30,0,1,0,0
9381657,822839,Brooklyn,Williamsburg,40.70757,-73.95328,Private room,78,2,69,1,82,9
9435428,48904356,Manhattan,East Harlem,40.79222,-73.94628,Entire home/apt,150,30,1,1,0,0
9382195,48674244,Brooklyn,Sunset Park,40.66275,-73.99482,Entire home/apt,93,30,7,1,0,0
9435503,16722827,Manhattan,Upper West Side,40.80122,-73.96207,Private room,97,2,104,2,250,16
9436038,48866651,Manhattan,Hell's Kitchen,40.76535,-73.99298,Entire home/apt,70,30,8,6,163,3
9437085,48913242,Manhattan,Washington Heights,40.83887,-73.94487,Private room,49,30,0,1,0,0
9543637,10681247,Manhattan,East Village,40.72458,-73.98413,Entire home/apt,84,5,32,1,0,1
9383071,48677964,Brooklyn,Bedford-Stuyvesant,40.69504,-73.95092,Private room,55,3,5,1,0,0
9544242,17888644,Manhattan,East Harlem,40.79092,-73.94796,Entire home/apt,200,2,88,1,38,25
9444819,14266812,Manhattan,Upper East Side,40.77236,-73.94775,Entire home/apt,450,30,0,1,0,0
9445342,48866651,Manhattan,Hell's Kitchen,40.75724,-73.99582,Entire home/apt,80,30,12,6,305,0
9445501,48866651,Manhattan,Hell's Kitchen,40.76347,-73.99362,Entire home/apt,80,30,6,6,277,1
9383406,6991164,Manhattan,Upper East Side,40.76977,-73.95653,Entire home/apt,198,30,83,1,342,0
9544410,49015331,Manhattan,Hell's Kitchen,40.76136,-73.99226,Entire home/apt,325,3,166,2,271,36
9384367,48627335,Manhattan,Kips Bay,40.73693,-73.97424,Private room,130,30,0,1,0,0
9445593,48949937,Manhattan,SoHo,40.72435,-74.00362,Entire home/apt,393,5,144,2,13,7
9445789,48866651,Manhattan,Hell's Kitchen,40.76537,-73.99479,Entire home/apt,70,30,5,6,365,0
9384723,13838573,Manhattan,Midtown,40.74464,-73.98358,Entire home/apt,285,31,5,1,0,0
9545059,49431548,Brooklyn,Prospect-Lefferts Gardens,40.65862,-73.95777,Private room,78,30,1,1,0,0
9545498,40316314,Manhattan,East Village,40.72363,-73.98234,Private room,80,30,1,2,0,0
9546039,49435973,Brooklyn,Williamsburg,40.7073,-73.93712,Entire home/apt,288,6,122,1,36,6
9387120,48695642,Manhattan,East Village,40.72314,-73.98066,Private room,100,30,1,1,0,0
9387436,48696992,Brooklyn,Bedford-Stuyvesant,40.69054,-73.94501,Private room,170,2,28,1,99,2
9387914,6753765,Manhattan,East Village,40.72218,-73.98432,Entire home/apt,285,30,1,3,0,0
9446357,46933987,Queens,Astoria,40.76138,-73.91855,Entire home/apt,111,30,21,1,57,21
9388254,8237570,Brooklyn,Williamsburg,40.71832,-73.94869,Private room,140,1,36,1,35,2
9546695,34000566,Brooklyn,Williamsburg,40.71069,-73.95283,Entire home/apt,95,30,0,1,0,0
9390729,15280538,Manhattan,East Harlem,40.78698,-73.9504,Entire home/apt,414,30,97,1,150,0
9547920,24337956,Brooklyn,Williamsburg,40.70545,-73.9379,Private room,45,30,1,1,0,0
9447274,9703336,Manhattan,Chelsea,40.73974,-73.9995,Entire home/apt,325,30,2,1,0,0
9450180,7989399,Queens,Sunnyside,40.73852,-73.92531,Private room,65,7,38,2,346,10
9451784,22953164,Brooklyn,Williamsburg,40.71028,-73.95445,Private room,80,30,4,1,0,0
9452887,23909946,Brooklyn,Bedford-Stuyvesant,40.68614,-73.91974,Private room,75,30,86,3,0,0
9458704,49015331,Manhattan,Hell's Kitchen,40.76217,-73.99153,Entire home/apt,299,3,119,2,256,30
9391430,6487616,Manhattan,Nolita,40.72358,-73.99431,Entire home/apt,175,30,6,1,0,0
9459232,4052055,Manhattan,East Village,40.72395,-73.98202,Private room,45,30,1,1,0,0
9548756,21188854,Manhattan,Midtown,40.75539,-73.9717,Entire home/apt,200,30,0,1,0,0
9392048,41464891,Queens,Flushing,40.76417,-73.80739,Private room,68,30,8,5,351,1
9392164,41464891,Queens,Flushing,40.76581,-73.80569,Private room,89,30,5,5,365,0
9393332,46467513,Brooklyn,Gowanus,40.66814,-73.99156,Private room,85,30,0,1,0,0
9393610,48723117,Brooklyn,Williamsburg,40.71368,-73.95089,Private room,79,30,0,1,0,0
9550485,34691404,Manhattan,SoHo,40.72339,-74.0035,Private room,90,30,2,1,0,0
9550807,21787440,Manhattan,Washington Heights,40.84005,-73.93735,Private room,65,30,1,2,0,0
9556983,49485109,Brooklyn,Bushwick,40.69973,-73.92212,Private room,65,30,18,1,0,0
9393885,48723057,Manhattan,East Village,40.7238,-73.98546,Entire home/apt,300,30,0,1,0,0
9394266,48726094,Manhattan,Chelsea,40.74947,-73.99819,Private room,113,2,203,1,20,32
9396442,26347594,Manhattan,Upper West Side,40.7772,-73.98544,Private room,105,30,11,1,0,0
9560034,23854797,Manhattan,Lower East Side,40.72192,-73.98672,Private room,85,30,1,1,0,0
9461187,49027658,Brooklyn,Greenpoint,40.73364,-73.95662,Entire home/apt,143,30,0,1,0,0
9462694,10240786,Brooklyn,Carroll Gardens,40.68105,-73.99221,Entire home/apt,150,30,1,1,0,0
9401453,39694819,Manhattan,Chelsea,40.74042,-74.00273,Entire home/apt,180,30,1,1,0,0
9404709,2743716,Brooklyn,Sunset Park,40.64442,-74.0035,Entire home/apt,90,30,6,1,0,0
9405124,19059946,Manhattan,Upper West Side,40.79947,-73.964,Private room,51,30,1,1,0,0
9463039,5857948,Manhattan,Chelsea,40.74268,-73.99889,Entire home/apt,180,30,13,1,8,1
9560398,40605120,Manhattan,East Harlem,40.78866,-73.94783,Entire home/apt,145,30,20,1,5,1
9562515,253057,Brooklyn,Fort Greene,40.68975,-73.97224,Entire home/apt,220,55,10,1,0,0
9405466,3414967,Manhattan,Upper West Side,40.77654,-73.97982,Entire home/apt,150,30,1,1,0,0
9411467,24600395,Manhattan,Chelsea,40.74695,-74.00123,Entire home/apt,250,30,28,1,263,1
9464137,42956813,Manhattan,Upper East Side,40.77144,-73.95511,Entire home/apt,175,30,15,1,0,0
9464605,5776966,Manhattan,Gramercy,40.73753,-73.98026,Private room,73,1,92,1,20,43
9411914,17234494,Manhattan,West Village,40.73319,-74.00225,Private room,65,30,2,1,0,0
9562872,49509847,Queens,Forest Hills,40.72405,-73.85366,Entire home/apt,297,2,133,1,320,13
9412276,7683847,Manhattan,Upper West Side,40.79419,-73.96925,Entire home/apt,110,30,0,1,0,0
9563436,7969836,Manhattan,Little Italy,40.7186,-73.99798,Entire home/apt,180,30,4,1,0,0
9466003,39981142,Queens,Maspeth,40.73329,-73.89463,Private room,68,30,0,1,0,0
9469827,1240958,Manhattan,Upper East Side,40.78575,-73.95096,Private room,125,5,0,1,0,0
9413287,3337974,Brooklyn,Williamsburg,40.71601,-73.95001,Private room,65,3,1,1,0,0
9414019,1333485,Brooklyn,Windsor Terrace,40.65046,-73.97474,Entire home/apt,200,30,19,1,0,0
9414237,14435697,Brooklyn,Park Slope,40.67309,-73.97417,Entire home/apt,120,30,0,1,0,0
9563868,49513668,Manhattan,Financial District,40.71082,-74.00674,Entire home/apt,200,30,211,1,129,2
9563873,49514708,Queens,Jamaica,40.68952,-73.79788,Private room,37,30,52,1,159,2
9572219,43298076,Manhattan,Harlem,40.82098,-73.95533,Private room,74,31,28,4,0,0
9414521,23850513,Manhattan,Morningside Heights,40.80816,-73.95947,Entire home/apt,120,30,3,1,0,0
9415026,14995329,Manhattan,Kips Bay,40.7435,-73.97907,Private room,95,30,1,1,0,0
9471893,49090209,Manhattan,SoHo,40.72753,-74.00124,Entire home/apt,225,30,1,1,0,0
9415109,48816743,Brooklyn,Bedford-Stuyvesant,40.69864,-73.94504,Entire home/apt,156,30,18,1,0,0
9471997,10208450,Manhattan,SoHo,40.72615,-74.00225,Entire home/apt,100,30,1,1,0,0
9572448,49482081,Brooklyn,Williamsburg,40.70075,-73.94562,Private room,45,30,1,1,0,0
9575567,7252221,Brooklyn,Flatbush,40.65146,-73.96091,Private room,50,30,5,2,0,0
9415828,43864152,Manhattan,West Village,40.73187,-74.00109,Entire home/apt,185,30,3,1,0,0
9473837,13713658,Brooklyn,Williamsburg,40.71689,-73.94429,Private room,80,30,1,1,0,0
9416007,31680304,Brooklyn,Gravesend,40.58882,-73.97403,Private room,80,3,50,2,150,1
9420768,48603189,Manhattan,Harlem,40.82363,-73.94589,Private room,74,30,17,1,0,0
9422573,248490,Brooklyn,Bedford-Stuyvesant,40.68182,-73.9381,Entire home/apt,80,30,114,2,102,6
9424217,12122228,Manhattan,Upper East Side,40.7736,-73.94739,Private room,62,30,0,1,0,0
9575809,49570763,Brooklyn,Bedford-Stuyvesant,40.6943,-73.95896,Entire home/apt,70,30,0,1,0,0
9426345,4769886,Brooklyn,Bushwick,40.69608,-73.91931,Entire home/apt,325,6,10,2,64,2
9628471,2247187,Brooklyn,Bedford-Stuyvesant,40.68581,-73.95847,Private room,41,30,1,1,0,0
9473889,49101398,Brooklyn,Gravesend,40.59584,-73.9753,Entire home/apt,115,5,29,3,235,11
9474607,43951918,Manhattan,Hell's Kitchen,40.75347,-73.99336,Entire home/apt,280,30,0,1,0,0
9630344,47783628,Brooklyn,Bushwick,40.68457,-73.91181,Private room,65,30,5,1,0,0
9475136,13034246,Brooklyn,Williamsburg,40.71567,-73.95236,Private room,90,30,0,1,0,0
9633740,6753765,Manhattan,East Village,40.72194,-73.9842,Shared room,70,30,2,3,0,0
9633920,7631412,Brooklyn,Prospect-Lefferts Gardens,40.66399,-73.9491,Entire home/apt,80,30,19,1,0,0
9475494,3394386,Manhattan,Upper East Side,40.78108,-73.95455,Entire home/apt,175,30,1,1,0,0
9476212,9721574,Manhattan,West Village,40.73147,-74.00938,Entire home/apt,250,30,0,1,0,0
9575930,16417917,Manhattan,Morningside Heights,40.80841,-73.95708,Private room,90,30,23,1,0,0
9575961,69510,Manhattan,Chelsea,40.74632,-74.00517,Entire home/apt,250,30,2,1,0,0
9634829,12298772,Manhattan,Harlem,40.80448,-73.95508,Private room,84,30,3,1,0,0
9576230,10619345,Brooklyn,Williamsburg,40.71566,-73.9623,Private room,49,30,1,1,0,0
9576278,21091779,Brooklyn,Bedford-Stuyvesant,40.68644,-73.9213,Private room,75,1,140,4,53,6
9576812,4562182,Manhattan,Harlem,40.8117,-73.94558,Entire home/apt,248,30,76,3,294,3
9476449,13859188,Brooklyn,Park Slope,40.6671,-73.97791,Entire home/apt,200,30,2,1,0,0
9476774,15145088,Manhattan,Upper West Side,40.78728,-73.97383,Entire home/apt,375,30,9,8,341,5
9635223,49827772,Brooklyn,Bedford-Stuyvesant,40.68725,-73.91999,Private room,46,30,1,1,0,0
9477096,49120717,Manhattan,Harlem,40.82441,-73.95107,Private room,40,30,1,1,0,0
9477359,22063782,Manhattan,East Village,40.72193,-73.98532,Entire home/apt,180,7,1,1,0,0
9577748,4451240,Manhattan,Morningside Heights,40.80386,-73.96387,Private room,68,30,1,1,0,0
9578848,20510488,Brooklyn,Prospect Heights,40.67789,-73.96633,Entire home/apt,185,30,0,1,0,0
9635607,49831860,Brooklyn,Canarsie,40.64162,-73.91301,Private room,194,2,249,2,89,33
9580218,49592958,Manhattan,Gramercy,40.73754,-73.98197,Private room,80,30,0,1,0,0
9585027,45632792,Manhattan,Kips Bay,40.74415,-73.97758,Private room,80,30,2,2,0,0
9477489,49123284,Manhattan,Two Bridges,40.71168,-73.99585,Entire home/apt,115,30,143,2,220,7
9478196,26748898,Manhattan,West Village,40.73412,-74.00849,Entire home/apt,275,30,4,1,0,0
9479084,1177400,Manhattan,Chinatown,40.71333,-73.99513,Entire home/apt,175,30,3,1,0,0
9636194,3851320,Brooklyn,Bedford-Stuyvesant,40.67895,-73.94251,Entire home/apt,160,4,0,2,349,0
9479324,49133999,Brooklyn,Clinton Hill,40.69585,-73.96344,Private room,65,60,0,1,0,0
9484892,13667539,Manhattan,East Village,40.72233,-73.9803,Private room,75,30,2,1,0,0
9486111,14565422,Manhattan,Upper East Side,40.78403,-73.94835,Entire home/apt,185,30,126,3,201,2
9588699,6697886,Manhattan,Harlem,40.81785,-73.94632,Private room,63,30,0,1,0,0
9645338,14965776,Brooklyn,Crown Heights,40.66957,-73.95607,Private room,55,30,5,1,0,0
9646346,18668835,Manhattan,East Village,40.72515,-73.98851,Entire home/apt,190,30,0,1,0,0
9588828,49630478,Manhattan,Upper East Side,40.78148,-73.94801,Entire home/apt,115,30,1,1,0,0
9486332,49167534,Manhattan,Upper East Side,40.77281,-73.95822,Entire home/apt,175,30,0,1,0,0
9647235,49879147,Queens,Forest Hills,40.72651,-73.85331,Private room,75,30,0,1,0,0
9488756,1657540,Brooklyn,Bedford-Stuyvesant,40.68194,-73.94327,Private room,70,30,2,1,0,0
9489073,49181430,Manhattan,East Harlem,40.79305,-73.93432,Entire home/apt,99,30,27,1,0,0
9492678,1335392,Brooklyn,Williamsburg,40.71673,-73.95686,Entire home/apt,450,30,0,1,0,0
9589086,21086012,Brooklyn,Bedford-Stuyvesant,40.69564,-73.94835,Private room,60,30,4,1,0,0
9589133,605354,Brooklyn,Carroll Gardens,40.67793,-73.99659,Entire home/apt,150,30,2,1,1,0
9589179,6312670,Manhattan,Nolita,40.72003,-73.99425,Entire home/apt,146,30,1,1,0,0
9652413,17065519,Manhattan,Harlem,40.80524,-73.95612,Entire home/apt,89,30,1,1,0,0
9590866,49641082,Manhattan,Harlem,40.8177,-73.94365,Private room,39,30,0,1,0,0
9592655,49649740,Manhattan,Harlem,40.81105,-73.95297,Private room,80,30,0,1,0,0
9492750,15441931,Manhattan,Harlem,40.81127,-73.94513,Entire home/apt,220,30,129,1,286,4
9492969,826493,Brooklyn,Crown Heights,40.67404,-73.96014,Private room,61,30,0,1,0,0
9493142,49202910,Brooklyn,Greenpoint,40.72483,-73.94429,Private room,70,30,0,1,0,0
9652438,8308648,Brooklyn,Bedford-Stuyvesant,40.68715,-73.91827,Private room,58,30,5,2,0,0
9494304,224009,Manhattan,East Harlem,40.79404,-73.94358,Entire home/apt,425,14,8,2,0,0
9496213,6515431,Brooklyn,Williamsburg,40.70564,-73.93646,Private room,46,30,2,1,0,0
9496559,20160518,Brooklyn,East Flatbush,40.65343,-73.95175,Private room,50,30,0,1,0,0
9593093,49651648,Manhattan,Harlem,40.80355,-73.95145,Private room,76,30,0,1,0,0
9653005,4878479,Brooklyn,Crown Heights,40.67648,-73.96305,Entire home/apt,130,30,0,1,0,0
9594892,10651357,Manhattan,SoHo,40.72678,-74.00709,Entire home/apt,450,30,2,1,0,0
9660751,45166068,Manhattan,East Village,40.72316,-73.9844,Entire home/apt,200,30,8,1,0,0
9595836,1172202,Queens,Ditmars Steinway,40.77096,-73.90857,Entire home/apt,107,30,80,4,138,0
9504043,31155262,Brooklyn,Williamsburg,40.71158,-73.9475,Private room,79,56,0,1,0,0
9505990,49260425,Brooklyn,Bushwick,40.69727,-73.9338,Entire home/apt,68,30,1,1,0,0
9662070,506208,Brooklyn,Bushwick,40.70435,-73.91646,Private room,65,30,2,1,0,0
9507521,49268145,Brooklyn,South Slope,40.66715,-73.98827,Entire home/apt,275,30,2,1,0,0
9508202,43707936,Manhattan,Harlem,40.8311,-73.9419,Private room,110,30,0,1,0,0
9596551,37058836,Manhattan,East Harlem,40.79505,-73.94706,Entire home/apt,300,30,1,1,0,0
9596854,21498793,Brooklyn,Bedford-Stuyvesant,40.68959,-73.95627,Entire home/apt,150,3,33,1,10,3
9663062,3250450,Queens,Astoria,40.75797,-73.91221,Private room,37,30,4,18,306,1
9596868,6677425,Manhattan,Upper West Side,40.79809,-73.96305,Private room,67,2,43,3,202,33
9509148,5023498,Brooklyn,Crown Heights,40.67689,-73.96255,Entire home/apt,169,3,150,2,100,16
9664497,32173907,Brooklyn,Bushwick,40.70386,-73.92682,Private room,55,30,6,1,0,0
9597031,49671297,Queens,Ridgewood,40.70619,-73.89749,Entire home/apt,68,3,30,1,5,0
9665709,49951208,Queens,Long Island City,40.74225,-73.95319,Entire home/apt,95,30,0,1,0,0
9597629,24951732,Brooklyn,South Slope,40.66661,-73.98103,Entire home/apt,350,2,0,1,0,0
9509218,49275064,Manhattan,East Village,40.73231,-73.98821,Entire home/apt,166,3,55,1,0,1
9669305,49967558,Manhattan,NoHo,40.72506,-73.99482,Entire home/apt,145,30,3,1,0,0
9606832,49709755,Brooklyn,Greenpoint,40.72259,-73.95276,Entire home/apt,135,30,0,1,0,0
9674880,30312537,Manhattan,Hell's Kitchen,40.7608,-73.9947,Private room,95,30,0,1,0,0
9607482,36380016,Manhattan,Midtown,40.7532,-73.96711,Entire home/apt,99,30,7,1,0,0
9607485,3975066,Brooklyn,Crown Heights,40.67098,-73.93901,Entire home/apt,75,7,3,1,0,2
9510385,49279577,Queens,Astoria,40.76867,-73.91245,Private room,60,7,48,1,331,13
9511490,240471,Brooklyn,Williamsburg,40.70928,-73.94797,Private room,60,3,7,1,162,0
9675061,23048845,Manhattan,Upper East Side,40.77013,-73.94915,Entire home/apt,160,30,0,1,0,0
9511685,49286334,Manhattan,Stuyvesant Town,40.73288,-73.97984,Private room,80,30,1,1,0,0
9607855,46222477,Manhattan,SoHo,40.72412,-74.00415,Entire home/apt,145,30,61,1,0,0
9607995,45100854,Manhattan,East Village,40.72278,-73.98028,Private room,75,30,4,2,0,0
9675064,49991005,Brooklyn,Canarsie,40.63155,-73.90812,Private room,45,30,254,1,242,2
9609246,49720830,Manhattan,Murray Hill,40.74908,-73.97499,Private room,119,30,1,1,0,0
9609825,27158859,Manhattan,Chelsea,40.74542,-73.99642,Entire home/apt,212,30,15,1,0,0
9512372,4110869,Manhattan,Harlem,40.82344,-73.95405,Private room,95,30,16,2,365,0
9675609,5480274,Brooklyn,Williamsburg,40.71024,-73.94138,Private room,55,30,9,1,0,0
9513152,20019653,Manhattan,East Village,40.72223,-73.98299,Private room,50,30,1,1,0,0
9676890,1387286,Brooklyn,Williamsburg,40.70745,-73.94908,Private room,66,30,1,2,0,0
9677744,50001302,Manhattan,Harlem,40.82635,-73.94459,Entire home/apt,77,30,63,1,0,0
9513278,49293535,Manhattan,SoHo,40.72646,-74.00365,Entire home/apt,188,30,2,1,0,0
9513287,49293531,Brooklyn,Bedford-Stuyvesant,40.68461,-73.92751,Entire home/apt,320,80,0,5,2,0
9513379,24295818,Brooklyn,Williamsburg,40.70968,-73.94575,Private room,45,30,0,1,0,0
9610704,15337454,Manhattan,West Village,40.735,-73.99964,Private room,80,30,1,1,0,0
9610982,47511212,Manhattan,Morningside Heights,40.80508,-73.96262,Private room,55,30,4,1,0,0
9677912,50001799,Brooklyn,Bedford-Stuyvesant,40.69191,-73.93611,Entire home/apt,220,2,31,1,0,0
9612035,49730010,Manhattan,Harlem,40.82761,-73.94984,Private room,70,30,0,1,365,0
9514860,16675838,Manhattan,Hell's Kitchen,40.7649,-73.98925,Entire home/apt,299,30,0,1,0,0
9678870,50005319,Brooklyn,Park Slope,40.67779,-73.98113,Entire home/apt,160,30,0,1,0,0
9679289,50006975,Brooklyn,Bushwick,40.70633,-73.92231,Private room,55,30,1,1,0,0
9517131,42807409,Manhattan,Financial District,40.71002,-74.00723,Private room,98,30,0,1,0,0
9612938,49736436,Manhattan,Washington Heights,40.8338,-73.93842,Entire home/apt,80,30,30,3,96,5
9613369,49737913,Manhattan,Upper West Side,40.78094,-73.98322,Entire home/apt,195,30,1,1,0,0
9613541,49738780,Queens,Astoria,40.77211,-73.92055,Private room,100,30,0,1,0,0
9679310,25165109,Manhattan,Gramercy,40.73374,-73.98543,Private room,160,30,1,1,0,0
9517488,31248442,Manhattan,West Village,40.7347,-74.00784,Entire home/apt,150,30,1,1,0,0
9682617,50015739,Manhattan,Midtown,40.74749,-73.9825,Entire home/apt,228,30,13,1,0,0
9613626,7371085,Brooklyn,Williamsburg,40.70463,-73.93194,Private room,55,30,2,1,0,0
9614224,49736436,Manhattan,Washington Heights,40.83537,-73.93892,Entire home/apt,96,30,7,3,286,1
9682898,17261034,Brooklyn,Williamsburg,40.71042,-73.96146,Private room,70,30,1,1,0,0
9614552,766920,Brooklyn,Carroll Gardens,40.68187,-73.99735,Entire home/apt,110,30,4,1,0,0
9614672,7534128,Manhattan,Theater District,40.76264,-73.98526,Entire home/apt,450,30,0,1,0,0
9520489,14466771,Manhattan,Battery Park City,40.70702,-74.01676,Entire home/apt,300,180,0,1,0,0
9685158,28191353,Manhattan,East Village,40.72852,-73.97879,Entire home/apt,400,30,0,1,0,0
9685213,50028109,Manhattan,Morningside Heights,40.81109,-73.95904,Private room,55,30,0,1,0,0
9521009,34066586,Brooklyn,Williamsburg,40.70687,-73.93924,Private room,55,30,0,1,0,0
9614785,6040624,Brooklyn,Sunset Park,40.64542,-74.00828,Entire home/apt,175,2,190,1,78,23
9614933,32971323,Brooklyn,Williamsburg,40.70797,-73.95284,Private room,80,30,0,1,0,0
9685865,50031308,Brooklyn,Midwood,40.63023,-73.96822,Private room,65,4,75,1,330,11
9615485,35320945,Manhattan,Roosevelt Island,40.76114,-73.95037,Private room,67,30,5,1,0,0
9616453,49753169,Manhattan,Morningside Heights,40.8085,-73.95806,Private room,75,30,1,1,0,0
9616729,49754509,Brooklyn,Bedford-Stuyvesant,40.68901,-73.95057,Private room,31,30,1,1,0,0
9617219,47784768,Brooklyn,Brownsville,40.665,-73.9186,Private room,80,2,125,4,320,23
9624177,623474,Brooklyn,Williamsburg,40.7101,-73.96501,Entire home/apt,200,30,0,1,0,0
9626230,3851320,Brooklyn,Bedford-Stuyvesant,40.67886,-73.94063,Entire home/apt,258,4,106,2,277,26
9627513,36792245,Manhattan,Harlem,40.80251,-73.95573,Private room,75,30,8,1,0,0
9729517,5023498,Brooklyn,Crown Heights,40.67911,-73.9609,Shared room,54,1,12,2,0,0
9521704,14391637,Manhattan,East Village,40.72447,-73.98191,Entire home/apt,200,30,3,1,0,0
9686167,50032395,Manhattan,Upper West Side,40.80213,-73.96626,Private room,85,30,7,2,0,0
9691204,50053165,Brooklyn,Fort Greene,40.68664,-73.97034,Entire home/apt,185,30,1,1,0,0
9730117,68890,Brooklyn,Bedford-Stuyvesant,40.68788,-73.95395,Entire home/apt,175,30,12,1,0,0
9692074,34796316,Manhattan,Morningside Heights,40.80562,-73.95978,Private room,200,30,1,1,0,0
9730784,1038645,Manhattan,Lower East Side,40.72209,-73.98742,Private room,140,30,5,1,0,0
9523761,39072477,Manhattan,Roosevelt Island,40.76691,-73.94671,Private room,80,30,2,1,0,0
9692090,9507017,Manhattan,Lower East Side,40.71954,-73.99067,Private room,58,30,0,1,0,0
9692205,42950170,Manhattan,East Village,40.72735,-73.98384,Private room,70,30,2,1,0,0
9692740,50013026,Manhattan,Upper West Side,40.79974,-73.96472,Private room,50,30,2,1,0,0
9693080,634195,Queens,Sunnyside,40.74495,-73.92422,Entire home/apt,97,10,5,1,0,3
9694487,27441163,Manhattan,Midtown,40.74549,-73.98238,Entire home/apt,300,30,0,1,0,0
9525335,49347979,Manhattan,Harlem,40.8155,-73.95302,Private room,55,30,2,1,0,0
9525490,41094794,Manhattan,East Village,40.72626,-73.98929,Entire home/apt,325,30,2,1,0,0
9731039,50213378,Queens,Sunnyside,40.74343,-73.91865,Entire home/apt,99,30,0,1,0,0
9731178,8693741,Brooklyn,Bedford-Stuyvesant,40.69441,-73.94922,Private room,35,30,2,1,0,0
9731739,34939187,Manhattan,Hell's Kitchen,40.76575,-73.98766,Entire home/apt,184,30,25,1,0,0
9733227,4396337,Brooklyn,Williamsburg,40.71971,-73.95561,Entire home/apt,171,28,4,1,0,0
9735503,166014,Queens,Astoria,40.77201,-73.92197,Entire home/apt,100,30,2,1,0,0
9735931,6501582,Brooklyn,Crown Heights,40.67656,-73.93325,Private room,50,2,12,1,0,0
9735957,49494357,Manhattan,Nolita,40.72274,-73.99453,Entire home/apt,395,10,57,1,96,14
9736071,17870643,Manhattan,Midtown,40.75905,-73.96448,Entire home/apt,195,30,0,1,0,0
9737362,14786085,Manhattan,Kips Bay,40.74122,-73.98136,Entire home/apt,275,30,3,1,0,0
9695552,14651590,Manhattan,Morningside Heights,40.80442,-73.95875,Entire home/apt,150,30,4,1,0,0
9739888,50252837,Manhattan,Harlem,40.81656,-73.95725,Private room,45,30,0,1,0,0
9740010,389899,Brooklyn,Williamsburg,40.71924,-73.95767,Entire home/apt,160,30,215,2,250,0
9740386,50255130,Manhattan,Chelsea,40.74127,-74.00374,Entire home/apt,189,30,0,1,0,0
9794364,8546088,Manhattan,Upper West Side,40.79954,-73.96269,Private room,100,30,42,1,0,0
9794402,17490821,Queens,Astoria,40.76064,-73.92155,Entire home/apt,100,30,1,1,0,0
9696307,25499953,Manhattan,Upper West Side,40.80198,-73.96942,Entire home/apt,100,30,1,1,0,0
9745297,18830662,Manhattan,SoHo,40.72195,-74.00194,Private room,75,30,1,1,0,0
9697749,43380791,Brooklyn,Bedford-Stuyvesant,40.68552,-73.92309,Private room,28,30,1,1,0,0
9794825,18998261,Manhattan,Hell's Kitchen,40.762,-73.99415,Private room,110,30,0,1,0,0
9697969,50080673,Manhattan,East Village,40.73033,-73.98788,Private room,101,30,0,1,0,0
9746225,14005489,Manhattan,SoHo,40.72713,-74.0059,Entire home/apt,250,30,0,1,0,0
9698613,50084376,Queens,Ditmars Steinway,40.77464,-73.91062,Private room,35,30,2,1,0,0
9698691,50084137,Queens,Jackson Heights,40.75298,-73.88987,Entire home/apt,105,30,2,1,0,0
9698905,2262706,Brooklyn,Carroll Gardens,40.6826,-73.99216,Private room,95,30,2,1,0,0
9698992,43298076,Manhattan,Harlem,40.82174,-73.95343,Private room,64,31,44,4,0,0
9699559,3655401,Manhattan,Kips Bay,40.741,-73.97771,Entire home/apt,150,30,2,1,0,0
9705782,8144242,Brooklyn,Bedford-Stuyvesant,40.68417,-73.95456,Entire home/apt,314,30,24,1,0,0
9705958,20007675,Brooklyn,Bedford-Stuyvesant,40.68187,-73.93558,Entire home/apt,65,30,4,1,0,0
9706724,50086145,Brooklyn,Crown Heights,40.67146,-73.95237,Private room,55,30,5,1,0,0
9747059,50282201,Manhattan,Upper West Side,40.79901,-73.96811,Private room,120,30,0,1,0,0
9747682,4018726,Brooklyn,Bedford-Stuyvesant,40.69214,-73.94513,Private room,58,4,12,1,0,2
9748877,24260658,Manhattan,East Harlem,40.79449,-73.93591,Private room,151,3,70,4,26,9
9795958,4205782,Manhattan,Hell's Kitchen,40.76301,-73.9927,Entire home/apt,150,30,0,1,0,0
9796155,34202667,Brooklyn,Bushwick,40.69084,-73.92075,Private room,40,30,0,1,0,0
9707498,43438475,Brooklyn,South Slope,40.66714,-73.98901,Entire home/apt,115,30,174,3,217,3
9796737,41003664,Manhattan,Lower East Side,40.7133,-73.98645,Private room,70,30,2,1,0,0
9750139,50292584,Brooklyn,Sunset Park,40.64276,-74.01344,Entire home/apt,116,3,114,2,284,8
9750308,50291368,Brooklyn,Bushwick,40.68824,-73.90667,Private room,26,30,23,1,0,0
9707531,35671352,Manhattan,Lower East Side,40.7189,-73.98543,Entire home/apt,160,30,2,1,0,0
9751043,393473,Brooklyn,Bedford-Stuyvesant,40.69385,-73.95181,Entire home/apt,277,4,256,2,216,43
9797293,5474579,Manhattan,East Harlem,40.79617,-73.93452,Entire home/apt,85,30,0,1,0,0
9800247,36585734,Manhattan,East Village,40.72955,-73.98058,Private room,77,30,0,1,0,0
9802654,4050348,Manhattan,Greenwich Village,40.72935,-74.00064,Private room,200,30,0,1,0,0
9804243,2330750,Brooklyn,Bedford-Stuyvesant,40.69019,-73.94914,Private room,45,30,4,1,0,0
9804299,3285138,Brooklyn,Williamsburg,40.71992,-73.96024,Private room,70,30,1,1,0,0
9804516,49347242,Manhattan,Hell's Kitchen,40.76855,-73.98647,Entire home/apt,175,30,3,1,0,0
9707671,14811787,Manhattan,Upper East Side,40.76846,-73.95345,Private room,150,30,19,3,310,0
9804814,10487850,Manhattan,Midtown,40.75287,-73.96708,Entire home/apt,230,1,0,1,0,0
9804849,12996782,Manhattan,Midtown,40.76408,-73.98024,Private room,113,30,0,1,0,0
9708577,50126257,Brooklyn,Borough Park,40.63511,-73.98985,Entire home/apt,300,2,146,1,301,37
9805128,50520029,Brooklyn,Bushwick,40.69318,-73.90654,Private room,49,30,2,1,0,0
9805274,2329581,Manhattan,Nolita,40.72204,-73.99484,Private room,100,30,4,2,0,0
9806373,50523735,Brooklyn,Prospect-Lefferts Gardens,40.65739,-73.94621,Entire home/apt,140,14,149,2,296,2
9752005,4173415,Manhattan,West Village,40.73833,-74.0042,Private room,100,1,286,1,265,122
9752053,1587834,Brooklyn,Greenpoint,40.72212,-73.94423,Private room,65,30,0,1,0,0
9753018,1527888,Brooklyn,Williamsburg,40.71073,-73.95263,Entire home/apt,250,31,8,1,0,0
9753240,1342653,Manhattan,SoHo,40.72719,-74.00266,Entire home/apt,750,7,16,1,152,0
9709428,40044130,Brooklyn,Williamsburg,40.71009,-73.953,Private room,80,30,2,1,0,0
9806606,4765305,Manhattan,East Village,40.72202,-73.98256,Private room,152,2,43,8,249,22
9806634,4765305,Manhattan,East Village,40.72351,-73.98461,Private room,173,2,96,8,257,34
9709801,50131208,Queens,Astoria,40.76994,-73.91841,Private room,40,30,0,1,0,0
9807059,50526314,Manhattan,Morningside Heights,40.81047,-73.95735,Private room,57,30,0,1,0,0
9809458,3829864,Brooklyn,Williamsburg,40.71742,-73.9547,Entire home/apt,165,30,6,1,0,0
9753443,2147475,Brooklyn,Greenpoint,40.71957,-73.95346,Entire home/apt,133,30,3,1,0,0
9755074,33401596,Brooklyn,Bedford-Stuyvesant,40.69199,-73.94747,Entire home/apt,120,30,5,1,0,0
9755384,9262409,Manhattan,Hell's Kitchen,40.76541,-73.98741,Private room,83,30,1,1,0,0
9710538,50132533,Bronx,Riverdale,40.88422,-73.90886,Entire home/apt,85,30,0,1,0,0
9710620,7027191,Brooklyn,Crown Heights,40.67742,-73.94956,Entire home/apt,72,45,6,1,0,2
9712829,8262339,Brooklyn,Williamsburg,40.71125,-73.9645,Entire home/apt,200,30,4,1,0,0
9713626,13148824,Manhattan,Chelsea,40.74257,-74.0038,Entire home/apt,280,30,6,1,0,0
9714004,50148553,Manhattan,Theater District,40.7615,-73.98461,Private room,275,30,18,1,0,0
9755479,18799694,Manhattan,East Village,40.73333,-73.99075,Entire home/apt,300,30,0,1,0,0
9756258,11513145,Manhattan,Upper West Side,40.78539,-73.97698,Private room,65,30,2,1,0,0
9756996,1587220,Manhattan,West Village,40.73702,-74.00689,Entire home/apt,240,30,0,1,0,0
9757018,50318467,Manhattan,Marble Hill,40.87663,-73.91041,Private room,50,30,2,1,0,0
9757167,4422477,Manhattan,East Village,40.7294,-73.98034,Private room,51,30,1,1,0,0
9757351,7952263,Manhattan,Upper East Side,40.78372,-73.95333,Entire home/apt,200,4,1,1,0,0
9757762,3696938,Brooklyn,Williamsburg,40.70935,-73.95207,Entire home/apt,180,30,0,1,0,0
9757875,34861728,Queens,Kew Gardens,40.70836,-73.83025,Private room,62,30,16,4,249,0
9759525,50331528,Manhattan,Midtown,40.76611,-73.98243,Entire home/apt,121,30,3,1,0,0
9759704,6706379,Brooklyn,Bedford-Stuyvesant,40.69165,-73.94108,Private room,31,30,2,1,0,0
9714870,202665,Brooklyn,Bedford-Stuyvesant,40.68553,-73.95855,Entire home/apt,120,30,4,1,0,0
9714880,50152355,Brooklyn,Bushwick,40.69859,-73.92294,Entire home/apt,60,30,0,1,0,0
9715404,6105861,Manhattan,Upper East Side,40.76671,-73.95663,Private room,100,30,0,1,0,0
9715973,50157334,Manhattan,Kips Bay,40.74285,-73.97468,Entire home/apt,150,30,1,1,0,0
9765276,37821056,Brooklyn,Flatbush,40.65288,-73.95943,Private room,45,30,16,8,280,2
9809911,50537550,Brooklyn,Bedford-Stuyvesant,40.68387,-73.91782,Entire home/apt,185,30,34,1,364,0
9716234,43719073,Brooklyn,Sheepshead Bay,40.59988,-73.95478,Shared room,57,1,165,8,23,19
9716424,1226950,Brooklyn,Crown Heights,40.67712,-73.95116,Private room,82,30,20,2,323,0
9717662,4549440,Manhattan,Harlem,40.82347,-73.93944,Private room,37,30,0,1,0,0
9717766,50165358,Manhattan,Murray Hill,40.74987,-73.97293,Entire home/apt,200,30,0,1,0,0
9765762,9662924,Brooklyn,Williamsburg,40.70633,-73.95024,Private room,85,30,1,1,0,0
9765944,10366292,Brooklyn,Clinton Hill,40.68487,-73.96401,Private room,75,30,0,1,0,0
9720768,31626212,Manhattan,Theater District,40.7592,-73.98533,Private room,75,30,165,5,75,3
9720809,31626212,Manhattan,Midtown,40.74786,-73.98585,Private room,60,30,11,5,153,0
9724452,45198805,Manhattan,Washington Heights,40.83458,-73.93917,Entire home/apt,70,30,0,1,0,0
9725232,290908,Brooklyn,Prospect-Lefferts Gardens,40.66142,-73.95133,Entire home/apt,165,6,230,2,85,31
9766922,19874128,Manhattan,Harlem,40.81941,-73.95461,Private room,91,30,0,1,0,0
9767424,50364039,Brooklyn,Williamsburg,40.71566,-73.96195,Entire home/apt,225,2,151,3,285,42
9810271,50539477,Manhattan,Harlem,40.8232,-73.95426,Private room,47,90,110,3,246,3
9725508,16437254,Brooklyn,Boerum Hill,40.68812,-73.9854,Entire home/apt,178,30,21,14,235,2
9726043,292084,Brooklyn,Kensington,40.64467,-73.97055,Entire home/apt,95,10,8,1,30,1
9819018,49861582,Manhattan,Lower East Side,40.71219,-73.98828,Private room,45,30,2,1,0,0
9819545,22159648,Brooklyn,Williamsburg,40.70676,-73.94395,Private room,75,30,3,1,0,0
9819589,2290932,Brooklyn,Fort Greene,40.68712,-73.9732,Entire home/apt,80,30,4,1,0,0
9726143,37803660,Manhattan,Midtown,40.74924,-73.96946,Entire home/apt,199,30,1,1,0,0
9728168,5124437,Manhattan,Hell's Kitchen,40.7599,-73.99754,Entire home/apt,189,30,4,1,0,0
9728203,3758471,Brooklyn,Crown Heights,40.67312,-73.9572,Private room,50,30,1,2,0,0
9865344,50772718,Brooklyn,Flatbush,40.63443,-73.96703,Private room,47,30,2,1,0,0
9820053,22440410,Manhattan,SoHo,40.72688,-74.00058,Entire home/apt,195,30,1,1,0,0
9768199,50366054,Manhattan,Upper West Side,40.79937,-73.96193,Entire home/apt,129,4,39,2,0,14
9768360,50368164,Brooklyn,Windsor Terrace,40.64921,-73.97243,Entire home/apt,100,30,7,1,0,0
9866039,314008,Manhattan,Midtown,40.75319,-73.97223,Entire home/apt,270,14,9,1,0,0
9872904,29111960,Manhattan,Lower East Side,40.72168,-73.99183,Private room,55,30,1,1,0,0
9874418,7410082,Brooklyn,Greenpoint,40.72313,-73.93786,Private room,30,30,1,1,0,0
9768765,50369736,Brooklyn,Kensington,40.64554,-73.98023,Private room,24,30,1,1,0,0
9769423,50372319,Brooklyn,Gowanus,40.6702,-73.98977,Entire home/apt,175,3,102,1,307,31
9769817,50374022,Brooklyn,Williamsburg,40.71162,-73.9639,Entire home/apt,125,30,13,2,0,0
9770041,96598,Brooklyn,Greenpoint,40.72056,-73.9473,Entire home/apt,175,30,2,1,0,0
9770459,49293531,Brooklyn,Bedford-Stuyvesant,40.6829,-73.9398,Private room,73,14,30,5,296,4
9821183,49897449,Brooklyn,Bushwick,40.69326,-73.92608,Private room,50,30,0,1,0,0
9821359,50588693,Queens,Astoria,40.76125,-73.91008,Private room,30,30,0,1,0,0
9875791,14811787,Manhattan,Upper East Side,40.76693,-73.95179,Private room,150,30,5,3,258,0
9875822,36830075,Manhattan,Harlem,40.8292,-73.94874,Private room,85,30,0,2,0,0
9821370,50588394,Manhattan,Harlem,40.82281,-73.94082,Private room,85,30,33,2,365,0
9772177,50384225,Manhattan,East Harlem,40.78709,-73.95206,Private room,193,31,0,1,0,0
9773384,3816296,Manhattan,Chinatown,40.71828,-73.9957,Entire home/apt,180,30,0,1,0,0
9876040,50588394,Manhattan,Harlem,40.82284,-73.93877,Private room,88,30,5,2,365,0
9879216,5229579,Brooklyn,Williamsburg,40.71785,-73.96232,Private room,69,30,0,3,0,0
9879556,30283594,Manhattan,Upper East Side,40.76366,-73.9586,Entire home/apt,419,30,1,95,343,0
9880140,3460956,Manhattan,Washington Heights,40.85744,-73.93159,Entire home/apt,104,30,13,1,0,0
9881516,50839249,Manhattan,Midtown,40.74697,-73.98897,Private room,50,30,0,1,0,0
9821408,1010435,Manhattan,East Village,40.72969,-73.98691,Entire home/apt,125,30,4,2,1,0
9882012,5229579,Brooklyn,Williamsburg,40.71974,-73.9618,Private room,59,30,0,3,0,0
9882147,7408257,Brooklyn,Bedford-Stuyvesant,40.69307,-73.94984,Private room,40,30,0,1,0,0
9882440,30283594,Manhattan,Midtown,40.765633,-73.982376,Entire home/apt,619,30,3,95,362,0
9884175,8936829,Manhattan,Lower East Side,40.72153,-73.9887,Private room,150,30,0,1,0,0
9775146,50396427,Brooklyn,Prospect Heights,40.67565,-73.96431,Entire home/apt,132,59,19,1,256,3
9884667,35558695,Brooklyn,Windsor Terrace,40.65245,-73.974,Private room,150,30,28,2,106,0
9775237,38263259,Manhattan,Harlem,40.82086,-73.95497,Entire home/apt,144,30,7,1,0,0
9777669,20068971,Manhattan,Washington Heights,40.85147,-73.93771,Entire home/apt,125,30,0,1,0,0
9777883,4098796,Manhattan,Harlem,40.8188,-73.95283,Private room,62,30,0,1,0,0
9822110,23914377,Brooklyn,Williamsburg,40.70227,-73.93887,Private room,50,30,0,1,0,0
9822738,50593964,Manhattan,Upper East Side,40.77542,-73.95469,Entire home/apt,199,30,1,1,0,0
9822983,4119786,Brooklyn,Prospect Heights,40.6733,-73.9647,Private room,40,30,1,1,0,0
9823085,46256682,Brooklyn,Bedford-Stuyvesant,40.68988,-73.95145,Private room,54,30,14,1,0,0
9884725,17108566,Manhattan,Gramercy,40.73369,-73.98637,Entire home/apt,180,30,0,1,0,0
9885501,1762558,Manhattan,East Village,40.72133,-73.9793,Private room,89,30,24,1,0,0
9886606,221266,Manhattan,East Harlem,40.79146,-73.94763,Private room,94,30,3,1,0,0
9887326,33499326,Manhattan,Upper West Side,40.79862,-73.96797,Private room,70,30,2,1,0,0
9887763,31534322,Queens,Long Island City,40.74769,-73.94458,Private room,100,30,77,3,38,3
9894602,10456845,Queens,Astoria,40.7592,-73.9247,Private room,40,30,2,2,0,0
9894820,50894847,Manhattan,Upper East Side,40.76813,-73.96793,Entire home/apt,149,30,1,1,0,0
9823636,25153542,Manhattan,Hell's Kitchen,40.76009,-73.99189,Private room,85,30,1,1,0,0
9824042,24175837,Manhattan,Kips Bay,40.74423,-73.97742,Private room,69,30,107,2,0,0
9825939,9055412,Brooklyn,Williamsburg,40.70663,-73.94701,Private room,100,30,0,1,0,0
9895587,31534322,Queens,Long Island City,40.74629,-73.94493,Private room,80,30,138,3,68,6
9895911,6513960,Queens,Astoria,40.75738,-73.91843,Private room,55,30,12,1,0,0
9896731,50448556,Manhattan,Harlem,40.80351,-73.95086,Private room,109,30,1,5,0,0
9826628,820010,Brooklyn,Bedford-Stuyvesant,40.69079,-73.94239,Private room,55,1,156,1,331,12
9827236,25752230,Brooklyn,Bushwick,40.69224,-73.91834,Private room,69,30,0,1,0,0
9778407,40571321,Brooklyn,Bedford-Stuyvesant,40.69335,-73.93107,Private room,90,30,0,1,0,0
9897418,49120239,Manhattan,Harlem,40.8138,-73.93811,Entire home/apt,120,7,0,1,0,0
9898022,4292920,Queens,Flushing,40.751447088934434,-73.82805880576915,Entire home/apt,93,30,8,1,365,1
9778579,50411330,Manhattan,Lower East Side,40.71504,-73.98879,Private room,45,30,2,1,0,0
9898107,50760546,Manhattan,Murray Hill,40.7453,-73.97652,Entire home/apt,150,30,1,31,149,0
9831392,49453860,Queens,Forest Hills,40.72247,-73.84549,Entire home/apt,123,30,0,1,0,0
9835402,47785416,Manhattan,Upper East Side,40.78146,-73.95008,Entire home/apt,300,30,0,1,0,0
9836020,33908393,Manhattan,Tribeca,40.71796,-74.01117,Entire home/apt,197,30,0,1,0,0
9836960,38064272,Brooklyn,Bedford-Stuyvesant,40.68513,-73.95097,Private room,19,30,3,1,0,0
9898409,40709140,Brooklyn,Bedford-Stuyvesant,40.68496,-73.94758,Entire home/apt,160,30,0,1,0,0
9898894,19529891,Manhattan,Upper East Side,40.76933,-73.95686,Entire home/apt,135,30,0,1,0,0
9838145,5904463,Manhattan,East Village,40.72489,-73.98256,Entire home/apt,250,30,0,4,0,0
9778583,34351124,Brooklyn,Bedford-Stuyvesant,40.68699,-73.91905,Private room,75,30,1,1,0,0
9899132,9995094,Queens,Long Island City,40.74514,-73.95295,Entire home/apt,229,3,158,1,90,27
9778978,32525636,Manhattan,Harlem,40.82109,-73.95723,Entire home/apt,56,30,1,1,0,0
9779136,3758471,Brooklyn,Crown Heights,40.67377,-73.95887,Private room,50,30,1,2,0,0
9785516,4094857,Manhattan,Upper West Side,40.78974,-73.96858,Entire home/apt,300,30,25,1,0,0
9899499,10836122,Brooklyn,Greenpoint,40.72476,-73.93998,Private room,50,30,1,1,0,0
9785847,42424450,Brooklyn,Williamsburg,40.7201,-73.95722,Private room,75,30,1,1,0,0
9839017,3510997,Manhattan,Harlem,40.82421,-73.95142,Entire home/apt,98,3,49,1,36,16
9839263,3250450,Queens,Astoria,40.76222,-73.92417,Private room,43,30,0,18,341,0
9839532,11303788,Brooklyn,Williamsburg,40.71039,-73.95694,Private room,75,30,3,1,144,2
9839906,14018666,Brooklyn,Sheepshead Bay,40.58553,-73.95523,Private room,47,30,9,1,0,0
9841695,50678424,Brooklyn,Bedford-Stuyvesant,40.6875,-73.94747,Entire home/apt,260,30,43,1,0,0
9842492,50681342,Manhattan,Hell's Kitchen,40.76683,-73.9854,Entire home/apt,290,30,68,1,0,0
9843277,4210456,Manhattan,Morningside Heights,40.80545,-73.9646,Entire home/apt,75,30,0,1,0,0
9900100,34991003,Brooklyn,East Flatbush,40.64608,-73.92479,Private room,30,30,11,2,340,2
9900224,3879284,Manhattan,Upper West Side,40.77649,-73.97809,Private room,95,30,16,1,0,0
9901614,6567286,Manhattan,Financial District,40.70665,-74.0124,Entire home/apt,160,30,1,1,0,0
9843884,50686888,Brooklyn,East New York,40.66928,-73.88406,Entire home/apt,150,30,18,1,339,2
9843956,50687223,Brooklyn,Prospect-Lefferts Gardens,40.65938,-73.96098,Entire home/apt,70,30,4,1,0,0
9786021,50442604,Brooklyn,Flatbush,40.63778,-73.95607,Private room,60,30,1,1,0,0
9786543,49293531,Brooklyn,Bedford-Stuyvesant,40.68512,-73.92869,Private room,60,15,29,5,276,6
9786769,50445531,Manhattan,Upper West Side,40.79827,-73.97321,Private room,124,30,0,1,0,0
9787590,50448556,Manhattan,Harlem,40.80551,-73.95069,Entire home/apt,300,30,0,5,0,0
9901706,1904415,Manhattan,Upper West Side,40.77586,-73.97859,Entire home/apt,180,30,0,1,0,0
9902123,50904121,Manhattan,Upper West Side,40.78328,-73.97864,Entire home/apt,185,30,5,1,0,0
9844047,29241227,Brooklyn,Kensington,40.64612,-73.97306,Entire home/apt,130,4,1,2,0,0
9844482,9523962,Brooklyn,Prospect-Lefferts Gardens,40.66237,-73.95559,Entire home/apt,125,30,10,1,0,0
9902314,35407948,Brooklyn,Greenpoint,40.73867,-73.95712,Private room,70,30,2,1,0,0
9844892,50690190,Manhattan,West Village,40.73106,-74.00211,Entire home/apt,210,30,0,1,0,0
9902915,50448556,Manhattan,Harlem,40.80546,-73.95024,Private room,100,30,0,5,0,0
9845314,2580352,Brooklyn,Bushwick,40.69901,-73.92998,Entire home/apt,129,30,5,1,0,0
9846114,20271650,Bronx,Mott Haven,40.81088,-73.90733,Private room,64,30,37,1,0,0
9788114,785524,Bronx,Concourse,40.81965,-73.92911,Entire home/apt,139,1,400,2,34,78
9788141,50448556,Manhattan,Harlem,40.8037,-73.95037,Private room,100,30,1,5,0,0
9902932,6079156,Manhattan,West Village,40.7327,-74.00449,Entire home/apt,300,4,152,1,0,3
9789339,10338528,Brooklyn,Flatbush,40.65316,-73.95809,Private room,63,5,20,1,116,12
9846616,21269488,Manhattan,East Village,40.73088,-73.98187,Private room,100,30,1,1,0,0
9847917,7511881,Manhattan,East Village,40.72701,-73.97908,Private room,60,30,1,1,0,0
9853884,50727041,Manhattan,Morningside Heights,40.81536,-73.96246,Private room,45,30,0,1,0,0
9853919,7033731,Manhattan,East Village,40.72386,-73.97693,Private room,71,30,40,1,0,0
9903132,50925964,Manhattan,Chinatown,40.71847,-74.00216,Entire home/apt,152,30,20,1,0,0
9854420,33889947,Manhattan,West Village,40.72873,-74.00508,Entire home/apt,200,30,20,1,0,0
9789350,50455731,Manhattan,Upper East Side,40.77314,-73.94934,Entire home/apt,70,30,26,1,0,0
9790098,50448556,Manhattan,Harlem,40.80497,-73.95045,Private room,200,30,0,5,0,0
9790355,50459536,Manhattan,West Village,40.73637,-74.00229,Private room,300,30,0,1,0,0
9904386,10396448,Manhattan,East Village,40.72628,-73.97851,Private room,100,30,4,1,0,0
9904570,3631872,Manhattan,Theater District,40.75413,-73.98608,Entire home/apt,200,30,3,1,0,0
9790995,39615319,Manhattan,East Village,40.73248,-73.98898,Private room,120,30,3,1,0,0
9855043,5259567,Manhattan,Tribeca,40.7166,-74.00589,Entire home/apt,139,30,0,1,0,0
9855876,18282,Manhattan,Lower East Side,40.72005,-73.98915,Private room,70,30,3,1,0,0
9856938,50594702,Manhattan,Washington Heights,40.83154,-73.94254,Private room,50,1,0,1,0,0
9906178,11940121,Manhattan,Greenwich Village,40.72866,-74.0017,Entire home/apt,200,30,2,1,0,0
9856995,50729557,Brooklyn,Bedford-Stuyvesant,40.69028,-73.95325,Private room,76,2,98,1,258,14
9857249,8033291,Brooklyn,Bedford-Stuyvesant,40.68517,-73.94671,Entire home/apt,94,30,6,1,0,0
9791355,50463621,Manhattan,Kips Bay,40.7412,-73.98171,Entire home/apt,115,30,0,1,0,0
9906415,50939666,Manhattan,Hell's Kitchen,40.76142,-73.9936,Entire home/apt,245,30,1,1,0,0
9791362,8265805,Brooklyn,Williamsburg,40.71535,-73.96599,Private room,50,30,0,1,0,0
9857920,29941633,Manhattan,Tribeca,40.71567,-74.00611,Entire home/apt,850,30,0,1,0,0
9858645,7611383,Manhattan,Hell's Kitchen,40.7654,-73.98529,Private room,200,30,0,1,0,0
9907257,50943387,Manhattan,Lower East Side,40.71966,-73.98362,Entire home/apt,175,30,1,1,0,0
9907307,20729128,Brooklyn,Crown Heights,40.67301,-73.9437,Entire home/apt,106,30,101,1,287,0
9858717,14637971,Staten Island,Tompkinsville,40.63073,-74.08588,Private room,42,5,37,3,84,0
9792315,5814274,Queens,Astoria,40.7711,-73.92843,Entire home/apt,225,30,0,1,0,0
9792323,1475015,Manhattan,Midtown,40.75161,-73.97109,Entire home/apt,130,30,8,6,221,1
9792720,20337316,Manhattan,Hell's Kitchen,40.76593,-73.99409,Shared room,65,30,1,1,0,0
9908067,15381858,Brooklyn,Clinton Hill,40.68336,-73.96122,Private room,45,30,0,1,0,0
9793665,11358093,Brooklyn,Williamsburg,40.71153,-73.95924,Entire home/apt,330,30,0,1,0,0
9859888,50750250,Manhattan,Harlem,40.80728,-73.94987,Entire home/apt,65,30,3,1,0,0
9908400,29505367,Manhattan,East Village,40.72668,-73.97912,Entire home/apt,180,30,0,1,0,0
9861797,5559432,Manhattan,Upper West Side,40.79297,-73.96755,Entire home/apt,200,30,2,1,0,0
9793676,50473263,Manhattan,Upper East Side,40.7682,-73.96747,Entire home/apt,1100,30,0,1,0,0
9794077,23698012,Brooklyn,Greenpoint,40.72276,-73.94857,Private room,75,30,0,1,0,0
9939843,41464891,Queens,Flushing,40.76459,-73.80725,Private room,85,30,6,5,280,1
9940337,14314420,Brooklyn,South Slope,40.66243,-73.98438,Entire home/apt,150,30,29,1,0,0
9940443,5350711,Manhattan,Upper East Side,40.76542,-73.95786,Entire home/apt,285,30,2,1,0,0
9943111,51099309,Manhattan,Inwood,40.86652,-73.92324,Private room,50,30,0,1,0,0
9915643,33021531,Brooklyn,Prospect-Lefferts Gardens,40.66225,-73.95879,Private room,120,2,240,1,303,18
9862199,32787246,Manhattan,Morningside Heights,40.80566,-73.96731,Entire home/apt,103,30,1,1,0,0
9862831,50761842,Manhattan,Chelsea,40.74518,-74.00114,Entire home/apt,80,30,0,1,0,0
9862872,50762019,Brooklyn,Bay Ridge,40.63266,-74.0284,Private room,80,30,1,1,0,0
9862913,7532013,Brooklyn,Fort Greene,40.69278,-73.97421,Private room,60,30,1,1,0,0
9917384,50988308,Brooklyn,Gowanus,40.66959,-73.99036,Entire home/apt,178,30,12,1,0,0
9863045,16911403,Manhattan,East Harlem,40.798645,-73.934341,Entire home/apt,200,30,87,1,76,3
9943258,20765208,Manhattan,Upper West Side,40.78114,-73.98002,Entire home/apt,140,30,0,1,0,0
9943427,26444500,Queens,Sunnyside,40.74024,-73.92428,Private room,59,30,0,1,0,0
9944013,50615055,Manhattan,Chinatown,40.71322,-73.9961,Private room,91,30,1,1,0,0
9944320,19878684,Queens,Ozone Park,40.68247,-73.84368,Shared room,25,30,0,1,0,0
9918524,24919557,Manhattan,Morningside Heights,40.80756,-73.96724,Private room,55,30,0,1,0,0
9918963,50994782,Brooklyn,Fort Greene,40.68851,-73.97124,Entire home/apt,175,2,30,1,0,8
9944426,51105827,Manhattan,Battery Park City,40.71128,-74.0173,Entire home/apt,239,90,1,1,0,0
9944788,45944558,Queens,Flushing,40.75579,-73.82792,Private room,95,7,38,1,83,1
9919042,50997070,Manhattan,East Village,40.7291,-73.98282,Entire home/apt,380,30,0,1,0,0
9919518,22954228,Brooklyn,Prospect-Lefferts Gardens,40.65433,-73.96117,Private room,55,30,0,2,0,0
9919728,50997424,Queens,Middle Village,40.71734,-73.87805,Entire home/apt,328,30,8,5,304,0
9944860,663517,Manhattan,Lower East Side,40.71957,-73.98639,Entire home/apt,142,31,175,1,328,5
9945127,14521821,Brooklyn,Brooklyn Heights,40.69085,-73.99243,Entire home/apt,175,30,2,1,0,0
9920191,6896056,Brooklyn,Williamsburg,40.71569,-73.93735,Entire home/apt,180,30,0,1,0,0
9920363,50997424,Queens,Ridgewood,40.70465,-73.89909,Entire home/apt,395,30,8,5,365,0
9920626,36054372,Manhattan,Chinatown,40.71327,-73.99201,Entire home/apt,180,30,0,1,0,0
9921366,51002691,Brooklyn,Bedford-Stuyvesant,40.68015,-73.94576,Entire home/apt,65,30,0,1,0,0
9945515,8515724,Brooklyn,Williamsburg,40.70757,-73.94057,Private room,50,1,29,2,0,0
9953924,1397160,Manhattan,Kips Bay,40.74109,-73.976,Entire home/apt,175,30,1,1,0,0
9956834,18999923,Manhattan,Harlem,40.81817,-73.94474,Entire home/apt,130,3,166,2,61,36
9956933,10338497,Manhattan,Upper East Side,40.78636,-73.95363,Private room,50,30,0,1,0,0
9863097,18900298,Brooklyn,Greenpoint,40.72522,-73.95124,Private room,50,30,0,1,0,0
9864137,3011547,Brooklyn,Boerum Hill,40.68516,-73.98581,Entire home/apt,375,30,6,3,246,1
9864749,50769650,Manhattan,Midtown,40.74501,-73.98574,Private room,150,30,0,1,0,0
9865262,50772475,Manhattan,Lower East Side,40.72147,-73.98991,Entire home/apt,300,30,1,1,0,0
10021499,48446355,Brooklyn,Williamsburg,40.71045,-73.9517,Private room,61,30,1,1,0,0
10021643,44118283,Manhattan,Upper West Side,40.79585,-73.9764,Private room,100,30,1,1,0,0
10022144,10770088,Manhattan,Midtown,40.75385,-73.97213,Entire home/apt,101,2,1,1,0,0
10022956,50539477,Manhattan,Harlem,40.82248,-73.95591,Private room,50,30,85,3,154,0
10022997,4628519,Manhattan,Upper West Side,40.79064,-73.97288,Entire home/apt,160,30,0,1,0,0
10023629,13056751,Manhattan,Hell's Kitchen,40.76442,-73.99025,Private room,104,1,67,1,99,3
9922513,49964890,Manhattan,Hell's Kitchen,40.76684,-73.98766,Private room,60,1,1,1,0,0
9923319,3400687,Brooklyn,Flatbush,40.65353,-73.95528,Private room,50,30,0,1,0,0
10031436,51499758,Manhattan,Lower East Side,40.71689,-73.98321,Private room,90,30,0,1,0,0
9957205,3358001,Brooklyn,Williamsburg,40.7177,-73.95705,Private room,50,6,5,1,0,0
9958322,31534322,Queens,Long Island City,40.74689,-73.94634,Private room,69,30,140,3,58,3
9925100,29413554,Manhattan,Flatiron District,40.73926,-73.98758,Entire home/apt,150,30,1,1,0,0
9925373,10799035,Brooklyn,Williamsburg,40.70877,-73.9395,Private room,55,30,0,1,0,0
9925507,2955215,Brooklyn,Williamsburg,40.71267,-73.94841,Entire home/apt,193,2,269,2,4,58
9967218,7461203,Brooklyn,Clinton Hill,40.68715,-73.96433,Entire home/apt,90,3,4,1,0,0
10031678,46540057,Manhattan,Chinatown,40.71658,-73.99818,Shared room,97,30,15,1,0,0
9925760,51021121,Manhattan,Lower East Side,40.7202,-73.98284,Private room,120,30,1,1,0,0
10031902,51501835,Manhattan,Hell's Kitchen,40.76372,-73.99318,Entire home/apt,150,30,9,109,339,3
9967360,51219881,Manhattan,Upper East Side,40.77878,-73.95148,Private room,100,30,2,1,0,0
9926058,46887682,Brooklyn,Bushwick,40.7063,-73.91897,Private room,35,30,1,1,0,0
9968402,6172959,Manhattan,Battery Park City,40.70641,-74.0165,Entire home/apt,130,30,0,1,0,0
9969565,51230222,Manhattan,Morningside Heights,40.80541,-73.96576,Entire home/apt,97,30,0,1,0,0
10032285,20884486,Manhattan,Morningside Heights,40.80616,-73.96492,Private room,70,30,0,1,0,0
9926274,51024366,Brooklyn,Greenpoint,40.73543,-73.9545,Private room,102,30,8,2,0,0
9927400,22414947,Brooklyn,Williamsburg,40.71147,-73.96745,Private room,70,30,1,1,0,0
9933667,31222791,Brooklyn,Prospect-Lefferts Gardens,40.6594,-73.96037,Entire home/apt,70,30,15,1,0,0
9970462,28336810,Manhattan,East Village,40.72571,-73.98833,Entire home/apt,150,30,3,1,0,0
9973134,7614268,Manhattan,West Village,40.73438,-74.00508,Entire home/apt,139,30,0,1,0,0
9934510,2670322,Brooklyn,Bedford-Stuyvesant,40.68741,-73.95215,Private room,40,30,0,1,0,0
9935095,51024536,Brooklyn,Sheepshead Bay,40.59009,-73.94855,Private room,350,30,0,2,0,0
9935509,12838834,Manhattan,Lower East Side,40.72089,-73.9862,Private room,80,5,5,2,0,0
9935737,51024536,Brooklyn,Crown Heights,40.66578,-73.94998,Entire home/apt,200,30,0,2,0,0
9935888,28565101,Brooklyn,Park Slope,40.67086,-73.98746,Entire home/apt,300,3,91,1,0,18
9973211,51248093,Queens,Ditmars Steinway,40.77846,-73.91599,Entire home/apt,250,30,0,1,0,0
10032487,51504193,Manhattan,SoHo,40.72555,-73.9985,Entire home/apt,116,30,16,1,265,1
10032495,2830735,Manhattan,Upper West Side,40.80199,-73.96859,Private room,40,30,1,1,0,0
9935949,1504702,Brooklyn,Clinton Hill,40.69187,-73.96852,Private room,55,30,2,1,0,0
10032560,39945901,Manhattan,East Harlem,40.79009,-73.94749,Entire home/apt,200,30,36,1,0,0
9973680,33876689,Brooklyn,Williamsburg,40.70986,-73.95927,Private room,55,30,1,1,0,0
9976190,46976876,Manhattan,East Village,40.72491,-73.98959,Entire home/apt,250,30,0,2,0,0
9937307,17543924,Brooklyn,Bedford-Stuyvesant,40.68766,-73.92981,Private room,50,30,8,1,0,0
9937333,1714427,Brooklyn,Bedford-Stuyvesant,40.67978,-73.94697,Entire home/apt,80,30,7,1,0,0
10034090,7763913,Brooklyn,Williamsburg,40.71035,-73.94497,Private room,40,30,1,1,0,0
9937558,50760546,Manhattan,Midtown,40.76397,-73.97673,Entire home/apt,215,90,4,31,175,0
9938066,50760546,Manhattan,Midtown,40.75109,-73.98271,Entire home/apt,107,30,11,31,97,1
9938208,50760546,Manhattan,Midtown,40.75089,-73.98216,Entire home/apt,115,30,2,31,96,0
9938594,45928403,Brooklyn,Bushwick,40.69525,-73.90848,Private room,30,30,0,1,0,0
9976264,51262617,Brooklyn,Greenpoint,40.72576,-73.95385,Private room,100,2,123,1,173,4
9976536,4829216,Brooklyn,Kensington,40.64678,-73.98057,Entire home/apt,115,30,0,1,0,0
10096773,34607505,Manhattan,Chelsea,40.74577,-74.00074,Entire home/apt,145,30,1,1,0,0
9976820,6608183,Manhattan,Upper East Side,40.7625,-73.962,Private room,90,30,4,1,0,0
9977113,8595112,Manhattan,Midtown,40.7566,-73.96998,Private room,150,2,2,2,0,0
9977322,12573771,Manhattan,Tribeca,40.71689,-74.00563,Private room,75,30,0,1,0,0
9978426,5904463,Manhattan,East Village,40.72308,-73.98199,Private room,120,30,1,4,0,0
9978606,5904463,Manhattan,East Village,40.72308,-73.9819,Private room,80,30,2,4,0,0
9978664,34010790,Brooklyn,Bedford-Stuyvesant,40.68808,-73.9206,Private room,50,30,0,1,0,0
9978722,5904463,Manhattan,East Village,40.72505,-73.982,Private room,100,30,0,4,0,0
10034187,47554473,Brooklyn,Greenpoint,40.72889,-73.94397,Entire home/apt,261,3,50,14,95,4
10034364,1653404,Brooklyn,Williamsburg,40.70872,-73.95689,Private room,58,30,1,1,0,0
10034817,51501835,Manhattan,Hell's Kitchen,40.76439,-73.99457,Entire home/apt,180,30,4,109,264,3
10097957,17501091,Manhattan,Harlem,40.81093,-73.94764,Private room,45,30,4,2,0,0
9979270,6837486,Manhattan,Theater District,40.75927,-73.98646,Entire home/apt,100,30,0,1,0,0
10098019,17501091,Manhattan,Harlem,40.8103,-73.94704,Private room,69,30,0,2,0,0
10099517,16869971,Manhattan,Roosevelt Island,40.76908,-73.94504,Private room,80,30,1,2,0,0
9979608,41414774,Queens,Astoria,40.76222,-73.91011,Entire home/apt,125,4,14,2,0,7
10035023,28640162,Manhattan,Upper East Side,40.78352,-73.94973,Entire home/apt,150,30,0,1,0,0
10099859,51829088,Queens,Jackson Heights,40.7486,-73.8877,Entire home/apt,139,30,0,1,0,0
10100241,23215098,Brooklyn,Bedford-Stuyvesant,40.68684,-73.95071,Entire home/apt,663,3,70,2,0,3
10035098,51513795,Manhattan,Upper West Side,40.77731,-73.98143,Entire home/apt,175,30,1,1,0,0
10035324,23913163,Manhattan,Washington Heights,40.84763,-73.93393,Private room,110,30,0,1,0,0
10035471,47554473,Brooklyn,Greenpoint,40.72847,-73.94337,Entire home/apt,314,3,68,14,86,19
10035706,51517754,Brooklyn,Bedford-Stuyvesant,40.69676,-73.93705,Private room,42,30,0,1,0,0
10035950,50520440,Manhattan,Battery Park City,40.71752,-74.01533,Private room,150,30,1,1,0,0
9984143,51300628,Manhattan,Upper West Side,40.79413,-73.97612,Entire home/apt,199,10,0,1,0,0
10100512,271073,Brooklyn,Midwood,40.62391,-73.96146,Private room,30,30,0,1,0,0
10101097,5073789,Brooklyn,Williamsburg,40.717,-73.95144,Entire home/apt,743,30,136,1,117,1
9987456,45832664,Manhattan,Hell's Kitchen,40.76059,-73.99475,Private room,60,30,2,1,0,0
9987543,9148721,Brooklyn,Bedford-Stuyvesant,40.6879,-73.94479,Private room,60,30,2,1,0,0
10037605,24225915,Manhattan,Chelsea,40.74641,-73.99712,Entire home/apt,170,30,1,1,0,0
10101791,51839283,Manhattan,Washington Heights,40.84948,-73.93653,Private room,75,30,1,1,0,0
10037631,51525788,Manhattan,Inwood,40.86569,-73.92865,Entire home/apt,120,30,1,1,0,0
10038170,47554473,Brooklyn,Greenpoint,40.72917,-73.94398,Entire home/apt,335,3,7,14,107,4
10038410,47554473,Brooklyn,Greenpoint,40.7291,-73.94463,Entire home/apt,300,3,47,14,104,15
10102206,33480709,Brooklyn,Crown Heights,40.67114,-73.93561,Shared room,35,30,0,1,0,0
10038633,19049309,Manhattan,East Harlem,40.79586,-73.94332,Private room,67,30,1,1,0,0
10038693,47554473,Brooklyn,Greenpoint,40.72761,-73.94516,Entire home/apt,261,3,29,14,74,12
10038695,16260491,Manhattan,East Village,40.72732,-73.97834,Private room,80,30,0,1,0,0
9990200,4878363,Brooklyn,Bedford-Stuyvesant,40.68623,-73.94532,Private room,64,1,22,2,305,11
9991265,2974643,Manhattan,West Village,40.73105,-74.00464,Entire home/apt,500,30,0,1,0,0
9991319,7367006,Manhattan,Midtown,40.74784,-73.98558,Entire home/apt,120,30,0,1,0,0
10104123,51850937,Manhattan,East Village,40.72988,-73.98168,Private room,100,30,76,3,0,0
10039238,41316877,Manhattan,East Village,40.72258,-73.98447,Private room,85,30,0,1,0,0
10106530,8511553,Brooklyn,Bedford-Stuyvesant,40.67873,-73.94699,Entire home/apt,55,30,6,1,0,0
10115137,47351539,Brooklyn,East Flatbush,40.65328,-73.93951,Entire home/apt,153,30,273,3,93,3
10115193,29923547,Manhattan,Lower East Side,40.71886,-73.98881,Private room,125,30,0,1,0,0
9992479,51337085,Manhattan,Harlem,40.83,-73.94299,Private room,59,30,1,1,0,0
9994304,47022650,Manhattan,East Harlem,40.79485,-73.93606,Entire home/apt,170,4,81,5,315,16
10115542,16682678,Manhattan,Kips Bay,40.74091,-73.98271,Entire home/apt,102,30,3,1,0,0
9995077,51348096,Brooklyn,Flatbush,40.65178,-73.95754,Private room,65,30,0,1,0,0
9995513,51349952,Manhattan,Lower East Side,40.71858,-73.98613,Private room,70,30,1,1,0,0
9995719,16222762,Manhattan,East Village,40.72653,-73.98455,Entire home/apt,199,1,13,1,0,0
9996144,9212402,Brooklyn,Williamsburg,40.71104,-73.95153,Entire home/apt,140,30,12,1,0,0
10039579,7727013,Manhattan,Harlem,40.81002,-73.94185,Entire home/apt,325,4,116,2,51,3
10116081,51913270,Manhattan,Midtown,40.75939,-73.96949,Entire home/apt,200,30,0,1,0,0
10039992,19912320,Brooklyn,Williamsburg,40.71733,-73.95266,Private room,79,5,3,2,0,0
10040649,12435489,Brooklyn,Williamsburg,40.7186,-73.95407,Private room,80,30,1,1,0,0
10041002,7503132,Brooklyn,Clinton Hill,40.68419,-73.96122,Entire home/apt,100,30,7,1,0,0
9996642,50865592,Brooklyn,Park Slope,40.67545,-73.97667,Private room,96,1,268,1,274,57
9996830,51356178,Manhattan,Morningside Heights,40.80482,-73.96482,Entire home/apt,89,30,2,1,0,0
9997433,51358854,Manhattan,East Village,40.73105,-73.98282,Entire home/apt,154,30,0,1,0,0
9997449,23863809,Manhattan,Chelsea,40.73987,-73.99999,Entire home/apt,220,30,8,2,0,0
9997702,5123299,Brooklyn,Bushwick,40.70352,-73.93104,Private room,45,30,4,1,0,0
10117223,18782603,Brooklyn,Bushwick,40.68452,-73.90943,Private room,40,30,2,1,0,0
9997980,8302904,Manhattan,NoHo,40.72493,-73.994,Private room,59,60,6,1,0,0
9998154,32993860,Manhattan,East Village,40.72657,-73.97837,Private room,138,30,0,1,0,0
9998930,36279810,Manhattan,Upper West Side,40.80085,-73.96468,Private room,40,30,5,1,0,0
10041589,49535506,Queens,Sunnyside,40.73848,-73.92852,Private room,65,30,6,1,0,0
10117624,12190846,Brooklyn,Greenpoint,40.71986,-73.95368,Entire home/apt,250,30,0,1,0,0
10120206,51913826,Manhattan,Nolita,40.72317,-73.99422,Private room,69,30,132,1,0,0
10120414,33231070,Manhattan,Lower East Side,40.72183,-73.98743,Entire home/apt,150,30,0,1,0,0
10124372,51940393,Brooklyn,Bedford-Stuyvesant,40.68528,-73.94941,Entire home/apt,254,30,163,1,251,27
10043483,10737943,Manhattan,Upper East Side,40.77111,-73.95014,Private room,125,7,336,2,69,52
10045548,61042,Manhattan,East Harlem,40.80007,-73.9461,Private room,82,5,33,7,2,2
10049766,35083661,Brooklyn,Williamsburg,40.71741,-73.95978,Private room,65,30,0,1,0,0
10050536,47554473,Brooklyn,Greenpoint,40.72843,-73.94531,Entire home/apt,261,3,43,14,97,3
9999220,51367478,Queens,Long Island City,40.76419,-73.93449,Private room,70,30,0,1,0,0
9999252,2880824,Brooklyn,Bedford-Stuyvesant,40.68188,-73.93347,Entire home/apt,85,30,1,1,0,0
10125213,15109029,Manhattan,East Harlem,40.80355,-73.93991,Private room,55,30,0,1,0,0
10125955,18139498,Brooklyn,Williamsburg,40.70982,-73.9521,Entire home/apt,500,30,27,1,335,4
10127534,24673896,Manhattan,West Village,40.73092,-74.01033,Entire home/apt,165,30,4,1,0,0
10133534,6606618,Manhattan,Lower East Side,40.7178,-73.98504,Shared room,150,30,4,1,0,0
10000070,51372003,Brooklyn,Flatbush,40.64905,-73.96905,Private room,109,4,15,2,40,9
10001022,27078779,Queens,Astoria,40.76074,-73.9233,Entire home/apt,105,30,0,1,0,0
10134285,566660,Manhattan,Chinatown,40.71615,-73.99539,Private room,99,30,42,2,0,0
10134557,6753765,Manhattan,East Village,40.72423,-73.98327,Shared room,100,30,0,3,0,0
10136994,4946655,Manhattan,East Village,40.72233,-73.98472,Entire home/apt,125,30,6,1,0,0
10137048,52022983,Manhattan,Upper West Side,40.79358,-73.96527,Entire home/apt,150,30,0,1,0,0
10138349,10474877,Brooklyn,Boerum Hill,40.68279,-73.98079,Private room,71,30,18,1,0,0
10138996,52031734,Brooklyn,Bedford-Stuyvesant,40.6971,-73.94861,Private room,41,30,1,1,0,0
10010012,43014167,Manhattan,Washington Heights,40.83612,-73.93885,Entire home/apt,200,30,1,1,0,0
10011009,8936313,Manhattan,Upper West Side,40.78151,-73.97914,Entire home/apt,120,30,0,1,0,0
10052289,49522403,Brooklyn,Brownsville,40.66409,-73.92314,Private room,80,30,3,1,0,0
10052587,47554473,Brooklyn,Greenpoint,40.72892,-73.94363,Entire home/apt,299,3,48,14,101,5
10052674,5769728,Brooklyn,Bedford-Stuyvesant,40.69557,-73.95161,Entire home/apt,205,2,30,1,292,15
10053993,25821059,Manhattan,West Village,40.73495,-74.00854,Entire home/apt,140,30,6,1,0,0
10054894,280883,Manhattan,Harlem,40.82126,-73.93945,Private room,90,30,0,1,0,0
10142056,23772724,Manhattan,Upper East Side,40.7736,-73.95339,Entire home/apt,99,30,11,58,327,2
10142499,38260715,Queens,Corona,40.73957,-73.85553,Private room,60,1,110,1,159,24
10055548,14852867,Manhattan,Battery Park City,40.70897,-74.01534,Entire home/apt,117,30,0,1,0,0
10055872,51605949,Brooklyn,Clinton Hill,40.69459,-73.96408,Private room,43,30,0,1,0,0
10055925,47554473,Brooklyn,Greenpoint,40.72689,-73.94535,Entire home/apt,279,3,24,14,4,2
10011086,22257525,Manhattan,Harlem,40.824,-73.95314,Entire home/apt,100,30,1,1,0,0
10011850,50760546,Manhattan,Midtown,40.75104,-73.98276,Entire home/apt,110,30,5,31,195,0
10143705,31698014,Manhattan,East Village,40.72778,-73.98846,Entire home/apt,60,30,2,1,0,0
10013750,20222376,Manhattan,Lower East Side,40.7183,-73.99173,Private room,95,4,31,1,0,9
10057593,30175332,Manhattan,Midtown,40.74282,-73.98355,Entire home/apt,139,30,0,1,0,0
10057826,47554473,Brooklyn,Greenpoint,40.72825,-73.94321,Entire home/apt,335,3,10,14,107,2
10148581,290094,Manhattan,Chelsea,40.7456,-73.99852,Private room,52,30,2,1,0,0
10148955,7342535,Brooklyn,Clinton Hill,40.68304,-73.95954,Entire home/apt,210,30,3,1,0,0
10153654,52112891,Manhattan,East Village,40.72774,-73.98211,Private room,80,30,3,1,0,0
10057854,51614806,Queens,Long Island City,40.74829,-73.94083,Private room,35,30,1,1,0,0
10058942,12245536,Manhattan,Harlem,40.82038,-73.9578,Private room,39,30,3,2,0,0
10058944,9050420,Manhattan,East Village,40.7278,-73.98041,Private room,190,30,0,1,0,0
10058971,18919268,Brooklyn,Bedford-Stuyvesant,40.68981,-73.958,Private room,39,30,2,2,0,0
10014783,51430742,Bronx,Morris Heights,40.85246,-73.91615,Private room,60,2,43,1,352,1
10015137,51433399,Brooklyn,Prospect-Lefferts Gardens,40.66044,-73.95968,Entire home/apt,80,30,1,1,0,0
10015195,50760546,Manhattan,Midtown,40.7492,-73.98229,Entire home/apt,110,30,3,31,64,0
10015340,51434460,Brooklyn,Williamsburg,40.70964,-73.96065,Private room,60,30,0,1,0,0
10016343,50760546,Manhattan,Midtown,40.75107,-73.98244,Entire home/apt,155,30,0,31,156,0
10016503,50760546,Manhattan,Midtown,40.75108,-73.98057,Entire home/apt,150,30,4,31,126,0
10016601,50760546,Manhattan,Kips Bay,40.74521,-73.97819,Entire home/apt,115,30,5,31,64,0
10016832,50760546,Manhattan,Murray Hill,40.74707,-73.97782,Entire home/apt,150,30,1,31,64,0
10017087,50760546,Manhattan,Murray Hill,40.74706,-73.97779,Entire home/apt,116,30,5,31,122,0
10017099,51439873,Brooklyn,Williamsburg,40.71557,-73.94004,Private room,75,30,0,1,0,0
10017170,50760546,Manhattan,Murray Hill,40.74709,-73.97816,Entire home/apt,150,30,4,31,121,0
10017458,50760546,Manhattan,Murray Hill,40.74552,-73.97637,Entire home/apt,150,30,4,31,169,0
10017561,50760546,Manhattan,Murray Hill,40.74656,-73.9762,Entire home/apt,140,30,4,31,71,0
10154444,1260413,Brooklyn,Williamsburg,40.71154,-73.94105,Entire home/apt,97,3,4,3,0,0
10154702,9369977,Manhattan,Midtown,40.75909,-73.96354,Private room,120,30,4,1,0,0
10155003,47554473,Brooklyn,Greenpoint,40.72904,-73.94472,Entire home/apt,261,3,56,14,89,10
10156290,342734,Manhattan,Lower East Side,40.71891,-73.98914,Entire home/apt,160,30,9,1,0,0
10156314,52127857,Manhattan,East Village,40.72314,-73.9797,Private room,60,30,1,1,0,0
10018550,27952234,Manhattan,Financial District,40.70436,-74.00985,Private room,100,30,0,1,0,0
10157345,52135038,Queens,Jamaica,40.68637,-73.77535,Private room,74,1,17,3,280,17
10160215,2787,Brooklyn,Gravesend,40.60813,-73.9738,Private room,199,1,29,9,180,4
10161361,2995352,Queens,Jackson Heights,40.75664,-73.86762,Private room,46,30,0,1,0,0
10059344,11068351,Manhattan,Little Italy,40.71892,-73.99803,Entire home/apt,249,30,0,1,0,0
10065056,36905682,Manhattan,West Village,40.73454,-74.00141,Entire home/apt,125,30,0,1,0,0
10065831,51652888,Brooklyn,Bedford-Stuyvesant,40.68678,-73.95572,Private room,37,30,2,1,0,0
10162752,25169027,Brooklyn,Bushwick,40.70539,-73.92197,Entire home/apt,110,30,3,1,0,0
10163240,41535999,Manhattan,Morningside Heights,40.80348,-73.9632,Private room,70,30,1,1,0,0
10165064,39603281,Manhattan,Upper West Side,40.79426,-73.971,Entire home/apt,305,1,298,1,310,36
10067199,47472192,Manhattan,Upper West Side,40.80021,-73.96277,Private room,42,30,0,1,0,0
10019312,44216429,Manhattan,Gramercy,40.73809,-73.98509,Private room,132,4,173,2,220,31
10165181,47554473,Brooklyn,Greenpoint,40.72841,-73.94505,Entire home/apt,312,3,45,14,106,11
10165313,47554473,Brooklyn,Greenpoint,40.72765,-73.94528,Entire home/apt,332,3,9,14,104,6
10165410,30658746,Brooklyn,Bushwick,40.69539,-73.92112,Private room,42,30,3,1,0,0
10020060,51450214,Manhattan,West Village,40.73004,-74.00381,Entire home/apt,148,30,0,1,0,0
10067924,36866768,Manhattan,Nolita,40.72184,-73.99626,Entire home/apt,179,30,0,1,0,0
10165663,52183960,Brooklyn,Bedford-Stuyvesant,40.68099,-73.91239,Entire home/apt,142,2,248,1,262,44
10166953,52191882,Queens,Flushing,40.75376,-73.82859,Private room,90,30,0,1,0,0
10020815,564585,Brooklyn,Clinton Hill,40.68731,-73.96446,Entire home/apt,125,30,0,1,0,0
10243039,51501835,Manhattan,Little Italy,40.71881,-73.99741,Entire home/apt,120,30,9,109,300,1
10243895,5162192,Manhattan,Upper West Side,40.78256,-73.9758,Entire home/apt,250,30,94,20,184,0
10166986,14461742,Brooklyn,Williamsburg,40.71524,-73.94055,Entire home/apt,100,30,1,1,0,0
10244876,52656488,Manhattan,Harlem,40.81052,-73.94008,Private room,200,30,0,1,0,0
10067936,51662642,Brooklyn,Crown Heights,40.67023,-73.95257,Entire home/apt,90,30,0,1,0,0
10068269,51664119,Brooklyn,Williamsburg,40.71437,-73.94739,Private room,130,30,1,1,0,0
10068693,16591072,Brooklyn,Boerum Hill,40.6893,-73.99097,Entire home/apt,168,30,1,1,0,0
10069174,2436599,Brooklyn,Flatbush,40.65052,-73.95688,Entire home/apt,128,30,2,1,0,0
10069376,13358864,Brooklyn,Bedford-Stuyvesant,40.6943,-73.9481,Private room,64,30,6,2,0,0
10069601,13358864,Brooklyn,Bedford-Stuyvesant,40.69453,-73.94725,Private room,60,30,0,2,0,0
10069964,12616662,Brooklyn,Williamsburg,40.71777,-73.95382,Entire home/apt,199,30,3,1,0,0
10070235,51525183,Manhattan,Harlem,40.81501,-73.94118,Private room,95,180,0,1,0,0
10070350,39765154,Manhattan,Upper West Side,40.79713,-73.96235,Entire home/apt,125,30,0,1,0,0
10070693,51651427,Manhattan,Upper East Side,40.76009,-73.96129,Entire home/apt,119,30,8,1,0,0
10071188,15065559,Brooklyn,Crown Heights,40.67319,-73.94099,Entire home/apt,203,4,174,1,29,33
10167401,24294060,Queens,Elmhurst,40.73994,-73.87345,Private room,70,30,7,3,330,0
10167436,8515724,Brooklyn,Williamsburg,40.70904,-73.94147,Private room,50,1,30,2,0,0
10167860,21430239,Manhattan,East Village,40.73,-73.98761,Private room,99,1,134,1,0,0
10071225,40532707,Brooklyn,Bedford-Stuyvesant,40.68861,-73.9541,Private room,41,30,1,1,0,0
10071232,6050369,Manhattan,Harlem,40.82563,-73.9518,Entire home/apt,200,30,0,1,0,0
10246816,22663500,Brooklyn,South Slope,40.66647,-73.98213,Private room,75,30,1,1,0,0
10173750,24840827,Brooklyn,Bedford-Stuyvesant,40.69143,-73.93444,Private room,55,30,0,1,0,0
10174662,40640586,Manhattan,Nolita,40.72304,-73.99339,Entire home/apt,229,3,283,1,251,57
10247766,52674088,Brooklyn,Greenpoint,40.72566,-73.95497,Private room,150,30,0,1,0,0
10247799,2348712,Brooklyn,Williamsburg,40.70743,-73.96069,Private room,64,30,2,1,0,0
10250433,21147839,Brooklyn,Flatbush,40.64543,-73.96456,Private room,60,30,1,1,0,0
10251082,14084903,Brooklyn,Prospect Heights,40.67708,-73.96552,Entire home/apt,378,3,327,1,133,54
10251768,19927798,Manhattan,East Harlem,40.79529,-73.9414,Entire home/apt,125,30,4,1,0,0
10071464,51678353,Manhattan,West Village,40.73317,-74.00608,Private room,85,30,2,1,0,0
10072750,51684417,Manhattan,Upper West Side,40.80048,-73.96054,Entire home/apt,350,30,0,1,0,0
10073940,51688993,Queens,Jamaica,40.68826,-73.80384,Entire home/apt,193,4,157,1,334,26
10074308,51690846,Brooklyn,Downtown Brooklyn,40.6965,-73.98377,Private room,75,30,0,1,0,0
10184162,50466143,Brooklyn,Williamsburg,40.71091,-73.95754,Private room,65,30,0,1,0,0
10185955,14785032,Queens,St. Albans,40.69054,-73.7758,Private room,57,1,277,3,349,37
10186787,10855721,Brooklyn,Williamsburg,40.70347,-73.93864,Private room,40,30,1,1,0,0
10186876,20992861,Manhattan,Chinatown,40.71626,-73.99045,Private room,85,30,1,1,0,0
10190411,52336636,Manhattan,Morningside Heights,40.81084,-73.96384,Entire home/apt,154,60,0,1,0,0
10078736,51716739,Brooklyn,Bedford-Stuyvesant,40.69014,-73.92943,Entire home/apt,350,1,262,3,78,59
10193392,16869971,Manhattan,Roosevelt Island,40.76815,-73.94495,Private room,70,30,7,2,0,0
10205130,52430092,Manhattan,East Harlem,40.80243,-73.9373,Entire home/apt,175,30,90,1,332,3
10084380,5882165,Brooklyn,Williamsburg,40.71106,-73.96422,Entire home/apt,102,30,0,1,0,0
10085478,47554473,Brooklyn,Greenpoint,40.72858,-73.94534,Entire home/apt,314,3,36,14,101,14
10086307,13792543,Manhattan,Harlem,40.80747,-73.95076,Private room,138,5,136,3,280,28
10087874,28840058,Brooklyn,Bedford-Stuyvesant,40.68058,-73.92038,Private room,61,30,4,1,0,0
10252921,52705961,Queens,Forest Hills,40.73189,-73.85224,Entire home/apt,73,3,159,1,218,16
10253159,10721093,Staten Island,Castleton Corners,40.61066,-74.12276,Entire home/apt,249,30,61,1,280,2
10207451,50549394,Brooklyn,Flatbush,40.63379,-73.96236,Private room,175,30,6,1,178,0
10253315,27431753,Queens,Sunnyside,40.73871,-73.92499,Entire home/apt,136,30,227,1,296,4
10088464,51764491,Manhattan,East Village,40.72896,-73.98239,Private room,65,30,4,1,0,0
10089727,51772392,Manhattan,Midtown,40.76252,-73.97552,Private room,785,1,21,2,351,4
10096515,12485770,Manhattan,East Village,40.73001,-73.97933,Entire home/apt,130,30,6,8,310,2
10423846,24796157,Brooklyn,Fort Greene,40.6884,-73.97248,Entire home/apt,175,5,18,1,276,1
10208954,52445657,Queens,Flushing,40.73128,-73.80742,Private room,50,30,16,1,0,0
10209973,9532490,Manhattan,East Village,40.73006,-73.99003,Private room,125,30,9,3,89,0
10211452,20086355,Brooklyn,Bedford-Stuyvesant,40.6869,-73.95296,Private room,70,30,0,1,0,0
10253377,8885753,Brooklyn,Williamsburg,40.71742,-73.95465,Private room,80,30,0,1,0,0
10212685,42413378,Brooklyn,South Slope,40.66381,-73.9804,Entire home/apt,162,5,284,2,270,37
10212862,2109282,Brooklyn,Bushwick,40.69694,-73.93403,Private room,55,30,2,1,0,0
10429566,52616278,Brooklyn,Williamsburg,40.71845,-73.96398,Entire home/apt,300,30,23,1,249,3
10433284,5487321,Manhattan,Gramercy,40.73576,-73.98277,Private room,90,30,0,1,0,0
10222008,52526463,Manhattan,East Village,40.73133,-73.98747,Entire home/apt,110,30,1,1,0,0
10438662,53773419,Brooklyn,Bedford-Stuyvesant,40.69502,-73.95006,Private room,68,30,34,1,0,0
10446429,11386786,Manhattan,West Village,40.7327,-74.00341,Private room,80,30,0,1,0,0
10253769,4417493,Manhattan,Harlem,40.82575,-73.93665,Private room,73,2,198,1,223,67
10265988,6713072,Manhattan,Upper East Side,40.78448,-73.95341,Entire home/apt,139,30,3,1,0,0
10267034,2787,Brooklyn,Gravesend,40.60509,-73.9691,Shared room,149,1,10,9,180,2
10267242,2787,Brooklyn,Gravesend,40.60783,-73.97587,Private room,199,1,41,9,63,6
10268073,7245581,Manhattan,Chelsea,40.74873,-73.99556,Entire home/apt,109,110,10,19,363,2
10268145,5123677,Brooklyn,Williamsburg,40.71005,-73.94998,Private room,71,30,2,1,0,0
10225915,32162846,Manhattan,Midtown,40.75122,-73.98511,Entire home/apt,145,180,7,1,0,0
10226511,52551507,Manhattan,Gramercy,40.73716,-73.98396,Private room,99,30,0,1,0,0
10268712,52799398,Brooklyn,Williamsburg,40.71542,-73.94715,Private room,60,30,35,1,0,0
10228901,32824042,Manhattan,Lower East Side,40.71334,-73.98575,Private room,40,30,0,1,0,0
10446926,53819985,Manhattan,Harlem,40.81699,-73.94254,Private room,45,30,15,1,0,0
10449807,2981910,Manhattan,Greenwich Village,40.73618,-73.99475,Entire home/apt,229,30,0,1,0,0
10450820,1918272,Brooklyn,Williamsburg,40.71446,-73.94347,Entire home/apt,157,30,4,1,0,0
10229075,9504403,Manhattan,Murray Hill,40.74592,-73.97859,Entire home/apt,235,30,2,1,0,0
10230429,52539349,Queens,Springfield Gardens,40.67044,-73.75455,Entire home/apt,96,1,274,1,142,25
10451489,24532289,Manhattan,Upper East Side,40.7874,-73.95465,Private room,75,21,2,2,276,0
10268868,22543733,Queens,Sunnyside,40.74512,-73.92329,Private room,60,30,5,1,0,0
10270377,52601644,Manhattan,Harlem,40.80338,-73.95734,Private room,60,30,2,1,0,0
10270687,40895328,Queens,Long Island City,40.75745,-73.92942,Entire home/apt,275,30,190,2,267,5
10231620,29452204,Manhattan,Hell's Kitchen,40.7625,-73.98861,Entire home/apt,175,30,0,1,0,0
10232344,52584471,Manhattan,Murray Hill,40.74835,-73.97756,Entire home/apt,135,30,0,1,0,0
10272718,42278723,Manhattan,East Harlem,40.78743,-73.94121,Private room,60,30,1,1,0,0
10452541,3370169,Brooklyn,Bushwick,40.6995,-73.9308,Entire home/apt,107,30,151,1,334,8
10452737,6158370,Manhattan,Chelsea,40.75237,-73.99566,Private room,139,30,0,1,0,0
10232553,389899,Brooklyn,Williamsburg,40.71736,-73.95788,Entire home/apt,175,30,77,2,281,0
10233048,14064072,Manhattan,Hell's Kitchen,40.76254,-73.99165,Private room,295,30,0,1,0,0
10469388,32812120,Brooklyn,Williamsburg,40.72114,-73.96085,Private room,50,30,1,1,0,0
10233563,4227531,Manhattan,Midtown,40.75686,-73.96723,Entire home/apt,230,180,0,1,0,0
10233905,14590096,Brooklyn,East New York,40.67215,-73.88852,Entire home/apt,70,30,62,1,0,0
10277010,5610823,Brooklyn,Clinton Hill,40.68177,-73.96191,Entire home/apt,261,30,5,1,0,0
10630048,9273561,Manhattan,East Harlem,40.79244,-73.94444,Private room,99,30,21,1,0,0
10279086,52862385,Brooklyn,Crown Heights,40.66539,-73.93179,Entire home/apt,109,30,143,3,295,3
10280162,24411752,Brooklyn,Williamsburg,40.71217,-73.95187,Private room,49,30,0,1,0,0
10470258,53955282,Manhattan,East Harlem,40.8081,-73.93853,Entire home/apt,85,30,155,1,176,4
10473730,9383056,Brooklyn,Bedford-Stuyvesant,40.69684,-73.9375,Private room,65,30,3,1,0,0
10474780,40312267,Brooklyn,Flatbush,40.65224,-73.96365,Private room,50,30,5,1,0,0
10631201,37806185,Manhattan,Kips Bay,40.74295,-73.97332,Shared room,200,30,0,1,0,0
10636997,54917558,Brooklyn,Bushwick,40.6877,-73.90829,Entire home/apt,130,4,246,1,85,28
10475047,24094081,Brooklyn,Bushwick,40.6978,-73.93025,Private room,40,30,1,1,0,0
10280345,756173,Brooklyn,Flatbush,40.6428,-73.96173,Private room,88,2,199,2,111,49
10280439,23156396,Manhattan,Harlem,40.81988,-73.95265,Private room,65,30,0,1,0,0
10280549,756173,Brooklyn,Flatbush,40.64319,-73.96105,Private room,86,2,218,2,126,40
10637554,54921733,Brooklyn,Flatbush,40.64448,-73.96539,Entire home/apt,141,4,171,3,310,31
10478114,52172297,Brooklyn,Bedford-Stuyvesant,40.68126,-73.93553,Private room,65,30,12,1,365,0
10646179,6050234,Manhattan,Chelsea,40.74564,-74.00255,Entire home/apt,295,30,6,1,358,0
10478482,9122037,Brooklyn,Park Slope,40.66538,-73.9767,Entire home/apt,175,90,1,1,221,1
10482409,16677326,Manhattan,Chelsea,40.74864,-73.99564,Private room,101,1,257,22,299,43
10482554,16677326,Manhattan,Chelsea,40.74864,-73.99564,Private room,100,1,275,22,333,57
10282307,18272255,Brooklyn,Prospect Heights,40.673805,-73.966835,Entire home/apt,204,2,115,1,87,12
10289124,31919780,Brooklyn,Bedford-Stuyvesant,40.68641,-73.94076,Entire home/apt,154,3,185,2,43,36
10647977,32298504,Manhattan,Washington Heights,40.83705,-73.94301,Entire home/apt,75,30,34,1,0,0
10297582,52973925,Queens,Astoria,40.75619,-73.91881,Private room,66,30,0,1,0,0
10487548,587918,Manhattan,East Village,40.72152,-73.98241,Entire home/apt,261,5,87,1,249,14
10488505,5162192,Manhattan,Upper West Side,40.79821,-73.96382,Entire home/apt,275,30,11,20,251,1
10489240,16782573,Queens,Middle Village,40.71865,-73.88238,Entire home/apt,135,4,154,2,298,29
10648971,10489069,Manhattan,Upper West Side,40.80094,-73.96092,Entire home/apt,132,30,0,1,0,0
10491207,54081802,Brooklyn,Bushwick,40.69902,-73.9116,Private room,60,30,0,1,0,0
10298783,52981364,Manhattan,Harlem,40.80474,-73.94593,Private room,65,30,194,1,218,0
10301359,40826687,Brooklyn,Williamsburg,40.7112,-73.94024,Entire home/apt,120,30,34,1,0,0
10649625,2350439,Manhattan,East Village,40.73188,-73.99048,Entire home/apt,212,30,17,1,326,4
10308738,1250061,Manhattan,Upper West Side,40.78978,-73.96957,Entire home/apt,180,30,108,1,161,5
10310874,36753915,Brooklyn,Bedford-Stuyvesant,40.69581,-73.94374,Entire home/apt,56,3,41,1,0,2
10318675,13031745,Brooklyn,Williamsburg,40.70683,-73.94237,Private room,48,30,1,2,0,0
10319699,40501530,Manhattan,Harlem,40.82491,-73.94555,Entire home/apt,133,7,17,1,3,2
10319730,5623834,Brooklyn,East Flatbush,40.64743,-73.94647,Entire home/apt,100,30,16,3,312,4
10498577,54123180,Queens,Astoria,40.75949,-73.91922,Private room,49,30,13,1,0,0
10656360,55036405,Manhattan,Upper East Side,40.77524,-73.94682,Shared room,199,30,0,1,0,0
10500222,22364252,Manhattan,West Village,40.73454,-74.00605,Entire home/apt,196,30,2,1,0,0
10657080,36199306,Manhattan,Nolita,40.72273,-73.99566,Entire home/apt,99,30,43,1,0,0
10504508,23975540,Manhattan,Hell's Kitchen,40.76251,-74.00019,Entire home/apt,650,30,0,1,0,0
10513228,853118,Brooklyn,Bushwick,40.69891,-73.93162,Private room,89,12,30,1,0,1
10321100,23091281,Bronx,Concourse,40.83227,-73.91983,Private room,59,2,70,3,351,8
10329264,53153865,Brooklyn,Brooklyn Heights,40.69421,-73.99768,Entire home/apt,60,3,106,1,0,12
10657189,10571574,Brooklyn,Bedford-Stuyvesant,40.69866,-73.94548,Entire home/apt,185,2,107,1,152,22
10334395,10197136,Brooklyn,Bedford-Stuyvesant,40.68207,-73.9293,Private room,40,30,0,1,0,0
10513499,54206554,Brooklyn,Bedford-Stuyvesant,40.68717,-73.95372,Entire home/apt,100,30,1,1,0,0
10514166,48170471,Brooklyn,Williamsburg,40.72029,-73.9641,Private room,65,30,2,2,0,0
10514879,4118478,Manhattan,East Village,40.72849,-73.98883,Entire home/apt,450,30,1,1,0,0
10520825,54242258,Brooklyn,Bushwick,40.70215,-73.92889,Private room,50,1,4,1,0,0
10658564,21229563,Manhattan,Upper East Side,40.78231,-73.94571,Entire home/apt,100,30,0,1,0,0
10659825,55060863,Brooklyn,Midwood,40.61155,-73.96337,Private room,55,30,1,1,0,0
10522830,1855214,Brooklyn,Bushwick,40.69313,-73.91633,Entire home/apt,111,4,155,1,22,23
10524082,54262760,Brooklyn,Bedford-Stuyvesant,40.68858,-73.95387,Private room,70,30,0,1,0,0
10338839,53206623,Queens,Edgemere,40.59508,-73.7782,Entire home/apt,180,30,29,1,364,0
10339291,53209258,Brooklyn,Bushwick,40.69699,-73.93053,Private room,105,1,0,1,0,0
10340695,53217509,Brooklyn,Crown Heights,40.67465,-73.95833,Private room,45,30,0,1,0,0
10340705,53216788,Manhattan,Harlem,40.8111,-73.9452,Private room,80,30,39,1,337,1
10341262,23772724,Manhattan,Upper East Side,40.78332,-73.94613,Entire home/apt,110,30,13,58,261,2
10345066,53244654,Queens,Sunnyside,40.73989,-73.92313,Entire home/apt,800,30,0,1,0,0
10355146,3530446,Brooklyn,Crown Heights,40.67826,-73.95263,Entire home/apt,185,30,94,3,359,4
10356093,2321360,Brooklyn,Bedford-Stuyvesant,40.68424,-73.93434,Entire home/apt,120,30,0,1,0,0
10660249,55062858,Manhattan,Hell's Kitchen,40.75657,-73.99452,Entire home/apt,200,30,240,1,0,0
10674836,51238762,Manhattan,East Village,40.73058,-73.98286,Private room,39,30,4,1,0,0
10357730,16823940,Queens,Ditmars Steinway,40.77613,-73.9104,Entire home/apt,100,30,80,1,246,6
10359702,53319402,Queens,Astoria,40.76301,-73.91295,Private room,80,30,0,1,0,0
10525616,14076423,Brooklyn,Park Slope,40.67487,-73.98371,Entire home/apt,182,30,43,1,0,0
10675118,2199280,Manhattan,Morningside Heights,40.81504,-73.96062,Entire home/apt,150,31,15,1,0,0
10675218,7556789,Manhattan,East Harlem,40.80385,-73.93775,Private room,63,30,0,1,0,0
10676786,12672672,Brooklyn,Sunset Park,40.64179,-74.01147,Entire home/apt,75,30,0,1,0,0
10526335,13200818,Brooklyn,Bushwick,40.70006,-73.91818,Private room,39,30,11,1,0,0
10363521,2542683,Brooklyn,Clinton Hill,40.69498,-73.96247,Private room,150,30,0,2,0,0
10365373,8049682,Brooklyn,Crown Heights,40.67571,-73.9577,Private room,70,30,131,1,0,0
10365991,17790870,Manhattan,Murray Hill,40.74812,-73.97534,Entire home/apt,83,30,2,1,0,0
10676959,47121117,Manhattan,Harlem,40.80097,-73.9489,Private room,89,30,8,1,0,0
10368055,29466025,Brooklyn,Park Slope,40.67757,-73.97646,Entire home/apt,325,1,2,1,0,0
10526745,54279433,Queens,Sunnyside,40.74286,-73.91635,Private room,34,30,1,1,0,0
10679740,55165952,Brooklyn,Williamsburg,40.71456,-73.94209,Private room,60,30,0,1,0,0
10368714,53369750,Manhattan,Washington Heights,40.83609,-73.9421,Private room,40,5,183,1,24,26
10369038,27673980,Queens,Flushing,40.74537,-73.83252,Private room,58,1,181,8,73,20
10369047,27673980,Queens,Flushing,40.74537,-73.83252,Private room,58,1,118,8,64,7
10680745,29882817,Manhattan,East Village,40.72677,-73.97937,Private room,70,30,0,1,0,0
10371643,53387593,Manhattan,Upper West Side,40.79851,-73.9627,Private room,45,30,0,1,0,0
10526930,54280519,Manhattan,Upper East Side,40.76939,-73.94925,Entire home/apt,125,30,0,1,0,0
10527274,54283244,Brooklyn,Crown Heights,40.67697,-73.92712,Entire home/apt,155,3,176,1,263,49
10527546,14290739,Manhattan,Upper West Side,40.79184,-73.96757,Entire home/apt,165,90,11,5,258,1
10534018,17500155,Queens,Long Island City,40.74816,-73.94653,Entire home/apt,100,30,5,1,0,0
10681986,55179950,Manhattan,Washington Heights,40.83834,-73.93725,Private room,100,30,0,1,0,0
10377405,2983459,Manhattan,Nolita,40.72174,-73.99639,Entire home/apt,200,30,5,1,0,0
10377445,53412784,Manhattan,Midtown,40.74507,-73.98308,Private room,600,30,0,1,0,0
10684164,19227044,Brooklyn,Flatbush,40.64928,-73.96283,Entire home/apt,75,30,1,1,0,0
10684843,55197031,Manhattan,West Village,40.73242,-74.00411,Entire home/apt,150,30,0,1,0,0
10381948,29741970,Brooklyn,Greenpoint,40.72521,-73.94655,Private room,80,30,14,1,0,0
10382430,53445174,Brooklyn,Bushwick,40.68597,-73.91417,Private room,35,30,1,1,0,0
10383291,53450065,Queens,Flushing,40.72211,-73.80908,Private room,30,30,0,1,0,0
10538353,7203997,Brooklyn,Park Slope,40.6691,-73.9752,Entire home/apt,179,2,165,1,37,1
10686287,36998357,Manhattan,Kips Bay,40.7388,-73.98024,Entire home/apt,120,30,0,1,0,0
10686809,15927582,Brooklyn,Park Slope,40.67534,-73.98239,Entire home/apt,95,30,0,1,0,0
10538764,54345530,Manhattan,Harlem,40.80429,-73.95361,Private room,72,30,0,1,0,0
10686958,8784903,Manhattan,Inwood,40.86462,-73.92626,Entire home/apt,135,30,9,1,121,4
10539779,54351163,Manhattan,East Village,40.72751,-73.98006,Entire home/apt,170,7,92,1,270,10
10385262,53462017,Manhattan,Upper West Side,40.78815,-73.9677,Entire home/apt,150,30,13,1,180,6
10696502,7761429,Brooklyn,Park Slope,40.67931,-73.97974,Entire home/apt,405,3,63,1,137,34
10540337,54353888,Manhattan,Washington Heights,40.83493,-73.94952,Private room,55,30,26,1,0,0
10540383,40221604,Manhattan,Harlem,40.82295,-73.94471,Private room,46,30,103,2,88,0
10540876,10125401,Manhattan,Harlem,40.80445,-73.95223,Entire home/apt,140,30,83,1,197,2
10542658,2470568,Brooklyn,Greenpoint,40.72222,-73.94058,Entire home/apt,75,30,0,1,0,0
10701027,345252,Brooklyn,Clinton Hill,40.68075,-73.96228,Entire home/apt,200,30,26,1,0,1
10704981,6716450,Manhattan,Upper West Side,40.79966,-73.971,Entire home/apt,175,30,1,1,0,0
10709249,35761677,Brooklyn,Bedford-Stuyvesant,40.68122,-73.91736,Entire home/apt,269,2,260,1,313,44
10542679,18802626,Brooklyn,Bedford-Stuyvesant,40.69253,-73.93224,Private room,60,10,38,1,126,4
10544239,16911296,Manhattan,East Village,40.72983,-73.98417,Private room,129,30,11,1,0,0
10544439,54375099,Manhattan,SoHo,40.72566,-74.00275,Private room,75,30,1,1,0,0
10709846,7822683,Brooklyn,Greenpoint,40.73506,-73.95779,Private room,55,30,2,1,0,0
10545027,54378184,Brooklyn,Clinton Hill,40.69063,-73.96486,Entire home/apt,265,10,32,3,341,5
10545815,4148248,Brooklyn,Williamsburg,40.70689,-73.93855,Entire home/apt,135,30,164,2,76,0
10546254,54378184,Brooklyn,Fort Greene,40.68594,-73.9694,Entire home/apt,200,30,38,3,352,8
10386341,53468381,Brooklyn,Bedford-Stuyvesant,40.69493,-73.94314,Entire home/apt,173,2,345,1,131,70
10386831,15895218,Brooklyn,Boerum Hill,40.68605,-73.98872,Private room,62,30,1,2,0,0
10386936,53471415,Brooklyn,Williamsburg,40.71158,-73.95364,Private room,1002,365,10,1,0,0
10387839,53477091,Brooklyn,Williamsburg,40.71588,-73.95474,Entire home/apt,100,30,5,1,0,0
10387852,53477287,Manhattan,Washington Heights,40.83381,-73.94271,Private room,24,30,1,2,0,0
10710179,45085848,Manhattan,East Village,40.72859,-73.98294,Private room,100,2,130,1,162,35
10390256,3078092,Manhattan,Stuyvesant Town,40.7317,-73.98145,Private room,75,30,0,1,0,0
10390481,53492531,Brooklyn,Crown Heights,40.67707,-73.95887,Entire home/apt,60,30,2,1,0,0
10546729,1520623,Brooklyn,Columbia St,40.68591,-74.00164,Entire home/apt,120,30,0,1,0,0
10721891,51501835,Manhattan,Hell's Kitchen,40.76411,-73.99371,Entire home/apt,130,30,19,109,161,4
10723142,24981045,Queens,Astoria,40.76026,-73.91776,Private room,35,30,1,1,0,0
10729454,3139829,Manhattan,Upper East Side,40.76662,-73.95408,Private room,50,30,2,1,0,0
10729951,10954437,Brooklyn,Bedford-Stuyvesant,40.69496,-73.94972,Private room,90,30,24,1,0,0
10730086,28546873,Brooklyn,Bedford-Stuyvesant,40.6887,-73.92785,Private room,49,3,10,1,0,0
10548910,52262589,Manhattan,Kips Bay,40.74111,-73.97845,Entire home/apt,450,30,2,1,0,0
10393619,12258594,Brooklyn,East Flatbush,40.66285,-73.93922,Entire home/apt,66,30,8,2,0,0
10732197,22774265,Manhattan,Roosevelt Island,40.76273,-73.94911,Private room,68,3,170,1,20,61
10401534,51309850,Manhattan,Greenwich Village,40.72981,-74.00114,Private room,91,30,1,1,0,0
10403199,29065752,Brooklyn,Williamsburg,40.71886,-73.94522,Entire home/apt,250,30,0,1,0,0
10403231,9870528,Manhattan,Chelsea,40.7384,-73.99584,Entire home/apt,120,30,0,1,0,0
10551015,880323,Brooklyn,Bushwick,40.69514,-73.92092,Private room,36,30,1,1,0,0
10732341,34040597,Manhattan,Upper East Side,40.76262,-73.95826,Entire home/apt,130,30,25,1,0,0
10552168,24932156,Manhattan,Midtown,40.75295,-73.97361,Private room,175,4,1,1,0,0
10733505,45005719,Manhattan,Hell's Kitchen,40.76453,-73.98774,Entire home/apt,300,5,4,1,0,0
10553095,44547688,Brooklyn,East New York,40.67117,-73.87937,Private room,50,30,44,2,365,2
10407271,53582731,Brooklyn,Bushwick,40.69852,-73.92855,Entire home/apt,100,30,18,1,0,0
10407723,814747,Brooklyn,Fort Greene,40.68672,-73.96966,Entire home/apt,175,30,131,2,0,0
10748040,55567227,Manhattan,Harlem,40.83071,-73.94557,Private room,68,2,203,1,26,23
10411679,15235299,Brooklyn,Greenpoint,40.73268,-73.95971,Private room,62,2,28,2,0,0
10412006,53618094,Manhattan,SoHo,40.72439,-73.99639,Entire home/apt,250,30,0,1,0,0
10413492,51501835,Manhattan,Hell's Kitchen,40.76429,-73.99486,Entire home/apt,120,30,13,109,308,2
10560986,45531690,Brooklyn,Greenpoint,40.72853,-73.95533,Private room,39,30,1,1,0,0
10561771,30356325,Manhattan,Harlem,40.80735,-73.94671,Entire home/apt,70,30,4,1,0,0
10562085,5769963,Brooklyn,Williamsburg,40.7172,-73.95557,Entire home/apt,150,30,0,1,0,0
10562990,9932811,Brooklyn,Flatbush,40.64895,-73.96897,Entire home/apt,100,30,2,1,0,0
10755419,55617221,Manhattan,Civic Center,40.71415,-74.00023,Entire home/apt,100,30,0,1,0,0
10413576,53627900,Staten Island,New Brighton,40.64365,-74.09113,Private room,55,1,253,1,272,61
10414065,525663,Manhattan,Chinatown,40.71419,-73.99114,Private room,100,30,0,1,0,0
10765309,8851665,Manhattan,West Village,40.73523,-74.00115,Entire home/apt,200,30,1,1,0,0
10564483,17012496,Brooklyn,Williamsburg,40.71987,-73.93705,Private room,45,30,1,1,0,0
10564616,51501835,Manhattan,Hell's Kitchen,40.76411,-73.99371,Entire home/apt,185,30,12,109,319,2
10766339,9358748,Brooklyn,Crown Heights,40.67009,-73.95924,Entire home/apt,95,30,3,1,0,0
10769752,51372003,Brooklyn,Flatbush,40.65247,-73.96313,Private room,68,6,74,2,57,7
10770836,55709707,Manhattan,Upper West Side,40.7902,-73.97468,Entire home/apt,82,30,0,1,0,0
10772141,55718379,Manhattan,Hell's Kitchen,40.76407,-73.98868,Entire home/apt,169,30,0,2,0,0
10773150,55725808,Manhattan,East Harlem,40.7869,-73.95285,Private room,45,30,2,1,0,0
10848827,34698196,Brooklyn,Flatbush,40.65123,-73.96436,Private room,30,30,1,1,0,0
10786240,55808233,Manhattan,Hell's Kitchen,40.75979,-73.99216,Private room,75,30,0,1,0,0
10786987,55813598,Brooklyn,Gravesend,40.60706,-73.97339,Shared room,20,30,146,2,0,0
10787042,16430584,Manhattan,Hell's Kitchen,40.76538,-73.99534,Entire home/apt,250,30,3,1,0,0
10788568,55823684,Manhattan,Lower East Side,40.72245,-73.98949,Entire home/apt,149,30,0,1,0,0
10566341,17191693,Brooklyn,Williamsburg,40.70753,-73.95296,Private room,45,30,18,1,0,0
10568646,48170471,Brooklyn,Williamsburg,40.72062,-73.96216,Entire home/apt,85,30,0,2,0,0
10569037,51501835,Manhattan,Upper East Side,40.7811,-73.95319,Entire home/apt,122,30,12,109,310,5
10789121,329931,Brooklyn,Crown Heights,40.67382,-73.95584,Private room,33,30,0,1,0,0
10791008,55841172,Brooklyn,Flatlands,40.62257,-73.94013,Entire home/apt,90,3,46,1,38,17
10792883,55853534,Brooklyn,Bedford-Stuyvesant,40.68528,-73.93937,Private room,64,30,0,1,0,0
10798553,798949,Brooklyn,Greenpoint,40.72538,-73.95166,Entire home/apt,99,30,0,1,0,0
10801094,11189753,Brooklyn,Fort Greene,40.68551,-73.9712,Entire home/apt,240,30,36,4,159,5
10803759,18575991,Brooklyn,Williamsburg,40.71979,-73.95739,Entire home/apt,130,45,5,1,0,0
10807749,45082547,Brooklyn,South Slope,40.66868,-73.98884,Entire home/apt,120,30,5,1,0,0
10807838,55948559,Bronx,Pelham Gardens,40.86677,-73.84056,Private room,40,1,182,5,42,59
10573225,54539364,Brooklyn,South Slope,40.66563,-73.98386,Entire home/apt,135,30,199,1,174,7
10575777,25475028,Manhattan,Chinatown,40.71504,-73.99146,Private room,110,30,1,1,0,0
10575811,14611780,Brooklyn,Cobble Hill,40.68933,-73.99846,Entire home/apt,105,30,5,1,0,0
10576404,10406845,Manhattan,Upper East Side,40.76955,-73.95683,Entire home/apt,100,21,30,1,0,0
10849426,56193545,Manhattan,Upper East Side,40.77516,-73.9555,Shared room,80,30,0,1,0,0
10850008,56197328,Manhattan,Morningside Heights,40.80874,-73.96633,Private room,132,30,50,2,0,0
10850026,7594757,Manhattan,Washington Heights,40.83625,-73.94062,Private room,40,30,18,1,0,0
10811465,6778614,Brooklyn,Bushwick,40.70746,-73.92256,Private room,50,30,12,2,0,0
10811548,19408191,Manhattan,Greenwich Village,40.73044,-73.99927,Entire home/apt,149,30,0,1,0,0
10850091,11491637,Manhattan,Hell's Kitchen,40.7548,-73.9974,Entire home/apt,275,30,0,1,0,0
10851925,8573805,Queens,Ridgewood,40.70301,-73.91171,Private room,40,30,0,1,0,0
10811875,768181,Brooklyn,Williamsburg,40.7137,-73.93995,Entire home/apt,120,1,1,1,0,0
10812136,4827009,Brooklyn,Williamsburg,40.70508,-73.94409,Private room,60,30,0,1,0,0
10812263,1639309,Brooklyn,Carroll Gardens,40.68182,-74.00198,Entire home/apt,120,30,17,1,240,6
10853313,56214524,Brooklyn,Clinton Hill,40.68878,-73.96404,Entire home/apt,150,3,255,1,263,25
10576498,1424084,Brooklyn,Bushwick,40.69341,-73.91064,Private room,75,30,17,1,125,1
10587891,32712155,Manhattan,Chelsea,40.7408,-74.00127,Entire home/apt,225,30,0,1,0,0
10589384,1558246,Brooklyn,Fort Greene,40.68843,-73.97619,Private room,105,30,0,1,0,0
10592839,4745560,Brooklyn,Bushwick,40.70158,-73.91851,Entire home/apt,130,30,0,1,0,0
10593675,2787,Brooklyn,Bensonhurst,40.60972,-73.97637,Shared room,149,1,29,9,173,8
10812960,17052634,Brooklyn,Crown Heights,40.67204,-73.94614,Private room,100,30,0,1,0,0
10813133,16326744,Brooklyn,Bushwick,40.70393,-73.9263,Entire home/apt,75,30,0,1,0,0
10596856,54675040,Queens,Woodside,40.74851,-73.90332,Private room,57,30,0,1,0,0
10859700,53199312,Queens,East Elmhurst,40.76381,-73.88527,Entire home/apt,179,2,113,2,351,18
10822131,24304455,Manhattan,Gramercy,40.73839,-73.98675,Entire home/apt,99,30,0,1,0,0
10609963,5179817,Manhattan,Flatiron District,40.73994,-73.98741,Entire home/apt,275,30,0,1,0,0
10611168,51501835,Manhattan,Hell's Kitchen,40.76411,-73.99371,Entire home/apt,130,30,13,109,268,1
10824421,7911103,Brooklyn,Greenpoint,40.72639,-73.94764,Entire home/apt,165,30,0,1,0,0
10861389,10277424,Manhattan,Upper West Side,40.80062,-73.96488,Private room,150,30,4,1,65,0
10863225,47898830,Manhattan,Upper West Side,40.77765,-73.97703,Entire home/apt,199,30,0,1,0,0
10869804,56312532,Manhattan,Upper West Side,40.80283,-73.96504,Entire home/apt,60,30,0,1,0,0
10874577,43220844,Manhattan,Upper East Side,40.76338,-73.9596,Entire home/apt,150,30,1,1,0,0
10826734,10295496,Brooklyn,Bushwick,40.68424,-73.90766,Private room,33,30,1,1,0,0
10827567,31411094,Brooklyn,Crown Heights,40.67269,-73.93905,Entire home/apt,130,3,194,1,291,26
10875244,56342651,Manhattan,Upper West Side,40.80282,-73.96552,Entire home/apt,120,30,0,1,0,0
10881164,56376946,Brooklyn,Clinton Hill,40.6889,-73.96349,Entire home/apt,399,30,6,1,130,3
10612564,54763152,Manhattan,Upper West Side,40.77881,-73.98559,Private room,140,4,111,1,100,21
10615883,4966907,Brooklyn,Bedford-Stuyvesant,40.69403,-73.94986,Entire home/apt,225,3,72,1,0,21
10625484,4274594,Brooklyn,Bedford-Stuyvesant,40.68661,-73.95612,Entire home/apt,90,90,43,1,0,0
10625668,26354652,Brooklyn,Flatbush,40.64912,-73.96697,Private room,126,2,1,4,0,0
10628495,5812675,Brooklyn,Crown Heights,40.66894,-73.95885,Entire home/apt,89,5,0,1,0,0
10827775,5075049,Manhattan,Stuyvesant Town,40.73111,-73.98184,Entire home/apt,68,30,2,1,0,0
10828230,56066018,Brooklyn,Crown Heights,40.67842,-73.96308,Private room,45,30,1,1,0,0
11139469,45677054,Brooklyn,Bedford-Stuyvesant,40.67978,-73.91675,Entire home/apt,163,2,176,2,339,37
11140165,923791,Brooklyn,South Slope,40.66384,-73.98712,Entire home/apt,500,7,19,2,0,0
11144496,48819868,Brooklyn,Williamsburg,40.71328,-73.95106,Private room,200,30,0,1,0,0
11144544,7401344,Manhattan,Midtown,40.74545,-73.98128,Private room,99,30,1,1,0,0
10833173,1334808,Brooklyn,Williamsburg,40.7129,-73.95632,Entire home/apt,114,30,0,2,0,0
10835801,12353168,Brooklyn,Williamsburg,40.71916,-73.96283,Entire home/apt,225,5,21,1,0,0
11147376,22218564,Brooklyn,Fort Greene,40.68732,-73.97888,Entire home/apt,163,30,22,1,37,2
10885211,15651999,Manhattan,Midtown,40.75636,-73.96437,Entire home/apt,149,30,4,1,0,0
10836260,17592675,Manhattan,Midtown,40.75247,-73.9715,Entire home/apt,400,30,0,1,0,0
10837039,2252514,Brooklyn,Prospect-Lefferts Gardens,40.65758,-73.94959,Private room,20,30,2,1,0,0
10886628,56412357,Brooklyn,Greenpoint,40.72527,-73.94803,Private room,34,30,0,1,0,0
10837800,43533460,Manhattan,Washington Heights,40.83379,-73.94726,Private room,36,30,3,1,0,0
10839007,56124518,Manhattan,Lower East Side,40.72122,-73.9834,Private room,90,30,1,1,0,0
10847901,38116129,Brooklyn,Bensonhurst,40.60723,-73.9992,Private room,68,30,37,1,0,0
10886971,8261208,Brooklyn,Bedford-Stuyvesant,40.68442,-73.94854,Private room,61,2,67,1,292,3
10887262,4343152,Manhattan,Harlem,40.81249,-73.94416,Entire home/apt,195,30,2,1,0,0
10901062,836911,Brooklyn,Windsor Terrace,40.65794,-73.97982,Entire home/apt,150,30,1,2,0,0
10909032,56536974,Brooklyn,Williamsburg,40.71102,-73.95085,Private room,50,30,0,1,0,0
10919160,25498781,Manhattan,East Village,40.7287,-73.98171,Entire home/apt,257,30,9,1,0,0
10919968,4497387,Manhattan,Upper West Side,40.79386,-73.97642,Entire home/apt,150,30,16,1,0,0
11147993,57954654,Bronx,Williamsbridge,40.87443,-73.85909,Entire home/apt,86,30,183,1,249,0
11157167,17259339,Manhattan,Chinatown,40.71303,-73.99641,Entire home/apt,100,30,26,1,0,0
11378564,5120972,Brooklyn,Greenpoint,40.72607,-73.95153,Entire home/apt,200,3,183,2,0,5
11162285,4302160,Brooklyn,Fort Greene,40.68462,-73.97688,Private room,95,30,24,1,0,0
11162475,14713587,Manhattan,Morningside Heights,40.80376,-73.964,Private room,132,30,6,1,0,0
11162564,2119276,Manhattan,Gramercy,40.73323,-73.9828,Entire home/apt,120,30,9,22,273,0
10921091,56607815,Manhattan,Upper West Side,40.77024,-73.98791,Entire home/apt,150,30,0,1,0,0
11380956,51501835,Manhattan,Hell's Kitchen,40.76411,-73.99371,Entire home/apt,125,30,10,109,336,2
11381288,49021868,Manhattan,Lower East Side,40.72114,-73.98897,Entire home/apt,199,30,9,1,0,0
11381526,51501835,Manhattan,Little Italy,40.71899,-73.99773,Entire home/apt,150,30,11,109,260,0
11389037,51425591,Brooklyn,Greenpoint,40.72347,-73.94199,Private room,70,30,0,1,0,0
10921244,6113662,Brooklyn,Gowanus,40.67783,-73.99105,Entire home/apt,1071,7,5,1,313,2
11389773,59746634,Manhattan,Midtown,40.74771,-73.98875,Private room,65,30,0,1,0,0
10922736,56616493,Queens,Forest Hills,40.72315,-73.84251,Private room,57,30,0,1,0,0
11164047,58070616,Brooklyn,Bedford-Stuyvesant,40.69228,-73.93852,Private room,40,30,5,1,0,0
11391811,14813832,Manhattan,Harlem,40.82187,-73.93672,Private room,70,30,1,1,0,0
11396922,2821175,Brooklyn,Prospect Heights,40.68096,-73.96545,Entire home/apt,150,30,1,1,0,0
11398939,4218873,Brooklyn,Sunset Park,40.66216,-73.98985,Private room,55,30,1,1,0,0
11164714,58076069,Brooklyn,Williamsburg,40.71554,-73.95486,Entire home/apt,371,30,73,1,190,1
11167618,58098561,Brooklyn,Park Slope,40.67855,-73.97789,Entire home/apt,125,30,8,1,0,0
11176819,58164974,Manhattan,Hell's Kitchen,40.76053,-73.99255,Private room,150,4,37,1,0,0
10924304,25461543,Manhattan,Harlem,40.82939,-73.94393,Entire home/apt,175,30,23,2,0,0
10925844,7364894,Brooklyn,Bushwick,40.70128,-73.9253,Private room,40,30,0,1,0,0
10928250,7650414,Manhattan,Harlem,40.80274,-73.94598,Entire home/apt,399,5,10,1,0,0
10930279,25044529,Manhattan,Upper West Side,40.79583,-73.97493,Entire home/apt,87,30,0,1,0,0
10937904,17601552,Manhattan,Harlem,40.81794,-73.94326,Private room,75,30,0,1,0,0
10938202,2455178,Brooklyn,Flatbush,40.63946,-73.96606,Private room,55,30,6,1,0,0
11399898,23590752,Manhattan,East Village,40.72164,-73.98345,Entire home/apt,250,2,19,1,0,2
11407817,9290968,Queens,Astoria,40.77142,-73.927,Entire home/apt,99,30,2,1,0,0
10939255,7501803,Brooklyn,Flatbush,40.65193,-73.964,Private room,55,30,3,1,0,0
10939344,914838,Manhattan,Hell's Kitchen,40.76485,-73.99316,Entire home/apt,140,29,12,8,306,4
10941762,56732131,Manhattan,Lower East Side,40.72271,-73.99262,Entire home/apt,395,30,78,1,164,3
11183878,20609201,Brooklyn,Crown Heights,40.67747,-73.94686,Private room,67,30,34,1,35,0
11411361,57287881,Brooklyn,Williamsburg,40.71273,-73.94716,Private room,45,5,0,1,0,0
11186765,58234433,Queens,Sunnyside,40.73669,-73.9206,Private room,87,1,97,6,348,30
11190831,18833883,Brooklyn,Bedford-Stuyvesant,40.67956,-73.94238,Entire home/apt,129,30,144,1,227,4
11191242,35320932,Manhattan,Gramercy,40.73587,-73.98382,Entire home/apt,125,30,19,1,0,0
10943915,56710089,Manhattan,Harlem,40.82467,-73.94576,Entire home/apt,199,30,61,1,0,5
10947986,56775169,Bronx,Kingsbridge,40.88299,-73.9086,Entire home/apt,99,30,1,1,0,0
10958668,4269459,Brooklyn,Crown Heights,40.67734,-73.96076,Private room,35,30,2,1,0,0
11411839,18873268,Brooklyn,Bedford-Stuyvesant,40.69593,-73.94887,Private room,75,30,3,1,0,0
11412980,59922151,Brooklyn,Cobble Hill,40.68719,-73.99512,Entire home/apt,177,3,341,1,0,46
10983794,6187360,Manhattan,Gramercy,40.73707,-73.98511,Entire home/apt,800,90,6,1,272,0
10985169,825856,Brooklyn,Bedford-Stuyvesant,40.68333,-73.91932,Entire home/apt,76,30,2,1,0,0
11194693,29510402,Bronx,Longwood,40.82319,-73.90341,Entire home/apt,57,119,233,3,0,0
11210604,58388047,Manhattan,Upper West Side,40.79646,-73.97138,Private room,75,7,12,1,69,1
11210829,58389790,Brooklyn,Bedford-Stuyvesant,40.68521,-73.93118,Entire home/apt,85,180,0,1,363,0
11414971,6705983,Queens,Jackson Heights,40.75094,-73.89201,Entire home/apt,107,2,6,1,0,0
11211612,57069428,Brooklyn,Williamsburg,40.71537,-73.95031,Private room,50,30,0,1,0,0
10988682,57015584,Queens,Long Island City,40.74162,-73.95138,Entire home/apt,175,30,22,1,0,0
11415455,20868549,Manhattan,East Village,40.72793,-73.98771,Entire home/apt,175,30,2,1,0,0
10990129,50745919,Queens,St. Albans,40.69284,-73.76086,Private room,145,30,2,1,180,0
10995738,1755999,Brooklyn,Williamsburg,40.70532,-73.92814,Private room,39,30,0,1,0,0
11212414,58405281,Manhattan,Harlem,40.82485,-73.93774,Entire home/apt,75,30,1,1,0,0
11419133,6034691,Manhattan,Chelsea,40.74615,-73.99228,Private room,80,40,2,1,0,0
11216918,58437137,Manhattan,West Village,40.73459,-74.00281,Entire home/apt,199,30,10,1,0,0
10995810,57055185,Queens,Astoria,40.76827,-73.9146,Private room,33,30,0,1,0,0
11420840,45404393,Queens,Jackson Heights,40.75193,-73.88206,Private room,70,2,53,2,255,13
10996466,38794144,Brooklyn,Crown Heights,40.67705,-73.96026,Private room,64,30,3,1,0,0
11219289,58453451,Brooklyn,East New York,40.67306,-73.887,Private room,34,2,262,3,14,33
11421969,6735659,Manhattan,Upper East Side,40.77013,-73.95517,Private room,99,1,26,1,0,0
11221362,58467654,Manhattan,Midtown,40.75771,-73.96872,Private room,90,3,3,1,0,0
11003247,57097075,Manhattan,Washington Heights,40.85035,-73.93856,Entire home/apt,90,30,1,1,0,0
11008081,57122538,Manhattan,Harlem,40.82696,-73.93974,Private room,60,1,25,1,0,3
11422056,59996301,Queens,Woodside,40.74268,-73.90739,Entire home/apt,140,30,107,3,344,0
11011567,22861935,Brooklyn,Columbia St,40.68448,-74.00354,Entire home/apt,145,3,43,1,0,0
11222221,18284376,Manhattan,West Village,40.73618,-74.009,Entire home/apt,150,30,0,1,0,0
11228502,22420999,Queens,Richmond Hill,40.69403,-73.83218,Private room,55,2,11,5,256,2
11234747,24146326,Queens,Astoria,40.76596,-73.93158,Entire home/apt,269,3,7,2,82,2
11237441,23033704,Brooklyn,Williamsburg,40.72013,-73.95841,Private room,185,6,146,1,55,15
11431871,60059749,Brooklyn,Crown Heights,40.67453,-73.95675,Private room,32,30,21,2,0,0
11239207,33535733,Manhattan,Midtown,40.76096,-73.9672,Private room,120,30,0,1,0,0
11242469,17861935,Queens,Flushing,40.76015,-73.79105,Entire home/apt,70,30,0,1,0,0
11243953,51501835,Manhattan,Hell's Kitchen,40.76411,-73.99371,Entire home/apt,140,30,1,109,253,0
11244568,51501835,Manhattan,Little Italy,40.71899,-73.99773,Entire home/apt,145,30,4,109,297,0
11434339,60077790,Manhattan,Harlem,40.82044,-73.93605,Private room,100,30,0,1,0,0
11254989,58730304,Manhattan,East Village,40.72376,-73.98947,Entire home/apt,140,30,6,1,0,0
11435529,30545042,Brooklyn,Gowanus,40.6772,-73.9841,Private room,49,30,1,1,0,0
11270828,20021635,Brooklyn,Bushwick,40.69741,-73.91482,Private room,66,30,0,1,0,0
11014346,53051331,Brooklyn,Crown Heights,40.67173,-73.95521,Private room,85,2,59,1,314,28
11437634,44502437,Queens,Astoria,40.75502,-73.91622,Entire home/apt,100,30,169,2,264,5
11020169,57165692,Bronx,Baychester,40.87185,-73.84109,Entire home/apt,100,3,309,2,156,24
11023993,27673980,Queens,Flushing,40.74537,-73.83252,Private room,68,1,108,8,28,2
11032588,6265305,Brooklyn,Williamsburg,40.7169,-73.94714,Private room,100,30,0,1,0,0
11271036,8145820,Manhattan,East Harlem,40.79606,-73.94881,Private room,30,30,1,1,0,0
11279820,22292023,Manhattan,Lower East Side,40.72224,-73.99192,Entire home/apt,170,30,0,1,0,0
11437792,354385,Brooklyn,Williamsburg,40.71004,-73.95644,Private room,50,30,2,1,0,0
11439224,60112093,Manhattan,Kips Bay,40.74444,-73.98054,Private room,100,30,12,1,0,0
11032957,57254931,Brooklyn,Clinton Hill,40.6828,-73.96355,Entire home/apt,150,7,60,1,0,0
11440260,51501835,Manhattan,Hell's Kitchen,40.76411,-73.99371,Entire home/apt,120,30,7,109,176,1
11441692,6501137,Manhattan,West Village,40.7397,-74.00842,Entire home/apt,221,30,10,1,0,0
11033476,57257971,Brooklyn,South Slope,40.66401,-73.98915,Private room,50,30,1,1,0,0
11282208,1779599,Brooklyn,Bedford-Stuyvesant,40.68682,-73.92927,Entire home/apt,275,6,9,1,0,4
11444671,60163700,Manhattan,Harlem,40.82259,-73.95268,Private room,65,4,63,2,3,0
11282348,58931360,Manhattan,Upper West Side,40.77656,-73.98325,Entire home/apt,250,30,6,1,0,0
11037105,57275881,Brooklyn,Williamsburg,40.70993,-73.95776,Entire home/apt,250,30,0,1,0,0
11451070,31500454,Manhattan,Morningside Heights,40.80443,-73.96548,Entire home/apt,130,30,1,1,0,0
11040458,20607397,Manhattan,Harlem,40.80535,-73.9576,Entire home/apt,300,30,28,1,280,0
11042240,57305837,Brooklyn,South Slope,40.66439,-73.98103,Entire home/apt,145,3,249,1,0,37
11043970,914838,Manhattan,Hell's Kitchen,40.75637,-73.99354,Entire home/apt,56,30,5,8,246,1
11059197,57398859,Queens,Flushing,40.76726,-73.81217,Private room,27,30,0,1,0,0
11282788,3925093,Brooklyn,Crown Heights,40.68014,-73.96374,Entire home/apt,76,30,9,1,0,0
11284520,4592263,Brooklyn,Bushwick,40.70269,-73.92583,Private room,90,30,0,1,0,0
11294566,59018284,Brooklyn,Bedford-Stuyvesant,40.69062,-73.93497,Private room,28,30,5,1,0,0
11295918,4671389,Brooklyn,Prospect-Lefferts Gardens,40.66009,-73.96051,Private room,70,30,0,1,0,0
11452204,51501835,Manhattan,Hell's Kitchen,40.76411,-73.99371,Entire home/apt,110,30,12,109,265,2
11452547,1621363,Brooklyn,Gowanus,40.68482,-73.98864,Entire home/apt,333,30,10,3,311,2
11452989,12531773,Manhattan,Harlem,40.82346,-73.95506,Private room,60,30,79,2,64,2
11298300,4726696,Manhattan,Upper West Side,40.79454,-73.96853,Entire home/apt,145,30,1,1,0,0
11302521,32802716,Brooklyn,Flatbush,40.63686,-73.96722,Private room,44,30,2,1,0,0
11304325,59095370,Manhattan,West Village,40.73259,-74.0047,Entire home/apt,250,30,1,1,0,0
11304836,6761373,Brooklyn,Flatbush,40.64677,-73.96012,Entire home/apt,60,30,3,1,0,0
11305815,59105771,Manhattan,Washington Heights,40.86091,-73.92538,Entire home/apt,100,30,6,1,0,0
11315999,5577926,Queens,Astoria,40.76606,-73.91107,Private room,56,30,72,3,0,0
11316570,3530018,Brooklyn,Bedford-Stuyvesant,40.69989,-73.94136,Private room,30,50,2,1,0,0
11320482,24789838,Bronx,Kingsbridge,40.88451,-73.89817,Private room,45,30,0,2,0,0
11322391,17824959,Brooklyn,Bushwick,40.69568,-73.92753,Private room,50,30,1,1,0,0
11324531,31860430,Brooklyn,Greenpoint,40.73733,-73.95336,Private room,65,30,0,1,0,0
11326009,13125944,Manhattan,Hell's Kitchen,40.76543,-73.98816,Private room,79,30,2,2,0,0
11065633,19340034,Manhattan,Gramercy,40.73647,-73.98161,Private room,150,30,2,1,0,0
11065884,45694734,Manhattan,East Harlem,40.81062,-73.93882,Private room,48,1,27,1,0,0
11067934,8243103,Manhattan,Chinatown,40.71533,-73.99854,Entire home/apt,200,30,33,1,0,0
11068187,9132107,Manhattan,Upper West Side,40.78638,-73.97549,Entire home/apt,148,30,2,1,0,0
11456047,60239797,Queens,Elmhurst,40.7375,-73.8733,Private room,100,30,0,1,0,0
11069190,390251,Manhattan,Harlem,40.80192,-73.95255,Private room,89,30,3,2,67,1
11456821,9419684,Manhattan,Hell's Kitchen,40.76153,-73.99878,Entire home/apt,369,29,0,79,347,0
11458973,9419684,Manhattan,Hell's Kitchen,40.76153,-73.99878,Entire home/apt,649,29,0,79,344,0
11460993,60278793,Manhattan,Harlem,40.81743,-73.94855,Entire home/apt,168,30,117,1,0,0
11069291,57460097,Queens,Elmhurst,40.73974,-73.88122,Private room,48,30,90,1,0,0
11083362,30995829,Manhattan,Washington Heights,40.84346,-73.93782,Private room,65,3,139,1,93,20
11085352,10994250,Brooklyn,Williamsburg,40.70937,-73.94893,Private room,50,30,0,1,0,0
11091309,7775937,Brooklyn,East New York,40.66293,-73.88369,Entire home/apt,146,4,222,1,37,24
11334476,47515751,Manhattan,Inwood,40.86822,-73.92573,Private room,35,30,12,1,0,0
11335874,5650826,Manhattan,East Harlem,40.7863,-73.94262,Private room,40,30,2,1,0,0
11340694,51501835,Manhattan,Little Italy,40.71899,-73.99773,Entire home/apt,115,30,13,109,196,2
11341728,51501835,Manhattan,Little Italy,40.71899,-73.99773,Entire home/apt,116,30,4,109,291,0
11343196,5368671,Brooklyn,Cobble Hill,40.68998,-73.99372,Private room,96,2,60,1,7,2
11344618,50364911,Brooklyn,Mill Basin,40.61616,-73.91696,Entire home/apt,150,1,0,2,140,0
11351798,29658310,Manhattan,Greenwich Village,40.73265,-73.99896,Entire home/apt,200,30,1,1,0,0
11352664,26024758,Manhattan,East Harlem,40.81388,-73.93611,Entire home/apt,95,30,85,1,12,0
11461331,12981247,Brooklyn,Crown Heights,40.67698,-73.93947,Private room,63,30,1,1,0,0
11355757,59479018,Brooklyn,Bushwick,40.69857,-73.92822,Private room,58,30,5,1,0,0
11357182,6369681,Brooklyn,Williamsburg,40.71105,-73.9589,Private room,41,30,4,1,0,0
11461524,16919101,Brooklyn,Greenpoint,40.7243,-73.95563,Private room,70,30,25,1,0,0
11462440,14076492,Manhattan,Upper West Side,40.79679,-73.96795,Private room,100,30,0,2,0,0
11359148,42389158,Brooklyn,Flatbush,40.642292,-73.952827,Entire home/apt,107,2,246,2,283,35
11359913,53356372,Manhattan,Gramercy,40.73386,-73.98201,Entire home/apt,1430,10,0,1,0,0
11360523,33931962,Brooklyn,Brooklyn Heights,40.69975,-73.99432,Entire home/apt,160,30,0,1,0,0
11360854,1565924,Manhattan,East Harlem,40.79237,-73.94579,Private room,74,30,1,1,0,0
11095719,38068387,Brooklyn,Clinton Hill,40.6945,-73.96604,Entire home/apt,175,2,67,2,308,2
11096801,38120363,Brooklyn,Crown Heights,40.67337,-73.91411,Private room,77,3,165,2,70,26
11096888,2228137,Brooklyn,Windsor Terrace,40.64931,-73.97977,Private room,45,500,0,1,358,0
11098018,10199059,Brooklyn,Bushwick,40.69712,-73.93055,Private room,70,30,0,1,0,0
11100490,57648603,Manhattan,Gramercy,40.73528,-73.98902,Entire home/apt,500,30,71,1,0,0
11474011,51501835,Manhattan,Hell's Kitchen,40.76411,-73.99371,Entire home/apt,180,30,2,109,318,1
11474808,1524765,Brooklyn,Bedford-Stuyvesant,40.68709,-73.95964,Entire home/apt,100,30,4,1,0,0
11100541,48880382,Brooklyn,Carroll Gardens,40.67992,-73.99486,Entire home/apt,195,4,78,1,274,14
11102591,4110759,Brooklyn,Williamsburg,40.71561,-73.95504,Private room,60,30,0,1,0,0
11114607,13611255,Brooklyn,Bedford-Stuyvesant,40.68825,-73.93507,Entire home/apt,129,30,15,3,74,1
11362386,3077147,Brooklyn,Bedford-Stuyvesant,40.68339356608322,-73.9522454478641,Entire home/apt,150,4,0,1,41,0
11369211,21965282,Brooklyn,Bay Ridge,40.63355,-74.03091,Entire home/apt,554,2,6,4,363,0
11370207,12797993,Brooklyn,Bushwick,40.69552,-73.90976,Private room,45,30,6,1,0,0
11479334,24031106,Manhattan,Harlem,40.81073,-73.93933,Entire home/apt,76,30,2,1,0,0
11480835,7990995,Brooklyn,Bushwick,40.70171,-73.91945,Private room,35,30,0,1,0,0
11486601,4964682,Manhattan,Marble Hill,40.87698,-73.9086,Entire home/apt,136,3,104,2,288,36
11371535,55618434,Bronx,Bronxdale,40.85306,-73.86644,Private room,40,30,104,1,154,3
11371773,22577148,Brooklyn,Bedford-Stuyvesant,40.69558,-73.93466,Private room,135,4,72,4,63,18
11371974,32974295,Brooklyn,Prospect Heights,40.67814,-73.97047,Entire home/apt,70,30,0,1,0,0
11372267,51501835,Manhattan,Hell's Kitchen,40.76411,-73.99371,Entire home/apt,100,30,5,109,280,1
11372330,9777215,Manhattan,Harlem,40.814148,-73.943657,Entire home/apt,120,30,124,3,81,5
11491051,60500336,Manhattan,Murray Hill,40.74573,-73.97802,Entire home/apt,100,30,1,1,0,0
11373565,59609062,Brooklyn,Williamsburg,40.70886,-73.946,Private room,60,30,0,1,0,0
11373754,31921385,Manhattan,Chelsea,40.74557,-73.99749,Shared room,114,31,27,1,0,0
11374387,4275336,Manhattan,Upper West Side,40.77322,-73.98736,Entire home/apt,190,30,2,1,0,0
11374453,7605261,Manhattan,East Harlem,40.79583,-73.94962,Entire home/apt,220,30,5,1,0,0
11375631,58110428,Manhattan,Upper East Side,40.76884,-73.95314,Entire home/apt,150,30,10,1,0,0
11117439,57755346,Manhattan,East Harlem,40.78963,-73.94705,Entire home/apt,121,30,33,1,0,0
11491696,60502606,Manhattan,Upper West Side,40.78838,-73.97892,Entire home/apt,250,30,0,1,0,0
11120231,15193965,Brooklyn,Crown Heights,40.66841,-73.93621,Entire home/apt,85,30,1,1,0,0
11120851,46980935,Brooklyn,Downtown Brooklyn,40.69734,-73.98203,Entire home/apt,120,30,9,1,0,0
11123328,44695225,Queens,Queens Village,40.70808,-73.74692,Entire home/apt,105,3,0,1,359,0
11377233,42626435,Brooklyn,Bedford-Stuyvesant,40.68794,-73.945,Private room,31,30,12,1,0,0
11377777,16969920,Manhattan,Morningside Heights,40.81613,-73.95911,Entire home/apt,110,30,3,1,0,0
11493255,60516459,Manhattan,Upper West Side,40.77218,-73.9829,Private room,350,2,91,1,274,18
11130697,57843472,Manhattan,Hell's Kitchen,40.76198,-73.99739,Private room,550,30,0,1,0,0
11136854,21986616,Brooklyn,Gravesend,40.58583,-73.96903,Entire home/apt,85,2,71,1,177,8
11495797,60535711,Manhattan,Midtown,40.76154,-73.9745,Private room,1400,2,23,2,243,2
11138618,57885166,Brooklyn,Park Slope,40.67164,-73.98733,Private room,70,30,3,1,0,0
11565841,60687546,Brooklyn,Prospect-Lefferts Gardens,40.66169,-73.95277,Entire home/apt,88,2,131,1,150,55
11567796,48024019,Manhattan,Midtown,40.74644,-73.98389,Entire home/apt,200,30,0,1,0,0
11496607,60542135,Manhattan,Harlem,40.80389,-73.94547,Entire home/apt,175,5,127,1,296,30
11568026,5333348,Manhattan,Tribeca,40.71559,-74.00871,Entire home/apt,500,30,0,1,0,0
11568577,51501835,Manhattan,Little Italy,40.71899,-73.99773,Entire home/apt,101,30,9,109,232,2
11573269,11764237,Manhattan,Kips Bay,40.7441,-73.97469,Entire home/apt,125,30,1,1,0,0
11573292,59493714,Manhattan,East Village,40.72384,-73.98422,Private room,109,30,0,1,0,0
11573695,7041668,Brooklyn,Crown Heights,40.67075,-73.9447,Private room,60,30,0,1,0,0
11138823,57885474,Bronx,Wakefield,40.89858,-73.85896,Entire home/apt,103,3,245,5,329,19
11138910,827235,Brooklyn,Bedford-Stuyvesant,40.68397,-73.95896,Entire home/apt,109,30,3,1,0,0
11750272,25059970,Staten Island,Clifton,40.62389,-74.07568,Entire home/apt,95,5,100,1,105,0
11496968,831572,Brooklyn,Fort Greene,40.69294,-73.97432,Entire home/apt,170,30,12,1,0,0
11751327,61391963,Manhattan,Midtown,40.75562,-73.96567,Entire home/apt,99,30,17,116,250,0
11751718,61391963,Manhattan,Kips Bay,40.7421,-73.98009,Entire home/apt,175,30,7,116,271,0
11574674,61175876,Brooklyn,Bushwick,40.69528,-73.92184,Entire home/apt,129,30,123,2,318,27
11575101,61175876,Brooklyn,Bushwick,40.69343,-73.92257,Private room,91,3,160,2,208,25
11580884,59075666,Brooklyn,Williamsburg,40.70408,-73.93534,Private room,53,30,12,1,0,0
11584340,10563705,Manhattan,Washington Heights,40.85043,-73.936,Entire home/apt,110,30,0,1,0,0
11588003,4732500,Manhattan,Upper West Side,40.79705,-73.97354,Entire home/apt,115,30,1,1,0,0
11589391,17862696,Brooklyn,Gowanus,40.672489166259766,-73.99177551269531,Entire home/apt,250,30,6,2,310,1
11497938,60501531,Bronx,Spuyten Duyvil,40.88045,-73.91825,Entire home/apt,100,186,7,1,364,0
11503509,60596749,Manhattan,Morningside Heights,40.80819,-73.96706,Entire home/apt,375,30,5,1,0,0
11751916,62530335,Bronx,Mott Haven,40.81814,-73.92817,Entire home/apt,124,30,0,1,0,0
11505981,60615372,Manhattan,Upper East Side,40.78352,-73.94953,Entire home/apt,135,30,31,1,0,0
11753010,62535444,Brooklyn,Brighton Beach,40.57829,-73.95409,Entire home/apt,93,30,109,2,365,1
11753760,62542300,Brooklyn,South Slope,40.66854,-73.98624,Private room,90,3,227,1,248,30
11589713,15524268,Brooklyn,Williamsburg,40.71184,-73.95177,Private room,65,30,0,1,0,0
11589895,50760546,Manhattan,Midtown,40.74503,-73.98137,Entire home/apt,110,30,7,31,64,0
11591798,51528392,Brooklyn,Crown Heights,40.67013,-73.94789,Entire home/apt,130,30,162,2,30,2
11506248,923791,Brooklyn,South Slope,40.66531,-73.98725,Private room,125,30,7,2,0,0
11511431,23901404,Manhattan,Harlem,40.82198,-73.94788,Entire home/apt,161,2,204,1,256,58
11593365,10703999,Manhattan,Chinatown,40.71605,-74.00019,Entire home/apt,220,4,0,1,0,0
11513480,47105925,Brooklyn,Crown Heights,40.67012,-73.94327,Private room,38,30,2,1,0,0
11514023,50462669,Manhattan,Upper West Side,40.7939,-73.97404,Private room,60,30,2,1,0,0
11514862,54772069,Brooklyn,Crown Heights,40.67634,-73.94133,Private room,75,30,0,1,0,0
11522815,60753668,Brooklyn,Williamsburg,40.71885,-73.94171,Entire home/apt,130,30,41,1,0,0
11593727,3413015,Brooklyn,Crown Heights,40.67197,-73.94006,Entire home/apt,110,7,55,1,164,7
11602050,61391963,Manhattan,Upper East Side,40.78445,-73.95737,Entire home/apt,117,30,17,116,159,1
11602485,39123185,Manhattan,Hell's Kitchen,40.76714,-73.99229,Private room,100,30,0,1,0,0
11753792,15423103,Brooklyn,Clinton Hill,40.69323,-73.96853,Entire home/apt,250,30,3,1,81,0
11758313,51501835,Manhattan,Little Italy,40.71899,-73.99773,Entire home/apt,95,30,13,109,139,5
11771598,36830075,Manhattan,Harlem,40.82884,-73.94868,Private room,50,30,0,2,0,0
11524437,21937063,Manhattan,East Harlem,40.79677,-73.93484,Private room,48,60,19,2,220,1
11603201,7982432,Queens,Long Island City,40.76261,-73.94106,Private room,65,30,1,1,0,0
11526590,576387,Manhattan,Nolita,40.72238,-73.99504,Entire home/apt,200,30,5,1,0,0
11604307,14933972,Brooklyn,Bedford-Stuyvesant,40.67885,-73.9352,Private room,80,2,88,1,0,1
11609108,61391963,Manhattan,Little Italy,40.71902,-73.99572,Entire home/apt,165,30,23,116,0,4
11772032,62668424,Queens,Sunnyside,40.74472,-73.91655,Entire home/apt,169,30,39,3,365,0
11526684,21960625,Queens,Flushing,40.75387,-73.82243,Entire home/apt,100,30,1,1,0,0
11774133,5280006,Queens,Long Island City,40.74276,-73.96011,Private room,110,31,5,1,149,1
11609114,50556696,Manhattan,Kips Bay,40.74296,-73.97771,Entire home/apt,200,30,0,1,0,0
11611289,5623376,Manhattan,Harlem,40.80131,-73.94887,Private room,50,3,0,1,0,0
11611809,1143620,Manhattan,Murray Hill,40.74852,-73.97687,Entire home/apt,229,30,1,1,0,0
11618338,4829797,Brooklyn,Williamsburg,40.706,-73.94706,Private room,63,30,1,1,0,0
11526771,15152746,Manhattan,East Village,40.73237,-73.98589,Private room,139,30,0,1,0,0
11619832,51446803,Manhattan,Harlem,40.83126,-73.9431,Shared room,110,3,97,1,317,14
11620062,61391963,Manhattan,Kips Bay,40.74176,-73.97819,Entire home/apt,150,30,20,116,282,5
11620821,58234433,Queens,Sunnyside,40.73652,-73.91992,Private room,62,1,87,6,355,26
11775127,15265556,Manhattan,East Village,40.72426,-73.98696,Entire home/apt,100,30,3,1,0,0
11528951,1141610,Brooklyn,Crown Heights,40.67377,-73.92823,Entire home/apt,186,7,1,2,169,1
11775179,49950511,Brooklyn,Flatbush,40.6437,-73.95189,Entire home/apt,149,30,20,2,143,2
11775483,116382,Brooklyn,Crown Heights,40.67086,-73.9417,Private room,48,50,176,8,310,0
11782585,46778061,Manhattan,Upper West Side,40.77855,-73.97803,Entire home/apt,120,30,69,1,0,2
11622052,59089906,Brooklyn,East New York,40.67219,-73.87819,Entire home/apt,120,30,3,4,324,2
11624421,20114391,Brooklyn,Fort Greene,40.68694,-73.97032,Private room,61,10,8,2,49,3
11531130,740029,Brooklyn,Williamsburg,40.71165,-73.96328,Entire home/apt,100,30,1,1,0,0
11531154,27906470,Manhattan,Chelsea,40.74161,-74.00162,Private room,70,30,0,1,0,0
11639297,61699814,Bronx,Kingsbridge,40.87777,-73.90013,Private room,39,7,11,2,114,2
11639940,2375701,Brooklyn,Greenpoint,40.73101,-73.95617,Private room,69,30,0,1,0,0
11641258,61719199,Manhattan,Flatiron District,40.74026,-73.98704,Entire home/apt,189,30,4,1,0,0
11786930,672573,Brooklyn,Cobble Hill,40.68621,-73.99815,Entire home/apt,479,30,1,1,0,0
11531322,60817772,Brooklyn,Sunset Park,40.65928,-73.99277,Entire home/apt,193,30,1,1,0,0
11649232,2483628,Brooklyn,Williamsburg,40.71457,-73.96417,Entire home/apt,221,4,92,1,10,21
11532518,24319977,Manhattan,East Village,40.73023,-73.98655,Entire home/apt,200,30,0,1,0,0
11542467,52203920,Manhattan,Washington Heights,40.83488,-73.93855,Entire home/apt,216,3,163,1,187,25
11544438,35664937,Manhattan,Lower East Side,40.71724,-73.98877,Private room,65,30,14,1,0,0
11544648,60915621,Manhattan,Chinatown,40.71418,-73.99243,Shared room,60,1,119,2,0,0
11790047,62787599,Brooklyn,Prospect-Lefferts Gardens,40.6596,-73.94829,Entire home/apt,98,4,32,2,293,7
11790578,17616658,Brooklyn,Williamsburg,40.71256,-73.9466,Entire home/apt,245,3,6,1,40,6
11545797,8167445,Brooklyn,Bedford-Stuyvesant,40.68699,-73.94322,Private room,55,30,10,1,0,0
11546336,36176203,Manhattan,Washington Heights,40.85523,-73.93685,Entire home/apt,130,30,8,1,9,1
11546462,44357881,Manhattan,Midtown,40.74512,-73.98176,Private room,75,30,0,1,0,0
11790749,46798824,Brooklyn,Brighton Beach,40.57844,-73.95822,Entire home/apt,199,30,0,1,0,0
11791673,62787599,Brooklyn,Prospect-Lefferts Gardens,40.65974,-73.94792,Entire home/apt,114,4,41,2,329,9
11793542,26271616,Manhattan,Morningside Heights,40.8032,-73.96259,Private room,101,30,0,2,0,0
11650863,61800014,Manhattan,Lower East Side,40.72115,-73.98345,Entire home/apt,225,1,280,1,42,50
11546806,13125944,Manhattan,Hell's Kitchen,40.7653,-73.98825,Private room,59,30,1,2,0,0
11547077,8200984,Brooklyn,Park Slope,40.67902,-73.9775,Entire home/apt,200,30,4,1,0,0
11549676,27751504,Brooklyn,Kensington,40.64014,-73.9751,Private room,35,30,2,1,0,0
11651929,3927655,Manhattan,Washington Heights,40.83441,-73.93706,Entire home/apt,75,30,1,1,0,0
11652872,61391963,Manhattan,Midtown,40.75599,-73.96743,Entire home/apt,175,30,21,116,282,4
11549838,697442,Brooklyn,East Flatbush,40.64834,-73.94745,Entire home/apt,88,3,260,3,86,0
11552749,51501835,Manhattan,Hell's Kitchen,40.76411,-73.99371,Entire home/apt,170,30,6,109,285,1
11553360,42619297,Brooklyn,Fort Greene,40.69255,-73.97252,Entire home/apt,1160,2,136,2,327,26
11553426,39226206,Manhattan,East Harlem,40.79514,-73.94751,Entire home/apt,225,30,4,1,0,0
11798782,26865924,Brooklyn,Crown Heights,40.67266,-73.93349,Private room,65,30,1,1,0,0
11554255,60126047,Queens,Jamaica,40.67667,-73.79829,Private room,40,30,11,1,0,0
11653077,50597835,Manhattan,Midtown,40.75024,-73.98528,Private room,295,2,22,1,35,22
11564960,61088024,Manhattan,Upper East Side,40.77697,-73.95372,Entire home/apt,75,30,0,1,0,0
11655500,61842904,Brooklyn,Crown Heights,40.6779,-73.96256,Entire home/apt,93,8,39,4,27,5
11802086,62852828,Manhattan,Harlem,40.82443,-73.95265,Entire home/apt,400,30,2,2,0,0
11803487,26377263,Brooklyn,Fort Greene,40.69037,-73.97732,Private room,54,6,0,53,181,0
11804245,26377263,Brooklyn,Park Slope,40.66854,-73.9773,Private room,52,6,0,53,181,0
11812986,1162642,Manhattan,Nolita,40.72295,-73.99481,Private room,250,30,2,2,0,0
11939910,9427555,Manhattan,East Harlem,40.78825,-73.9487,Private room,60,30,6,1,0,0
11940117,27488921,Manhattan,Harlem,40.80361,-73.95425,Entire home/apt,148,30,60,1,321,3
11814079,411437,Manhattan,Harlem,40.8113,-73.94341,Entire home/apt,120,30,9,1,0,0
11814184,8697041,Brooklyn,Williamsburg,40.71167,-73.94874,Private room,70,30,0,2,0,0
11816864,62939516,Queens,Long Island City,40.76079,-73.93215,Private room,65,30,5,1,0,0
11817955,4629474,Brooklyn,Sunset Park,40.66372,-73.99147,Entire home/apt,150,30,0,1,0,0
11826892,50556869,Brooklyn,Bedford-Stuyvesant,40.68732,-73.91872,Private room,70,30,2,1,0,0
11656367,61851697,Brooklyn,Bedford-Stuyvesant,40.69237,-73.94334,Entire home/apt,171,30,0,1,212,0
11943700,19586959,Manhattan,Hell's Kitchen,40.75519,-73.99331,Entire home/apt,140,30,0,1,0,0
11827037,63002307,Brooklyn,Prospect-Lefferts Gardens,40.65755,-73.95571,Private room,65,30,0,1,0,0
11827175,3716130,Manhattan,Harlem,40.82215,-73.94608,Entire home/apt,100,30,7,1,0,0
11827451,63006814,Brooklyn,Crown Heights,40.66424,-73.94807,Entire home/apt,142,30,99,1,152,4
11944668,37188098,Queens,Astoria,40.76074,-73.9221,Private room,92,30,13,2,0,0
11944718,13509844,Manhattan,East Harlem,40.79672,-73.94938,Private room,69,30,7,1,0,0
11656396,6392776,Brooklyn,Williamsburg,40.71891,-73.94339,Entire home/apt,170,30,243,1,325,2
11658950,21382844,Manhattan,Gramercy,40.7345,-73.98126,Private room,49,30,5,2,0,0
11947067,63790712,Manhattan,Harlem,40.80699,-73.95451,Private room,50,39,16,1,0,0
11658974,6923756,Manhattan,Upper East Side,40.77482634408609,-73.9583935401077,Entire home/apt,247,3,0,1,6,0
11829419,62915940,Brooklyn,Borough Park,40.63101,-74.00458,Private room,29,30,9,1,0,0
11833497,9946550,Brooklyn,South Slope,40.66441,-73.98818,Entire home/apt,100,30,1,1,0,0
11948586,63800453,Brooklyn,Flatbush,40.63815,-73.95702,Private room,85,30,6,1,0,0
11837681,44071830,Manhattan,East Harlem,40.7874,-73.94279,Private room,60,30,0,1,0,0
11837962,61391963,Manhattan,Midtown,40.75562,-73.96947,Entire home/apt,133,30,9,116,125,0
11840057,51447330,Manhattan,Lower East Side,40.72049,-73.98821,Private room,99,30,0,1,0,0
11840404,61391963,Manhattan,Kips Bay,40.74045,-73.98,Entire home/apt,159,30,13,116,161,0
11841988,37809789,Manhattan,Upper West Side,40.77764,-73.98214,Entire home/apt,200,30,0,1,0,0
11842300,29936265,Manhattan,Financial District,40.70519,-74.01512,Entire home/apt,116,30,2,1,0,0
11842735,2384086,Brooklyn,Bedford-Stuyvesant,40.68952,-73.95389,Private room,40,30,0,1,0,0
11844776,3864301,Queens,Sunnyside,40.74339,-73.91494,Entire home/apt,121,30,7,3,363,1
11845193,13318184,Brooklyn,Williamsburg,40.70357,-73.94085,Private room,100,30,0,4,0,0
11847204,9532490,Manhattan,East Village,40.73191,-73.98963,Entire home/apt,115,30,4,3,0,0
11659296,49572092,Brooklyn,Williamsburg,40.71983,-73.94079,Entire home/apt,105,180,10,1,0,0
11667455,61938683,Manhattan,Upper West Side,40.78629,-73.98062,Entire home/apt,350,30,0,1,0,0
11672539,52794726,Brooklyn,Downtown Brooklyn,40.69789,-73.98259,Private room,50,30,0,1,0,0
11673018,53477287,Manhattan,Washington Heights,40.83156,-73.94124,Private room,26,30,0,2,0,0
11674309,61391963,Manhattan,Kips Bay,40.74218,-73.97835,Entire home/apt,165,30,14,116,343,2
11950107,32306916,Brooklyn,Crown Heights,40.6744,-73.94972,Private room,55,30,4,1,0,0
11959165,13209857,Manhattan,East Harlem,40.78878,-73.94606,Entire home/apt,125,30,11,1,0,0
11850380,5245797,Brooklyn,Kensington,40.64118,-73.96984,Entire home/apt,70,31,5,1,0,0
11961053,3752933,Brooklyn,Columbia St,40.68,-74.01205,Private room,103,2,128,2,50,15
11850900,63157598,Brooklyn,Williamsburg,40.70964,-73.94086,Entire home/apt,249,30,5,1,35,0
11675279,61999615,Brooklyn,East Flatbush,40.6358,-73.94024,Entire home/apt,325,4,66,1,155,17
11675341,62001039,Queens,Forest Hills,40.72239,-73.84124,Entire home/apt,120,30,4,1,0,0
11967410,51501835,Manhattan,Little Italy,40.71899,-73.99773,Entire home/apt,125,30,7,109,289,2
11967737,63928471,Manhattan,Harlem,40.83315,-73.94806,Private room,40,30,7,1,0,0
11677489,8756821,Manhattan,Chinatown,40.71536,-73.99074,Entire home/apt,100,3,23,1,0,0
11678327,9073820,Brooklyn,Bedford-Stuyvesant,40.69167,-73.9583,Private room,38,30,0,1,0,0
11684682,116382,Brooklyn,Crown Heights,40.67072,-73.9404,Private room,55,30,162,8,253,3
11851288,42308954,Queens,Sunnyside,40.73996,-73.92058,Entire home/apt,75,3,6,1,0,0
11858737,40068602,Manhattan,East Village,40.72111,-73.98079,Private room,69,30,1,1,0,0
11863225,51501835,Manhattan,Little Italy,40.71899,-73.99773,Entire home/apt,100,30,11,109,250,3
11863602,22806807,Manhattan,Tribeca,40.71611,-74.00887,Entire home/apt,5000,30,1,1,0,0
11864530,45859087,Manhattan,Harlem,40.82357,-73.95337,Private room,43,20,22,2,0,0
11866156,988788,Manhattan,Hell's Kitchen,40.76228,-73.99001,Private room,80,1,1,1,0,0
11866751,30283594,Manhattan,Hell's Kitchen,40.76153,-73.99878,Entire home/apt,469,30,5,95,358,2
11968680,61391963,Manhattan,Upper East Side,40.78364,-73.95709,Entire home/apt,117,30,15,116,159,3
11968958,63935825,Queens,Ditmars Steinway,40.77867,-73.91413,Entire home/apt,78,30,4,1,0,0
11971174,4411040,Brooklyn,Bushwick,40.69669,-73.92785,Private room,45,30,3,1,0,0
11867485,11894522,Manhattan,Theater District,40.75984345447424,-73.98311384444283,Entire home/apt,350,30,0,1,99,0
11685868,3792156,Brooklyn,Bedford-Stuyvesant,40.68754,-73.95202,Entire home/apt,120,30,6,1,0,0
11689818,22808020,Brooklyn,Bushwick,40.69473,-73.91882,Entire home/apt,70,7,1,1,0,0
11690477,4845585,Manhattan,Hell's Kitchen,40.75882,-73.99496,Private room,100,30,0,1,0,0
11971580,5388411,Manhattan,Harlem,40.82728,-73.94557,Entire home/apt,85,30,0,1,0,0
11691699,12010675,Brooklyn,Sunset Park,40.65101,-74.00534,Entire home/apt,80,30,4,1,0,0
11867573,6544323,Manhattan,East Harlem,40.78967,-73.94741,Entire home/apt,110,30,0,1,0,0
11973701,15789646,Queens,Sunnyside,40.74405,-73.91594,Entire home/apt,169,30,14,3,260,2
11980791,10461612,Manhattan,Hell's Kitchen,40.76262,-73.98598,Entire home/apt,160,90,20,1,0,0
11982174,46889591,Manhattan,Upper East Side,40.76272,-73.96269,Private room,69,30,4,1,0,0
11868110,63269523,Manhattan,East Village,40.72804,-73.98281,Entire home/apt,140,30,1,1,0,0
11869400,47351539,Brooklyn,East Flatbush,40.65306,-73.94022,Entire home/apt,85,30,265,3,0,2
11871903,50032395,Manhattan,Upper West Side,40.80243,-73.96719,Private room,75,30,1,2,0,0
11693193,62130666,Brooklyn,Williamsburg,40.70976,-73.94767,Entire home/apt,330,3,174,2,302,38
11697308,61391963,Manhattan,Upper East Side,40.78037,-73.95084,Entire home/apt,142,30,9,116,341,0
11697629,51501835,Manhattan,Little Italy,40.71899,-73.99773,Entire home/apt,125,30,6,109,323,0
11984115,25810,Brooklyn,Bedford-Stuyvesant,40.68347,-73.95045,Entire home/apt,75,30,7,1,0,0
11984148,35076223,Manhattan,East Village,40.72614,-73.99059,Entire home/apt,198,2,1,1,38,1
11988251,28121352,Queens,Elmhurst,40.74518,-73.87616,Private room,40,30,27,1,0,0
11871932,63294576,Manhattan,Upper West Side,40.77446,-73.98096,Entire home/apt,195,30,3,1,0,0
11989954,35253342,Brooklyn,Bay Ridge,40.62374,-74.02876,Entire home/apt,90,30,29,1,226,2
11872337,3803638,Brooklyn,Clinton Hill,40.6902,-73.96098,Entire home/apt,109,30,65,1,169,7
11873498,45859087,Manhattan,Harlem,40.8234,-73.95293,Private room,35,30,29,2,0,0
11885997,17782625,Brooklyn,Vinegar Hill,40.70359,-73.9839,Entire home/apt,245,30,3,2,0,0
11698097,33854837,Manhattan,East Village,40.73162,-73.98889,Private room,164,7,8,1,101,0
11700121,1640615,Brooklyn,Bedford-Stuyvesant,40.68353,-73.93478,Entire home/apt,100,30,1,1,0,0
11701404,62192916,Manhattan,Upper West Side,40.77611,-73.98987,Entire home/apt,220,2,32,1,0,3
11713899,39149459,Manhattan,East Village,40.72531,-73.98941,Entire home/apt,110,30,1,1,0,0
11714137,1486872,Brooklyn,Gowanus,40.67005,-73.99253,Entire home/apt,350,7,16,2,0,7
11715256,61391963,Manhattan,Kips Bay,40.74202,-73.9789,Entire home/apt,199,30,16,116,313,2
11715651,61391963,Manhattan,Kips Bay,40.74227,-73.97859,Entire home/apt,199,30,15,116,355,3
11716127,24715671,Manhattan,Midtown,40.74334,-73.98401,Entire home/apt,199,30,4,6,365,0
11716947,62298504,Brooklyn,Greenpoint,40.72593,-73.95145,Private room,45,30,2,1,0,0
11718547,18562674,Manhattan,Harlem,40.82641,-73.94564,Private room,98,30,107,2,179,0
11990841,13318184,Brooklyn,Williamsburg,40.70409,-73.94042,Private room,50,30,0,4,0,0
11993790,116382,Brooklyn,Crown Heights,40.66923,-73.94038,Private room,50,30,129,8,250,0
12000617,64170751,Brooklyn,Crown Heights,40.66955,-73.95166,Private room,49,30,5,1,0,0
12001322,30283594,Manhattan,Midtown,40.765633,-73.982376,Entire home/apt,449,30,0,95,250,0
12001638,30283594,Manhattan,Midtown,40.765633,-73.982376,Entire home/apt,449,30,0,95,250,0
12001854,30283594,Manhattan,Midtown,40.765633,-73.982376,Entire home/apt,449,30,1,95,250,0
12003146,22099204,Manhattan,Upper West Side,40.80229,-73.96719,Entire home/apt,80,30,2,1,0,0
11720001,62320186,Manhattan,Harlem,40.81459,-73.94661,Entire home/apt,190,3,72,1,274,14
11890279,63407204,Manhattan,Flatiron District,40.74142,-73.99132,Entire home/apt,650,30,48,1,0,0
11890882,60617592,Queens,Astoria,40.76487,-73.91377,Private room,50,30,1,1,0,0
12004174,21661360,Manhattan,Gramercy,40.73781,-73.98459,Entire home/apt,240,30,0,1,0,0
12004175,13340829,Brooklyn,Crown Heights,40.67356,-73.96159,Private room,40,30,1,1,0,0
12004547,44596503,Manhattan,Upper West Side,40.7858,-73.97286,Entire home/apt,200,30,166,1,219,1
11901356,30733725,Brooklyn,Williamsburg,40.71428,-73.9598,Entire home/apt,303,2,1,1,0,0
11903201,63158102,Brooklyn,Williamsburg,40.71212,-73.96641,Private room,107,7,13,1,0,7
11721727,62335395,Manhattan,Washington Heights,40.85029,-73.93645,Shared room,360,30,0,1,0,0
11724255,61740974,Manhattan,Murray Hill,40.74839,-73.97931,Private room,100,2,84,1,0,3
12004744,18978289,Manhattan,Civic Center,40.71301,-73.99996,Entire home/apt,165,30,3,1,0,0
11724873,62359474,Manhattan,Hell's Kitchen,40.76088,-73.99498,Entire home/apt,100,30,126,1,0,0
11728836,10620222,Queens,Astoria,40.76778,-73.92043,Entire home/apt,95,30,1,1,0,0
11732848,292522,Brooklyn,Fort Greene,40.68899,-73.97269,Entire home/apt,624,5,17,2,0,2
11732961,5362257,Manhattan,Harlem,40.82634,-73.94308,Entire home/apt,65,30,87,1,0,0
11737916,2350014,Brooklyn,Crown Heights,40.67174,-73.95167,Private room,55,30,0,1,0,0
11905096,63506844,Brooklyn,Flatbush,40.63395,-73.96514,Entire home/apt,119,3,204,1,272,28
11905212,24294060,Queens,Elmhurst,40.73557,-73.88302,Private room,60,30,2,3,98,0
11909622,35362734,Brooklyn,Bedford-Stuyvesant,40.67958,-73.92509,Private room,55,30,0,1,0,0
12005318,5707158,Manhattan,Kips Bay,40.74385,-73.97761,Private room,76,30,2,2,0,0
12006770,14731964,Manhattan,Gramercy,40.73293,-73.98574,Private room,125,30,71,1,134,2
11910257,50661711,Manhattan,Washington Heights,40.83288,-73.94306,Private room,70,30,0,1,0,0
11738951,61303786,Manhattan,Financial District,40.70657,-74.00614,Private room,60,30,1,1,0,0
11739168,61391963,Manhattan,Upper East Side,40.76984,-73.96119,Entire home/apt,133,30,26,116,132,5
12007175,51501835,Manhattan,Hell's Kitchen,40.76411,-73.99371,Entire home/apt,115,30,8,109,312,0
12007258,59489089,Brooklyn,Bedford-Stuyvesant,40.68801,-73.95818,Entire home/apt,207,30,6,1,0,0
12007456,63403077,Manhattan,East Harlem,40.79804,-73.9381,Private room,43,30,65,3,39,12
11741555,62466366,Manhattan,West Village,40.73248,-74.00589,Entire home/apt,675,30,24,1,0,0
11910742,62745867,Manhattan,Chelsea,40.74014,-74.0023,Entire home/apt,235,30,2,2,365,1
12009651,87266,Manhattan,Harlem,40.82394,-73.94265,Entire home/apt,100,30,14,1,160,1
12015378,50292584,Brooklyn,Sunset Park,40.64158,-74.01115,Entire home/apt,120,3,99,2,319,13
12019589,11481,Brooklyn,Carroll Gardens,40.67763,-74.001,Entire home/apt,250,30,5,3,364,0
12019843,14476679,Manhattan,East Village,40.72586,-73.97989,Private room,70,30,3,1,0,0
12022833,438593,Manhattan,Chelsea,40.74479,-73.99611,Entire home/apt,350,30,2,2,0,0
12024220,51501835,Manhattan,Hell's Kitchen,40.76411,-73.99371,Entire home/apt,150,30,10,109,278,1
12024963,51501835,Manhattan,Little Italy,40.71899,-73.99773,Entire home/apt,125,30,6,109,292,1
12025968,63403077,Manhattan,East Harlem,40.79679,-73.93805,Private room,42,30,74,3,40,7
12027791,15789646,Queens,Sunnyside,40.74285,-73.91511,Entire home/apt,121,30,3,3,233,2
12028495,52474491,Brooklyn,Sea Gate,40.57857,-74.01012,Private room,71,30,0,2,0,0
11910848,63544192,Manhattan,Tribeca,40.71913,-74.0062,Private room,51,30,2,1,0,0
11742647,19962052,Manhattan,Gramercy,40.7365,-73.98089,Private room,65,3,68,2,0,10
12091679,61391963,Manhattan,Upper West Side,40.78392,-73.97362,Entire home/apt,142,30,14,116,341,2
12028733,52474491,Brooklyn,Sea Gate,40.57774,-74.01022,Private room,97,30,2,2,0,0
12034085,7695223,Manhattan,Hell's Kitchen,40.75857,-73.98942,Private room,65,30,6,1,0,0
12092786,34758340,Brooklyn,Sheepshead Bay,40.60489,-73.95423,Entire home/apt,85,5,19,1,0,3
12095161,19965375,Manhattan,Chinatown,40.7137,-73.99638,Private room,90,30,0,1,0,0
11911783,9143200,Manhattan,Upper West Side,40.79527,-73.97395,Entire home/apt,160,30,2,1,0,0
12034640,64411228,Brooklyn,Williamsburg,40.71055,-73.9535,Private room,50,30,27,1,0,0
11922306,63623329,Brooklyn,Crown Heights,40.67672,-73.95131,Private room,60,30,5,1,0,0
12037401,51501835,Manhattan,Upper East Side,40.78119,-73.95302,Entire home/apt,115,30,8,109,159,2
12039579,34861728,Queens,Kew Gardens,40.70836,-73.83026,Private room,74,30,11,4,305,2
12039894,34861728,Queens,Kew Gardens,40.70836,-73.83026,Entire home/apt,249,30,5,4,292,0
12041170,11332307,Queens,Ozone Park,40.68591,-73.85574,Entire home/apt,164,5,2,1,163,2
11923007,7640852,Brooklyn,Williamsburg,40.71329,-73.95758,Private room,95,30,0,1,0,0
11926941,4501003,Brooklyn,Flatbush,40.64315,-73.95886,Entire home/apt,99,30,3,1,0,0
12099852,42905408,Queens,Astoria,40.77016,-73.92389,Entire home/apt,165,30,0,1,0,0
12106946,5075103,Manhattan,Harlem,40.82086,-73.9549,Private room,70,30,16,2,0,0
12107055,64921358,Brooklyn,Williamsburg,40.71564,-73.9556,Private room,65,30,1,1,0,0
12110383,54921733,Brooklyn,Flatbush,40.6432,-73.96776,Entire home/apt,112,4,5,3,0,0
12043691,64484703,Manhattan,Harlem,40.8292,-73.94642,Entire home/apt,85,2,7,1,0,0
11927032,12986134,Brooklyn,Bedford-Stuyvesant,40.682026,-73.915649,Entire home/apt,146,5,47,1,16,17
12050280,64528384,Manhattan,Chelsea,40.74024,-73.99431,Private room,150,60,0,1,0,0
11927300,4386682,Queens,Ridgewood,40.70205,-73.91028,Private room,35,30,9,3,0,0
12110663,64948443,Manhattan,Harlem,40.80602,-73.95367,Private room,88,5,150,1,5,22
12112190,51501835,Manhattan,Hell's Kitchen,40.76411,-73.99371,Entire home/apt,120,30,14,109,278,3
12113045,64967307,Brooklyn,Williamsburg,40.71334,-73.96056,Private room,78,30,0,1,0,0
12050932,64534798,Brooklyn,Prospect-Lefferts Gardens,40.6638,-73.95023,Entire home/apt,90,30,2,1,0,0
12051116,6255163,Manhattan,Upper West Side,40.79914,-73.96288,Entire home/apt,189,7,29,1,223,5
12113494,3554055,Manhattan,Upper East Side,40.76722,-73.96876,Entire home/apt,89,30,0,1,0,0
12114040,17770287,Manhattan,Midtown,40.74898,-73.98252,Entire home/apt,85,60,17,12,149,3
12052143,36306552,Manhattan,Upper West Side,40.77764,-73.97771,Entire home/apt,325,30,66,1,138,2
11927624,5251483,Brooklyn,Vinegar Hill,40.70134,-73.98488,Entire home/apt,170,30,2,1,0,0
11928097,17737517,Manhattan,East Harlem,40.80012,-73.94272,Private room,65,30,0,1,0,0
11929230,31919152,Brooklyn,Williamsburg,40.70878,-73.94441,Private room,60,7,0,1,0,0
12053427,8896489,Queens,Middle Village,40.72113,-73.88649,Entire home/apt,109,30,80,1,336,4
11935301,24253453,Brooklyn,Park Slope,40.67606,-73.98116,Private room,85,30,1,1,66,0
12114228,47864677,Manhattan,Upper East Side,40.77095,-73.95884,Entire home/apt,75,30,13,1,0,0
12054286,45103252,Manhattan,Upper West Side,40.78807,-73.97406,Private room,75,30,0,1,0,0
12054516,39863896,Brooklyn,Crown Heights,40.67316,-73.93942,Entire home/apt,120,3,88,1,58,1
12293900,11206175,Queens,Maspeth,40.72292,-73.90771,Entire home/apt,92,60,23,2,310,1
12300734,7195103,Manhattan,Upper West Side,40.77814,-73.98066,Private room,99,30,51,1,0,0
12055540,64568425,Brooklyn,Prospect-Lefferts Gardens,40.66096,-73.95968,Entire home/apt,50,30,0,1,0,0
12067652,3555480,Manhattan,Chelsea,40.74712,-73.99505,Entire home/apt,175,30,6,1,0,0
12114628,17845933,Manhattan,Upper West Side,40.78686,-73.97202,Entire home/apt,300,30,6,1,0,0
12068200,64660747,Manhattan,Civic Center,40.716667484807154,-74.00397062345128,Entire home/apt,190,30,7,3,156,2
12122102,12859795,Manhattan,Inwood,40.86409,-73.92178,Private room,250,2,185,1,358,2
12129245,43740859,Queens,Astoria,40.76731,-73.91662,Private room,59,30,0,1,0,0
12130620,11338827,Manhattan,Harlem,40.82727,-73.94142,Private room,63,30,5,1,0,0
12132427,10584659,Manhattan,East Village,40.7322,-73.98497,Entire home/apt,188,30,12,1,0,0
12302170,66326553,Manhattan,Hell's Kitchen,40.7621,-73.9928,Entire home/apt,145,30,146,7,0,2
12303877,51522009,Manhattan,Hell's Kitchen,40.76341,-73.99098,Private room,80,3,0,1,0,0
12307809,26535250,Brooklyn,Windsor Terrace,40.65614,-73.97967,Entire home/apt,111,30,128,7,338,1
12070985,41280277,Manhattan,Washington Heights,40.85496,-73.93406,Entire home/apt,84,30,0,1,0,0
12308695,33049782,Brooklyn,Bushwick,40.69018,-73.90309,Private room,45,3,3,1,0,0
12317903,1512462,Manhattan,Midtown,40.75307,-73.96691,Entire home/apt,149,30,164,2,34,2
12318604,10199873,Manhattan,Upper East Side,40.77381,-73.94574,Private room,42,31,0,1,0,0
12321626,38353649,Manhattan,East Village,40.72322,-73.98411,Entire home/apt,194,30,5,1,0,0
12133132,49045679,Manhattan,Lower East Side,40.71251,-73.9889,Private room,60,30,8,1,0,0
12071038,64676041,Manhattan,East Harlem,40.78719,-73.94811,Entire home/apt,199,6,120,1,290,6
12324428,1702298,Brooklyn,Williamsburg,40.7155,-73.93632,Private room,28,30,0,1,0,0
12324757,2861820,Brooklyn,Williamsburg,40.7122,-73.94212,Entire home/apt,215,30,11,1,0,0
12074139,14092176,Manhattan,Harlem,40.80044,-73.95374,Entire home/apt,85,30,9,1,233,4
12325036,30848788,Brooklyn,Bedford-Stuyvesant,40.69371,-73.94622,Private room,110,3,59,2,76,13
12325045,66501870,Manhattan,Midtown,40.76043,-73.96892,Entire home/apt,155,30,160,1,270,0
12325291,26405086,Manhattan,Washington Heights,40.83479,-73.94392,Entire home/apt,300,30,117,4,341,3
12135851,2613671,Brooklyn,Crown Heights,40.67586,-73.9451,Entire home/apt,175,30,58,1,364,0
12145189,2961779,Manhattan,Hell's Kitchen,40.7675,-73.9879,Entire home/apt,100,30,6,1,0,0
12145578,2589215,Brooklyn,Flatbush,40.65382,-73.9601,Private room,89,4,5,1,0,0
12145887,5075103,Manhattan,Harlem,40.8221,-73.95514,Private room,55,30,1,2,0,0
12148215,53930780,Manhattan,Harlem,40.80245,-73.95591,Private room,45,30,1,1,0,0
12079993,35329442,Manhattan,Upper West Side,40.79847,-73.96013,Entire home/apt,380,30,6,1,0,0
12328112,1180190,Brooklyn,Greenpoint,40.73225,-73.95454,Entire home/apt,450,365,17,1,365,0
12333456,66566329,Brooklyn,Williamsburg,40.71912,-73.94217,Entire home/apt,199,30,33,1,0,0
12081254,31230100,Brooklyn,Crown Heights,40.67168,-73.95447,Private room,100,3,1,3,0,0
12082737,47954479,Brooklyn,Bedford-Stuyvesant,40.69357,-73.95111,Private room,45,30,0,1,0,0
12336668,4207560,Brooklyn,Williamsburg,40.70973,-73.95292,Private room,90,30,54,1,0,0
12153428,65258815,Brooklyn,Crown Heights,40.67449,-73.92699,Private room,61,2,253,2,17,44
12153709,167796,Manhattan,East Harlem,40.80237,-73.9437,Private room,250,30,0,1,0,0
12083016,7226962,Manhattan,East Village,40.72717,-73.98472,Entire home/apt,200,30,3,1,0,0
12084009,64765550,Manhattan,Upper East Side,40.77924,-73.94924,Entire home/apt,140,30,4,1,0,0
12154621,3604124,Brooklyn,Crown Heights,40.67506,-73.95432,Private room,45,30,4,1,0,0
12155351,34507633,Manhattan,East Village,40.72647,-73.97969,Private room,80,30,1,1,0,0
12084100,30283594,Manhattan,Midtown,40.765633,-73.982376,Entire home/apt,449,30,0,95,250,0
12084205,51924404,Manhattan,East Village,40.72966,-73.98476,Private room,56,30,2,1,0,0
12166912,50200840,Manhattan,East Village,40.72832,-73.9869,Private room,140,3,61,1,277,12
12169389,2731960,Brooklyn,Williamsburg,40.71387,-73.94372,Private room,85,30,75,1,0,0
12170307,64652921,Brooklyn,Williamsburg,40.71534,-73.95672,Entire home/apt,125,30,1,1,0,0
12170991,57070933,Manhattan,Upper West Side,40.80037,-73.95878,Private room,65,30,3,2,0,0
12171671,16677326,Manhattan,Chelsea,40.74865,-73.99565,Private room,91,1,406,22,341,88
12172457,50760546,Manhattan,Kips Bay,40.74403,-73.98118,Entire home/apt,216,30,1,31,113,0
12339863,10035055,Manhattan,Tribeca,40.72248,-74.0096,Entire home/apt,1000,30,0,1,0,0
12085680,30283594,Manhattan,Midtown,40.765633,-73.982376,Entire home/apt,449,30,1,95,250,0
12086351,4462547,Brooklyn,Prospect Heights,40.67868,-73.96778,Private room,45,180,0,1,0,0
12087785,54378184,Brooklyn,Clinton Hill,40.69094,-73.96688,Entire home/apt,275,20,27,3,343,6
12088765,1712843,Brooklyn,Bedford-Stuyvesant,40.69068,-73.95746,Private room,43,30,4,1,0,0
12342269,1892706,Manhattan,East Harlem,40.79016,-73.94778,Private room,70,30,0,1,0,0
12089013,30283594,Manhattan,Midtown,40.765633,-73.982376,Entire home/apt,449,30,2,95,250,1
12089661,438593,Manhattan,Chelsea,40.7435,-73.99426,Private room,175,30,1,2,0,0
12090887,18370504,Manhattan,Morningside Heights,40.81508,-73.95985,Private room,65,30,5,1,0,0
12342876,8389062,Queens,Astoria,40.76257,-73.91531,Entire home/apt,120,30,1,1,0,0
12174966,28895303,Manhattan,Upper East Side,40.76868,-73.95357,Private room,95,30,10,1,0,0
12433302,425363,Brooklyn,Bedford-Stuyvesant,40.68922,-73.95148,Entire home/apt,215,4,103,1,288,38
12175508,65415391,Manhattan,Gramercy,40.73195,-73.98376,Private room,100,30,0,1,0,0
12181485,794042,Brooklyn,Clinton Hill,40.68294,-73.96352,Entire home/apt,98,14,12,1,0,0
12184165,65476654,Manhattan,Upper West Side,40.78203,-73.9809,Private room,84,30,27,1,0,0
12184956,36959636,Brooklyn,Williamsburg,40.719,-73.94709,Private room,75,30,0,1,0,0
12343098,66640174,Manhattan,West Village,40.73144,-74.0094,Entire home/apt,1600,30,59,1,364,0
12343793,7476145,Brooklyn,Williamsburg,40.71757,-73.95863,Private room,75,30,3,1,0,0
12433667,67260259,Manhattan,East Village,40.72349,-73.98977,Private room,200,2,4,2,0,1
12433898,67261284,Queens,Jackson Heights,40.75086,-73.87993,Private room,50,1,71,2,0,37
12434717,40828217,Brooklyn,Prospect-Lefferts Gardens,40.66172,-73.94564,Private room,50,5,68,5,0,0
12443469,970831,Manhattan,Chinatown,40.71634,-73.9914,Entire home/apt,189,2,120,1,0,9
12344255,66649328,Brooklyn,Sheepshead Bay,40.60759,-73.95445,Entire home/apt,45,30,0,1,0,0
12344391,8308648,Brooklyn,Bedford-Stuyvesant,40.68639,-73.91846,Private room,50,30,2,2,0,0
12344456,40040638,Brooklyn,Park Slope,40.67548,-73.9815,Entire home/apt,132,1,200,1,251,47
12190880,65527002,Manhattan,Upper West Side,40.79512,-73.96325,Private room,80,30,87,1,263,3
12446494,21742264,Manhattan,Hell's Kitchen,40.76304,-73.99166,Entire home/apt,155,30,0,1,0,0
12451425,60996330,Manhattan,Midtown,40.7501,-73.97226,Entire home/apt,175,30,3,1,0,0
12191010,65482154,Queens,Arverne,40.58893,-73.80064,Entire home/apt,414,30,12,2,365,0
12191116,57070933,Manhattan,Upper West Side,40.80049,-73.95898,Private room,59,30,5,2,0,0
12452110,12327430,Manhattan,Hell's Kitchen,40.76503,-73.99596,Entire home/apt,220,4,223,2,124,34
12454556,8671253,Manhattan,East Village,40.72558,-73.9819,Private room,80,30,3,1,0,0
12196647,5744488,Brooklyn,Bedford-Stuyvesant,40.69633,-73.94733,Private room,45,30,0,1,0,0
12462634,48091946,Manhattan,Upper West Side,40.77621,-73.97952,Entire home/apt,150,30,5,1,0,0
12202225,59979344,Brooklyn,Bedford-Stuyvesant,40.69188,-73.94742,Private room,57,30,0,1,0,0
12345178,65809485,Queens,Flushing,40.75026,-73.82912,Private room,60,14,94,12,135,5
12345615,52196858,Bronx,Parkchester,40.83836,-73.85775,Private room,94,1,417,2,75,94
12345786,44223203,Manhattan,East Village,40.72895,-73.98736,Private room,80,30,38,1,0,0
12353119,26405086,Manhattan,Washington Heights,40.83565,-73.94352,Entire home/apt,295,30,147,4,342,0
12355067,31502455,Manhattan,Chelsea,40.74553,-73.99784,Private room,200,30,1,1,0,0
12464635,639785,Brooklyn,Williamsburg,40.71579,-73.95391,Entire home/apt,285,30,18,1,0,0
12465732,47638752,Manhattan,Chinatown,40.71317,-73.9957,Private room,70,30,1,1,0,0
12470877,67493763,Manhattan,East Village,40.72813,-73.98034,Private room,65,30,4,1,0,0
12358117,37978030,Brooklyn,Flatbush,40.63137,-73.96621,Entire home/apt,215,3,28,1,3,9
12358120,2640854,Manhattan,Chelsea,40.74184,-73.99883,Entire home/apt,189,30,9,1,0,0
12359146,39549563,Brooklyn,Bedford-Stuyvesant,40.67986,-73.91107,Entire home/apt,150,30,40,1,99,1
12360207,3922831,Brooklyn,Williamsburg,40.71609,-73.96133,Entire home/apt,95,30,64,2,310,5
12202511,9314442,Manhattan,Chinatown,40.71546,-73.99381,Entire home/apt,120,30,2,1,0,0
12205049,65625445,Queens,Laurelton,40.67324,-73.73672,Entire home/apt,321,40,15,1,0,0
12205604,19866189,Queens,Arverne,40.58866,-73.79367,Entire home/apt,158,30,43,3,365,5
12206029,5897784,Brooklyn,Bedford-Stuyvesant,40.6817,-73.92598,Private room,49,30,1,1,0,0
12206323,65639106,Manhattan,East Harlem,40.78848,-73.94726,Entire home/apt,96,30,2,1,0,0
12471447,36966894,Manhattan,Upper West Side,40.77856,-73.97667,Entire home/apt,200,30,5,1,0,0
12210323,65670239,Brooklyn,East Flatbush,40.64247,-73.94873,Entire home/apt,275,2,70,1,349,16
12210730,12798614,Brooklyn,Bedford-Stuyvesant,40.68803,-73.94158,Private room,67,30,1,3,315,0
12211018,12798614,Brooklyn,Bedford-Stuyvesant,40.68798,-73.94323,Private room,85,45,0,3,315,0
12360254,32193665,Brooklyn,Williamsburg,40.71671,-73.94989,Entire home/apt,200,30,0,1,0,0
12472883,12114372,Manhattan,Gramercy,40.73631,-73.98525,Private room,150,30,0,1,0,0
12360660,5074556,Manhattan,Chinatown,40.71638,-73.99326,Private room,93,30,4,1,364,0
12364334,22535087,Manhattan,Murray Hill,40.74894,-73.97688,Entire home/apt,200,2,20,1,250,0
12221970,9040879,Queens,Arverne,40.59349,-73.78829,Entire home/apt,900,1,20,3,364,0
12222304,23821373,Manhattan,Upper East Side,40.76676,-73.95753,Entire home/apt,200,30,0,1,0,0
12485862,33936693,Brooklyn,Williamsburg,40.71038,-73.96469,Entire home/apt,189,4,155,1,284,22
12223866,11157618,Brooklyn,Bedford-Stuyvesant,40.68953,-73.95903,Entire home/apt,96,30,93,1,19,0
12365206,24038764,Brooklyn,Cypress Hills,40.67769,-73.89298,Private room,55,30,2,1,0,0
12487909,66574216,Queens,Flushing,40.76664,-73.81944,Private room,52,30,137,1,0,0
12366132,66614646,Manhattan,East Village,40.72444,-73.98136,Private room,80,30,1,1,0,0
12224443,65760387,Brooklyn,Bedford-Stuyvesant,40.68505,-73.91965,Entire home/apt,99,30,43,1,0,0
12492242,38864859,Manhattan,Upper East Side,40.7842,-73.95105,Entire home/apt,130,30,0,1,0,0
12224852,38850266,Brooklyn,Brooklyn Heights,40.69153,-73.99264,Entire home/apt,150,30,4,1,0,0
12366226,22288459,Brooklyn,Bedford-Stuyvesant,40.69615,-73.9339,Private room,133,30,18,1,0,0
12492941,67640934,Brooklyn,Bedford-Stuyvesant,40.68373,-73.93677,Private room,60,30,34,2,0,0
12366762,66810906,Brooklyn,Bergen Beach,40.62397,-73.91051,Entire home/apt,249,3,61,1,161,13
12367449,3121134,Queens,Astoria,40.7619,-73.91985,Private room,66,30,1,1,0,0
12368099,26377263,Queens,Far Rockaway,40.59905,-73.75436,Private room,38,6,0,53,349,0
12370347,116382,Brooklyn,Crown Heights,40.66863,-73.94116,Private room,46,30,129,8,280,1
12375976,16617640,Manhattan,East Village,40.72376,-73.97975,Entire home/apt,89,30,2,1,0,0
12376365,45601111,Queens,Laurelton,40.6694,-73.74612,Private room,68,7,56,6,81,8
12380717,41265342,Manhattan,Upper East Side,40.76628,-73.9602,Entire home/apt,115,30,7,1,0,0
12228023,65786525,Manhattan,Upper East Side,40.77638,-73.95742,Private room,68,30,0,1,0,0
12228640,27953420,Brooklyn,Bedford-Stuyvesant,40.68527,-73.95085,Entire home/apt,110,30,0,1,0,0
12230921,5679552,Brooklyn,Williamsburg,40.71768,-73.95578,Entire home/apt,175,2,2,1,0,0
12231304,18287406,Brooklyn,Bushwick,40.70295,-73.91731,Private room,33,30,0,1,0,0
12494415,67651553,Manhattan,Morningside Heights,40.80392,-73.96489,Entire home/apt,120,30,0,2,0,0
12233692,65598016,Brooklyn,Crown Heights,40.66987,-73.9513,Private room,68,30,152,2,308,1
12494870,12140588,Brooklyn,Greenpoint,40.72596,-73.95602,Private room,40,30,2,1,0,0
12495831,22527211,Manhattan,Midtown,40.75769,-73.96592,Entire home/apt,160,30,70,1,158,4
12381336,66919869,Brooklyn,Williamsburg,40.71728,-73.95849,Entire home/apt,325,3,18,1,0,0
12383041,17001409,Brooklyn,Bedford-Stuyvesant,40.69563,-73.94376,Private room,60,30,5,1,0,0
12383067,24532289,Manhattan,Upper East Side,40.78737,-73.95482,Private room,72,30,22,2,116,6
12384862,51501835,Manhattan,Hell's Kitchen,40.76411,-73.99371,Entire home/apt,100,30,13,109,287,1
12496037,23870466,Manhattan,Upper West Side,40.784245,-73.971001,Entire home/apt,235,30,5,1,99,1
12245694,48745427,Manhattan,Inwood,40.86747,-73.91875,Entire home/apt,68,30,20,1,282,1
12247741,14906645,Manhattan,Upper East Side,40.7747,-73.95714,Private room,68,30,2,1,0,0
12249359,61391963,Manhattan,Hell's Kitchen,40.76532,-73.98997,Entire home/apt,133,30,16,116,342,3
12249461,24291213,Brooklyn,Sunset Park,40.63877,-74.01993,Private room,35,30,2,2,0,0
12252513,9280078,Brooklyn,Williamsburg,40.70843,-73.96805,Entire home/apt,120,30,1,1,0,0
12252583,49121324,Brooklyn,Clinton Hill,40.68614,-73.96671,Private room,50,30,4,1,0,0
12496118,11305944,Bronx,Allerton,40.86768,-73.8605,Entire home/apt,157,2,116,4,328,32
12497438,67674810,Manhattan,Chinatown,40.71593,-73.99803,Entire home/apt,220,30,5,1,226,1
12252993,65968828,Brooklyn,Crown Heights,40.67319,-73.91315,Entire home/apt,115,30,103,1,361,0
12253809,12608878,Manhattan,Washington Heights,40.85137,-73.94047,Private room,52,30,0,1,0,0
12267599,12879538,Manhattan,Harlem,40.82153,-73.94525,Entire home/apt,129,2,172,2,254,37
12268056,7119612,Brooklyn,Bushwick,40.69742,-73.92725,Private room,62,30,1,1,0,0
12272376,9040879,Queens,Arverne,40.59367,-73.7887,Entire home/apt,90,1,102,3,354,20
12272850,61391963,Manhattan,Kips Bay,40.74001,-73.97811,Entire home/apt,199,30,16,116,250,3
12385002,66949758,Queens,Jamaica,40.69922,-73.81457,Entire home/apt,59,30,28,2,176,0
12497757,50137233,Brooklyn,Williamsburg,40.71213,-73.9465,Private room,190,30,0,1,0,0
12497783,67677095,Manhattan,Morningside Heights,40.80317,-73.96408,Private room,40,30,1,1,0,0
12502633,379619,Brooklyn,Gowanus,40.66714,-73.99411,Private room,119,1,733,1,24,101
12386579,66961444,Manhattan,Inwood,40.87028,-73.91327,Private room,50,30,83,1,334,1
12387018,31280252,Manhattan,Lower East Side,40.71797,-73.98717,Entire home/apt,120,30,0,1,0,0
12387215,14278457,Manhattan,Lower East Side,40.71279,-73.98812,Private room,125,30,0,1,0,0
12273048,49580011,Manhattan,Theater District,40.76239,-73.98164,Entire home/apt,150,30,8,1,108,3
12281070,66173032,Manhattan,Upper East Side,40.77441,-73.95815,Entire home/apt,160,30,0,1,0,0
12509350,31376006,Brooklyn,Greenpoint,40.72191,-73.94405,Private room,60,30,2,1,0,0
12511986,3905432,Manhattan,Harlem,40.8162,-73.94616,Private room,100,30,13,2,242,5
12518189,62668424,Queens,Sunnyside,40.7429,-73.9157,Entire home/apt,116,30,48,3,358,1
12519645,56623911,Manhattan,Upper East Side,40.78673,-73.95347,Private room,45,30,3,1,0,0
12282916,66182162,Queens,Long Island City,40.75848,-73.93194,Entire home/apt,168,30,3,1,0,0
12284280,4964784,Brooklyn,Sunset Park,40.6492,-74.00285,Entire home/apt,151,2,209,1,35,45
12388494,66977773,Manhattan,Hell's Kitchen,40.768,-73.98557,Entire home/apt,197,30,0,1,0,0
12520066,66240032,Manhattan,Greenwich Village,40.73121,-73.99497,Entire home/apt,6000,30,0,1,0,0
12389574,42329946,Brooklyn,Bushwick,40.69159,-73.92402,Entire home/apt,400,3,151,3,3,23
12389931,5017615,Manhattan,Flatiron District,40.73912,-73.98724,Entire home/apt,150,30,3,1,0,0
12390529,52196858,Bronx,Parkchester,40.83825,-73.85661,Private room,79,1,177,2,65,33
12390863,65598016,Brooklyn,Crown Heights,40.67137,-73.95138,Private room,56,30,8,2,42,2
12396603,20942935,Brooklyn,Crown Heights,40.67566,-73.93878,Private room,66,30,1,1,0,0
12286373,20754989,Queens,Astoria,40.75607,-73.92199,Private room,80,30,0,1,0,0
12286939,24918898,Brooklyn,Williamsburg,40.70763,-73.95331,Private room,35,30,3,2,0,0
12287838,26405086,Manhattan,Washington Heights,40.83335,-73.94283,Entire home/apt,324,30,118,4,352,0
12521735,34790915,Queens,Ridgewood,40.70143,-73.89937,Private room,60,30,0,1,0,0
12522024,10665495,Manhattan,East Village,40.72769,-73.99068,Entire home/apt,199,30,3,1,0,0
12524815,50523735,Brooklyn,Crown Heights,40.67394,-73.91351,Entire home/apt,100,30,3,2,218,3
12542485,17770287,Manhattan,Midtown,40.75089,-73.98129,Entire home/apt,162,60,11,12,247,2
12542544,64837317,Manhattan,Hell's Kitchen,40.76401,-73.99649,Entire home/apt,240,4,188,1,133,22
12287938,66191982,Brooklyn,Bedford-Stuyvesant,40.69613,-73.94481,Private room,50,30,3,1,0,0
12290567,66240027,Brooklyn,Prospect-Lefferts Gardens,40.66158,-73.95999,Entire home/apt,40,30,2,1,0,0
12291318,66245995,Manhattan,East Harlem,40.80194,-73.94367,Private room,85,5,1,1,0,0
12400242,67045498,Queens,Ridgewood,40.70925,-73.90122,Entire home/apt,150,30,63,1,63,0
12543988,17763535,Brooklyn,Williamsburg,40.7099,-73.95006,Private room,1300,30,0,1,0,0
12657039,62058232,Brooklyn,Williamsburg,40.71224,-73.95838,Private room,45,30,3,1,0,0
12547481,43436738,Manhattan,Midtown,40.7654,-73.97978,Entire home/apt,150,30,1,1,0,0
12549290,68013836,Manhattan,Financial District,40.70666,-74.00791,Private room,35,30,3,1,0,0
12657888,68769040,Manhattan,Upper West Side,40.80183,-73.96373,Private room,980,30,1,1,0,0
12658099,68771036,Manhattan,Chelsea,40.74564,-73.99779,Private room,78,2,109,1,11,16
12664893,657869,Manhattan,Harlem,40.81147,-73.94077,Private room,86,4,110,2,148,20
12665113,18753186,Brooklyn,Gowanus,40.68286,-73.98856,Entire home/apt,380,12,12,1,0,0
12401233,29057249,Manhattan,Harlem,40.81297,-73.9433,Private room,96,1,35,1,75,16
12554945,20586090,Manhattan,Harlem,40.82382,-73.95351,Private room,53,30,8,1,0,0
12403252,67069129,Manhattan,Harlem,40.80600935938532,-73.94933537489004,Entire home/apt,199,2,217,2,296,37
12666669,13406954,Manhattan,Upper East Side,40.78221,-73.95383,Private room,75,30,2,2,0,0
12558102,68070597,Brooklyn,Bedford-Stuyvesant,40.6953,-73.93929,Entire home/apt,80,30,0,1,0,0
12676400,68878222,Queens,Astoria,40.76508,-73.9204,Entire home/apt,215,30,0,1,0,0
12403816,67073298,Manhattan,Hell's Kitchen,40.7603,-73.99602,Entire home/apt,80,30,153,1,0,0
12404734,13406954,Brooklyn,Williamsburg,40.71226,-73.96179,Private room,80,30,1,2,0,0
12560110,20907226,Queens,Glendale,40.70207,-73.89433,Entire home/apt,41,30,5,1,0,0
12404820,40015388,Brooklyn,Park Slope,40.67086,-73.97847,Private room,935,30,0,1,0,0
12679172,43733051,Manhattan,Harlem,40.81389,-73.95421,Entire home/apt,100,30,27,1,0,0
12681730,12534916,Manhattan,Chelsea,40.74311,-74.00195,Private room,139,30,0,1,0,0
12684235,68930733,Manhattan,Inwood,40.86146,-73.92525,Private room,60,30,0,1,0,0
12686241,30848788,Brooklyn,Bedford-Stuyvesant,40.69462,-73.94693,Private room,110,3,53,2,74,3
12687169,49024977,Brooklyn,Park Slope,40.67687,-73.97848,Private room,50,30,2,1,0,0
12560137,51093380,Manhattan,Harlem,40.82298,-73.94308,Entire home/apt,500,1,0,1,0,0
12693458,65884381,Brooklyn,Williamsburg,40.71079,-73.94698,Private room,50,30,7,1,0,0
12404998,47380199,Queens,Astoria,40.76869,-73.91966,Entire home/apt,120,30,1,1,0,0
12405814,1468472,Bronx,Longwood,40.81361,-73.90398,Entire home/apt,90,30,4,1,0,0
12561615,68094755,Manhattan,Midtown,40.75532,-73.96475,Private room,98,30,123,1,0,0
12406683,25095488,Brooklyn,Sunset Park,40.66248,-73.99667,Entire home/apt,100,30,3,1,0,0
12701430,46708895,Bronx,Mount Hope,40.84768,-73.90531,Entire home/apt,199,2,23,2,87,19
12702291,51501835,Manhattan,Hell's Kitchen,40.76411,-73.99371,Entire home/apt,150,30,3,109,311,1
12561681,68094795,Manhattan,Upper East Side,40.76643,-73.96124,Entire home/apt,356,3,135,3,0,29
12703851,11109705,Brooklyn,Clinton Hill,40.68522,-73.96303,Entire home/apt,600,30,11,1,180,0
12704039,14637971,Staten Island,Tompkinsville,40.6298,-74.08527,Private room,38,5,30,3,83,3
12705155,69063239,Brooklyn,Gowanus,40.67176,-73.98973,Entire home/apt,125,30,3,1,0,0
12408554,67103923,Brooklyn,Bushwick,40.70425,-73.91315,Private room,100,30,0,1,0,0
12409217,51501835,Manhattan,Hell's Kitchen,40.76411,-73.99371,Entire home/apt,115,30,7,109,159,1
12409508,13755526,Manhattan,Upper East Side,40.7673,-73.9594,Entire home/apt,100,30,0,1,0,0
12410412,6662358,Brooklyn,Flatbush,40.6497,-73.96688,Entire home/apt,290,5,4,1,0,0
12563738,10312167,Manhattan,Harlem,40.80475,-73.94929,Entire home/apt,799,7,64,2,7,3
12411737,52559052,Manhattan,Midtown,40.76502,-73.98409,Entire home/apt,150,30,0,1,0,0
12705303,3836868,Manhattan,Upper East Side,40.77593,-73.94977,Entire home/apt,175,30,2,1,0,0
12705519,1372942,Manhattan,Washington Heights,40.83335,-73.94344,Entire home/apt,83,30,6,1,0,0
12708671,51501835,Manhattan,Hell's Kitchen,40.76411,-73.99371,Entire home/apt,142,30,11,109,266,3
12711153,65809485,Queens,Flushing,40.74886,-73.83007,Private room,65,7,130,12,326,9
12711232,45941973,Manhattan,Harlem,40.82945,-73.94894,Private room,59,30,3,1,0,0
12711351,65809485,Queens,Flushing,40.74981,-73.82785,Private room,64,10,125,12,162,5
12566262,32503657,Manhattan,Hell's Kitchen,40.75784,-73.99461,Entire home/apt,200,30,0,1,0,0
12417189,13168457,Queens,Astoria,40.76473,-73.91265,Private room,73,30,18,1,0,0
12420694,20471565,Manhattan,East Village,40.7239,-73.9814,Private room,150,30,0,1,0,0
12423497,2455544,Manhattan,Midtown,40.76541,-73.98321,Entire home/apt,120,30,1,1,0,0
12425296,43585775,Manhattan,West Village,40.73475,-74.0044,Entire home/apt,220,30,0,1,0,0
12426775,9249156,Brooklyn,Williamsburg,40.70982,-73.9544,Private room,58,30,2,1,0,0
12567868,68138404,Manhattan,Stuyvesant Town,40.73034,-73.97928,Private room,60,3,92,1,160,9
12426778,7963317,Brooklyn,Boerum Hill,40.68834,-73.98601,Private room,150,30,0,1,0,0
12426957,20069770,Brooklyn,Bushwick,40.69336,-73.9213,Private room,45,30,2,1,0,0
12431649,51501835,Manhattan,Hell's Kitchen,40.76411,-73.99371,Entire home/apt,150,30,6,109,284,0
12433088,65258815,Brooklyn,Crown Heights,40.67257,-73.92646,Entire home/apt,71,2,102,2,24,40
12713863,66269338,Queens,Jackson Heights,40.74764,-73.888,Private room,35,30,91,1,255,5
12567993,68139079,Brooklyn,Bushwick,40.6991,-73.92348,Private room,50,30,0,1,0,0
12568401,57786447,Manhattan,West Village,40.73913,-74.00169,Entire home/apt,210,30,1,1,0,0
12713950,69124785,Manhattan,Morningside Heights,40.81527,-73.96096,Private room,50,30,2,1,0,0
12723066,17770287,Manhattan,Midtown,40.75035,-73.98318,Entire home/apt,153,60,15,12,244,2
12723698,1420603,Manhattan,East Village,40.72902,-73.98173,Entire home/apt,200,5,3,1,267,0
12725523,6472334,Brooklyn,Williamsburg,40.70808,-73.95114,Entire home/apt,139,4,12,2,0,0
12825700,5346314,Manhattan,Chelsea,40.74252,-73.99941,Entire home/apt,195,30,1,1,0,0
12827123,15398860,Brooklyn,South Slope,40.66686,-73.98339,Private room,200,30,0,1,0,0
12827964,65357,Brooklyn,South Slope,40.66424,-73.97992,Entire home/apt,120,30,26,1,280,4
12582348,34546087,Queens,Astoria,40.7704,-73.91701,Private room,48,30,11,1,0,0
12829063,28303435,Brooklyn,Prospect Heights,40.67883,-73.96814,Entire home/apt,180,2,93,1,267,24
12727438,69203926,Brooklyn,Williamsburg,40.7065,-73.95184,Entire home/apt,150,30,0,1,0,0
12727779,69205600,Brooklyn,Bushwick,40.7011,-73.93091,Private room,39,30,0,1,0,0
12728514,69210611,Manhattan,Harlem,40.8253,-73.94236,Private room,50,30,1,1,0,0
12733742,69243005,Manhattan,Harlem,40.82555,-73.95159,Private room,45,30,1,2,0,0
12734487,69243005,Manhattan,Harlem,40.82433,-73.95049,Private room,38,30,0,2,0,0
12734936,20354912,Brooklyn,Bedford-Stuyvesant,40.6933,-73.93217,Private room,100,30,0,1,0,0
12584072,80470317,Staten Island,Stapleton,40.62534,-74.07705,Entire home/apt,210,1,199,2,225,40
12735969,2711820,Brooklyn,Bushwick,40.69447,-73.92938,Private room,50,30,2,1,0,0
12737192,20557896,Manhattan,Harlem,40.82456,-73.94046,Private room,60,5,10,1,64,0
12830905,70026602,Manhattan,East Village,40.72891,-73.97977,Private room,150,30,18,1,0,0
12831088,28340943,Manhattan,Upper West Side,40.77863,-73.98462,Entire home/apt,199,30,0,1,0,0
12831418,5961343,Manhattan,Harlem,40.82927,-73.94635,Private room,70,30,9,1,0,0
12585126,24018769,Manhattan,West Village,40.73326,-74.00186,Entire home/apt,160,30,0,1,0,0
12587017,62850707,Manhattan,Upper West Side,40.78256,-73.97863,Entire home/apt,225,30,176,1,0,0
12587102,1623346,Brooklyn,Williamsburg,40.71581,-73.96041,Private room,50,2,2,1,0,0
12737335,69267322,Manhattan,Harlem,40.83202,-73.94414,Private room,60,30,1,1,0,0
12587698,26225727,Brooklyn,Bushwick,40.68601,-73.91164,Private room,65,3,89,1,0,0
12737735,23423519,Brooklyn,Greenpoint,40.72418,-73.94638,Private room,110,2,81,1,0,12
12737915,15019621,Brooklyn,Williamsburg,40.71203,-73.93703,Private room,99,30,2,1,0,0
12738047,21492250,Manhattan,Upper West Side,40.79997,-73.96529,Shared room,80,30,0,1,0,0
12740226,3038856,Brooklyn,Williamsburg,40.71206,-73.9617,Private room,50,30,9,2,0,0
12740726,11526146,Brooklyn,Williamsburg,40.71282,-73.946,Entire home/apt,229,30,23,1,0,0
12832062,1106731,Queens,Rockaway Beach,40.58874,-73.81322,Entire home/apt,151,2,53,1,62,15
12832227,70039705,Manhattan,Morningside Heights,40.80377,-73.96468,Private room,104,30,5,1,0,0
12832371,22541573,Manhattan,Upper East Side,40.77051,-73.95714,Entire home/apt,195,30,2,131,333,0
12832899,22541573,Manhattan,Upper East Side,40.7636,-73.96117,Entire home/apt,232,30,3,131,355,0
12590077,43438475,Brooklyn,South Slope,40.66727,-73.99119,Entire home/apt,320,7,36,3,123,0
12591059,68240110,Brooklyn,Prospect-Lefferts Gardens,40.65785,-73.96068,Entire home/apt,800,30,4,1,0,0
12592427,68309691,Queens,Flushing,40.72838,-73.80162,Private room,99,2,296,1,329,19
12593389,10737943,Manhattan,Upper West Side,40.79834,-73.96215,Entire home/apt,130,30,32,2,260,4
12598128,5162192,Manhattan,Upper West Side,40.79879,-73.95972,Entire home/apt,180,30,5,20,240,0
12598446,5162192,Manhattan,Upper West Side,40.79653,-73.96223,Entire home/apt,300,30,5,20,214,0
12601900,16702803,Brooklyn,Crown Heights,40.67538,-73.94091,Entire home/apt,60,30,2,1,0,0
12834648,70060476,Manhattan,Upper East Side,40.77338,-73.9465,Entire home/apt,129,30,5,3,265,0
12747434,68787921,Brooklyn,Bedford-Stuyvesant,40.6895,-73.9233,Private room,80,4,78,3,172,16
12606349,9293730,Manhattan,East Harlem,40.78965,-73.94329,Entire home/apt,121,30,21,37,350,5
12610244,1171497,Manhattan,Harlem,40.80766,-73.95199,Private room,95,5,12,8,248,9
12751037,69355658,Manhattan,East Village,40.73159,-73.98459,Private room,99,30,32,2,0,7
12751471,4497670,Manhattan,Inwood,40.86862,-73.91861,Private room,34,30,1,1,0,0
12611122,6444711,Brooklyn,Fort Greene,40.68832,-73.97509,Entire home/apt,150,30,7,1,0,0
12619450,1539941,Brooklyn,Kensington,40.63762,-73.97444,Entire home/apt,90,30,11,1,362,0
12621050,15218314,Manhattan,Harlem,40.81251,-73.95412,Private room,40,30,0,1,0,0
12836808,4920738,Manhattan,Hell's Kitchen,40.76748,-73.9862,Entire home/apt,130,30,47,1,64,4
12624890,657869,Manhattan,Harlem,40.81179,-73.94151,Shared room,56,4,83,2,154,19
12628500,67261284,Queens,Jackson Heights,40.75126,-73.88117,Private room,50,1,210,2,0,0
12630337,516563,Manhattan,Chinatown,40.71557,-73.99006,Entire home/apt,110,30,5,1,0,0
12642845,228858,Brooklyn,South Slope,40.66149,-73.98784,Private room,157,30,80,2,329,3
12836932,70082670,Manhattan,Morningside Heights,40.80378,-73.96223,Entire home/apt,94,30,2,1,0,0
12844709,2238348,Brooklyn,Williamsburg,40.71465,-73.94138,Private room,42,30,0,1,0,0
12846033,62225580,Manhattan,West Village,40.73274,-74.00682,Entire home/apt,225,30,0,1,0,0
12757980,69391155,Manhattan,East Village,40.7304,-73.98723,Entire home/apt,140,30,0,1,0,0
12759453,48671504,Queens,Cambria Heights,40.68717,-73.7362,Entire home/apt,81,3,149,2,345,20
12760088,52630170,Manhattan,Morningside Heights,40.80446,-73.9583,Private room,50,30,2,1,0,0
12643171,26054687,Brooklyn,Williamsburg,40.71409,-73.94899,Private room,75,30,0,1,0,0
12761563,32201215,Manhattan,Harlem,40.82055,-73.9558,Entire home/apt,100,3,1,1,0,0
12645495,60077920,Queens,East Elmhurst,40.76168,-73.86552,Entire home/apt,175,30,92,1,123,2
12762497,11811612,Brooklyn,Flatbush,40.65324,-73.95406,Entire home/apt,76,30,9,1,0,0
12846048,23144316,Brooklyn,Park Slope,40.66801,-73.975,Entire home/apt,500,30,8,1,42,1
12846584,70164336,Brooklyn,Greenpoint,40.73384,-73.95733,Entire home/apt,90,30,9,1,0,0
12649685,6389984,Brooklyn,Greenpoint,40.7295,-73.95745,Entire home/apt,195,30,34,1,0,0
12650830,68585649,Brooklyn,Bedford-Stuyvesant,40.69384,-73.94166,Private room,30,80,0,1,0,0
12850186,70198067,Manhattan,Financial District,40.71028,-74.00929,Private room,80,30,0,1,0,0
12851100,3248699,Queens,Ditmars Steinway,40.77218,-73.91284,Entire home/apt,42,30,18,1,0,0
12650991,709939,Brooklyn,Bedford-Stuyvesant,40.69746,-73.94899,Private room,45,30,4,1,0,0
12652833,68729548,Manhattan,Greenwich Village,40.72994,-73.99455,Private room,100,1,0,1,0,0
12851307,70208173,Brooklyn,Williamsburg,40.71303,-73.95297,Private room,1000,35,6,1,0,0
12763008,69433039,Queens,Sunnyside,40.74017,-73.92756,Private room,81,30,35,1,156,4
12763385,9784153,Brooklyn,Clinton Hill,40.68732,-73.9611,Private room,99,3,0,1,0,0
12652939,24944767,Brooklyn,Bushwick,40.70068,-73.91985,Private room,65,30,3,1,0,0
12653674,68735532,Manhattan,Harlem,40.8176,-73.94711,Entire home/apt,130,30,30,1,0,0
12763721,69435907,Brooklyn,East Flatbush,40.65876,-73.91965,Private room,40,2,176,1,0,0
12764378,69255438,Brooklyn,Crown Heights,40.67742,-73.95027,Entire home/apt,180,30,1,1,0,0
12765391,3311487,Brooklyn,Williamsburg,40.71269,-73.96373,Private room,80,30,0,1,0,0
12653871,68737773,Brooklyn,Crown Heights,40.66366,-73.95603,Private room,300,30,3,1,365,0
12765858,69457013,Manhattan,Upper West Side,40.79727,-73.96136,Private room,49,30,0,1,0,0
12772993,37521233,Manhattan,Chelsea,40.75044,-73.99677,Private room,55,30,5,1,0,0
12774975,33363604,Manhattan,Harlem,40.82041,-73.95759,Private room,42,30,0,1,0,0
12775106,1722054,Queens,Long Island City,40.74665,-73.94567,Entire home/apt,120,30,1,1,0,0
12778678,45595980,Manhattan,Midtown,40.7602,-73.96595,Entire home/apt,154,30,8,5,305,2
12780993,18111963,Manhattan,Washington Heights,40.84205,-73.93716,Entire home/apt,75,30,0,1,0,0
12788962,390251,Manhattan,Harlem,40.80131,-73.95329,Private room,110,30,5,2,88,0
12791778,17239096,Brooklyn,Williamsburg,40.71264,-73.94674,Private room,100,30,6,1,0,0
12851607,68322243,Manhattan,Upper West Side,40.8004,-73.96416,Entire home/apt,154,30,3,1,0,0
12851869,51501835,Manhattan,Little Italy,40.71832,-73.99863,Entire home/apt,160,30,4,109,326,2
12852935,2344389,Manhattan,Hell's Kitchen,40.76049,-73.98748,Private room,150,30,0,1,0,0
12856529,1491770,Manhattan,Midtown,40.76432,-73.97685,Entire home/apt,186,30,1,1,0,0
12656785,19912320,Brooklyn,Williamsburg,40.71583,-73.95581,Private room,80,30,6,2,0,0
12964763,51501835,Manhattan,Hell's Kitchen,40.76411,-73.99371,Entire home/apt,150,30,8,109,311,2
12965215,65109990,Brooklyn,Clinton Hill,40.68578,-73.96458,Private room,50,30,58,4,362,0
12856720,33950089,Queens,Long Island City,40.75198,-73.94033,Private room,65,30,61,1,341,1
12794520,69677082,Manhattan,Washington Heights,40.84278,-73.93916,Private room,35,30,3,1,0,0
12794791,11725608,Manhattan,Washington Heights,40.83897,-73.94374,Private room,65,3,114,3,338,17
12797684,69715276,Manhattan,Upper West Side,40.79843,-73.96404,Private room,100,30,0,2,0,0
12797920,69715276,Manhattan,Upper West Side,40.79851,-73.96358,Private room,100,30,1,2,0,0
12965288,11071244,Queens,Long Island City,40.7643,-73.93507,Private room,70,30,49,1,0,0
12804245,69777946,Manhattan,Morningside Heights,40.80883,-73.95748,Entire home/apt,65,2,3,1,0,3
12856987,15445748,Queens,Long Island City,40.73618,-73.92742,Private room,27,30,0,2,121,0
12856992,15445748,Queens,Long Island City,40.73665,-73.92934,Private room,21,30,8,2,247,0
12966225,71312760,Staten Island,Richmondtown,40.57095,-74.12328,Entire home/apt,120,3,166,1,150,28
12863594,70321716,Brooklyn,Crown Heights,40.67212,-73.9439,Entire home/apt,150,30,0,1,0,0
12864193,29417940,Manhattan,Upper West Side,40.77792,-73.97602,Entire home/apt,375,30,2,1,0,0
12864971,70333355,Queens,Ditmars Steinway,40.77852,-73.90836,Entire home/apt,400,30,0,1,0,0
12866207,65109990,Brooklyn,Clinton Hill,40.68578,-73.96458,Private room,50,30,58,4,337,0
12867918,9293730,Manhattan,Upper East Side,40.76947,-73.95647,Entire home/apt,125,30,27,37,260,4
12869174,817948,Brooklyn,Flatbush,40.63699,-73.95613,Private room,30,30,1,1,0,0
12869679,1233402,Brooklyn,Williamsburg,40.71277,-73.95097,Entire home/apt,180,30,3,1,0,0
12869930,51501835,Manhattan,Hell's Kitchen,40.76411,-73.99371,Entire home/apt,180,30,7,109,315,2
12870225,9419684,Manhattan,Midtown,40.7526,-73.96723,Entire home/apt,2000,90,0,79,6,0
12871310,29959914,Brooklyn,Bushwick,40.68812,-73.91409,Private room,33,1,3,1,0,0
12871708,70396243,Manhattan,Washington Heights,40.85389,-73.93628,Entire home/apt,180,3,144,2,79,20
12804309,21221697,Brooklyn,Clinton Hill,40.68257,-73.96061,Entire home/apt,270,3,194,1,100,43
12966504,28709982,Brooklyn,Williamsburg,40.71848,-73.95706,Entire home/apt,225,4,75,2,0,14
12966974,71321195,Manhattan,Greenwich Village,40.73602,-73.99475,Entire home/apt,225,30,0,1,0,0
12873930,70419222,Manhattan,Upper West Side,40.78303,-73.97966,Entire home/apt,175,30,2,1,0,0
12967227,71315006,Manhattan,Upper West Side,40.78663,-73.96983,Entire home/apt,2000,30,0,1,0,0
12972292,68139551,Queens,Maspeth,40.72075,-73.895,Private room,61,1,73,3,0,0
12972783,68139551,Queens,Maspeth,40.72071,-73.89448,Private room,61,1,44,3,0,0
12973288,68139551,Queens,Maspeth,40.72097,-73.89508,Private room,66,1,30,3,0,0
12973363,22846970,Brooklyn,Prospect Heights,40.67369,-73.96487,Private room,55,30,46,1,0,0
12876883,11452065,Brooklyn,Borough Park,40.63924,-73.99665,Private room,70,30,1,1,0,0
12973819,71402091,Brooklyn,Flatbush,40.65293,-73.95778,Entire home/apt,80,3,10,1,0,0
12881611,17204066,Brooklyn,Greenpoint,40.72691,-73.94843,Private room,49,2,22,1,0,0
12883073,21315876,Manhattan,East Village,40.72356,-73.98753,Entire home/apt,289,2,53,2,0,15
12806016,69794747,Brooklyn,Flatbush,40.64143,-73.96011,Entire home/apt,189,30,128,2,63,1
12806940,1672734,Brooklyn,Bedford-Stuyvesant,40.68479,-73.93853,Entire home/apt,411,5,68,1,41,19
12807447,42413378,Brooklyn,South Slope,40.66568,-73.97995,Entire home/apt,159,5,257,2,185,37
12973878,45469626,Brooklyn,Borough Park,40.64669,-73.99748,Private room,41,3,2,1,0,0
12979100,14885449,Manhattan,Financial District,40.70838,-74.00394,Entire home/apt,160,30,2,1,0,0
12810131,25971488,Brooklyn,Brooklyn Heights,40.69299,-73.99283,Private room,135,30,0,1,0,0
12983699,22541573,Manhattan,Upper East Side,40.77502,-73.95094,Entire home/apt,173,30,1,131,337,0
12984848,183504,Brooklyn,Greenpoint,40.73484,-73.9538,Private room,65,60,14,1,264,1
12985547,13347167,Manhattan,Upper East Side,40.77294,-73.95729,Entire home/apt,148,30,6,31,241,2
12986700,1477622,Brooklyn,Williamsburg,40.71905,-73.9557,Entire home/apt,300,30,3,1,0,0
12810452,15867885,Manhattan,Two Bridges,40.71272,-73.99726,Private room,99,30,3,1,0,0
12885472,2629017,Queens,Ridgewood,40.7068,-73.9022,Entire home/apt,187,3,106,1,39,29
12986728,6069897,Manhattan,Harlem,40.82379,-73.95119,Private room,40,30,2,1,0,0
12888849,16476167,Manhattan,Midtown,40.74663,-73.98487,Entire home/apt,250,366,0,1,0,0
12987298,21541169,Brooklyn,South Slope,40.66217,-73.98129,Private room,65,30,8,1,0,0
12897616,70637655,Manhattan,Upper West Side,40.80365,-73.96631,Private room,75,30,1,1,0,0
12897713,70638431,Manhattan,Chelsea,40.75014,-73.99488,Entire home/apt,300,30,2,1,0,0
12898987,17984997,Brooklyn,South Slope,40.666,-73.98473,Entire home/apt,300,30,2,1,0,0
12899112,70651602,Manhattan,East Harlem,40.78711,-73.94113,Private room,50,30,4,1,0,0
12811459,69852641,Manhattan,Hell's Kitchen,40.76387,-73.98733,Entire home/apt,1750,3,40,2,335,3
12812370,9631746,Manhattan,Hell's Kitchen,40.7593,-73.99476,Entire home/apt,125,3,23,1,0,0
12812577,69852641,Manhattan,Hell's Kitchen,40.76387,-73.98733,Entire home/apt,1750,2,41,2,335,2
12987983,4386682,Queens,Ridgewood,40.70355,-73.91187,Private room,50,30,4,3,0,0
12988054,4386682,Queens,Ridgewood,40.70434,-73.91037,Private room,45,30,3,3,0,0
12988898,71552588,Bronx,Fordham,40.86046,-73.88378,Shared room,130,30,0,1,0,0
12812618,25233652,Brooklyn,Williamsburg,40.71153,-73.96274,Private room,80,30,6,1,0,0
12813068,21091779,Brooklyn,Bedford-Stuyvesant,40.68527,-73.92309,Private room,75,1,124,4,55,6
12814195,545273,Brooklyn,Williamsburg,40.71879,-73.94186,Private room,70,30,0,1,0,0
12814578,40332331,Brooklyn,Windsor Terrace,40.65722,-73.97855,Entire home/apt,174,1,217,2,281,48
12900284,27885164,Queens,Elmhurst,40.74242,-73.88907,Private room,50,30,0,1,0,0
12990232,29268760,Brooklyn,Bushwick,40.69124,-73.90374,Private room,45,30,0,1,0,0
12902686,70686576,Brooklyn,Fort Hamilton,40.61567,-74.03481,Entire home/apt,110,30,1,1,0,0
12815139,33816358,Brooklyn,Prospect Heights,40.67764,-73.9647,Entire home/apt,110,30,8,1,0,0
12823429,6707228,Brooklyn,Williamsburg,40.70851,-73.94555,Private room,145,30,0,1,0,0
13081306,51501835,Manhattan,Hell's Kitchen,40.76411,-73.99371,Entire home/apt,115,30,8,109,308,0
13083030,37093995,Manhattan,Inwood,40.86869,-73.92848,Entire home/apt,100,30,0,1,0,0
13083221,46407854,Brooklyn,Prospect-Lefferts Gardens,40.66333,-73.94472,Private room,55,30,0,1,0,0
12990502,2736755,Queens,Astoria,40.77119,-73.92027,Private room,52,30,42,2,0,0
13083638,17176974,Brooklyn,Greenpoint,40.72797,-73.95707,Entire home/apt,199,30,8,1,0,0
13083988,154956,Brooklyn,Greenpoint,40.73208,-73.95661,Private room,90,30,2,1,0,0
12903772,70646170,Manhattan,Upper West Side,40.79066,-73.97285,Entire home/apt,205,30,6,1,0,0
12990926,2736755,Queens,Astoria,40.77108,-73.9207,Private room,67,30,2,2,0,0
13000020,1422833,Manhattan,Lower East Side,40.72085,-73.98204,Entire home/apt,100,3,17,1,0,0
13000527,19866179,Manhattan,Two Bridges,40.71097,-73.99346,Private room,100,30,1,1,0,0
13004741,1921498,Manhattan,Washington Heights,40.84387,-73.93431,Entire home/apt,130,65,23,1,21,2
12904840,27634654,Brooklyn,Bay Ridge,40.63229,-74.03,Private room,35,30,5,2,0,0
13004961,4852748,Manhattan,Harlem,40.80683,-73.94574,Entire home/apt,235,4,39,8,344,22
12905314,16414492,Manhattan,Washington Heights,40.83643,-73.94262,Private room,40,30,6,1,0,0
12912510,37241656,Brooklyn,Williamsburg,40.718,-73.95663,Entire home/apt,299,30,26,1,0,0
12914669,44665470,Manhattan,Harlem,40.80785,-73.94177,Private room,80,30,3,1,0,0
12914726,21375734,Manhattan,Greenwich Village,40.72888,-74.00215,Private room,119,30,6,1,0,0
13085694,49924063,Brooklyn,Bushwick,40.69494,-73.91059,Entire home/apt,286,2,82,1,330,36
13091684,17770287,Manhattan,Murray Hill,40.74878,-73.98164,Entire home/apt,150,60,12,12,235,3
13092482,30283594,Manhattan,Hell's Kitchen,40.76153,-73.99878,Entire home/apt,369,30,2,95,353,0
13094250,72701423,Brooklyn,Carroll Gardens,40.67796,-73.99587,Private room,90,30,5,1,0,0
13094690,8106327,Brooklyn,Bushwick,40.69783,-73.93192,Private room,40,30,1,1,0,0
13096146,2762303,Brooklyn,Crown Heights,40.67268,-73.95476,Entire home/apt,110,30,7,1,0,0
13004967,4852748,Manhattan,Harlem,40.80526,-73.94618,Private room,240,3,26,8,357,15
13004996,71717596,Queens,Rockaway Beach,40.58809,-73.81255,Entire home/apt,139,2,165,2,70,37
13098452,4942450,Manhattan,Washington Heights,40.849,-73.93641,Entire home/apt,92,68,17,1,0,0
12916138,70828773,Manhattan,East Harlem,40.79651,-73.94947,Entire home/apt,179,30,1,1,0,0
12916189,951917,Brooklyn,Sunset Park,40.66317,-73.99748,Entire home/apt,296,365,4,1,365,0
13007084,71744996,Manhattan,Greenwich Village,40.72945386676595,-73.99710286902017,Entire home/apt,199,1,0,1,230,0
12916646,67359538,Manhattan,Hell's Kitchen,40.75839,-73.99165,Private room,90,30,28,1,0,0
12916903,25854469,Brooklyn,Bushwick,40.70389,-73.91411,Entire home/apt,162,2,9,1,16,1
12917057,26476746,Manhattan,Lower East Side,40.72087,-73.98586,Entire home/apt,140,30,6,1,0,0
13098705,14865754,Manhattan,Harlem,40.81869,-73.94727,Entire home/apt,350,30,43,1,39,1
13099377,43518492,Manhattan,Harlem,40.82942,-73.94317,Private room,70,30,3,1,0,0
13099742,72770139,Brooklyn,South Slope,40.66737,-73.99075,Private room,40,30,1,1,0,0
13100152,620810,Queens,Astoria,40.76545,-73.91668,Entire home/apt,110,30,1,1,0,0
13007839,71754921,Brooklyn,Crown Heights,40.6674,-73.94221,Entire home/apt,100,30,0,1,0,0
13009244,10458139,Manhattan,West Village,40.73837,-74.00027,Entire home/apt,195,30,91,1,150,9
12917422,20220930,Manhattan,Harlem,40.82202,-73.95678,Private room,59,30,1,1,0,0
12917834,3988031,Manhattan,Hell's Kitchen,40.76223,-73.99689,Entire home/apt,202,30,6,1,0,0
12924969,758441,Brooklyn,Bedford-Stuyvesant,40.68515,-73.91856,Private room,165,30,2,4,365,0
13013882,71746226,Brooklyn,Williamsburg,40.70735,-73.94127,Private room,65,30,1,1,0,0
13016417,33273074,Manhattan,Kips Bay,40.74296,-73.98028,Entire home/apt,120,30,7,1,0,0
12926849,28680349,Brooklyn,Greenpoint,40.72707,-73.9483,Private room,75,30,7,1,0,0
13100726,1215853,Manhattan,East Harlem,40.80758,-73.93892,Entire home/apt,135,1,43,2,29,5
13101260,676499,Manhattan,East Village,40.72378,-73.98117,Entire home/apt,106,30,3,1,0,0
13101855,45197707,Brooklyn,Flatlands,40.61521,-73.92352,Entire home/apt,109,3,194,1,352,29
13017016,69841552,Manhattan,SoHo,40.7265,-74.00143,Entire home/apt,150,6,54,1,0,2
13102116,17181881,Brooklyn,Fort Greene,40.69409,-73.97858,Entire home/apt,120,30,1,1,0,0
12929852,58782992,Manhattan,Harlem,40.82146,-73.94556,Entire home/apt,400,30,61,2,52,2
13017140,65727695,Manhattan,Harlem,40.8164,-73.9583,Entire home/apt,120,30,2,1,0,0
12932186,3718821,Manhattan,Harlem,40.81358,-73.95021,Entire home/apt,278,7,63,1,0,2
12932670,65809485,Queens,Flushing,40.7492,-73.82975,Entire home/apt,85,7,89,12,170,11
13018052,30347426,Brooklyn,Bedford-Stuyvesant,40.69521,-73.95022,Entire home/apt,140,30,0,1,0,0
12932748,4221836,Manhattan,Lower East Side,40.71771,-73.99119,Private room,95,30,1,1,0,0
12941306,14035480,Brooklyn,Crown Heights,40.67354,-73.96207,Entire home/apt,160,30,0,1,0,0
13107627,72542338,Brooklyn,Brighton Beach,40.58058,-73.95405,Private room,119,30,27,1,249,0
13108573,22541573,Manhattan,Chelsea,40.75095,-73.99565,Entire home/apt,316,30,2,131,348,0
13109817,23147852,Brooklyn,Bedford-Stuyvesant,40.68524,-73.94515,Private room,69,90,0,1,0,0
13018248,1207773,Brooklyn,Williamsburg,40.70719,-73.96185,Entire home/apt,215,5,25,1,123,9
13109949,72881006,Brooklyn,Bedford-Stuyvesant,40.69364,-73.95148,Private room,50,30,2,1,0,0
12941586,71093679,Manhattan,Upper West Side,40.79433,-73.97057,Entire home/apt,180,30,7,1,0,0
13019436,7858405,Brooklyn,Bedford-Stuyvesant,40.68904,-73.94377,Entire home/apt,300,30,2,1,4,0
13019720,57574248,Manhattan,Midtown,40.75336,-73.97161,Hotel room,275,3,15,3,0,0
12947660,36948675,Manhattan,East Village,40.72957,-73.98421,Private room,48,30,6,1,0,0
13023771,71853402,Brooklyn,Prospect-Lefferts Gardens,40.65761,-73.95255,Private room,86,5,23,2,0,4
12950979,71152156,Manhattan,Inwood,40.86764,-73.91961,Entire home/apt,50,30,1,1,0,0
13111578,72897900,Brooklyn,Bedford-Stuyvesant,40.68723,-73.9302,Private room,39,30,7,1,0,0
13025960,71948176,Brooklyn,Bedford-Stuyvesant,40.68906,-73.95556,Private room,1000,30,0,1,0,0
13113038,72507521,Manhattan,Harlem,40.81163,-73.94149,Entire home/apt,190,30,0,1,0,0
12950991,71152071,Manhattan,Upper East Side,40.77481,-73.95089,Entire home/apt,457,1,79,1,339,38
12951215,30283594,Manhattan,Hell's Kitchen,40.76153,-73.99878,Entire home/apt,469,30,4,95,350,0
12953234,3664485,Manhattan,Hell's Kitchen,40.7662,-73.99229,Shared room,30,30,0,2,0,0
12953867,69232570,Brooklyn,Bushwick,40.70308,-73.92064,Private room,60,2,172,1,2,28
12954148,24517762,Manhattan,Upper West Side,40.80046,-73.96139,Private room,34,30,5,1,0,0
12955454,33622924,Manhattan,Harlem,40.83134,-73.94701,Private room,109,1,124,4,357,4
13026893,4037192,Brooklyn,Bedford-Stuyvesant,40.68957,-73.92852,Entire home/apt,130,30,44,1,0,1
13028533,57574248,Manhattan,Midtown,40.75356,-73.97358,Hotel room,248,2,9,3,0,0
13030999,59552219,Manhattan,Financial District,40.70519,-74.01205,Entire home/apt,160,30,2,1,0,0
12955940,71211231,Bronx,Fordham,40.85575,-73.90006,Private room,34,30,2,1,0,0
12956122,11363395,Manhattan,Upper West Side,40.78001,-73.98168,Entire home/apt,125,30,0,1,0,0
12962798,321386,Manhattan,East Village,40.7295,-73.9839,Entire home/apt,165,30,32,1,0,0
13188552,18142892,Queens,Ridgewood,40.70882,-73.89358,Entire home/apt,95,30,1,1,0,0
13192217,94946,Brooklyn,Bushwick,40.69712,-73.92123,Entire home/apt,65,1,29,1,0,0
13113422,72918560,Manhattan,Upper West Side,40.78041,-73.98224,Entire home/apt,294,30,0,1,0,0
13113626,46648109,Manhattan,Midtown,40.75851,-73.97904,Entire home/apt,559,30,2,1,0,0
13031383,5163395,Brooklyn,Williamsburg,40.70978,-73.94648,Private room,75,30,0,1,0,0
13031826,18933388,Brooklyn,Crown Heights,40.67539,-73.95576,Entire home/apt,225,30,5,1,0,0
13192379,40439772,Manhattan,Washington Heights,40.85127,-73.93056,Private room,50,30,15,1,0,0
13031854,72019599,Brooklyn,Crown Heights,40.67237,-73.95428,Entire home/apt,135,30,87,1,147,3
13192944,73857837,Brooklyn,Dyker Heights,40.62802,-74.01328,Private room,36,30,32,3,0,0
13193534,73864266,Manhattan,Inwood,40.85919,-73.92933,Private room,40,30,96,1,0,0
13032261,57571805,Manhattan,Midtown,40.75205,-73.97355,Private room,193,30,3,1,0,0
13033170,2637408,Brooklyn,Williamsburg,40.71213,-73.94976,Entire home/apt,226,3,239,2,127,43
13037692,66326553,Manhattan,Hell's Kitchen,40.76092,-73.99159,Entire home/apt,135,30,124,7,0,4
13040221,5302382,Manhattan,Chelsea,40.74379,-73.99678,Entire home/apt,850,30,13,1,0,0
13113906,72923241,Brooklyn,Park Slope,40.66971,-73.98666,Private room,99,3,154,1,124,39
13114203,51501835,Manhattan,Little Italy,40.71899,-73.99773,Entire home/apt,185,30,3,109,271,0
13114437,42605385,Brooklyn,Flatbush,40.6355,-73.9631,Private room,53,30,2,2,0,0
13114443,72931015,Manhattan,East Village,40.72515,-73.98481,Entire home/apt,206,30,1,1,0,0
13116397,35959584,Manhattan,East Village,40.72658,-73.9777,Private room,50,30,8,1,0,0
13040683,28868609,Queens,Ditmars Steinway,40.77427,-73.90293,Shared room,100,30,1,1,0,0
13199140,73924316,Manhattan,Upper East Side,40.77588,-73.95132,Entire home/apt,165,30,1,1,0,0
13042051,43339525,Brooklyn,Williamsburg,40.71634,-73.94427,Entire home/apt,178,2,23,1,0,0
13203601,69286284,Manhattan,East Harlem,40.79372,-73.94348,Entire home/apt,216,3,112,1,10,19
13042637,9427289,Queens,Sunnyside,40.74717,-73.91679,Entire home/apt,180,3,263,1,102,52
13205376,16300425,Manhattan,Washington Heights,40.84874,-73.93046,Private room,91,30,0,1,0,0
13117094,72967204,Manhattan,East Harlem,40.79614,-73.94867,Entire home/apt,175,28,102,1,291,17
13043208,14060030,Manhattan,Financial District,40.7048,-74.00786,Entire home/apt,180,30,2,1,0,0
13044519,2349563,Brooklyn,Greenpoint,40.73331,-73.9578,Private room,80,30,2,1,0,0
13044668,72168153,Manhattan,Midtown,40.74292,-73.98521,Private room,60,30,4,1,0,0
13125552,20109188,Brooklyn,Williamsburg,40.70413,-73.93033,Entire home/apt,225,2,211,1,115,58
13208233,6357668,Queens,Astoria,40.76243,-73.91562,Entire home/apt,75,30,0,1,0,0
13044689,3166393,Manhattan,Chelsea,40.74434,-74.00488,Entire home/apt,362,14,16,1,111,10
13126483,73067678,Manhattan,Theater District,40.76235,-73.98337,Entire home/apt,185,30,0,1,0,0
13126582,73069526,Manhattan,Hell's Kitchen,40.76536,-73.98825,Entire home/apt,250,30,52,1,0,0
13044815,72112652,Manhattan,Battery Park City,40.70918,-74.01549,Private room,90,30,0,1,0,0
13127582,42048980,Queens,Ditmars Steinway,40.77311,-73.91431,Private room,100,1,1,1,0,0
13130313,51501835,Manhattan,Hell's Kitchen,40.76411,-73.99371,Entire home/apt,125,30,14,109,197,1
13208373,74031395,Manhattan,Kips Bay,40.73821,-73.97975,Entire home/apt,350,30,0,1,0,0
13209482,34386241,Manhattan,East Village,40.72779,-73.98482,Entire home/apt,250,30,18,2,0,0
13209514,6189263,Manhattan,Financial District,40.70446,-74.00521,Entire home/apt,150,30,6,1,0,0
13209522,74047176,Brooklyn,Bensonhurst,40.61992,-74.00112,Entire home/apt,130,30,58,1,155,2
13044996,60278094,Brooklyn,Flatbush,40.64216,-73.95781,Entire home/apt,103,30,21,1,0,0
13046279,364558,Manhattan,Washington Heights,40.83735,-73.94478,Entire home/apt,200,30,25,1,361,2
13213869,38284609,Manhattan,Washington Heights,40.84387,-73.94179,Private room,85,30,11,1,0,0
13130332,16708043,Brooklyn,Williamsburg,40.71104,-73.95795,Private room,75,30,42,1,0,0
13052968,26959668,Brooklyn,Fort Greene,40.6864,-73.97362,Entire home/apt,135,4,27,1,0,6
13055856,72287701,Brooklyn,Crown Heights,40.67692,-73.9546,Entire home/apt,180,30,131,1,65,4
13130744,73126926,Bronx,Olinville,40.88472,-73.86267,Private room,90,3,260,1,0,0
13215481,74112289,Brooklyn,Williamsburg,40.71558,-73.93974,Private room,44,10,15,2,0,0
13217170,64172780,Brooklyn,Bedford-Stuyvesant,40.68576,-73.95235,Private room,35,30,21,1,56,1
13057103,27634654,Brooklyn,Bay Ridge,40.63186,-74.02797,Private room,30,90,1,2,0,0
13058232,72313021,Manhattan,Chelsea,40.74349,-74.0007,Entire home/apt,419,2,83,1,65,12
13217609,1514100,Manhattan,Harlem,40.80957,-73.94649,Private room,148,3,29,1,45,6
13217755,47896181,Manhattan,Upper West Side,40.79948,-73.96572,Private room,90,30,3,1,0,0
13135822,54454582,Manhattan,Hell's Kitchen,40.76296,-73.99123,Private room,392,7,177,2,4,3
13136376,16110448,Manhattan,East Harlem,40.795,-73.9332,Private room,175,5,64,2,15,1
13058423,26535250,Brooklyn,Windsor Terrace,40.65937,-73.97806,Entire home/apt,164,30,121,7,277,0
13059872,3149121,Manhattan,NoHo,40.72602,-73.99537,Private room,90,30,2,1,0,0
13060365,5252741,Manhattan,Civic Center,40.71465,-74.00552,Private room,52,30,1,1,0,0
13136912,6909591,Brooklyn,Brighton Beach,40.57467,-73.96768,Entire home/apt,67,30,1,1,0,0
13139462,71853402,Brooklyn,East Flatbush,40.64194,-73.95093,Private room,86,5,33,2,0,2
13140220,35384978,Manhattan,Upper East Side,40.7766,-73.94797,Entire home/apt,160,3,168,2,267,41
13141460,46309248,Queens,Astoria,40.76829,-73.92701,Private room,50,30,1,1,0,0
13145377,22363037,Manhattan,West Village,40.73682,-74.00394,Entire home/apt,120,30,1,1,0,0
13148370,18893401,Brooklyn,Fort Greene,40.68414,-73.96944,Entire home/apt,149,30,11,1,0,0
13150529,5561136,Brooklyn,Bushwick,40.68455,-73.91125,Private room,50,30,0,1,0,0
13153265,41084247,Brooklyn,Park Slope,40.66988,-73.98346,Entire home/apt,203,4,122,1,236,42
13218139,71981635,Manhattan,Midtown,40.7659,-73.98,Entire home/apt,357,4,111,1,317,16
13220720,74112289,Brooklyn,Williamsburg,40.71748,-73.94119,Private room,52,14,14,2,0,0
13060456,2542683,Brooklyn,Clinton Hill,40.69453,-73.96259,Private room,100,30,1,2,0,0
13061064,16345024,Manhattan,Upper East Side,40.77521,-73.95483,Private room,100,30,1,1,0,0
13221331,67439911,Brooklyn,Brooklyn Heights,40.69869,-73.99788,Entire home/apt,99,30,5,1,0,0
13154343,13739649,Manhattan,Hell's Kitchen,40.76349,-73.99187,Entire home/apt,250,30,45,1,105,2
13062975,59905183,Manhattan,Chelsea,40.74622,-74.00344,Entire home/apt,175,270,2,1,358,0
13155478,68234238,Manhattan,Upper East Side,40.77612,-73.94745,Private room,100,30,2,1,0,0
13156126,5162192,Manhattan,Upper West Side,40.79832,-73.96094,Entire home/apt,210,30,14,20,191,3
13156982,62285182,Brooklyn,Greenpoint,40.73517,-73.9498,Entire home/apt,90,30,17,1,0,0
13157147,2708284,Brooklyn,Bedford-Stuyvesant,40.69163,-73.94653,Private room,60,10,48,1,159,0
13222669,5955262,Queens,Sunnyside,40.73445,-73.92222,Entire home/apt,95,30,57,1,188,3
13230807,20907184,Brooklyn,Bay Ridge,40.6342,-74.02397,Entire home/apt,89,30,12,1,250,3
13064336,1412548,Brooklyn,Williamsburg,40.70804,-73.9438,Private room,60,30,6,1,0,0
13064386,23909946,Brooklyn,Bedford-Stuyvesant,40.68618,-73.91915,Private room,80,2,50,3,0,0
13064913,3872251,Brooklyn,Fort Greene,40.68631,-73.9763,Entire home/apt,100,30,13,1,0,0
13231566,69545272,Manhattan,Tribeca,40.71226,-74.00914,Private room,59,14,46,2,129,1
13231678,54778990,Manhattan,East Village,40.72492,-73.98418,Private room,40,30,0,1,0,0
13163474,16205472,Manhattan,Upper West Side,40.79269,-73.97609,Entire home/apt,135,30,3,1,0,0
13164373,473497,Manhattan,Washington Heights,40.85678,-73.93673,Entire home/apt,175,30,0,1,0,0
13065356,42399786,Manhattan,Greenwich Village,40.73355,-73.99869,Entire home/apt,110,30,100,1,0,0
13165250,43272945,Manhattan,Inwood,40.86818,-73.91655,Entire home/apt,83,30,2,1,0,0
13234352,72218656,Manhattan,Upper East Side,40.76413,-73.96167,Entire home/apt,210,30,77,1,0,0
13065655,72398084,Queens,Astoria,40.76981,-73.93111,Entire home/apt,110,30,0,1,0,0
13075158,1516947,Manhattan,Chinatown,40.71328,-73.996,Private room,99,30,32,1,0,4
13076852,72513175,Brooklyn,Bedford-Stuyvesant,40.69015,-73.95767,Private room,146,30,8,1,0,0
13234457,2868,Brooklyn,Bedford-Stuyvesant,40.68275,-73.95814,Entire home/apt,60,30,2,1,278,0
13165301,68848703,Queens,Forest Hills,40.72,-73.85109,Entire home/apt,625,5,15,2,153,6
13165500,4104874,Brooklyn,Williamsburg,40.71006,-73.94782,Entire home/apt,200,30,1,1,0,0
13166383,22541573,Manhattan,West Village,40.72987,-74.00993,Entire home/apt,424,30,2,131,354,1
13167611,15430149,Queens,Ditmars Steinway,40.77331,-73.91799,Entire home/apt,125,30,1,1,0,0
13080002,2340370,Brooklyn,Bedford-Stuyvesant,40.69089,-73.95855,Private room,40,30,1,1,0,0
13080685,5707158,Manhattan,Kips Bay,40.74356,-73.97609,Shared room,52,2,23,2,0,0
13312968,52699613,Brooklyn,Greenpoint,40.73488,-73.95782,Private room,79,30,0,1,0,0
13314206,2383846,Manhattan,Washington Heights,40.8373,-73.94506,Entire home/apt,110,30,5,1,0,0
13314442,35494785,Brooklyn,Bushwick,40.70071,-73.93991,Private room,38,30,1,1,0,0
13235951,74330820,Manhattan,Harlem,40.8147,-73.93656,Private room,52,1,37,1,0,0
13236366,3491890,Manhattan,Upper West Side,40.78352,-73.97595,Entire home/apt,179,30,6,5,95,1
13237190,31460662,Manhattan,Upper East Side,40.76999,-73.95477,Shared room,90,30,12,1,0,0
13238211,2584324,Manhattan,West Village,40.7341,-74.00073,Entire home/apt,170,30,13,1,0,0
13315551,8387315,Brooklyn,Midwood,40.61785,-73.95431,Entire home/apt,110,1,97,1,5,0
13168302,64098159,Brooklyn,Boerum Hill,40.68494,-73.98446,Entire home/apt,325,30,1,1,0,0
13316028,6459374,Brooklyn,Greenpoint,40.72635,-73.95431,Private room,120,30,9,1,0,0
13316577,7333982,Manhattan,Upper East Side,40.77629,-73.94556,Entire home/apt,140,30,1,1,0,0
13169559,73583445,Manhattan,Hell's Kitchen,40.76643,-73.99446,Entire home/apt,91,4,257,1,3,39
13170106,21425186,Manhattan,East Village,40.72356,-73.98793,Entire home/apt,200,30,0,1,0,0
13170159,62535444,Brooklyn,Brighton Beach,40.58019,-73.9542,Entire home/apt,97,30,56,2,365,1
13171703,22541573,Manhattan,Murray Hill,40.74893,-73.98179,Entire home/apt,195,30,2,131,283,0
13171746,31154454,Manhattan,Midtown,40.74292,-73.98251,Private room,50,1,239,2,0,8
13173176,9864136,Manhattan,Harlem,40.81993,-73.94484,Private room,75,30,1,28,0,0
13317650,75294999,Brooklyn,East New York,40.67341,-73.88881,Entire home/apt,325,3,19,2,115,19
13238778,7550464,Brooklyn,Bushwick,40.70253,-73.9286,Private room,45,30,1,1,0,0
13239181,15478812,Queens,Ridgewood,40.70491,-73.91194,Private room,60,30,0,1,0,0
13318239,75302217,Manhattan,East Harlem,40.79025,-73.94983,Entire home/apt,159,30,12,2,0,0
13324758,34547856,Brooklyn,Crown Heights,40.67242,-73.95713,Private room,65,30,0,1,0,0
13325664,38403770,Manhattan,East Village,40.72812,-73.9792,Entire home/apt,199,2,6,1,0,0
13325767,10864311,Brooklyn,Clinton Hill,40.69257,-73.96887,Private room,75,30,10,1,0,0
13239693,27652670,Brooklyn,Greenpoint,40.73428,-73.95632,Entire home/apt,160,30,12,1,0,0
13173415,73630116,Manhattan,Theater District,40.76183,-73.98548,Private room,150,14,18,1,35,1
13328254,20932025,Manhattan,Lower East Side,40.71284,-73.98783,Private room,150,30,6,1,0,0
13174320,30812813,Manhattan,Upper East Side,40.77096,-73.95786,Entire home/apt,60,30,4,1,0,0
13240737,74397192,Manhattan,Hell's Kitchen,40.7648,-73.99522,Private room,85,30,162,1,0,0
13243615,17770598,Brooklyn,Manhattan Beach,40.57974,-73.94003,Entire home/apt,79,30,0,1,0,0
13329706,55829442,Queens,Kew Gardens Hills,40.73061,-73.82197,Entire home/apt,40,30,4,1,0,0
13331100,60255491,Queens,Rockaway Beach,40.5894,-73.81483,Entire home/apt,190,2,36,1,30,17
13244254,10110888,Manhattan,Harlem,40.80685,-73.95168,Entire home/apt,193,6,68,1,99,14
13174455,73643860,Brooklyn,Bedford-Stuyvesant,40.68779,-73.9234,Private room,65,13,10,1,0,0
13332816,7653249,Manhattan,East Village,40.73114,-73.98629,Private room,144,20,50,1,124,0
13245721,10039614,Manhattan,West Village,40.73444,-74.0044,Entire home/apt,249,30,0,1,0,0
13332859,70713032,Brooklyn,Brooklyn Heights,40.69589,-73.99343,Entire home/apt,375,30,4,1,0,0
13333542,75478154,Brooklyn,Bedford-Stuyvesant,40.68211,-73.94028,Entire home/apt,275,5,164,1,240,24
13246042,278393,Brooklyn,Bushwick,40.69818,-73.92431,Private room,65,30,187,3,342,4
13175725,65304194,Brooklyn,East Flatbush,40.65845,-73.92386,Entire home/apt,120,1,178,1,0,20
13182297,18742,Brooklyn,Bushwick,40.70427,-73.925,Entire home/apt,117,30,0,1,0,0
13182531,73732590,Manhattan,Washington Heights,40.85143,-73.94052,Entire home/apt,250,20,15,1,0,0
13333699,3115626,Brooklyn,Fort Greene,40.6903,-73.97589,Entire home/apt,215,2,228,1,284,34
13246278,6787564,Manhattan,Lower East Side,40.71299,-73.9899,Entire home/apt,150,10,8,1,0,0
13246804,4832845,Manhattan,Midtown,40.75975,-73.96456,Private room,80,60,329,1,0,0
13248583,3097033,Manhattan,Harlem,40.80119,-73.95126,Private room,100,30,54,2,0,0
13341955,75577166,Queens,Jackson Heights,40.75337,-73.87771,Entire home/apt,121,4,114,2,239,10
13248968,15985137,Brooklyn,Bushwick,40.69581,-73.93115,Entire home/apt,89,30,55,1,0,0
13183047,40306612,Brooklyn,Carroll Gardens,40.68284,-73.99539,Entire home/apt,182,30,12,1,0,0
13183826,31628863,Brooklyn,Bensonhurst,40.60357,-73.9942,Private room,59,2,17,1,135,10
13343144,54807420,Queens,Astoria,40.75594,-73.92538,Private room,75,60,3,1,0,0
13184122,73717067,Manhattan,Harlem,40.82486,-73.94304,Entire home/apt,74,30,3,2,218,1
13250303,38322121,Brooklyn,Bedford-Stuyvesant,40.6928,-73.95851,Private room,50,30,2,1,0,0
13346741,3256433,Manhattan,Upper West Side,40.79593,-73.96918,Entire home/apt,230,30,5,1,67,1
13252064,41044972,Manhattan,Chelsea,40.74689,-74.00175,Shared room,80,2,21,1,192,7
13254260,50485365,Brooklyn,Crown Heights,40.66791,-73.95352,Private room,42,30,2,1,0,0
13184939,11296515,Manhattan,East Village,40.72917,-73.98867,Entire home/apt,88,30,0,1,0,0
13348000,69546772,Bronx,Throgs Neck,40.83013,-73.81743,Entire home/apt,99,2,238,1,233,11
13186447,73764539,Manhattan,Washington Heights,40.85059,-73.93764,Entire home/apt,99,30,3,1,0,0
13254504,21350216,Manhattan,Chelsea,40.75008,-73.99743,Entire home/apt,180,30,1,1,0,0
13355002,75730551,Brooklyn,Canarsie,40.637,-73.90969,Entire home/apt,181,2,397,1,309,62
13355711,39644709,Manhattan,Washington Heights,40.85106,-73.93122,Private room,25,30,1,1,0,0
13356452,69373508,Manhattan,Hell's Kitchen,40.76126,-73.9883,Entire home/apt,205,30,4,1,0,0
13256651,56142507,Brooklyn,Flatbush,40.64649,-73.96475,Shared room,45,30,23,1,0,0
13356748,31429931,Brooklyn,Williamsburg,40.71294,-73.9415,Private room,70,30,1,1,0,0
13258556,5189524,Manhattan,Kips Bay,40.74218,-73.98075,Entire home/apt,145,30,22,1,0,0
13259442,6458590,Manhattan,Upper West Side,40.80233,-73.9656,Private room,68,2,149,1,0,0
13186741,11345677,Manhattan,West Village,40.73835,-74.00031,Private room,40,56,32,1,95,4
13187006,62668424,Queens,Sunnyside,40.7435,-73.915,Entire home/apt,126,30,24,3,365,1
13358067,7097844,Brooklyn,Greenpoint,40.72529,-73.94492,Entire home/apt,100,2,3,1,0,0
13358265,60380241,Manhattan,Upper West Side,40.77738,-73.97897,Entire home/apt,200,2,250,1,6,63
13436258,5944946,Bronx,Concourse,40.81896,-73.92782,Entire home/apt,110,1,140,1,280,18
13440481,17385374,Manhattan,Upper East Side,40.7655,-73.9708,Private room,301,30,0,1,0,0
13443640,30283594,Manhattan,Midtown,40.75156,-73.96792,Entire home/apt,2000,90,0,95,6,0
13445057,51501835,Manhattan,Hell's Kitchen,40.7636,-73.99453,Entire home/apt,140,30,3,109,306,1
13260699,74643411,Manhattan,Upper West Side,40.7791,-73.97783,Entire home/apt,101,30,22,1,318,3
13261498,74653179,Brooklyn,South Slope,40.66306,-73.98641,Entire home/apt,150,4,9,1,0,1
13359416,28557516,Manhattan,Upper West Side,40.80314,-73.96584,Private room,55,30,0,1,0,0
13359798,4413028,Queens,Astoria,40.76874,-73.91602,Entire home/apt,200,30,18,1,0,0
13360068,26928086,Manhattan,Upper East Side,40.77908,-73.94917,Entire home/apt,140,30,6,1,0,0
13264690,38815234,Manhattan,Harlem,40.82735,-73.94188,Private room,55,30,74,3,241,1
13446580,50477855,Brooklyn,South Slope,40.66416,-73.98565,Entire home/apt,225,30,2,1,0,0
13448568,22541573,Manhattan,Gramercy,40.73739,-73.98318,Entire home/apt,338,30,1,131,327,0
13360675,8500680,Brooklyn,Fort Greene,40.69673,-73.97248,Private room,70,30,37,1,65,0
13361613,8961407,Manhattan,Harlem,40.8057,-73.94625,Entire home/apt,356,30,92,3,337,4
13449844,76809352,Manhattan,Upper West Side,40.78103,-73.97627,Entire home/apt,240,30,4,1,0,0
13451379,24459217,Queens,Long Island City,40.74429,-73.95411,Private room,75,30,12,1,55,0
13451786,64748382,Brooklyn,Bedford-Stuyvesant,40.69124,-73.95368,Private room,90,3,62,1,0,0
13451811,23091281,Bronx,Concourse,40.83106,-73.92168,Entire home/apt,76,30,103,3,336,1
13452384,2489602,Manhattan,East Village,40.72983,-73.98084,Private room,149,30,0,1,0,0
13265459,40863393,Manhattan,Washington Heights,40.85143,-73.9361,Entire home/apt,95,30,7,1,0,0
13266202,14291958,Brooklyn,Williamsburg,40.70676,-73.93974,Private room,60,30,2,1,0,0
13272022,24765466,Brooklyn,East Flatbush,40.65454,-73.94879,Private room,35,30,0,1,0,0
13272041,4920111,Manhattan,Midtown,40.75093,-73.97211,Private room,100,30,4,1,0,0
13274366,16016579,Queens,Corona,40.73924,-73.86465,Shared room,36,4,1,1,0,0
13274918,50760546,Manhattan,Midtown,40.74369,-73.982,Entire home/apt,150,30,2,31,65,0
13275896,71176668,Manhattan,Harlem,40.81669,-73.93855,Private room,113,30,4,4,0,0
13276227,71176668,Manhattan,Harlem,40.8142,-73.93686,Private room,113,30,9,4,0,0
13362486,75828613,Brooklyn,Park Slope,40.6711,-73.97702,Private room,34,3,2,1,0,0
13276288,2723661,Brooklyn,Bushwick,40.69485,-73.92991,Private room,45,30,0,1,0,0
13370053,75915628,Brooklyn,Greenpoint,40.73559,-73.95981,Entire home/apt,240,30,3,1,0,0
13276320,74823629,Queens,Ditmars Steinway,40.77489,-73.91522,Private room,125,30,6,1,0,0
13276525,71176668,Manhattan,Harlem,40.81656,-73.93965,Private room,113,30,20,4,0,0
13278654,8089285,Manhattan,Upper West Side,40.77663,-73.9819,Entire home/apt,149,30,1,1,0,0
13452474,16809858,Manhattan,Hell's Kitchen,40.76693,-73.98629,Entire home/apt,175,7,13,1,12,0
13373898,8961407,Manhattan,Harlem,40.8052,-73.94683,Entire home/apt,395,30,77,3,365,2
13375898,75981937,Queens,Astoria,40.76005,-73.92299,Private room,120,15,67,3,66,0
13452799,76849055,Brooklyn,Williamsburg,40.70716,-73.95499,Private room,50,30,3,1,0,0
13453329,76855132,Manhattan,Hell's Kitchen,40.76113,-73.99438,Entire home/apt,185,2,5,1,0,5
13280112,56589011,Brooklyn,Williamsburg,40.71254,-73.95877,Entire home/apt,100,30,7,1,0,0
13280459,74873757,Brooklyn,Gowanus,40.67829,-73.9908,Private room,150,30,6,1,0,0
13376886,71496163,Manhattan,East Harlem,40.79813,-73.94239,Entire home/apt,60,30,1,1,0,0
13282284,42682752,Brooklyn,Cobble Hill,40.68933,-73.99353,Private room,30,2,18,3,0,0
13459473,956383,Manhattan,Midtown,40.75726,-73.96546,Private room,105,30,0,1,0,0
13378177,3686511,Brooklyn,Prospect-Lefferts Gardens,40.66166,-73.94956,Entire home/apt,114,3,35,1,93,7
13291508,67661003,Brooklyn,Windsor Terrace,40.6554,-73.98044,Private room,74,3,37,1,51,1
13294291,19529332,Brooklyn,Williamsburg,40.71672,-73.95305,Private room,68,30,9,1,0,0
13378609,45937956,Queens,Jackson Heights,40.75077,-73.89251,Entire home/apt,139,3,68,3,57,20
13379125,24640579,Brooklyn,Williamsburg,40.71549,-73.94668,Entire home/apt,165,30,1,1,312,1
13461289,22462003,Manhattan,Midtown,40.74733,-73.98659,Entire home/apt,228,5,2,1,0,0
13380274,23356064,Brooklyn,Prospect Heights,40.673141,-73.967773,Entire home/apt,255,30,0,1,115,0
13463768,23121273,Brooklyn,East Flatbush,40.64312,-73.94851,Entire home/apt,35,9,10,1,0,0
13465546,9904775,Manhattan,East Village,40.72638,-73.99011,Entire home/apt,203,3,30,1,0,0
13466168,12176919,Manhattan,Battery Park City,40.70725,-74.01582,Entire home/apt,165,30,4,1,0,0
13294325,75034279,Brooklyn,Bedford-Stuyvesant,40.69526,-73.95028,Private room,85,2,74,2,125,11
13384425,32169073,Brooklyn,Prospect-Lefferts Gardens,40.65528,-73.95993,Entire home/apt,299,4,37,1,0,2
13294471,75032421,Staten Island,Clifton,40.61639,-74.07661,Private room,149,3,144,1,311,2
13466842,77011788,Queens,Long Island City,40.75776,-73.93115,Entire home/apt,299,3,227,2,236,52
13467270,76840954,Queens,Sunnyside,40.73827,-73.92935,Entire home/apt,125,2,18,1,0,0
13467433,31373840,Manhattan,Financial District,40.70683,-74.0055,Private room,99,30,3,1,0,0
13468421,31376201,Queens,Kew Gardens,40.70719,-73.83268,Private room,150,30,0,3,0,0
13473267,26517955,Brooklyn,Bushwick,40.70252,-73.92662,Private room,40,30,1,1,0,0
13386091,75793151,Brooklyn,Bensonhurst,40.61428,-74.00618,Entire home/apt,129,30,25,1,21,0
13474455,57186170,Brooklyn,Bedford-Stuyvesant,40.68435,-73.94544,Entire home/apt,144,2,171,2,343,31
13477342,25461543,Manhattan,Harlem,40.83071,-73.94244,Private room,85,30,21,2,0,0
13388210,61391963,Manhattan,Hell's Kitchen,40.76362,-73.98814,Entire home/apt,142,30,16,116,311,3
13388649,1544804,Queens,Astoria,40.76435,-73.90887,Entire home/apt,139,2,251,1,89,23
13389082,9679974,Manhattan,East Village,40.72916,-73.9821,Entire home/apt,150,2,55,1,0,0
13478244,14942276,Brooklyn,Greenpoint,40.71976,-73.95471,Entire home/apt,195,30,231,2,250,4
13480134,51329030,Bronx,Longwood,40.82745,-73.89756,Private room,29,30,11,1,0,0
13481935,60059749,Brooklyn,Crown Heights,40.67388,-73.95493,Private room,40,30,3,2,0,0
13295693,10633027,Brooklyn,Sheepshead Bay,40.5954,-73.95973,Private room,58,3,129,3,27,26
13389756,6574489,Brooklyn,Williamsburg,40.71564,-73.95331,Private room,95,30,9,1,0,0
13489132,48201284,Brooklyn,Williamsburg,40.71248,-73.96869,Entire home/apt,175,30,1,1,0,0
13392858,16437254,Brooklyn,Boerum Hill,40.68826,-73.98558,Entire home/apt,184,30,13,14,316,3
13392941,23335662,Manhattan,Financial District,40.70479,-74.01006,Private room,85,30,3,1,0,0
13395084,74789787,Brooklyn,Clinton Hill,40.69588,-73.96893,Private room,90,30,2,1,0,0
13490372,39177865,Brooklyn,Windsor Terrace,40.66,-73.98688,Entire home/apt,85,70,3,1,0,0
13490410,25410835,Manhattan,Upper West Side,40.7747,-73.98879,Entire home/apt,149,30,8,1,0,0
13298602,75084422,Manhattan,Midtown,40.75114,-73.96933,Private room,100,2,27,1,30,26
13395955,34468399,Brooklyn,Prospect Heights,40.67677,-73.96561,Entire home/apt,143,31,3,1,0,0
13298968,23419527,Brooklyn,Bedford-Stuyvesant,40.68156,-73.94845,Entire home/apt,1057,3,4,1,26,4
13299818,17265086,Manhattan,Gramercy,40.73726,-73.98201,Entire home/apt,175,30,22,1,0,0
13492036,77325010,Queens,Ditmars Steinway,40.773,-73.90964,Entire home/apt,75,30,1,1,0,0
13492449,31489150,Manhattan,West Village,40.73098,-74.00369,Entire home/apt,180,30,2,1,0,0
13396969,96755,Manhattan,Chinatown,40.71472,-73.9911,Entire home/apt,105,14,40,1,0,0
13397316,54454582,Manhattan,Hell's Kitchen,40.76474,-73.9927,Entire home/apt,375,5,87,2,120,48
13397762,20167238,Queens,Sunnyside,40.74445,-73.9252,Entire home/apt,110,2,9,1,0,0
13398340,5917464,Brooklyn,Bedford-Stuyvesant,40.68716,-73.94283,Entire home/apt,162,2,231,1,105,42
13493430,3341869,Brooklyn,Kensington,40.64224,-73.97549,Entire home/apt,85,30,1,1,0,0
13300059,36478779,Brooklyn,Prospect-Lefferts Gardens,40.66127,-73.95371,Entire home/apt,106,3,169,1,63,31
13398837,22166692,Manhattan,Lower East Side,40.72172,-73.99203,Private room,63,30,26,1,0,0
13300639,75115101,Brooklyn,Prospect Heights,40.67853,-73.96816,Private room,150,2,140,1,41,76
13400181,75461641,Brooklyn,Bushwick,40.69811,-73.93059,Entire home/apt,90,30,0,1,0,0
13303942,48036408,Brooklyn,Bushwick,40.68645,-73.9058,Private room,39,30,0,1,0,0
13305621,1331063,Brooklyn,Bedford-Stuyvesant,40.68257,-73.95481,Entire home/apt,91,30,1,1,0,0
13404021,76303329,Brooklyn,Bushwick,40.69414,-73.91431,Private room,40,30,1,1,0,0
13407328,23244570,Brooklyn,Prospect Heights,40.67419,-73.96391,Entire home/apt,75,30,5,1,0,0
13408222,27277459,Brooklyn,East Flatbush,40.65513,-73.92039,Entire home/apt,139,30,106,2,249,0
13410478,43311385,Manhattan,Chelsea,40.74932,-74.00408,Entire home/apt,289,30,1,1,0,0
13307480,74180901,Manhattan,Washington Heights,40.83672,-73.94101,Entire home/apt,150,1,140,1,81,30
13308276,75085688,Manhattan,Upper West Side,40.80072,-73.96142,Entire home/apt,150,30,11,1,0,0
13494095,379827,Manhattan,Financial District,40.70732,-74.00742,Entire home/apt,112,30,27,1,116,4
13494532,77355562,Manhattan,Upper East Side,40.77125,-73.95355,Private room,90,3,98,1,304,20
13494895,50945119,Manhattan,East Harlem,40.79759,-73.93689,Private room,60,30,1,1,0,0
13411367,46545526,Brooklyn,Williamsburg,40.71337,-73.94262,Entire home/apt,180,2,72,1,0,0
13411560,26676357,Manhattan,Upper West Side,40.77866,-73.98235,Entire home/apt,150,30,2,1,0,0
13494898,77365697,Manhattan,Chelsea,40.74071,-74.00243,Entire home/apt,120,30,6,1,0,0
13309259,33386679,Brooklyn,Crown Heights,40.67657,-73.95277,Private room,80,30,1,1,0,0
13311896,35313655,Brooklyn,Crown Heights,40.6738,-73.94135,Private room,80,3,1,1,0,0
13556488,22591516,Queens,Arverne,40.58813,-73.79653,Private room,115,30,2,1,0,0
13413386,62409721,Brooklyn,Bedford-Stuyvesant,40.68998,-73.95204,Private room,75,30,0,1,0,0
13556607,77134747,Brooklyn,Cypress Hills,40.67992,-73.89209,Private room,118,30,3,1,83,0
13559208,81335,Manhattan,Upper West Side,40.78214,-73.97626,Entire home/apt,160,30,225,6,241,2
13562013,26546007,Manhattan,Upper West Side,40.77254,-73.99051,Entire home/apt,300,30,0,1,0,0
13414523,76415404,Manhattan,Upper West Side,40.80083,-73.96513,Private room,64,30,1,1,0,0
13563766,27567524,Brooklyn,Prospect Heights,40.67872,-73.96787,Private room,50,30,0,1,0,0
13495012,9007512,Manhattan,Financial District,40.70568,-74.01075,Entire home/apt,150,30,10,1,81,2
13415100,50760546,Manhattan,Midtown,40.74447,-73.98134,Entire home/apt,216,30,1,31,78,0
13415952,31651673,Brooklyn,Williamsburg,40.70693,-73.94922,Private room,70,30,24,1,0,0
13563835,1571120,Brooklyn,Williamsburg,40.71088,-73.96272,Private room,210,2,173,2,25,3
13416582,76443791,Manhattan,Upper West Side,40.77665,-73.98346,Entire home/apt,143,30,12,1,0,0
13416840,65590212,Brooklyn,Vinegar Hill,40.69923,-73.98295,Entire home/apt,150,30,16,1,0,0
13563973,41913683,Brooklyn,Flatbush,40.64963,-73.96002,Entire home/apt,115,30,4,1,0,0
13417071,76451668,Brooklyn,Bedford-Stuyvesant,40.68662,-73.92906,Entire home/apt,130,30,27,1,157,5
13495558,7539044,Manhattan,SoHo,40.72805,-74.00266,Entire home/apt,366,7,62,1,131,24
13496448,21604714,Manhattan,Lower East Side,40.71922,-73.98326,Private room,75,2,3,1,0,0
13497362,75310656,Brooklyn,Fort Greene,40.69067,-73.98076,Entire home/apt,125,7,4,1,0,0
13417080,44350279,Manhattan,Gramercy,40.7355,-73.98721,Private room,135,2,133,4,294,31
13422992,11274802,Manhattan,Lower East Side,40.72299,-73.98917,Private room,175,30,39,1,0,0
13424027,4991034,Brooklyn,Prospect Heights,40.67735,-73.96434,Entire home/apt,175,30,5,1,0,0
13424996,4392549,Brooklyn,Bushwick,40.69547,-73.9212,Entire home/apt,99,30,4,1,0,0
13426615,260537,Manhattan,Harlem,40.80946,-73.94437,Private room,95,5,66,3,42,14
13427719,47513931,Manhattan,Kips Bay,40.73919,-73.98302,Entire home/apt,190,4,19,1,0,13
13430012,30283594,Manhattan,Hell's Kitchen,40.76153,-73.99878,Entire home/apt,469,30,1,95,334,0
13430483,30283594,Manhattan,Hell's Kitchen,40.76153,-73.99878,Entire home/apt,469,30,1,95,350,0
13431257,30283594,Manhattan,Hell's Kitchen,40.76153,-73.99878,Entire home/apt,469,30,0,95,334,0
13431793,30283594,Manhattan,Hell's Kitchen,40.76153,-73.99878,Entire home/apt,469,30,1,95,358,0
13432549,10870019,Manhattan,Two Bridges,40.71177,-73.99509,Private room,100,30,0,1,0,0
13436143,22459945,Manhattan,Washington Heights,40.8512,-73.93835,Entire home/apt,126,2,73,1,233,0
13506967,4337162,Brooklyn,Carroll Gardens,40.68506,-74.00063,Private room,142,3,10,1,0,0
13507677,29510402,Bronx,Longwood,40.82287,-73.9026,Entire home/apt,400,1,4,3,77,4
13508285,5390302,Manhattan,Upper East Side,40.77117,-73.9512,Entire home/apt,97,30,0,1,0,0
13508567,75398380,Bronx,Kingsbridge,40.86209,-73.91202,Entire home/apt,120,30,0,1,0,0
13564134,78176513,Manhattan,Harlem,40.81616,-73.94991,Entire home/apt,250,3,96,1,275,25
13670109,59938558,Manhattan,East Village,40.72887,-73.98707,Entire home/apt,120,30,4,1,0,0
13571350,78258683,Manhattan,Midtown,40.74306,-73.9826,Entire home/apt,130,30,0,1,0,0
13672890,66114992,Manhattan,Upper East Side,40.76452,-73.96306,Private room,55,30,0,1,0,0
13572291,48681901,Manhattan,East Village,40.72443,-73.9872,Entire home/apt,129,30,14,1,0,0
13572767,69541888,Brooklyn,Williamsburg,40.71559,-73.94864,Entire home/apt,250,30,1,1,0,0
13673873,78285648,Brooklyn,Kensington,40.63507,-73.97408,Entire home/apt,60,30,0,1,0,0
13673951,42605385,Brooklyn,Flatbush,40.6363,-73.96304,Private room,39,30,2,2,0,0
13674349,62028227,Brooklyn,Bedford-Stuyvesant,40.68001,-73.95644,Entire home/apt,172,3,72,2,196,35
13573101,41217631,Manhattan,Chinatown,40.71492,-73.99782,Private room,74,1,1,2,0,0
13573310,78286572,Brooklyn,Williamsburg,40.70442,-73.93702,Private room,65,30,3,1,0,0
13573790,78292517,Brooklyn,Williamsburg,40.71747,-73.9587,Entire home/apt,110,30,7,1,0,0
13508766,77523610,Manhattan,West Village,40.73439,-74.00402,Private room,75,30,0,1,0,0
13510347,22541573,Manhattan,Upper East Side,40.76158,-73.96167,Entire home/apt,297,30,3,131,318,2
13511798,7385139,Manhattan,Washington Heights,40.83813,-73.9421,Private room,75,30,11,1,0,0
13512636,1402455,Manhattan,East Harlem,40.80134,-73.9442,Entire home/apt,100,4,0,1,0,0
13514115,3886532,Brooklyn,Bushwick,40.70787,-73.92225,Private room,68,30,126,3,0,0
13514387,35590013,Manhattan,Chelsea,40.74696,-73.99631,Private room,75,2,6,1,0,0
13674799,30066784,Brooklyn,Carroll Gardens,40.67788,-73.99874,Private room,101,2,381,1,73,66
13680628,5164124,Manhattan,Upper West Side,40.78079,-73.97832,Entire home/apt,150,30,1,1,365,0
13681859,3522798,Manhattan,SoHo,40.72793,-74.00306,Entire home/apt,180,30,0,1,0,0
13514940,77603717,Brooklyn,South Slope,40.66308,-73.9892,Entire home/apt,98,30,14,1,0,0
13519630,1658443,Queens,Ridgewood,40.70066,-73.90956,Entire home/apt,100,30,1,1,0,0
13573828,9440328,Brooklyn,Crown Heights,40.67585,-73.94202,Entire home/apt,290,13,9,1,120,0
13684217,432107,Brooklyn,Park Slope,40.67727,-73.97371,Entire home/apt,180,20,19,1,7,4
13685550,79704239,Brooklyn,Bedford-Stuyvesant,40.69034,-73.95327,Private room,36,30,0,1,0,0
13520598,12267269,Brooklyn,Prospect Heights,40.67677,-73.96466,Entire home/apt,350,5,22,1,0,3
13522948,22541573,Manhattan,Upper West Side,40.77911,-73.98108,Entire home/apt,156,30,1,131,347,0
13525308,50995154,Brooklyn,Kensington,40.6419,-73.97656,Entire home/apt,95,30,11,1,0,0
13685807,20446747,Manhattan,Hell's Kitchen,40.76643,-73.99125,Entire home/apt,249,3,137,1,36,5
13685871,2438907,Brooklyn,Williamsburg,40.71871,-73.96253,Entire home/apt,159,30,23,1,0,0
13525592,3329894,Manhattan,Upper West Side,40.77089,-73.98788,Entire home/apt,200,30,0,1,0,0
13526348,7202412,Manhattan,Harlem,40.81618,-73.94645,Entire home/apt,115,5,156,4,0,4
13526398,45595980,Manhattan,Midtown,40.7605,-73.96535,Entire home/apt,164,30,18,5,0,3
13529037,7202412,Manhattan,Harlem,40.81621,-73.94669,Entire home/apt,115,5,170,4,0,7
13577416,23505542,Brooklyn,Sunset Park,40.65731,-74.00407,Private room,40,30,3,1,0,0
13582811,78408136,Brooklyn,Bushwick,40.6818,-73.90566,Entire home/apt,92,1,247,1,0,0
13686914,28250527,Manhattan,Midtown,40.75101,-73.97122,Private room,50,30,0,1,0,0
13529498,23826651,Brooklyn,Bushwick,40.70425,-73.92659,Private room,50,30,0,1,0,0
13529753,58104904,Brooklyn,Bushwick,40.69931,-73.9185,Private room,55,30,0,1,0,0
13530958,3302537,Brooklyn,Carroll Gardens,40.68604,-73.99325,Entire home/apt,120,1,2,1,0,0
13531199,14524071,Manhattan,Upper West Side,40.78844,-73.9757,Entire home/apt,150,30,5,1,0,0
13532128,3239574,Brooklyn,Clinton Hill,40.68573,-73.96081,Entire home/apt,130,30,6,1,0,0
13532633,8255157,Brooklyn,Williamsburg,40.71288,-73.95523,Shared room,130,30,0,1,0,0
13687060,21419119,Manhattan,Kips Bay,40.73848,-73.98049,Entire home/apt,200,365,7,1,362,0
13532647,26923140,Manhattan,Hell's Kitchen,40.7601,-73.99322,Entire home/apt,385,4,238,1,160,54
13532718,7917224,Manhattan,Harlem,40.82456,-73.93885,Private room,18,30,2,1,0,0
13584582,78430614,Manhattan,Hell's Kitchen,40.75676,-73.99343,Entire home/apt,180,2,358,1,81,53
13687180,27473592,Brooklyn,Clinton Hill,40.68174,-73.95944,Entire home/apt,100,30,2,1,0,0
13587436,78464432,Brooklyn,Crown Heights,40.67682,-73.96283,Entire home/apt,198,30,23,1,307,4
13532767,77811516,Manhattan,Lower East Side,40.71564,-73.9855,Private room,40,30,14,1,0,0
13688739,79752355,Bronx,Fordham,40.85972,-73.89461,Entire home/apt,65,30,9,1,0,0
13589415,21283171,Manhattan,East Harlem,40.78878,-73.94804,Entire home/apt,140,30,6,1,0,0
13688888,79753770,Manhattan,Washington Heights,40.83699,-73.94113,Entire home/apt,130,3,90,2,288,26
13689663,8338942,Manhattan,Nolita,40.72244,-73.99406,Private room,99,30,239,4,68,0
13590002,73850433,Manhattan,East Harlem,40.79967,-73.94463,Entire home/apt,200,30,29,1,336,0
13536155,36815239,Queens,Long Island City,40.75313,-73.93786,Private room,79,2,340,1,20,50
13540233,13425452,Manhattan,Greenwich Village,40.72902,-74.00076,Entire home/apt,120,30,27,1,0,0
13542287,17860156,Brooklyn,Williamsburg,40.70374,-73.94351,Private room,44,30,3,1,0,0
13544874,21130844,Brooklyn,Williamsburg,40.71542,-73.95631,Private room,70,2,7,1,0,0
13689706,46083939,Brooklyn,Bedford-Stuyvesant,40.68989,-73.92505,Entire home/apt,123,30,34,1,0,0
13697001,52267190,Queens,Ozone Park,40.68109,-73.84244,Shared room,25,30,0,1,0,0
13697770,3074354,Manhattan,Greenwich Village,40.73138,-73.99408,Entire home/apt,499,30,0,1,0,0
13544987,26064594,Manhattan,Kips Bay,40.74613,-73.97974,Entire home/apt,179,30,1,1,0,0
13591017,10641733,Brooklyn,Williamsburg,40.71721,-73.95995,Entire home/apt,204,2,139,1,0,20
13702697,79951689,Manhattan,Hell's Kitchen,40.76369,-73.99346,Entire home/apt,199,30,0,1,0,0
13595786,6802844,Brooklyn,Bushwick,40.70627,-73.92019,Entire home/apt,152,30,0,1,0,0
13599973,4025420,Manhattan,Greenwich Village,40.72928,-74.00107,Private room,195,30,23,1,0,0
13545733,5677896,Manhattan,Inwood,40.86159,-73.92935,Private room,55,30,5,1,35,0
13546134,19004207,Brooklyn,Prospect-Lefferts Gardens,40.65606,-73.96082,Entire home/apt,161,30,0,1,0,0
13547426,68733807,Brooklyn,Fort Hamilton,40.61616,-74.0297,Entire home/apt,75,30,6,1,0,0
13548332,61391963,Manhattan,Upper East Side,40.7835,-73.95484,Entire home/apt,99,30,5,116,249,0
13710241,6110471,Manhattan,Harlem,40.80283,-73.95741,Private room,85,30,30,2,65,1
13711439,80068221,Brooklyn,Sunset Park,40.66397,-73.99213,Entire home/apt,120,6,3,1,0,0
13548357,19163998,Brooklyn,Flatbush,40.63021,-73.9617,Entire home/apt,70,30,93,1,0,0
13712179,45924792,Brooklyn,Brooklyn Heights,40.69149,-73.99409,Entire home/apt,111,30,2,1,0,0
13553429,78050943,Brooklyn,Dyker Heights,40.63046,-74.00912,Entire home/apt,199,3,4,3,364,0
13603093,78672740,Brooklyn,Flatbush,40.64665,-73.9681,Private room,86,2,57,1,339,14
13712336,68404305,Brooklyn,Brownsville,40.66322,-73.91902,Private room,60,4,53,1,0,0
13603364,1924750,Queens,Astoria,40.76408,-73.91262,Private room,45,3,89,1,208,21
13554710,47050813,Brooklyn,Flatbush,40.65045,-73.96473,Private room,89,2,249,2,50,48
13556033,78050943,Brooklyn,Dyker Heights,40.62874,-74.00918,Shared room,72,30,4,3,364,0
13798188,17153180,Brooklyn,East New York,40.66169,-73.89775,Private room,53,30,1,1,0,0
13803517,80770467,Brooklyn,Bushwick,40.6923,-73.92267,Private room,40,30,1,1,0,0
13714073,56841950,Brooklyn,Prospect-Lefferts Gardens,40.65714,-73.94781,Private room,79,30,7,1,0,0
13805038,8539684,Brooklyn,Williamsburg,40.70837,-73.94734,Entire home/apt,270,30,10,1,0,0
13715798,19572312,Manhattan,East Village,40.72654,-73.98529,Private room,63,30,2,1,0,0
13808262,177922,Brooklyn,Prospect-Lefferts Gardens,40.65703,-73.959,Private room,34,30,7,1,76,1
13811008,78732090,Queens,Long Island City,40.74443,-73.94696,Private room,101,30,0,1,0,0
13603951,78499938,Manhattan,Midtown,40.75525,-73.96465,Entire home/apt,175,30,0,1,0,0
13716080,41067998,Manhattan,Upper West Side,40.78947,-73.97974,Private room,100,2,0,1,0,0
13724284,9243105,Brooklyn,Prospect-Lefferts Gardens,40.65642,-73.95937,Entire home/apt,138,1,441,1,280,81
13604485,56352735,Brooklyn,Bedford-Stuyvesant,40.68655,-73.95422,Entire home/apt,90,2,122,1,0,18
13604994,78704485,Brooklyn,Fort Hamilton,40.62321,-74.03064,Entire home/apt,55,60,6,1,0,2
13811866,79086338,Manhattan,Kips Bay,40.74011,-73.98302,Private room,65,30,1,1,0,0
13727034,219078,Brooklyn,Prospect-Lefferts Gardens,40.65518,-73.95955,Entire home/apt,90,30,2,1,95,0
13812310,74885349,Brooklyn,Bushwick,40.68567,-73.91019,Entire home/apt,133,2,155,6,106,37
13727297,7689009,Manhattan,West Village,40.73389,-74.00913,Entire home/apt,225,30,1,1,0,0
13605171,14751888,Manhattan,Upper West Side,40.78601,-73.9725,Private room,60,30,6,1,0,0
13728204,76314424,Queens,Long Island City,40.74671,-73.94549,Entire home/apt,125,30,13,1,0,0
13605192,62317991,Brooklyn,East Flatbush,40.6431,-73.94375,Entire home/apt,300,7,64,1,320,2
13729876,23424348,Brooklyn,Williamsburg,40.71536,-73.95071,Entire home/apt,170,30,54,1,0,1
13730254,30708411,Manhattan,Gramercy,40.73326,-73.98435,Entire home/apt,140,30,7,1,0,0
13813731,81325020,Brooklyn,Bedford-Stuyvesant,40.67826,-73.92691,Private room,91,3,165,3,144,39
13730290,75857,Manhattan,Harlem,40.80646,-73.94812,Entire home/apt,200,3,68,2,220,29
13731797,62777136,Manhattan,Harlem,40.82568,-73.94365,Entire home/apt,119,30,0,1,0,0
13814227,28345063,Manhattan,Harlem,40.82799,-73.94935,Entire home/apt,68,32,44,1,38,6
13814281,48985309,Queens,Ridgewood,40.70184,-73.90957,Private room,30,365,29,2,269,0
13815162,65809485,Queens,Flushing,40.74808,-73.82898,Private room,50,14,42,12,156,5
13606307,2368191,Brooklyn,East Flatbush,40.66296,-73.92896,Entire home/apt,132,12,116,4,36,24
13613111,78803386,Manhattan,Upper West Side,40.80037,-73.96376,Entire home/apt,150,30,12,1,0,0
13614714,78722739,Manhattan,Harlem,40.8289,-73.94887,Entire home/apt,89,30,9,1,110,0
13614923,305207,Manhattan,Nolita,40.72079,-73.99646,Entire home/apt,259,30,2,1,0,0
13618148,5110884,Brooklyn,Flatbush,40.65163,-73.95894,Private room,150,30,0,1,0,0
13732215,80333311,Brooklyn,Canarsie,40.63559,-73.90828,Entire home/apt,95,1,143,1,54,21
13620503,27175000,Manhattan,SoHo,40.72108,-74.00346,Entire home/apt,400,30,2,1,0,0
13621211,61391963,Manhattan,Kips Bay,40.74203,-73.98033,Entire home/apt,175,30,16,116,250,2
13622777,68760676,Brooklyn,Bedford-Stuyvesant,40.68201,-73.91709,Private room,44,30,1,1,0,0
13732394,80336543,Brooklyn,Greenpoint,40.72437,-73.9399,Private room,27,90,0,1,0,0
13733036,36234842,Manhattan,Little Italy,40.71783,-73.99828,Entire home/apt,100,30,0,1,0,0
13739108,44941423,Brooklyn,Downtown Brooklyn,40.69601,-73.98326,Entire home/apt,100,30,4,1,0,0
13623182,7571391,Brooklyn,Williamsburg,40.71681,-73.94656,Private room,100,30,1,1,0,0
13740419,80437226,Manhattan,Hell's Kitchen,40.76008,-73.99772,Entire home/apt,115,30,0,1,0,0
13623275,43125231,Brooklyn,Greenpoint,40.73567,-73.95529,Entire home/apt,106,30,4,1,0,0
13623361,22533562,Manhattan,Theater District,40.76133,-73.9862,Entire home/apt,350,30,0,1,0,0
13821190,81430151,Queens,Astoria,40.75619,-73.91852,Private room,55,30,45,1,304,2
13740704,20583125,Brooklyn,Flatlands,40.63254,-73.93246,Private room,45,30,15,1,0,0
13623747,78931932,Queens,Astoria,40.76791,-73.92804,Entire home/apt,115,30,5,1,0,0
13740793,76590834,Manhattan,Upper West Side,40.80215,-73.9652,Private room,65,30,0,1,0,0
13745149,7377615,Brooklyn,Williamsburg,40.70949,-73.96,Entire home/apt,77,30,1,1,0,0
13745575,1571120,Brooklyn,Williamsburg,40.71224,-73.9624,Entire home/apt,182,2,150,2,123,68
13745644,10471651,Manhattan,Upper East Side,40.76319,-73.95919,Entire home/apt,550,30,20,1,358,0
13623987,78936234,Manhattan,Upper East Side,40.77499,-73.95844,Entire home/apt,275,30,6,1,365,0
13822852,23436785,Queens,Ditmars Steinway,40.7754,-73.90185,Entire home/apt,232,3,23,1,336,8
13745898,2495361,Manhattan,Two Bridges,40.71084,-73.99514,Entire home/apt,100,30,1,1,0,0
13746962,23863809,Manhattan,Chelsea,40.73936,-73.99862,Private room,150,30,0,2,0,0
13748546,80315972,Manhattan,Chelsea,40.74369,-73.99864,Entire home/apt,210,30,1,1,0,0
13825154,1896159,Brooklyn,Bay Ridge,40.62717,-74.0285,Entire home/apt,186,2,52,1,339,22
13827959,27615247,Brooklyn,Midwood,40.62297,-73.963,Entire home/apt,79,5,102,2,174,10
13830463,20549983,Manhattan,East Village,40.72773,-73.98634,Entire home/apt,109,30,29,1,0,0
13839238,252059,Brooklyn,Bedford-Stuyvesant,40.6918,-73.9417,Private room,55,30,3,1,0,0
13841200,79575143,Brooklyn,Park Slope,40.67198,-73.98405,Entire home/apt,300,30,1,1,0,0
13624795,36435055,Manhattan,West Village,40.73612,-74.00356,Entire home/apt,600,30,19,2,0,0
13748851,80534927,Manhattan,East Village,40.72895,-73.98183,Entire home/apt,125,30,3,1,0,0
13630755,79020870,Brooklyn,Fort Hamilton,40.62185,-74.03242,Shared room,179,30,0,1,0,0
13749474,40507839,Brooklyn,Bedford-Stuyvesant,40.68638,-73.92924,Entire home/apt,110,3,84,1,68,17
13631232,64182621,Manhattan,East Harlem,40.7871,-73.94867,Entire home/apt,99,30,0,1,0,0
13750812,65809485,Queens,Flushing,40.75048,-73.8275,Private room,48,14,32,12,348,6
13751529,13276420,Manhattan,Lower East Side,40.71819,-73.98888,Entire home/apt,650,6,9,1,53,2
13752309,71717596,Queens,Rockaway Beach,40.58979,-73.8111,Entire home/apt,138,2,101,2,79,31
13752439,71564201,Queens,Jamaica,40.66964,-73.76668,Entire home/apt,123,1,84,1,0,26
13752815,36234811,Queens,Arverne,40.5905,-73.7911,Private room,96,1,102,4,170,16
13632649,50210611,Brooklyn,Navy Yard,40.70238,-73.97963,Entire home/apt,135,30,1,1,0,0
13632841,11686214,Manhattan,NoHo,40.72919,-73.99166,Entire home/apt,128,30,3,1,0,0
13633468,27379154,Manhattan,East Village,40.72215,-73.98233,Private room,70,30,4,1,0,0
13841569,62605071,Brooklyn,Coney Island,40.57698,-74.00105,Private room,68,30,58,5,241,0
13841625,23813425,Brooklyn,Bedford-Stuyvesant,40.68179,-73.94668,Private room,29,30,1,1,0,0
13842204,2265770,Manhattan,Harlem,40.80675,-73.95395,Private room,110,4,1,3,0,0
13752982,80593607,Manhattan,Upper East Side,40.77812,-73.95684,Entire home/apt,90,30,3,1,0,0
13843681,81706032,Manhattan,Washington Heights,40.83425,-73.93899,Entire home/apt,95,30,3,1,0,0
13634292,12722812,Queens,Sunnyside,40.73902,-73.92165,Private room,35,30,6,1,0,0
13634685,1511614,Manhattan,Upper West Side,40.79016,-73.97289,Entire home/apt,349,30,29,1,0,0
13635848,79078275,Brooklyn,Williamsburg,40.7185,-73.95725,Private room,90,30,0,1,0,0
13637050,2727797,Manhattan,Harlem,40.82768,-73.94646,Private room,50,5,0,1,0,0
13754002,34075048,Manhattan,Upper East Side,40.76918,-73.95329,Entire home/apt,150,1,30,1,0,3
13640690,34915405,Manhattan,Hell's Kitchen,40.76755,-73.98441,Entire home/apt,98,30,24,1,0,0
13846099,12528462,Manhattan,Morningside Heights,40.80595,-73.96556,Entire home/apt,250,7,14,1,58,1
13754150,80479138,Manhattan,Midtown,40.75978,-73.96631,Entire home/apt,154,30,22,6,77,3
13760233,8457214,Manhattan,Nolita,40.72187,-73.99423,Private room,65,3,2,2,0,0
13640966,79141968,Manhattan,Harlem,40.80887,-73.94854,Entire home/apt,135,3,43,1,173,20
13761271,65809485,Queens,Flushing,40.74793,-73.82786,Private room,91,7,103,12,175,8
13762234,9251010,Manhattan,Upper East Side,40.77373,-73.95155,Entire home/apt,200,30,8,1,0,0
13848005,81763260,Manhattan,Harlem,40.81264,-73.94392,Entire home/apt,230,3,91,1,110,16
13848199,4942658,Manhattan,Harlem,40.82625,-73.94097,Private room,71,1,14,1,0,0
13854483,14470110,Brooklyn,Bushwick,40.70007,-73.92193,Entire home/apt,130,30,32,1,0,0
13762667,1003394,Manhattan,East Village,40.72847,-73.98201,Private room,105,4,12,1,0,0
13764238,80721470,Manhattan,Gramercy,40.73435,-73.98359,Private room,75,30,1,1,0,0
13855164,11884239,Brooklyn,Fort Greene,40.68925,-73.97237,Entire home/apt,150,30,2,1,0,0
13642019,14607718,Brooklyn,Greenpoint,40.72949,-73.95796,Entire home/apt,179,7,109,1,10,24
13642073,1316648,Brooklyn,Clinton Hill,40.69099,-73.96052,Entire home/apt,95,30,7,1,0,0
13642568,79167228,Brooklyn,Williamsburg,40.7184,-73.95365,Entire home/apt,200,14,16,1,0,1
13643488,30727828,Manhattan,Lower East Side,40.71364,-73.98446,Private room,72,30,0,1,0,0
13767337,1777689,Brooklyn,Sheepshead Bay,40.60709,-73.95179,Entire home/apt,342,5,1,1,363,0
13644095,8276592,Manhattan,Washington Heights,40.8427,-73.93478,Private room,42,30,42,1,0,3
13856320,2737854,Brooklyn,Windsor Terrace,40.6501,-73.97303,Entire home/apt,105,30,1,1,0,0
13856810,81859848,Manhattan,East Village,40.72771,-73.99032,Entire home/apt,130,30,5,1,0,0
13857003,12485770,Manhattan,West Village,40.73344,-74.00191,Entire home/apt,147,30,6,8,0,1
13769222,80780369,Queens,Ridgewood,40.71097,-73.91488,Private room,30,30,2,1,0,0
13857291,81865543,Manhattan,Inwood,40.86668,-73.92883,Private room,71,5,61,1,226,5
13857312,12485770,Manhattan,East Village,40.72809,-73.9799,Entire home/apt,125,30,7,8,150,0
13769545,80777352,Brooklyn,Prospect Heights,40.6741,-73.96838,Private room,60,30,150,1,276,2
13770179,80794677,Manhattan,Upper West Side,40.79906,-73.96273,Private room,48,30,4,1,0,0
13857521,2701094,Manhattan,Harlem,40.82789,-73.946,Entire home/apt,140,7,16,1,0,3
13650177,79258584,Brooklyn,Bedford-Stuyvesant,40.67971,-73.94096,Entire home/apt,170,5,162,1,214,21
13651250,35857384,Manhattan,Gramercy,40.73424,-73.98569,Entire home/apt,145,30,7,1,0,0
13770490,65809485,Queens,Flushing,40.74856,-73.82962,Private room,60,7,63,12,162,10
13770680,65809485,Queens,Flushing,40.75053,-73.82749,Private room,74,7,73,12,175,11
13770759,65809485,Queens,Flushing,40.74974,-73.82947,Private room,48,30,79,12,175,9
13770780,38404959,Queens,Ditmars Steinway,40.77697,-73.9082,Private room,60,30,10,2,0,0
13770856,65809485,Queens,Flushing,40.74984,-73.82947,Private room,50,30,57,12,95,1
13771529,73717067,Manhattan,Harlem,40.82772,-73.94017,Entire home/apt,61,30,27,2,120,2
13771885,47577415,Brooklyn,Flatlands,40.62904,-73.93529,Private room,45,30,9,1,353,0
13653228,79293779,Manhattan,Battery Park City,40.71664,-74.01551,Entire home/apt,220,30,0,1,0,0
13653677,79298323,Queens,Maspeth,40.73382,-73.89302,Private room,35,31,39,3,123,0
13858187,79338533,Manhattan,West Village,40.73303,-74.00742,Entire home/apt,300,30,1,1,0,0
13778127,80886117,Manhattan,Upper East Side,40.77206,-73.95213,Entire home/apt,150,30,21,1,0,0
13859896,46643729,Brooklyn,Williamsburg,40.71797,-73.95881,Entire home/apt,102,30,0,1,0,0
13862377,2436411,Brooklyn,Bedford-Stuyvesant,40.68424,-73.93361,Entire home/apt,120,30,2,1,0,0
13779358,80894027,Queens,Jackson Heights,40.75294,-73.87582,Entire home/apt,128,4,15,1,253,1
13783769,5684580,Brooklyn,Williamsburg,40.71287,-73.94405,Entire home/apt,75,4,49,1,0,0
13863230,10346084,Queens,Astoria,40.7567,-73.9209,Entire home/apt,110,30,0,1,0,0
13864224,74011703,Manhattan,Financial District,40.7108,-74.00596,Entire home/apt,240,30,6,1,0,0
13864551,4396,Manhattan,East Village,40.72505,-73.9837,Private room,169,1,55,2,4,42
13653708,72002747,Manhattan,Kips Bay,40.73991,-73.98204,Entire home/apt,160,30,28,1,0,0
13788013,10371038,Manhattan,Upper East Side,40.77113,-73.94967,Entire home/apt,199,30,0,1,0,0
13864664,81952746,Manhattan,Harlem,40.81809,-73.94696,Entire home/apt,350,2,12,1,77,1
13864705,81953225,Bronx,Wakefield,40.89535,-73.85623,Private room,22,30,63,1,0,0
13788132,19483885,Brooklyn,Clinton Hill,40.69602,-73.96182,Private room,61,1,260,2,227,103
13788789,36753279,Manhattan,Upper West Side,40.77031,-73.98894,Private room,91,1,97,1,10,27
13864889,28250,Manhattan,Upper West Side,40.78002,-73.97916,Entire home/apt,135,30,48,1,58,2
13654166,79305630,Brooklyn,Gravesend,40.59374,-73.9906,Entire home/apt,75,30,106,2,32,7
13794689,4508140,Manhattan,Upper West Side,40.79585,-73.96445,Entire home/apt,83,30,11,1,281,0
13657030,31252117,Manhattan,Morningside Heights,40.80258,-73.95949,Private room,45,30,2,1,0,0
13657292,79341807,Queens,Arverne,40.59444,-73.80159,Entire home/apt,240,2,47,1,170,8
13657515,29342746,Brooklyn,Crown Heights,40.6729,-73.95303,Private room,60,30,1,1,0,0
13658407,26929394,Brooklyn,Williamsburg,40.71316,-73.94883,Entire home/apt,125,30,2,1,0,0
13658967,51432814,Manhattan,East Harlem,40.78623,-73.94338,Private room,80,30,0,1,0,0
13659914,15588105,Brooklyn,Windsor Terrace,40.64998,-73.97314,Entire home/apt,125,30,3,1,0,0
13659997,4411751,Manhattan,Gramercy,40.73784,-73.98535,Entire home/apt,129,90,6,1,0,0
13660249,46370904,Brooklyn,Sunset Park,40.64664,-74.00809,Entire home/apt,75,30,5,1,0,0
13661280,3977023,Brooklyn,Boerum Hill,40.68541,-73.99107,Private room,75,30,0,2,0,0
13666116,79459633,Manhattan,Morningside Heights,40.80441,-73.96238,Private room,90,30,8,1,0,0
13666641,3988830,Brooklyn,South Slope,40.66517,-73.98062,Entire home/apt,160,30,2,1,0,0
13867374,45628363,Manhattan,Inwood,40.86832,-73.92245,Private room,45,30,1,2,312,0
13876681,82096395,Manhattan,Hell's Kitchen,40.76064,-73.99043,Private room,192,30,23,1,178,0
13795744,49294106,Brooklyn,Bushwick,40.69901,-73.91885,Private room,60,30,65,1,58,0
13876809,82083094,Brooklyn,Canarsie,40.64041,-73.88187,Private room,75,30,13,2,0,0
13667440,22019073,Manhattan,Hell's Kitchen,40.75546,-73.99664,Private room,80,30,0,1,0,0
13667739,8457214,Manhattan,Nolita,40.72088,-73.99627,Entire home/apt,110,30,2,2,0,0
13914735,82562435,Queens,Arverne,40.59004,-73.7947,Private room,46,2,134,2,238,0
13668573,56044722,Brooklyn,Williamsburg,40.70943,-73.94666,Private room,75,30,1,1,0,0
13669064,2119276,Manhattan,Flatiron District,40.74158,-73.98406,Entire home/apt,140,30,13,22,289,2
13669423,2119276,Manhattan,Flatiron District,40.74053,-73.98627,Entire home/apt,140,30,12,22,262,3
13669613,79501489,Manhattan,East Village,40.73165,-73.98458,Entire home/apt,177,30,2,1,0,0
13877683,57994,Brooklyn,Bedford-Stuyvesant,40.68102,-73.91096,Entire home/apt,129,2,215,1,160,32
13879611,22541573,Manhattan,Upper West Side,40.78656,-73.97481,Entire home/apt,223,30,2,131,333,0
13880280,19504744,Manhattan,Upper West Side,40.79554,-73.96719,Shared room,42,30,0,1,0,0
13881135,923465,Brooklyn,Bedford-Stuyvesant,40.68976,-73.93912,Private room,120,7,69,2,0,3
13915004,7177483,Manhattan,Harlem,40.80454,-73.95593,Entire home/apt,250,30,10,1,0,0
13881577,82155561,Manhattan,Midtown,40.74319,-73.98285,Entire home/apt,179,30,20,1,0,0
14029633,42204606,Brooklyn,Sheepshead Bay,40.60712,-73.94238,Entire home/apt,102,1,148,1,132,56
13915699,1279152,Brooklyn,Midwood,40.63009,-73.96796,Entire home/apt,75,30,6,1,0,0
13916105,54261444,Manhattan,Greenwich Village,40.72845,-74.00043,Private room,120,30,0,1,0,0
13881622,80837608,Brooklyn,Williamsburg,40.71557,-73.9358,Entire home/apt,263,3,26,1,0,0
13881787,1002452,Brooklyn,Williamsburg,40.70899,-73.94893,Private room,52,25,19,3,6,3
13881920,162280872,Manhattan,Greenwich Village,40.73503,-73.99715,Entire home/apt,170,30,16,98,311,1
13917029,616808,Brooklyn,Williamsburg,40.70801,-73.94617,Private room,42,30,1,1,0,0
13920801,10312167,Manhattan,Harlem,40.8035,-73.94918,Entire home/apt,169,4,123,2,258,36
13924403,78529013,Queens,Astoria,40.76099,-73.91994,Private room,50,30,0,1,0,0
14032445,75853911,Manhattan,Harlem,40.80101,-73.95872,Entire home/apt,100,30,3,1,0,0
13925864,58480311,Queens,Long Island City,40.76128,-73.93141,Entire home/apt,10000,30,28,1,0,0
14036591,5367097,Brooklyn,Williamsburg,40.70756,-73.95091,Private room,45,30,0,1,0,0
14036911,64109887,Brooklyn,Bedford-Stuyvesant,40.68745,-73.95664,Private room,55,31,0,1,0,0
13882394,49186997,Manhattan,Greenwich Village,40.73191,-73.99558,Entire home/apt,1800,30,2,1,180,0
13882858,80686298,Queens,Sunnyside,40.74593,-73.91398,Entire home/apt,99,30,2,1,0,0
13883481,8201520,Brooklyn,Bedford-Stuyvesant,40.6863,-73.94949,Private room,60,30,0,1,0,0
13885829,80479138,Manhattan,Midtown,40.76085,-73.96655,Entire home/apt,151,30,21,6,306,1
13926463,74906838,Queens,Long Island City,40.75391,-73.91884,Private room,99,3,102,3,68,2
13885982,11841497,Brooklyn,Bushwick,40.70123,-73.92953,Private room,55,30,3,1,0,0
13886618,21003389,Brooklyn,Crown Heights,40.66889,-73.95582,Private room,175,30,21,1,0,0
13891302,30283594,Manhattan,Hell's Kitchen,40.76153,-73.99878,Entire home/apt,649,30,2,95,344,1
13891670,22861607,Brooklyn,Bedford-Stuyvesant,40.68558,-73.94872,Private room,45,30,1,1,0,0
13893264,37413,Brooklyn,Prospect-Lefferts Gardens,40.66051,-73.95462,Entire home/apt,200,30,6,1,0,0
13894813,31626212,Manhattan,Theater District,40.75702,-73.98293,Private room,34,30,24,5,64,2
13895437,2776152,Brooklyn,Bushwick,40.70026,-73.91954,Private room,38,30,3,1,0,0
14037145,83147028,Brooklyn,Crown Heights,40.67035,-73.92611,Private room,106,30,27,2,0,0
14037307,21935479,Manhattan,Inwood,40.86822,-73.92027,Entire home/apt,167,3,30,2,320,12
14037459,265832,Manhattan,Harlem,40.81282,-73.94004,Private room,145,30,9,1,0,0
13926664,16677326,Manhattan,Chelsea,40.74864,-73.99564,Private room,103,1,173,22,327,55
13927922,82740389,Queens,Ditmars Steinway,40.7805,-73.91639,Entire home/apt,90,30,5,1,0,0
14041141,20971070,Manhattan,Chelsea,40.73934,-73.99677,Entire home/apt,175,183,2,1,219,0
13934894,6934546,Manhattan,Civic Center,40.71381,-74.00648,Private room,100,30,0,1,0,0
13936824,73843068,Brooklyn,Williamsburg,40.71941,-73.94322,Entire home/apt,150,30,67,1,0,0
13899934,7262145,Manhattan,Upper East Side,40.78233,-73.94705,Private room,99,30,1,1,0,0
13901170,82398569,Brooklyn,East Flatbush,40.65204,-73.93111,Entire home/apt,62,30,108,1,0,0
13937701,36438456,Manhattan,Washington Heights,40.83777,-73.93715,Entire home/apt,99,30,10,1,0,0
13937820,33902900,Brooklyn,Williamsburg,40.70842,-73.94147,Private room,55,30,2,1,0,0
13902088,82412007,Manhattan,Gramercy,40.73711,-73.98226,Private room,89,30,3,1,0,0
13902591,13499885,Brooklyn,Williamsburg,40.71457,-73.94677,Private room,50,30,2,2,0,0
14042426,17365319,Bronx,Kingsbridge,40.88312,-73.90437,Private room,53,30,19,1,66,0
14043464,869880,Manhattan,East Village,40.73165,-73.98435,Entire home/apt,205,7,8,2,249,0
13938420,25718914,Brooklyn,Prospect-Lefferts Gardens,40.66073,-73.95545,Private room,104,2,198,2,0,3
14043646,15838559,Queens,Forest Hills,40.71883,-73.85192,Private room,69,60,6,3,0,0
14044731,47260217,Manhattan,Harlem,40.8228,-73.95183,Private room,27,30,2,1,0,0
14049587,84248816,Bronx,Kingsbridge,40.88391,-73.89789,Entire home/apt,350,1,0,1,0,0
14052740,18481271,Manhattan,Upper West Side,40.7833,-73.97595,Entire home/apt,240,30,2,1,0,0
13902725,6034354,Manhattan,Hell's Kitchen,40.75782,-73.98965,Private room,156,3,83,1,61,21
13940091,61649970,Manhattan,Murray Hill,40.74832,-73.97403,Entire home/apt,232,2,136,2,276,35
13941017,79840032,Brooklyn,Clinton Hill,40.6883,-73.96576,Entire home/apt,125,30,9,1,0,0
13905833,82444858,Manhattan,Hell's Kitchen,40.76771,-73.9859,Entire home/apt,150,30,0,1,0,0
13941236,21466891,Brooklyn,Bushwick,40.68288,-73.90945,Entire home/apt,88,4,141,1,83,24
13941973,46712160,Queens,Maspeth,40.73928,-73.89183,Private room,67,1,460,1,95,72
13905835,7559036,Brooklyn,Bedford-Stuyvesant,40.68918,-73.93664,Private room,125,2,14,1,0,4
13942612,20536793,Brooklyn,Park Slope,40.67179,-73.9863,Entire home/apt,99,30,0,1,0,0
13942921,82951378,Brooklyn,Crown Heights,40.67269,-73.95624,Private room,45,30,3,1,0,0
13906636,62785237,Brooklyn,Bedford-Stuyvesant,40.68632,-73.94736,Entire home/apt,140,3,116,2,0,0
13945103,82717014,Queens,Sunnyside,40.74327,-73.91284,Private room,90,30,1,1,0,0
13907872,60922011,Brooklyn,Williamsburg,40.71002,-73.95425,Entire home/apt,120,30,21,1,0,0
13910111,16156297,Brooklyn,Bushwick,40.69243,-73.90876,Private room,37,2,42,1,0,0
13910919,39476034,Queens,Jamaica,40.67225,-73.76704,Private room,159,1,0,1,0,0
13911123,82512085,Brooklyn,Bushwick,40.68987,-73.91594,Private room,35,30,1,1,0,0
13911729,70834,Brooklyn,Brooklyn Heights,40.6929,-73.99699,Entire home/apt,345,4,25,1,0,11
13949732,1857899,Brooklyn,Prospect-Lefferts Gardens,40.65552,-73.95474,Entire home/apt,239,30,10,1,0,0
13950233,61391963,Manhattan,Kips Bay,40.74044,-73.98101,Entire home/apt,199,30,11,116,259,2
13951405,65609488,Manhattan,Tribeca,40.71528,-74.00865,Entire home/apt,650,30,1,1,0,0
14055238,84303682,Brooklyn,Park Slope,40.67174,-73.97464,Entire home/apt,332,2,263,1,107,52
14056307,32919123,Manhattan,Chelsea,40.74568,-73.99744,Entire home/apt,250,30,1,1,0,0
14058251,15579169,Brooklyn,Prospect-Lefferts Gardens,40.65444,-73.96171,Private room,83,30,17,1,0,0
14058375,22058409,Manhattan,Financial District,40.70558,-74.0152,Private room,90,30,2,2,0,0
13952269,12151986,Brooklyn,Sunset Park,40.65917,-73.99055,Entire home/apt,299,5,8,1,0,0
13952428,67961258,Brooklyn,Williamsburg,40.70839,-73.93849,Private room,68,30,14,1,0,0
14066397,33990883,Manhattan,Washington Heights,40.85264,-73.93116,Entire home/apt,115,30,13,1,0,0
14067612,3588854,Brooklyn,Williamsburg,40.71849584403724,-73.95739808202129,Private room,199,2,3,1,8,3
14069371,5581683,Brooklyn,Cobble Hill,40.68775,-73.99408,Private room,60,1,25,1,0,0
13912267,79675471,Manhattan,Upper East Side,40.77008,-73.95513,Entire home/apt,99,30,0,1,0,0
13912712,9293730,Manhattan,Upper East Side,40.77025,-73.95721,Entire home/apt,123,30,23,37,251,4
13912725,8163438,Queens,Astoria,40.7561,-73.92492,Private room,70,30,0,1,0,0
13913696,6474417,Manhattan,Washington Heights,40.85629,-73.93282,Shared room,45,1,10,1,68,10
13913803,4310378,Brooklyn,Clinton Hill,40.69448,-73.96404,Private room,100,3,80,3,334,22
13914201,324628,Manhattan,Harlem,40.80571,-73.95144,Entire home/apt,299,30,133,1,257,1
13953083,15396656,Manhattan,Gramercy,40.73366,-73.9825,Entire home/apt,99,10,3,1,0,0
13954583,37435755,Brooklyn,Bushwick,40.70109,-73.9193,Private room,1500,10,12,3,90,0
14178226,55229297,Manhattan,East Harlem,40.80327,-73.9351,Entire home/apt,230,2,67,1,54,6
14070671,83377687,Queens,Jackson Heights,40.75576,-73.85847,Entire home/apt,113,2,317,2,95,64
14071817,970540,Manhattan,Harlem,40.80431,-73.94585,Entire home/apt,100,30,0,1,0,0
14073163,60617669,Manhattan,Midtown,40.75209,-73.97162,Entire home/apt,99,30,12,2,0,0
13955160,78343124,Brooklyn,Crown Heights,40.67867,-73.9627,Private room,55,2,1,1,0,0
14080022,84632856,Manhattan,Upper West Side,40.77782,-73.97503,Entire home/apt,339,30,4,1,0,0
14086770,102535503,Manhattan,Upper East Side,40.77435,-73.95539,Entire home/apt,179,30,72,1,0,0
14088558,37073646,Manhattan,Flatiron District,40.74091,-73.98987,Entire home/apt,500,30,0,1,0,0
14179120,42150813,Queens,Astoria,40.76873,-73.91761,Private room,70,30,1,1,0,0
13956613,24424456,Brooklyn,Flatbush,40.63408,-73.96243,Entire home/apt,183,2,70,1,114,27
14180414,85898729,Manhattan,East Village,40.73114,-73.98666,Private room,100,30,12,1,0,0
13957261,8143711,Queens,Ridgewood,40.69991,-73.90595,Private room,60,30,0,1,0,0
13959346,83156877,Brooklyn,Fort Greene,40.68842,-73.97492,Private room,135,30,0,1,0,0
14181565,85914840,Queens,Forest Hills,40.7145,-73.83616,Private room,80,30,16,1,0,0
14182564,84914817,Manhattan,Murray Hill,40.74798,-73.97413,Entire home/apt,660,30,7,2,0,0
14195437,3250450,Queens,Jackson Heights,40.74684,-73.89205,Private room,39,30,1,18,336,0
14196990,61391963,Manhattan,Hell's Kitchen,40.76213,-73.99381,Entire home/apt,175,30,9,116,60,2
14089282,57517386,Queens,Ridgewood,40.70249,-73.89557,Private room,90,30,0,1,0,0
14089808,29170051,Manhattan,East Harlem,40.789413,-73.948967,Private room,100,3,156,1,91,39
13959538,61391963,Manhattan,Kips Bay,40.74095,-73.98108,Entire home/apt,133,30,11,116,221,0
13959556,74331597,Queens,St. Albans,40.68657,-73.76906,Private room,68,4,35,4,364,2
14090133,84754283,Brooklyn,Coney Island,40.57433,-73.99008,Entire home/apt,100,2,2,1,0,0
14202979,86182721,Manhattan,Upper West Side,40.78145,-73.98185,Entire home/apt,345,3,41,1,33,13
13959891,61391963,Manhattan,Upper East Side,40.77126,-73.9629,Entire home/apt,117,30,14,116,182,2
13960277,20518366,Brooklyn,Prospect-Lefferts Gardens,40.6602,-73.9618,Entire home/apt,80,30,4,2,0,0
13961209,83183600,Brooklyn,Fort Greene,40.69799,-73.9749,Entire home/apt,90,3,5,1,0,0
14203322,35605738,Manhattan,East Village,40.72678,-73.98194,Entire home/apt,454,30,94,1,0,0
14091664,24176743,Manhattan,Kips Bay,40.74404,-73.9809,Entire home/apt,263,2,5,1,0,0
13962117,9856492,Brooklyn,Bedford-Stuyvesant,40.6913,-73.95792,Entire home/apt,92,30,52,1,27,17
13963005,41870118,Queens,Forest Hills,40.71931,-73.83698,Entire home/apt,2350,365,0,1,0,0
14203693,1756362,Brooklyn,Clinton Hill,40.69379,-73.96635,Entire home/apt,195,4,128,1,115,29
14203741,283375,Manhattan,Upper East Side,40.76878,-73.95521,Entire home/apt,179,30,0,1,105,0
13970217,80479138,Manhattan,Midtown,40.7606,-73.96565,Entire home/apt,199,30,16,6,88,3
13971471,8338942,Manhattan,Nolita,40.72309,-73.99606,Shared room,65,30,300,4,69,0
13971842,23684948,Staten Island,Stapleton,40.62672,-74.07564,Private room,96,30,0,1,0,0
14205364,2343858,Brooklyn,Williamsburg,40.71825,-73.95127,Entire home/apt,489,30,115,2,106,5
14214315,10055751,Brooklyn,Prospect Heights,40.67403,-73.96321,Private room,71,30,11,2,0,0
14214403,128480,Brooklyn,Bushwick,40.69083,-73.90876,Entire home/apt,261,3,171,1,220,25
14092239,84779589,Brooklyn,Crown Heights,40.67056,-73.93422,Entire home/apt,161,3,216,1,297,32
13972708,82921914,Manhattan,Harlem,40.8193,-73.95454,Private room,73,31,95,2,0,0
14092808,70671555,Manhattan,Midtown,40.75223,-73.97134,Private room,85,30,0,2,0,0
14093225,31250542,Manhattan,Financial District,40.7062,-74.00345,Entire home/apt,100,30,1,1,0,0
13974993,82921914,Manhattan,Harlem,40.81986,-73.95448,Private room,74,31,114,2,0,0
13975292,165566,Brooklyn,Gowanus,40.68197,-73.98278,Private room,69,30,1,1,0,0
14093957,76628403,Manhattan,Upper West Side,40.77978,-73.97844,Entire home/apt,265,3,21,2,27,0
14215652,57283593,Manhattan,West Village,40.73569,-74.00256,Entire home/apt,242,30,82,1,266,5
14217692,6702100,Brooklyn,Williamsburg,40.70851,-73.95872,Private room,65,30,10,1,0,0
14218173,3664605,Manhattan,Upper West Side,40.7832,-73.97744,Entire home/apt,150,30,2,1,0,0
13978084,116382,Brooklyn,Crown Heights,40.67052,-73.94061,Private room,59,30,101,8,262,1
13980502,83333226,Bronx,Kingsbridge,40.87843,-73.90466,Private room,60,30,3,1,0,0
14218795,1815738,Manhattan,Financial District,40.70732,-74.00655,Entire home/apt,238,30,0,1,0,0
14094358,84810879,Queens,Rosedale,40.66008,-73.73185,Entire home/apt,101,7,50,3,362,6
14095224,4765305,Manhattan,Lower East Side,40.72148,-73.98434,Private room,149,6,8,8,218,3
14100582,55836825,Manhattan,Upper West Side,40.78739,-73.96956,Entire home/apt,150,30,0,1,0,0
14100743,27126954,Brooklyn,Midwood,40.62783,-73.96151,Entire home/apt,75,30,1,1,0,0
14101329,13225047,Brooklyn,Williamsburg,40.71976,-73.95707,Private room,70,30,53,3,0,0
13980860,32772480,Brooklyn,Prospect-Lefferts Gardens,40.65892,-73.9608,Entire home/apt,175,5,71,3,109,20
14102790,84902242,Brooklyn,Carroll Gardens,40.67643,-74.00014,Private room,100,3,73,1,311,12
14103515,28131813,Manhattan,Harlem,40.83109,-73.94643,Entire home/apt,138,30,14,1,210,6
14220422,51162561,Queens,Rockaway Beach,40.58469,-73.81333,Entire home/apt,125,30,1,1,0,0
14221233,32803663,Manhattan,Midtown,40.75349,-73.97363,Entire home/apt,295,3,3,1,4,0
13980911,32167398,Queens,Astoria,40.7578,-73.92851,Private room,65,3,133,6,260,2
14103889,41158436,Brooklyn,Bedford-Stuyvesant,40.69052,-73.94434,Entire home/apt,160,30,126,1,340,1
14104044,84914817,Manhattan,Murray Hill,40.74612,-73.97454,Entire home/apt,790,30,7,2,0,0
13981865,27673980,Queens,Flushing,40.74537,-73.83252,Private room,58,1,71,8,45,0
13983092,21889213,Brooklyn,Sunset Park,40.64625,-74.00485,Private room,45,30,0,1,0,0
13987276,83476674,Manhattan,Harlem,40.83033,-73.94797,Private room,150,30,1,1,0,0
14222252,86415678,Manhattan,Washington Heights,40.85783,-73.92999,Entire home/apt,107,2,121,1,42,32
13990841,83523066,Brooklyn,Park Slope,40.6807,-73.97769,Entire home/apt,161,30,125,2,0,0
14228589,22926868,Brooklyn,Sunset Park,40.64642,-74.00044,Private room,45,30,64,3,83,4
14233670,86538929,Manhattan,Midtown,40.76568,-73.97939,Entire home/apt,349,30,6,1,0,0
14236734,86576234,Manhattan,Greenwich Village,40.72854,-74.00115,Private room,100,30,0,1,0,0
13991526,14512391,Brooklyn,Greenpoint,40.7207,-73.94254,Entire home/apt,69,30,1,1,0,0
13992742,83549989,Manhattan,NoHo,40.72617,-73.99437,Entire home/apt,215,30,2,1,0,0
14237735,12087651,Manhattan,Harlem,40.82262,-73.94622,Private room,90,2,54,1,52,4
14105491,84932219,Manhattan,West Village,40.72847633333978,-74.00283426201786,Entire home/apt,315,1,3,1,336,3
13993046,75916476,Manhattan,Washington Heights,40.84719,-73.93434,Private room,40,30,2,1,0,0
13995350,5822377,Manhattan,East Village,40.72646,-73.98971,Shared room,79,30,1,2,0,0
13995561,83585937,Brooklyn,Crown Heights,40.67132,-73.91786,Private room,71,30,192,2,33,0
14108870,1805238,Brooklyn,Flatbush,40.65399,-73.9562,Private room,55,1,167,2,0,33
14109467,25283853,Queens,Long Island City,40.75497,-73.93153,Entire home/apt,212,2,4,1,43,4
14253050,20852937,Manhattan,Upper East Side,40.7758,-73.9531,Entire home/apt,150,30,40,1,0,0
13997385,41281138,Brooklyn,Williamsburg,40.70924,-73.95095,Private room,86,30,1,1,0,0
14262383,86887132,Queens,St. Albans,40.69493,-73.7817,Entire home/apt,123,2,70,2,361,18
14265052,33518883,Manhattan,Hell's Kitchen,40.76275,-73.99005,Private room,90,30,15,2,0,0
13997539,83611052,Brooklyn,Fort Greene,40.69385,-73.97188,Entire home/apt,94,30,2,1,0,0
14109485,67252331,Brooklyn,South Slope,40.6637,-73.98301,Entire home/apt,250,4,36,2,0,1
13997552,44502437,Queens,Astoria,40.75631,-73.91424,Entire home/apt,133,30,183,2,290,3
13997894,83616984,Queens,Corona,40.74363,-73.85835,Entire home/apt,95,30,78,1,279,5
13998049,7245466,Manhattan,Hell's Kitchen,40.76164,-73.99444,Entire home/apt,105,30,2,1,0,0
13998064,47988409,Brooklyn,Brooklyn Heights,40.69348,-73.99469,Entire home/apt,75,30,3,1,0,0
14109521,83176398,Brooklyn,Bushwick,40.7043,-73.9263,Private room,50,30,0,1,0,0
14274403,87041889,Queens,East Elmhurst,40.7692,-73.87617,Entire home/apt,75,30,122,1,0,0
14275887,87065585,Queens,Jamaica,40.70811,-73.79997,Entire home/apt,202,2,43,2,138,4
13998223,61292168,Manhattan,Harlem,40.81425,-73.94657,Entire home/apt,509,3,149,2,64,21
14280778,46164403,Manhattan,Upper West Side,40.7916,-73.97662,Entire home/apt,274,30,8,1,219,0
14281111,84810879,Queens,Rosedale,40.64881,-73.74393,Entire home/apt,135,30,5,3,364,0
14109544,5302735,Manhattan,Harlem,40.80524,-73.9529,Entire home/apt,307,5,214,1,43,25
14110144,8349334,Manhattan,Morningside Heights,40.81013,-73.96435,Entire home/apt,190,30,9,1,0,0
14110407,84765662,Queens,Arverne,40.589,-73.80015,Entire home/apt,550,30,20,1,364,0
13998679,83627325,Queens,Sunnyside,40.74701,-73.91692,Entire home/apt,279,30,12,4,0,0
14115645,85062355,Queens,Cambria Heights,40.70243,-73.7315,Private room,65,2,121,1,151,1
14120069,10975389,Queens,Astoria,40.76094,-73.91987,Private room,42,31,1,1,0,0
13999070,83632643,Queens,Woodside,40.7443,-73.89167,Entire home/apt,120,30,0,1,0,0
14006823,51501835,Manhattan,Hell's Kitchen,40.76411,-73.99371,Entire home/apt,125,30,10,109,247,0
14007809,19462782,Manhattan,East Village,40.72427,-73.99249,Entire home/apt,400,30,0,1,0,0
14125891,32545798,Brooklyn,Williamsburg,40.71294,-73.96103,Private room,52,30,17,5,0,0
14010220,9419684,Manhattan,SoHo,40.725,-74.00831,Entire home/apt,1299,90,0,79,67,0
14012274,83786650,Manhattan,Upper East Side,40.76048,-73.96175,Entire home/apt,150,30,1,16,0,0
14125913,21592879,Brooklyn,Brooklyn Heights,40.69994,-73.99247,Entire home/apt,65,7,1,1,0,0
14126303,85191443,Manhattan,Harlem,40.82121,-73.9387,Private room,90,30,30,1,0,0
14129429,85235313,Manhattan,Greenwich Village,40.73015,-73.99978,Entire home/apt,160,360,0,1,0,0
14131597,3620205,Brooklyn,Prospect-Lefferts Gardens,40.65529,-73.95998,Private room,32,30,6,1,0,0
14131726,2450852,Manhattan,Chelsea,40.74223,-74.00251,Entire home/apt,400,4,6,1,18,6
14135320,4217878,Brooklyn,Fort Greene,40.69066,-73.97333,Entire home/apt,55,30,1,1,69,1
14135904,63361875,Manhattan,Harlem,40.81653,-73.94399,Private room,80,30,6,1,0,0
14281526,86209218,Queens,Queens Village,40.70975,-73.73963,Entire home/apt,146,1,239,1,352,30
14281865,43438475,Brooklyn,South Slope,40.66669,-73.98974,Entire home/apt,115,30,179,3,213,1
14282864,64480098,Brooklyn,Bushwick,40.70716,-73.92035,Entire home/apt,400,1,24,1,88,2
14284714,38179715,Manhattan,Midtown,40.7528,-73.96867,Entire home/apt,175,2,21,1,1,2
14292249,39241960,Manhattan,Kips Bay,40.74162,-73.98289,Private room,175,30,53,1,0,0
14014784,9107244,Brooklyn,Williamsburg,40.70654,-73.93619,Private room,40,1,20,2,8,1
14015822,82805482,Brooklyn,East Flatbush,40.65344,-73.95072,Private room,42,27,16,1,1,0
14294685,492457,Queens,Ditmars Steinway,40.77997,-73.90788,Private room,85,1,3,4,341,0
14295885,74331597,Queens,Jamaica,40.6847,-73.76798,Private room,66,5,9,4,162,0
14296562,6543299,Manhattan,Kips Bay,40.73832,-73.98141,Entire home/apt,152,30,12,1,0,0
14296598,14942276,Brooklyn,Williamsburg,40.71964,-73.95529,Entire home/apt,249,30,136,2,233,6
14138302,37267657,Bronx,Claremont Village,40.84349,-73.90987,Private room,45,30,4,2,35,0
14139170,1252743,Brooklyn,Bushwick,40.70228,-73.91655,Private room,43,30,9,1,0,0
14139553,9293730,Manhattan,Upper East Side,40.76947,-73.95647,Entire home/apt,125,30,27,37,105,6
14140552,2928701,Manhattan,East Village,40.7289,-73.98243,Entire home/apt,315,30,15,4,262,3
14016202,81939249,Manhattan,East Village,40.72258,-73.98308,Private room,95,30,0,1,0,0
14140905,8133558,Brooklyn,Bushwick,40.6954,-73.92932,Private room,38,30,0,2,0,0
14297224,87312106,Manhattan,Financial District,40.70643,-74.00969,Private room,159,1,22,1,0,0
14302945,4803103,Brooklyn,Fort Greene,40.68255,-73.97089,Private room,60,5,1,1,0,0
14312497,38681372,Manhattan,Upper East Side,40.76684,-73.95688,Entire home/apt,99,30,15,1,0,0
14016206,18881301,Brooklyn,Williamsburg,40.71238,-73.96196,Private room,66,30,0,1,0,0
14023316,31747645,Brooklyn,Clinton Hill,40.6856,-73.96483,Private room,70,30,0,2,0,0
14316284,1483451,Manhattan,Greenwich Village,40.72939,-74.00203,Entire home/apt,128,30,67,1,183,1
14316579,6992420,Brooklyn,Clinton Hill,40.68467,-73.96096,Private room,55,30,2,1,0,0
14317785,10055751,Brooklyn,Prospect Heights,40.67252,-73.96288,Entire home/apt,125,30,3,2,0,0
14317995,8049219,Manhattan,Upper East Side,40.77463,-73.95515,Entire home/apt,165,30,22,1,0,0
14141622,85375269,Queens,Woodhaven,40.68938,-73.85167,Entire home/apt,70,30,198,1,144,0
14023652,70260014,Manhattan,Chelsea,40.75192,-73.99727,Entire home/apt,125,30,0,1,0,0
14142298,46667080,Queens,Woodhaven,40.69056,-73.85509,Entire home/apt,96,30,94,1,169,1
14318774,37718300,Queens,Forest Hills,40.73445,-73.8554,Entire home/apt,196,4,152,3,290,18
14024257,14399467,Manhattan,Lower East Side,40.72255,-73.99306,Private room,135,30,6,2,0,0
14024651,6218023,Brooklyn,Crown Heights,40.67588,-73.94341,Entire home/apt,108,30,22,1,280,0
14320099,87588590,Manhattan,Midtown,40.74811,-73.98508,Private room,57,30,6,1,0,0
14320998,84810879,Queens,Rosedale,40.66083,-73.72873,Private room,90,30,0,3,364,0
14148988,4478946,Manhattan,Midtown,40.75165,-73.97216,Entire home/apt,153,30,1,1,0,0
14025561,83933642,Manhattan,Theater District,40.76106,-73.98141,Entire home/apt,130,30,6,1,257,3
14149046,38294216,Queens,Jamaica,40.68651,-73.8017,Private room,50,20,12,2,281,5
14322170,21697957,Brooklyn,Williamsburg,40.70593,-73.94265,Private room,30,30,1,1,0,0
14322182,15235299,Brooklyn,Greenpoint,40.73337,-73.95909,Private room,70,2,55,2,0,0
14322869,2370635,Queens,Astoria,40.75708,-73.92669,Entire home/apt,151,2,225,1,173,33
14027756,57162807,Manhattan,Nolita,40.72373,-73.9963,Entire home/apt,420,30,1,1,0,0
14028018,51501835,Manhattan,Hell's Kitchen,40.76411,-73.99371,Entire home/apt,120,30,10,109,248,1
14419516,3417321,Manhattan,East Village,40.72905,-73.98515,Private room,150,30,11,2,0,0
14419927,2526182,Brooklyn,Williamsburg,40.71626,-73.95535,Private room,99,6,9,1,0,4
14420353,6136511,Manhattan,Nolita,40.72203,-73.99678,Private room,136,5,5,3,332,1
14421313,42627213,Brooklyn,Bedford-Stuyvesant,40.68672,-73.92127,Private room,40,30,5,1,0,0
14421383,27001949,Brooklyn,Bushwick,40.69641,-73.91917,Private room,76,3,109,1,60,14
14323475,22888115,Manhattan,Washington Heights,40.83812,-73.94381,Private room,50,30,0,1,0,0
14332446,31378,Brooklyn,Crown Heights,40.67282,-73.96099,Shared room,48,1,100,2,1,24
14151487,8857591,Brooklyn,Bedford-Stuyvesant,40.68186,-73.95422,Entire home/apt,125,30,8,2,174,1
14153255,52862385,Brooklyn,East Flatbush,40.66112,-73.9342,Private room,79,30,32,3,318,3
14155064,2688383,Manhattan,Chelsea,40.74251,-73.998,Entire home/apt,150,30,1,1,0,0
14423010,15978364,Manhattan,Hell's Kitchen,40.76557,-73.99138,Private room,50,30,1,1,0,0
14155795,65057965,Manhattan,East Village,40.73042,-73.98884,Private room,85,30,24,1,0,0
14340142,43817869,Brooklyn,Bedford-Stuyvesant,40.68886,-73.92744,Private room,126,4,55,2,0,0
14340328,8338942,Manhattan,Nolita,40.72334,-73.9938,Shared room,100,30,10,4,68,0
14341006,1767228,Brooklyn,Williamsburg,40.70968,-73.95073,Private room,55,3,3,1,0,0
14429957,713764,Manhattan,Hell's Kitchen,40.76475,-73.98902,Private room,152,2,160,1,0,0
14161351,1876539,Brooklyn,Prospect-Lefferts Gardens,40.65663,-73.95881,Entire home/apt,160,30,9,1,0,0
14163352,85669769,Brooklyn,East New York,40.67492,-73.86873,Private room,100,1,91,1,0,0
14167287,3602785,Manhattan,Upper East Side,40.76734,-73.95597,Entire home/apt,55,7,1,1,0,0
14429976,78164397,Brooklyn,Williamsburg,40.71215,-73.96305,Private room,120,3,164,1,7,37
14440473,22541573,Manhattan,Kips Bay,40.73955,-73.98296,Entire home/apt,269,30,1,131,266,1
14441627,88884610,Manhattan,Hell's Kitchen,40.75962,-73.99159,Entire home/apt,130,30,20,1,0,0
14167763,85734571,Brooklyn,Park Slope,40.68191,-73.97643,Entire home/apt,120,30,0,1,0,0
14168034,23688348,Brooklyn,South Slope,40.66517,-73.97896,Entire home/apt,130,30,0,1,0,0
14168413,18981759,Manhattan,Murray Hill,40.7471,-73.97512,Private room,92,30,11,1,0,0
14169102,13616538,Manhattan,Kips Bay,40.73887,-73.98223,Private room,74,30,8,1,0,0
14169399,84985477,Queens,Ridgewood,40.70249,-73.89683,Entire home/apt,67,30,227,1,0,0
14442338,30283594,Manhattan,Hell's Kitchen,40.76153,-73.99878,Entire home/apt,469,30,1,95,360,0
14443766,484993,Manhattan,Stuyvesant Town,40.73409,-73.97439,Private room,82,60,0,1,0,0
14341397,87835557,Queens,Astoria,40.76628,-73.91045,Entire home/apt,105,2,272,1,291,46
14445183,88945872,Brooklyn,East Flatbush,40.64496,-73.95036,Private room,105,30,108,2,66,3
14177028,29219991,Brooklyn,Williamsburg,40.71688,-73.96479,Private room,163,5,113,3,58,24
14445481,88904682,Manhattan,Hell's Kitchen,40.76771,-73.98574,Entire home/apt,180,30,2,1,0,0
14348580,60852834,Brooklyn,Greenpoint,40.7278,-73.94797,Private room,80,30,69,1,127,0
14446717,30045574,Manhattan,Upper West Side,40.77554,-73.98087,Entire home/apt,150,30,22,5,226,4
14349588,32207621,Brooklyn,DUMBO,40.70241,-73.9867,Private room,225,30,29,1,215,0
14351693,21544501,Brooklyn,Bushwick,40.68936,-73.90561,Private room,62,1,31,2,249,7
14351733,46015557,Queens,Sunnyside,40.74634,-73.91327,Private room,60,30,15,1,0,0
14353077,39726129,Manhattan,Stuyvesant Town,40.73092,-73.97784,Private room,54,30,2,1,0,0
14651111,45247861,Brooklyn,Crown Heights,40.67492,-73.9463,Entire home/apt,150,30,0,1,0,0
14653800,50760546,Manhattan,Midtown,40.76423,-73.97797,Entire home/apt,187,90,2,31,76,0
14653831,29824461,Manhattan,NoHo,40.72678,-73.99234,Private room,75,30,1,1,0,0
14447619,45824326,Manhattan,Murray Hill,40.74799,-73.97972,Entire home/apt,160,14,27,1,149,0
14654573,37328457,Queens,Sunnyside,40.74076,-73.92459,Entire home/apt,106,2,208,1,0,13
14655908,89724008,Manhattan,Harlem,40.81818,-73.94313,Entire home/apt,750,3,0,1,87,0
14353103,87967262,Brooklyn,Williamsburg,40.70807,-73.95415,Private room,200,30,9,1,0,0
14357698,3491890,Manhattan,Upper West Side,40.78352,-73.97613,Entire home/apt,295,30,18,5,0,2
14450268,65109990,Brooklyn,Clinton Hill,40.68578,-73.96458,Private room,50,30,61,4,336,0
14452731,8616291,Manhattan,Harlem,40.82254,-73.95056,Private room,75,3,146,2,71,30
14453189,81673810,Manhattan,Chinatown,40.71602,-73.99075,Entire home/apt,140,30,0,1,0,0
14661553,515095,Brooklyn,Carroll Gardens,40.67961,-73.9993,Private room,150,2,123,2,215,12
14661619,17819910,Manhattan,Hell's Kitchen,40.76342,-73.98883,Entire home/apt,257,5,2,2,0,2
14665418,22935573,Brooklyn,Williamsburg,40.71471,-73.95848,Entire home/apt,250,2,98,1,0,0
14462592,79641851,Staten Island,Howland Hook,40.63018,-74.17485,Entire home/apt,125,3,30,2,176,3
14666364,24898836,Manhattan,Hell's Kitchen,40.75545,-73.99338,Entire home/apt,160,30,27,1,0,0
14359772,88043058,Brooklyn,Bedford-Stuyvesant,40.68956,-73.95535,Private room,91,1,222,3,328,57
14361378,19877163,Brooklyn,Boerum Hill,40.68334,-73.97922,Private room,55,30,1,1,0,0
14365130,50760546,Manhattan,Midtown,40.74579,-73.98197,Entire home/apt,109,30,5,31,82,0
14366054,5120169,Brooklyn,Bedford-Stuyvesant,40.6818,-73.95207,Private room,85,30,8,2,0,0
14369923,24897395,Brooklyn,Bedford-Stuyvesant,40.68854,-73.95421,Entire home/apt,110,30,2,1,0,0
14371877,9725785,Brooklyn,Williamsburg,40.71216,-73.96835,Private room,55,30,74,2,64,0
14386245,88352863,Brooklyn,Crown Heights,40.66937,-73.954,Private room,65,30,6,1,0,0
14463527,52040778,Brooklyn,Greenpoint,40.72348,-73.93967,Private room,50,30,0,1,116,0
14465415,88681982,Queens,Forest Hills,40.73378,-73.85349,Entire home/apt,175,30,43,1,29,0
14388889,20302754,Brooklyn,Bushwick,40.69273,-73.91337,Private room,75,6,139,3,52,17
14668738,32878607,Manhattan,Midtown,40.7581,-73.96784,Private room,119,30,17,1,365,0
14672067,89532341,Brooklyn,East Flatbush,40.64397,-73.94693,Entire home/apt,85,93,19,1,89,0
14466193,17466612,Brooklyn,Bensonhurst,40.60859,-73.97754,Private room,83,30,21,2,170,1
14467010,2519491,Manhattan,East Village,40.72365,-73.97504,Private room,60,30,13,1,0,0
14467602,89158733,Manhattan,Two Bridges,40.71284,-73.99425,Private room,130,120,2,2,364,0
14672524,91194780,Manhattan,Harlem,40.79981,-73.94804,Private room,56,30,106,1,0,0
14680999,91016269,Queens,Forest Hills,40.73253,-73.84881,Entire home/apt,254,30,5,3,0,0
14394217,88450280,Queens,Sunnyside,40.74907,-73.91769,Entire home/apt,100,30,161,2,120,4
14398077,2960046,Manhattan,West Village,40.73279879401827,-74.00543211225592,Private room,190,3,1,1,146,1
14398671,276207,Manhattan,Upper West Side,40.79592,-73.97244,Private room,60,20,1,1,266,0
14469737,6545914,Brooklyn,Williamsburg,40.71813,-73.95826,Entire home/apt,400,3,9,1,0,2
14470437,29997245,Brooklyn,Crown Heights,40.67482,-73.92717,Entire home/apt,190,2,110,1,6,14
14404240,88400958,Queens,Forest Hills,40.71795,-73.83307,Private room,55,2,81,1,0,0
14685187,4961381,Brooklyn,Clinton Hill,40.68428,-73.96413,Private room,120,3,58,1,12,30
14685276,1459260,Brooklyn,Bedford-Stuyvesant,40.69244,-73.96013,Entire home/apt,160,4,113,1,130,0
14471418,60535711,Manhattan,Midtown,40.76049,-73.97574,Entire home/apt,800,2,6,2,243,0
14406256,88585692,Brooklyn,Bushwick,40.69449,-73.92712,Private room,108,30,20,1,0,0
14472272,8792814,Brooklyn,Bedford-Stuyvesant,40.69386,-73.9457,Entire home/apt,86,30,323,7,249,64
14472317,34226735,Brooklyn,Williamsburg,40.71148,-73.95077,Private room,110,30,28,1,0,0
14472671,89188080,Bronx,Pelham Bay,40.85176,-73.83242,Entire home/apt,115,3,17,1,313,17
14406807,425806,Manhattan,Harlem,40.81041,-73.94561,Entire home/apt,125,30,31,1,0,0
14473545,37419591,Brooklyn,Clinton Hill,40.69069,-73.96708,Entire home/apt,140,30,9,1,0,0
14686954,40711894,Queens,Elmhurst,40.74006,-73.88765,Private room,92,1,110,3,127,34
14475417,32446721,Queens,Corona,40.74839,-73.86328,Shared room,62,1,32,9,354,4
14479761,5760525,Queens,Astoria,40.76336,-73.92684,Private room,77,30,61,1,218,0
14480430,13143585,Brooklyn,Bushwick,40.69615,-73.92619,Private room,55,30,0,2,0,0
14690331,27984357,Manhattan,West Village,40.73506,-74.00788,Entire home/apt,330,30,40,1,5,3
14690845,91016269,Queens,Forest Hills,40.73369,-73.84716,Entire home/apt,108,30,3,3,0,0
14406923,71663192,Queens,Flushing,40.74945,-73.8201,Private room,80,1,26,1,348,5
14408114,836168,Manhattan,Midtown,40.76456,-73.97876,Entire home/apt,2500,30,4,11,364,0
14483469,19928013,Manhattan,Chelsea,40.73575,-73.99217,Entire home/apt,800,30,0,1,0,0
14483613,89211125,Queens,East Elmhurst,40.75741,-73.89472,Entire home/apt,90,3,184,3,292,39
14691805,91359302,Brooklyn,Bedford-Stuyvesant,40.68714,-73.92246,Private room,35,30,44,1,0,0
14692459,23772724,Manhattan,Upper East Side,40.78183,-73.9461,Entire home/apt,99,30,8,58,248,3
14485082,23727216,Brooklyn,Sheepshead Bay,40.60931,-73.95393,Entire home/apt,73,30,2,1,0,0
14694447,91292951,Queens,Elmhurst,40.73142,-73.88009,Private room,35,30,1,1,0,0
14417576,57910970,Manhattan,Battery Park City,40.70894,-74.01544,Entire home/apt,180,30,36,1,0,0
14852147,21705530,Brooklyn,Clinton Hill,40.69402,-73.96844,Entire home/apt,105,30,30,2,0,0
14485372,89361094,Manhattan,East Harlem,40.78608,-73.94929,Entire home/apt,234,30,106,2,143,5
14855614,92067070,Manhattan,Midtown,40.76556,-73.98182,Entire home/apt,614,1,7,1,345,2
14856763,4932876,Brooklyn,Bedford-Stuyvesant,40.68925,-73.9414,Entire home/apt,250,30,0,2,0,0
14856799,27673980,Queens,Flushing,40.74537,-73.83252,Private room,58,1,95,8,74,22
14696542,91147323,Brooklyn,Bedford-Stuyvesant,40.69837,-73.94361,Private room,63,2,259,1,47,41
14698446,45600001,Queens,Flushing,40.74457,-73.83371,Private room,58,1,62,6,69,11
14706784,26538766,Brooklyn,Park Slope,40.66933,-73.97863,Shared room,40,30,46,2,0,0
14485877,39158104,Brooklyn,Canarsie,40.64533,-73.90939,Private room,38,3,51,1,251,29
14707648,10910171,Queens,Rockaway Beach,40.58618,-73.81674,Entire home/apt,154,1,354,4,167,75
14858190,17540607,Manhattan,Lower East Side,40.71955,-73.97986,Entire home/apt,165,30,2,1,0,0
14858777,9030453,Manhattan,Harlem,40.81177,-73.94259,Private room,71,90,6,2,287,0
14865705,16795575,Queens,Flushing,40.75352,-73.82551,Private room,40,30,6,1,0,0
14489610,4149263,Brooklyn,Greenpoint,40.73485,-73.95424,Entire home/apt,128,4,33,1,0,0
14489615,8552126,Queens,Jamaica,40.6711,-73.77977,Entire home/apt,150,7,60,2,364,0
14490720,34264721,Brooklyn,Sheepshead Bay,40.58774,-73.95795,Entire home/apt,2500,30,0,1,0,0
14868158,93148942,Brooklyn,Bushwick,40.70058,-73.92794,Private room,60,30,9,2,0,0
14868857,49704571,Brooklyn,Williamsburg,40.71913,-73.94452,Entire home/apt,86,30,20,9,51,5
14869063,93160113,Manhattan,Gramercy,40.73398,-73.98519,Entire home/apt,149,30,8,1,0,0
14869215,7702,Manhattan,Upper West Side,40.79461,-73.97404,Entire home/apt,135,30,10,1,9,2
14709693,91510178,Manhattan,Inwood,40.86297,-73.92774,Entire home/apt,60,30,0,1,0,0
14710763,91522394,Brooklyn,Bedford-Stuyvesant,40.69693,-73.9455,Entire home/apt,165,2,224,1,124,40
14712466,42764722,Brooklyn,East Flatbush,40.654,-73.92422,Shared room,99,100,1,1,0,0
14499377,89526812,Queens,St. Albans,40.69798,-73.74959,Private room,85,2,95,1,167,17
14506036,1215853,Manhattan,East Harlem,40.80838,-73.93881,Entire home/apt,135,1,92,2,29,36
14507274,849356,Manhattan,East Village,40.72537,-73.97861,Entire home/apt,195,6,58,1,79,10
14516582,89680675,Brooklyn,Bedford-Stuyvesant,40.6893,-73.95181,Entire home/apt,185,30,79,1,251,4
14716155,89769986,Brooklyn,Bedford-Stuyvesant,40.69654,-73.93648,Private room,45,30,94,3,0,1
14869260,84403365,Manhattan,Upper East Side,40.7807,-73.94862,Private room,75,30,1,1,0,0
14519882,70060476,Manhattan,Hell's Kitchen,40.76216,-73.99293,Entire home/apt,114,200,32,3,281,0
14520743,33518883,Manhattan,Hell's Kitchen,40.76053,-73.99111,Private room,95,30,23,2,0,0
14521738,22593050,Brooklyn,Prospect-Lefferts Gardens,40.66101,-73.96266,Entire home/apt,59,5,11,1,0,0
14522175,25760832,Manhattan,Lower East Side,40.71954,-73.98761,Entire home/apt,175,30,22,1,0,0
14871074,7675569,Brooklyn,Bushwick,40.70055,-73.92897,Private room,65,30,5,1,0,0
14716403,70724038,Brooklyn,Williamsburg,40.70379,-73.93483,Private room,80,30,16,1,0,0
14716586,89769986,Brooklyn,Bushwick,40.69796,-73.93487,Private room,45,30,96,3,0,3
14723166,59954257,Manhattan,Gramercy,40.7375,-73.98565,Entire home/apt,155,30,7,1,0,0
14724495,42814202,Queens,Fresh Meadows,40.74225,-73.78675,Entire home/apt,114,1,34,2,170,15
14726699,66949758,Queens,Jamaica,40.69916,-73.81413,Entire home/apt,73,30,108,2,176,0
14522632,37435755,Brooklyn,Bushwick,40.70271,-73.91761,Private room,1500,30,28,3,365,0
14529806,4548229,Manhattan,Harlem,40.80581,-73.94614,Entire home/apt,169,30,98,3,266,5
14530298,595368,Manhattan,Upper West Side,40.79193,-73.97388,Entire home/apt,250,30,0,1,0,0
14728630,8066318,Brooklyn,Park Slope,40.66949,-73.98329,Entire home/apt,120,30,51,1,238,1
14730708,836168,Manhattan,Upper West Side,40.78004,-73.98327,Entire home/apt,3000,30,8,11,364,0
14731939,44835881,Brooklyn,Bedford-Stuyvesant,40.6828,-73.95248,Private room,50,30,2,1,0,0
14732678,116382,Brooklyn,Crown Heights,40.67019,-73.94053,Private room,55,30,53,8,258,1
14733932,89769986,Brooklyn,Bedford-Stuyvesant,40.69566,-73.93546,Private room,45,30,108,3,60,2
14872249,13607787,Manhattan,East Village,40.72834,-73.98482,Shared room,142,31,32,1,180,0
14536056,4120523,Brooklyn,Williamsburg,40.70649,-73.93293,Entire home/apt,149,30,33,2,0,0
14547982,27427335,Brooklyn,Williamsburg,40.71869,-73.95488,Private room,99,30,3,1,0,0
14548280,10013093,Manhattan,Lower East Side,40.72207,-73.988,Private room,84,30,1,1,0,0
14551508,89852528,Queens,Ridgewood,40.70778,-73.90712,Private room,45,1,38,1,8,0
14554093,1258319,Manhattan,West Village,40.7382,-74.00215,Entire home/apt,150,60,4,1,0,0
14555269,4825815,Manhattan,Lower East Side,40.71858,-73.9822,Private room,95,30,9,1,0,0
14874152,93224650,Queens,Laurelton,40.68114,-73.73121,Entire home/apt,257,2,13,1,116,0
14737992,91804427,Manhattan,Harlem,40.82644,-73.95193,Private room,40,14,36,1,222,5
14738709,30283594,Manhattan,Hell's Kitchen,40.76153,-73.99878,Entire home/apt,649,30,3,95,344,0
14556634,9974520,Brooklyn,Greenpoint,40.72607,-73.94764,Private room,48,30,1,1,0,0
14743469,19101984,Brooklyn,Bensonhurst,40.60631,-73.99047,Entire home/apt,49,30,1,1,0,0
14744735,943367,Brooklyn,Greenpoint,40.7287,-73.94197,Private room,45,28,9,2,0,0
14744912,948164,Brooklyn,Bushwick,40.70285,-73.92007,Private room,50,30,4,1,0,0
14756273,68276808,Queens,Ditmars Steinway,40.77402,-73.91757,Private room,50,30,10,1,0,0
14759888,6049738,Manhattan,East Village,40.73124,-73.98747,Private room,95,30,9,2,0,0
14760211,61391963,Manhattan,Upper East Side,40.78355,-73.95542,Entire home/apt,159,30,10,116,159,1
14760402,83627325,Queens,Sunnyside,40.74577,-73.91834,Entire home/apt,249,30,6,4,0,0
14762512,3294438,Brooklyn,Bedford-Stuyvesant,40.68567,-73.95665,Shared room,37,30,11,2,260,2
14881794,45748188,Manhattan,Morningside Heights,40.81254,-73.95799,Private room,56,30,20,1,0,0
14556661,90125781,Manhattan,Harlem,40.80366,-73.9578,Entire home/apt,85,90,2,1,251,0
14763045,54743212,Brooklyn,Williamsburg,40.71689,-73.94267,Entire home/apt,160,30,4,1,0,0
14763255,43585545,Brooklyn,Bedford-Stuyvesant,40.68828,-73.94972,Private room,52,1,39,1,0,0
14557504,23533897,Brooklyn,Crown Heights,40.67609,-73.9528,Private room,130,1,31,6,3,0
14566213,39143718,Brooklyn,Bedford-Stuyvesant,40.68339,-73.95737,Entire home/apt,200,30,25,2,0,0
14568858,10441070,Brooklyn,Williamsburg,40.71991,-73.94071,Entire home/apt,250,4,4,1,0,0
14575138,37267657,Bronx,Highbridge,40.83393,-73.92499,Private room,42,30,6,2,37,0
14576763,51256572,Manhattan,Hell's Kitchen,40.75971,-73.99221,Private room,85,30,2,1,0,0
14769706,73035061,Brooklyn,Bedford-Stuyvesant,40.67831,-73.93989,Entire home/apt,155,3,14,1,2,14
14769785,83147028,Brooklyn,Crown Heights,40.67148,-73.92505,Private room,106,30,16,2,0,0
14882046,91466201,Manhattan,Harlem,40.80652,-73.94709,Entire home/apt,135,30,32,1,249,1
14882137,93316008,Queens,Ridgewood,40.7083,-73.91032,Private room,60,5,6,1,310,4
14586448,90270616,Manhattan,Battery Park City,40.70577,-74.01699,Entire home/apt,159,30,5,1,0,0
14770256,42854068,Brooklyn,Midwood,40.61688,-73.96008,Private room,40,30,1,1,0,0
14771249,9176756,Brooklyn,East Flatbush,40.65284,-73.94931,Entire home/apt,80,30,2,1,0,0
14772701,49704571,Brooklyn,Greenpoint,40.72059,-73.94268,Entire home/apt,90,30,14,9,59,1
14588156,154866,Brooklyn,Crown Heights,40.67122,-73.94543,Entire home/apt,140,30,102,1,92,4
14778622,92238446,Queens,St. Albans,40.70108,-73.75184,Private room,400,30,0,1,0,0
14781268,566200,Brooklyn,Bushwick,40.69929,-73.92887,Private room,63,30,6,1,0,0
14783267,950826,Brooklyn,Park Slope,40.66798,-73.98165,Entire home/apt,170,30,17,1,0,0
14784377,40223194,Manhattan,Harlem,40.8116,-73.95377,Private room,49,2,3,1,0,0
14882309,92720308,Brooklyn,Flatbush,40.63921,-73.96285,Private room,65,1,179,3,294,12
14595903,65109990,Brooklyn,Clinton Hill,40.68578,-73.96458,Private room,60,30,28,4,362,0
14599247,62661922,Manhattan,Lower East Side,40.71987,-73.98489,Entire home/apt,215,30,35,1,0,0
14608127,90646927,Manhattan,Kips Bay,40.74577,-73.97861,Entire home/apt,175,30,17,1,0,0
14883818,93335548,Queens,Ridgewood,40.70079,-73.90319,Entire home/apt,69,30,154,1,246,6
14787179,92325527,Brooklyn,Williamsburg,40.71133,-73.94248,Private room,99,30,144,1,64,0
14609199,799082,Manhattan,Harlem,40.82111,-73.94959,Private room,38,8,3,1,13,0
14788009,69029231,Queens,Ditmars Steinway,40.7790893156178,-73.90900300536819,Entire home/apt,125,3,158,1,282,37
14609804,5111513,Manhattan,Chelsea,40.74986,-73.99773,Entire home/apt,200,7,75,1,181,23
14801700,34274867,Manhattan,Washington Heights,40.8556,-73.93637,Private room,99,30,20,2,0,0
14892623,93441980,Staten Island,South Beach,40.59273,-74.08831,Private room,95,1,103,1,214,23
14899111,36435055,Manhattan,West Village,40.73706,-74.00294,Entire home/apt,450,2,131,2,0,47
14911767,3609819,Brooklyn,Park Slope,40.66892,-73.98114,Entire home/apt,255,30,9,1,127,0
14913167,71093067,Brooklyn,Crown Heights,40.67239,-73.96021,Private room,88,30,8,1,0,0
14616377,83523066,Brooklyn,Park Slope,40.68102,-73.97552,Entire home/apt,185,30,155,2,126,3
14619860,6321996,Manhattan,Tribeca,40.71598,-74.0056,Entire home/apt,420,5,7,1,6,4
14913358,15670189,Brooklyn,Bedford-Stuyvesant,40.67819,-73.92447,Entire home/apt,299,2,21,1,41,13
14624128,10098825,Manhattan,East Harlem,40.78555,-73.94246,Private room,65,30,25,1,0,0
14625676,1239272,Brooklyn,Gowanus,40.66868,-73.99158,Entire home/apt,300,14,46,1,245,5
14807279,43853650,Brooklyn,Bedford-Stuyvesant,40.68767,-73.95832,Entire home/apt,169,4,195,1,53,35
14807716,49704571,Brooklyn,Greenpoint,40.72127,-73.94271,Entire home/apt,109,30,13,9,36,4
14808499,49704571,Brooklyn,Greenpoint,40.7213,-73.94416,Entire home/apt,89,30,22,9,25,5
14809302,40236384,Brooklyn,Prospect-Lefferts Gardens,40.65826,-73.96046,Private room,60,30,19,2,0,0
14628080,4548229,Manhattan,Harlem,40.80603,-73.94733,Entire home/apt,169,30,98,3,294,4
14628409,7978333,Brooklyn,Greenpoint,40.72967,-73.95151,Entire home/apt,85,90,207,1,155,0
14913941,51752700,Brooklyn,Crown Heights,40.67714,-73.95366,Private room,56,30,61,1,42,1
14633324,90848714,Brooklyn,Williamsburg,40.71161,-73.96367,Entire home/apt,168,30,22,1,0,0
14914739,93699493,Brooklyn,Bedford-Stuyvesant,40.68279,-73.94311,Entire home/apt,240,3,158,1,0,43
14915099,7216016,Brooklyn,Williamsburg,40.71042,-73.96674,Entire home/apt,225,2,62,1,0,0
14915616,37821056,Brooklyn,Flatbush,40.65475,-73.95512,Entire home/apt,300,3,2,8,0,0
14817571,90043913,Queens,Ditmars Steinway,40.77427,-73.91599,Private room,100,30,12,2,87,1
14822309,16978120,Manhattan,Harlem,40.83194,-73.94866,Private room,65,30,16,3,290,4
14823020,22388424,Queens,Ridgewood,40.70432,-73.91019,Private room,49,30,12,2,213,4
14633924,39648442,Queens,Flushing,40.75012,-73.81292,Entire home/apt,155,30,233,3,343,4
14636181,90867640,Queens,St. Albans,40.6932,-73.76042,Entire home/apt,110,1,9,1,59,1
14823077,20707006,Manhattan,East Harlem,40.78954,-73.95011,Private room,100,30,1,1,0,0
14824230,92690603,Manhattan,Harlem,40.80559,-73.95632,Private room,75,3,64,1,0,0
14826817,92720308,Brooklyn,Flatbush,40.6392,-73.96256,Private room,69,1,129,3,290,9
14917475,93734865,Brooklyn,Bushwick,40.68321,-73.90853,Entire home/apt,70,30,52,1,266,1
14648838,33403059,Brooklyn,Bushwick,40.69908,-73.93547,Entire home/apt,175,30,11,3,0,0
15095005,24696055,Brooklyn,Gowanus,40.67783,-73.98346,Entire home/apt,149,7,23,1,0,4
14918238,93743081,Brooklyn,Bedford-Stuyvesant,40.68452,-73.95378,Private room,52,1,380,1,242,98
14918404,92720308,Brooklyn,Flatbush,40.63883,-73.9623,Private room,62,1,124,3,244,1
14928089,71176668,Manhattan,Harlem,40.81594,-73.93735,Private room,110,30,26,4,0,0
14835670,92602590,Brooklyn,Bedford-Stuyvesant,40.68873,-73.94394,Entire home/apt,95,30,27,1,0,0
15097126,94717868,Queens,Maspeth,40.73812,-73.89717,Private room,65,30,6,1,0,0
14837884,91280958,Manhattan,SoHo,40.71995,-73.99933,Private room,46,30,1,1,0,0
14838161,51501835,Manhattan,Little Italy,40.71959,-73.99701,Entire home/apt,120,30,8,109,147,1
14838808,43599290,Manhattan,SoHo,40.72412,-74.00305,Private room,399,3,41,4,0,0
14928362,93414513,Manhattan,East Harlem,40.7897,-73.93865,Private room,141,1,0,1,360,0
14928996,32545798,Brooklyn,Williamsburg,40.71289,-73.96265,Private room,56,30,8,5,0,0
15098153,7694993,Brooklyn,Greenpoint,40.72757,-73.94691,Entire home/apt,200,30,8,1,0,0
15098355,23303311,Manhattan,Hell's Kitchen,40.76122,-73.99782,Private room,250,30,1,1,0,0
14931156,20549,Brooklyn,Prospect-Lefferts Gardens,40.66022,-73.95277,Entire home/apt,110,30,70,1,145,5
14932887,30283594,Manhattan,Hell's Kitchen,40.76153,-73.99878,Entire home/apt,369,30,4,95,353,0
14839830,48630747,Queens,Flushing,40.72488,-73.80389,Entire home/apt,126,1,349,1,350,44
14839995,39543399,Brooklyn,Park Slope,40.67038,-73.97799,Private room,250,4,72,2,259,21
15102026,19983675,Brooklyn,Bedford-Stuyvesant,40.68747,-73.94685,Private room,55,2,3,1,0,0
14933388,1315670,Brooklyn,Bedford-Stuyvesant,40.68482,-73.95114,Private room,55,30,23,1,94,1
15106603,9280524,Manhattan,Upper West Side,40.7976,-73.97144,Entire home/apt,185,30,1,1,0,0
15108887,40317143,Queens,Maspeth,40.71897,-73.90467,Private room,54,30,38,6,306,5
14840286,9977688,Brooklyn,Bedford-Stuyvesant,40.6858,-73.92423,Entire home/apt,1136,6,8,2,178,0
14843464,49704571,Brooklyn,Greenpoint,40.72141,-73.94274,Entire home/apt,90,30,16,9,56,4
15111567,77136720,Queens,Fresh Meadows,40.731705,-73.791069,Entire home/apt,126,3,26,1,50,26
14843553,493093,Manhattan,Chelsea,40.75166,-73.99852,Entire home/apt,209,30,137,1,98,6
14933521,93020402,Manhattan,Harlem,40.81816,-73.94596,Entire home/apt,257,30,98,1,341,2
15113479,79321760,Manhattan,Harlem,40.8231,-73.95611,Entire home/apt,400,30,143,1,275,31
14933893,60904698,Manhattan,Upper East Side,40.77192,-73.94842,Private room,50,30,3,1,0,0
14844313,3558909,Brooklyn,Bushwick,40.700706,-73.912239,Entire home/apt,112,30,2,1,220,2
14851530,50374022,Brooklyn,Williamsburg,40.71194,-73.96427,Private room,76,30,2,2,0,0
15114550,95766078,Brooklyn,Bedford-Stuyvesant,40.68244,-73.95225,Entire home/apt,150,14,97,1,190,10
15115382,24155326,Brooklyn,Crown Heights,40.67764,-73.94803,Private room,80,1,406,1,80,84
15328237,47617616,Queens,Long Island City,40.74412,-73.94725,Private room,125,6,15,1,55,4
15328271,77665938,Queens,Maspeth,40.72579,-73.90188,Entire home/apt,150,10,108,1,362,0
14945274,32357900,Bronx,Riverdale,40.89169,-73.90946,Private room,68,2,16,1,0,0
14951904,21679450,Manhattan,Morningside Heights,40.80189,-73.95946,Private room,60,7,4,2,0,0
14952649,94118056,Manhattan,Washington Heights,40.84363,-73.93867,Entire home/apt,120,30,10,1,235,0
15124014,66500811,Brooklyn,Bushwick,40.70014,-73.93734,Entire home/apt,200,15,0,1,365,0
14959195,67126282,Brooklyn,Bedford-Stuyvesant,40.69301,-73.94255,Private room,99,30,4,1,0,0
15336596,77010815,Bronx,Norwood,40.87251,-73.87727,Private room,50,3,38,2,280,6
15124396,23772724,Manhattan,Upper East Side,40.78575,-73.95521,Entire home/apt,194,30,0,58,365,0
15132151,95939781,Manhattan,Kips Bay,40.74427,-73.97474,Entire home/apt,249,30,1,1,0,0
15338155,22534244,Queens,Woodside,40.74747,-73.89584,Private room,99,1,72,1,336,14
15133721,95936966,Queens,Forest Hills,40.71694,-73.85369,Private room,69,30,9,1,125,0
15340854,97808036,Manhattan,Harlem,40.81027,-73.94371,Entire home/apt,800,4,30,1,71,7
15342056,918668,Brooklyn,Crown Heights,40.67558,-73.95945,Private room,200,30,0,1,0,0
15342164,97822063,Queens,St. Albans,40.70647,-73.75956,Private room,40,30,4,1,0,0
14961122,34642159,Brooklyn,Bedford-Stuyvesant,40.68337,-73.91805,Entire home/apt,123,3,119,1,27,32
15141938,79289737,Manhattan,Chelsea,40.7445,-73.99397,Private room,239,2,317,1,105,47
14961253,94196548,Manhattan,Upper East Side,40.77962,-73.95348,Entire home/apt,219,30,5,1,0,0
14963404,7848317,Brooklyn,Windsor Terrace,40.65739,-73.98492,Private room,90,2,3,1,0,0
14963583,94219511,Manhattan,Harlem,40.80154,-73.95815,Private room,70,3,3,2,0,0
14963736,51501835,Manhattan,Hell's Kitchen,40.76411,-73.99371,Entire home/apt,95,30,6,109,247,2
15343302,28629925,Manhattan,Harlem,40.81011,-73.94404,Entire home/apt,250,2,5,1,68,5
15145285,21255768,Manhattan,Upper East Side,40.78146,-73.94911,Entire home/apt,300,30,0,1,0,0
15149137,7202412,Manhattan,Harlem,40.81565,-73.94505,Entire home/apt,165,5,138,4,0,2
15149187,6314010,Brooklyn,Greenpoint,40.72657,-73.94832,Private room,45,30,51,1,0,0
15149591,96098402,Manhattan,Midtown,40.75158,-73.972,Private room,899,3,4,7,365,0
15345019,88972153,Brooklyn,Greenpoint,40.73068,-73.95741,Entire home/apt,450,3,18,1,304,17
15347268,836168,Manhattan,Midtown,40.75455,-73.98123,Entire home/apt,2000,30,4,11,364,0
15358881,67097911,Manhattan,Chelsea,40.74071,-74.00296,Entire home/apt,100,30,7,1,0,0
14964655,94232838,Brooklyn,Borough Park,40.63905,-73.9969,Private room,95,30,0,1,0,0
14967790,94263025,Brooklyn,Bushwick,40.68807,-73.91372,Private room,40,30,11,1,0,0
15149762,85955862,Manhattan,East Harlem,40.7928,-73.94547,Private room,107,30,2,1,0,0
15150240,37821056,Brooklyn,Flatbush,40.65403,-73.9611,Private room,40,30,6,8,261,2
15158194,7245581,Manhattan,Washington Heights,40.83501,-73.93934,Entire home/apt,71,270,9,19,310,1
15158791,84558839,Brooklyn,Manhattan Beach,40.58093,-73.93811,Entire home/apt,150,2,169,1,343,32
14968436,16686968,Manhattan,Harlem,40.80872,-73.94135,Private room,100,30,125,1,361,0
14972714,26502234,Manhattan,Harlem,40.82141,-73.94339,Entire home/apt,165,7,33,1,250,0
15360687,1454772,Brooklyn,Bedford-Stuyvesant,40.68043,-73.9401,Entire home/apt,270,4,96,1,346,21
15360787,98053423,Manhattan,Harlem,40.80924,-73.94368,Private room,136,2,69,1,47,13
15370219,30494687,Manhattan,Harlem,40.80816,-73.95001,Private room,90,30,3,1,0,0
15374796,7610841,Manhattan,Upper West Side,40.80062,-73.96219,Private room,115,7,78,2,245,1
15377806,8903368,Manhattan,Harlem,40.8163,-73.94412,Private room,100,30,3,1,0,0
15159731,61391963,Manhattan,Kips Bay,40.73994,-73.97945,Entire home/apt,125,30,22,116,253,2
15159758,888615,Brooklyn,Prospect-Lefferts Gardens,40.66171,-73.9579,Entire home/apt,160,30,5,1,40,0
15160268,43194795,Brooklyn,Crown Heights,40.67999,-73.96357,Entire home/apt,120,30,3,2,0,0
15378469,98279802,Brooklyn,Bushwick,40.70102,-73.92343,Private room,45,90,0,1,0,0
15379380,73645458,Queens,Astoria,40.75646,-73.92534,Private room,60,6,8,1,0,0
15379574,98308046,Brooklyn,Bushwick,40.68829,-73.91358,Entire home/apt,100,30,147,1,0,2
14982260,10162189,Queens,Astoria,40.76815,-73.91846,Entire home/apt,159,4,114,1,280,38
14982907,74331597,Queens,St. Albans,40.68531,-73.76769,Private room,66,4,74,4,180,0
15162388,96202421,Manhattan,Midtown,40.76554,-73.97889,Private room,350,30,0,1,0,0
15381675,98341498,Brooklyn,Bushwick,40.6893,-73.91253,Entire home/apt,176,7,79,1,159,0
15393322,3002077,Brooklyn,Williamsburg,40.71798,-73.96373,Entire home/apt,600,30,9,1,0,0
15396328,14295824,Manhattan,East Village,40.72792,-73.98264,Private room,70,30,7,1,0,0
15173557,11585415,Brooklyn,Williamsburg,40.70363,-73.94768,Private room,70,30,0,1,0,0
15399031,86592511,Brooklyn,Gowanus,40.66741,-73.99345,Entire home/apt,120,30,32,1,0,0
15409309,42151184,Queens,Kew Gardens,40.70874,-73.8298,Private room,90,90,0,1,0,0
15411945,28007844,Manhattan,Midtown,40.7465,-73.98858,Private room,135,30,1,1,0,0
14987516,94467583,Queens,Rosedale,40.65428,-73.72734,Entire home/apt,150,14,45,1,71,3
14994076,310670,Bronx,Eastchester,40.88177,-73.83444,Entire home/apt,325,2,12,6,356,9
15173621,23593359,Manhattan,Nolita,40.72301,-73.99436,Entire home/apt,240,1,10,1,103,10
14996256,92322271,Brooklyn,Crown Heights,40.67012,-73.94648,Private room,57,30,0,2,0,0
15411988,98714463,Manhattan,Hell's Kitchen,40.76031,-73.99435,Private room,116,31,122,1,140,0
15177242,156959,Brooklyn,Carroll Gardens,40.68331,-73.99228,Private room,90,30,1,1,0,0
15178725,96341353,Staten Island,St. George,40.64371,-74.07887,Entire home/apt,140,1,56,3,327,17
15421244,98828133,Brooklyn,Crown Heights,40.67088,-73.94727,Entire home/apt,160,30,193,1,207,6
15421279,21600813,Manhattan,Harlem,40.82974,-73.95007,Private room,40,30,28,1,0,0
15422352,62852828,Manhattan,Harlem,40.82437,-73.95461,Private room,150,30,1,2,89,0
15003711,62345,Brooklyn,South Slope,40.66159,-73.98685,Private room,68,1,129,1,61,23
15008979,94707512,Queens,Ozone Park,40.67225,-73.83774,Private room,83,1,326,1,174,23
15179994,10973901,Queens,Briarwood,40.71612,-73.82234,Entire home/apt,97,3,25,1,231,2
15009751,20317929,Manhattan,Upper West Side,40.77767,-73.97509,Entire home/apt,300,30,35,1,280,0
15021635,61140228,Brooklyn,Bushwick,40.70031,-73.91429,Private room,80,30,2,1,0,0
15423552,98853519,Manhattan,Upper West Side,40.80127,-73.96113,Entire home/apt,175,30,18,1,35,0
15423923,98726662,Brooklyn,Sheepshead Bay,40.61021,-73.9583,Private room,45,2,155,4,58,39
15423962,98726662,Brooklyn,Sheepshead Bay,40.61021,-73.9583,Private room,40,3,21,4,1,1
15188621,61842904,Brooklyn,Prospect Heights,40.67954,-73.96569,Entire home/apt,120,30,19,4,5,3
15189639,96347002,Brooklyn,Crown Heights,40.67761,-73.95862,Entire home/apt,150,60,0,1,0,0
15425744,96892684,Manhattan,Washington Heights,40.83932,-73.94554,Private room,102,2,151,1,265,21
15431463,2000143,Brooklyn,Brooklyn Heights,40.69424,-73.99493,Entire home/apt,100,3,28,1,0,0
15021783,94820583,Manhattan,Chelsea,40.73965,-73.9987,Private room,81,30,2,1,0,0
15033685,6250141,Manhattan,Upper West Side,40.77936,-73.97723,Entire home/apt,159,2,187,1,114,33
15036516,62604251,Brooklyn,Bedford-Stuyvesant,40.69408,-73.94863,Private room,45,30,0,1,0,0
15191179,38790056,Brooklyn,Bath Beach,40.60769,-74.0096,Entire home/apt,85,30,38,1,0,0
15192362,96335626,Queens,Woodhaven,40.69211,-73.866,Private room,43,30,70,1,230,0
15195093,33936240,Manhattan,Hell's Kitchen,40.76184,-73.99098,Private room,89,30,1,1,0,0
15204878,96098402,Manhattan,Midtown,40.7516,-73.97345,Private room,899,2,5,7,364,0
15205915,96098402,Manhattan,Midtown,40.75359,-73.97192,Private room,2299,4,3,7,365,0
15206157,96098402,Manhattan,Midtown,40.7515,-73.97173,Private room,799,3,8,7,365,0
15206272,95572265,Brooklyn,Bedford-Stuyvesant,40.68203,-73.92751,Private room,50,30,25,2,303,0
15038469,62587696,Brooklyn,Gowanus,40.67033,-73.9892,Private room,75,2,250,2,29,66
15436836,8977158,Brooklyn,Cobble Hill,40.68533,-73.99775,Entire home/apt,300,2,294,2,248,61
15436871,7610841,Manhattan,Upper West Side,40.80072,-73.96325,Entire home/apt,275,30,89,2,340,6
15438016,27506975,Brooklyn,Williamsburg,40.70428,-73.94359,Private room,85,30,1,1,0,0
15444619,35648363,Brooklyn,Boerum Hill,40.68972,-73.99216,Entire home/apt,323,2,209,1,270,44
15447090,96996010,Manhattan,Murray Hill,40.74639,-73.97174,Private room,205,1,26,1,0,0
15450257,30116728,Manhattan,Upper East Side,40.78458,-73.95309,Entire home/apt,200,30,1,1,0,0
15450848,25010766,Brooklyn,Bedford-Stuyvesant,40.69046,-73.93029,Entire home/apt,120,30,55,1,0,0
15206607,96098402,Manhattan,Midtown,40.7515,-73.97265,Private room,799,3,3,7,365,0
15206836,96098402,Manhattan,Midtown,40.75338,-73.97141,Private room,749,3,12,7,365,0
15207725,96341353,Staten Island,St. George,40.64077,-74.07815,Private room,100,1,32,3,339,8
15216895,50207365,Brooklyn,Bedford-Stuyvesant,40.69729,-73.95015,Private room,50,30,5,1,0,0
15218066,96098402,Manhattan,Midtown,40.75337,-73.97328,Private room,899,3,2,7,364,0
15218342,49645950,Manhattan,SoHo,40.72651,-74.00317,Entire home/apt,179,26,182,1,127,7
15453102,41393276,Brooklyn,Flatbush,40.63952,-73.96467,Shared room,40,1,55,1,0,0
15453848,11304670,Brooklyn,Prospect-Lefferts Gardens,40.66336,-73.95047,Private room,42,30,4,1,0,0
15039238,9472223,Manhattan,Morningside Heights,40.80562,-73.95823,Entire home/apt,75,30,21,2,0,0
15222861,33614329,Brooklyn,Bushwick,40.69528,-73.93136,Entire home/apt,71,1,243,3,0,60
15040421,8048355,Manhattan,East Harlem,40.79594,-73.93443,Private room,100,30,10,1,109,0
15453985,99139601,Bronx,Mott Haven,40.81281,-73.90779,Entire home/apt,100,2,293,1,106,32
15454216,32545798,Brooklyn,Williamsburg,40.71262,-73.96253,Private room,95,30,1,5,0,0
15223454,627678,Queens,Forest Hills,40.736,-73.85318,Private room,30,30,2,2,0,0
15230339,95459395,Manhattan,Hell's Kitchen,40.761532,-73.998779,Entire home/apt,545,30,3,56,357,1
15461512,99205045,Bronx,Kingsbridge,40.88284,-73.89262,Private room,60,30,3,1,0,0
15462208,26073602,Manhattan,East Harlem,40.79484,-73.94957,Entire home/apt,165,30,101,1,0,0
15043726,76396985,Brooklyn,Crown Heights,40.67469,-73.931,Private room,69,30,69,3,143,2
15230576,95459395,Manhattan,Hell's Kitchen,40.761532,-73.998779,Entire home/apt,755,30,0,56,344,0
15234773,69355658,Manhattan,East Village,40.73228,-73.98636,Private room,92,30,29,2,28,3
15238740,17125263,Manhattan,East Harlem,40.79747,-73.9385,Private room,49,30,73,2,0,0
15241968,79738498,Manhattan,Harlem,40.8013,-73.95732,Private room,100,30,12,1,0,0
15050192,95117581,Brooklyn,Bedford-Stuyvesant,40.68089,-73.95352,Entire home/apt,150,30,6,1,0,0
15053461,26377263,Queens,Edgemere,40.59457,-73.77103,Private room,47,6,3,53,131,1
15054327,26377263,Queens,Edgemere,40.59417,-73.77111,Private room,47,6,7,53,328,5
15054617,26377263,Queens,Edgemere,40.5942,-73.77276,Private room,52,6,5,53,257,2
15464934,99235017,Brooklyn,Sunset Park,40.64538,-74.00766,Entire home/apt,144,30,106,1,0,0
15465050,44350279,Manhattan,Gramercy,40.73416,-73.98667,Private room,125,2,156,4,272,39
15468038,21105084,Manhattan,Harlem,40.81713,-73.95278,Shared room,70,30,23,2,0,0
15470122,35095754,Brooklyn,Red Hook,40.67474,-74.01087,Entire home/apt,115,30,0,1,0,0
15473730,71176935,Queens,Richmond Hill,40.68983,-73.83044,Private room,45,2,39,2,121,2
15473752,71176935,Queens,Richmond Hill,40.68907,-73.83017,Private room,49,2,27,2,159,20
15247262,10777266,Brooklyn,Prospect Heights,40.6762,-73.96561,Entire home/apt,254,3,210,1,10,40
15054630,42561290,Brooklyn,East New York,40.65987,-73.86704,Private room,39,3,60,3,349,4
15247747,96159925,Manhattan,Harlem,40.82673,-73.94542,Entire home/apt,350,30,78,1,0,0
15058790,95175364,Brooklyn,Kensington,40.63296,-73.96882,Entire home/apt,295,5,29,1,166,13
15066269,260537,Manhattan,Harlem,40.81089,-73.94318,Private room,98,5,22,3,55,14
15474504,82854298,Queens,Cambria Heights,40.69788,-73.7422,Private room,41,30,63,2,0,0
15476794,99346083,Queens,Queens Village,40.70636,-73.74114,Entire home/apt,125,30,0,1,0,0
15248135,48107620,Brooklyn,Williamsburg,40.71116,-73.95904,Private room,100,30,9,1,0,0
15477385,15858985,Brooklyn,Bedford-Stuyvesant,40.68972,-73.94902,Entire home/apt,140,30,0,1,0,0
15478604,36861300,Brooklyn,Bushwick,40.69977,-73.92233,Entire home/apt,95,2,96,1,0,0
15250033,96978953,Brooklyn,Prospect-Lefferts Gardens,40.65841,-73.95942,Private room,128,3,72,1,222,27
15481609,99392252,Brooklyn,Bedford-Stuyvesant,40.69117,-73.94451,Private room,89,30,194,4,0,0
15481730,1093220,Brooklyn,Bushwick,40.70307,-73.9251,Entire home/apt,228,10,31,3,0,2
15482081,99392252,Brooklyn,Bedford-Stuyvesant,40.69203,-73.94299,Private room,79,30,186,4,0,0
15482082,25673940,Queens,Long Island City,40.74558,-73.95325,Entire home/apt,110,30,5,1,0,0
15482512,99392252,Brooklyn,Bedford-Stuyvesant,40.69161,-73.9434,Private room,79,30,171,4,0,0
15066466,83909332,Manhattan,Nolita,40.72401,-73.99567,Entire home/apt,225,30,15,1,0,0
15069259,57793192,Brooklyn,Bedford-Stuyvesant,40.69393,-73.94161,Private room,50,30,0,1,0,0
15082723,33677512,Brooklyn,Williamsburg,40.71198,-73.96673,Private room,100,3,43,1,0,0
15083571,17770287,Manhattan,Midtown,40.75037,-73.9811,Entire home/apt,124,60,9,12,263,2
15083823,7018895,Brooklyn,Red Hook,40.67763,-74.012,Entire home/apt,90,5,185,1,194,6
15250168,24273714,Brooklyn,Williamsburg,40.71293,-73.93972,Private room,82,4,88,8,141,32
15482966,75458625,Queens,Sunnyside,40.74694,-73.91699,Private room,77,30,18,4,364,1
15483201,75458625,Queens,Sunnyside,40.74675,-73.91822,Private room,111,30,42,4,326,1
15252848,52183380,Manhattan,Flatiron District,40.74372,-73.9905,Entire home/apt,110,30,2,1,0,0
15253883,96867847,Manhattan,Midtown,40.75702,-73.9635,Entire home/apt,175,30,8,1,0,0
15257524,40532977,Brooklyn,Bedford-Stuyvesant,40.68173,-73.91195,Private room,37,30,7,2,30,2
15485880,99434002,Manhattan,East Village,40.72581,-73.97788,Entire home/apt,123,4,163,1,76,35
15486009,98726662,Brooklyn,Midwood,40.61056,-73.95878,Private room,45,2,10,4,6,0
15486072,19977987,Brooklyn,Williamsburg,40.70182,-73.94059,Entire home/apt,125,30,12,1,0,0
15493595,31747645,Brooklyn,Clinton Hill,40.6853,-73.96313,Private room,90,30,0,2,0,0
15494796,390117,Manhattan,West Village,40.73319,-74.00852,Private room,150,5,10,2,0,1
15495132,9293730,Manhattan,East Harlem,40.78925,-73.94277,Entire home/apt,133,30,21,37,317,5
15496496,28786801,Brooklyn,Bushwick,40.70228,-73.92601,Private room,49,30,3,1,0,0
15496616,95459395,Manhattan,Hell's Kitchen,40.761532,-73.998779,Entire home/apt,545,30,3,56,357,1
15497088,95459395,Manhattan,Hell's Kitchen,40.761532,-73.998779,Entire home/apt,545,30,0,56,356,0
15497673,95459395,Manhattan,Hell's Kitchen,40.761532,-73.998779,Entire home/apt,755,30,0,56,344,0
15500460,72596124,Queens,Jackson Heights,40.74893,-73.88707,Entire home/apt,70,30,261,1,0,3
15085230,5437444,Bronx,Bronxdale,40.85526,-73.86549,Entire home/apt,84,30,24,1,0,0
15260962,26830685,Manhattan,SoHo,40.72635,-74.0007,Entire home/apt,633,30,57,1,300,0
15085833,5525273,Manhattan,Harlem,40.8044,-73.95745,Entire home/apt,925,30,1,2,0,0
15261353,2742827,Manhattan,Kips Bay,40.74417,-73.97847,Entire home/apt,100,5,7,1,0,0
15262831,97086824,Queens,Jamaica,40.66946,-73.76679,Entire home/apt,57,1,734,1,156,82
15090815,89873907,Brooklyn,Cypress Hills,40.67883,-73.88668,Private room,40,30,4,1,257,2
15529937,98726662,Brooklyn,Sheepshead Bay,40.61021,-73.9583,Private room,45,2,87,4,0,13
15531089,7453255,Manhattan,East Village,40.73411,-73.98969,Private room,70,2,0,1,0,0
15266254,62563056,Manhattan,Midtown,40.76571,-73.98009,Entire home/apt,445,4,1,1,179,1
15531352,94100727,Queens,Glendale,40.69568,-73.89477,Entire home/apt,62,2,36,1,0,0
15507375,32052000,Brooklyn,Manhattan Beach,40.57871,-73.94002,Entire home/apt,43,30,132,1,215,5
15513127,62644193,Brooklyn,East Flatbush,40.6447,-73.92831,Private room,90,30,0,1,0,0
15517104,1486872,Brooklyn,Gowanus,40.66864,-73.99188,Entire home/apt,150,7,101,2,0,1
15518025,24634123,Manhattan,East Village,40.73069,-73.98428,Entire home/apt,250,30,1,1,0,0
15521674,8338942,Manhattan,Nolita,40.72231,-73.99594,Shared room,65,30,13,4,69,0
15268654,67213712,Brooklyn,Gowanus,40.68116,-73.99139,Entire home/apt,252,30,134,1,327,3
15282411,2764786,Manhattan,Chelsea,40.74796,-73.99514,Private room,120,1,18,1,0,0
15289231,27227850,Brooklyn,South Slope,40.66636,-73.98294,Entire home/apt,146,30,38,1,0,0
15532430,6051934,Staten Island,Midland Beach,40.57087,-74.09641,Private room,80,1,8,1,338,0
15535079,6119933,Brooklyn,Williamsburg,40.70974,-73.96241,Private room,109,2,2,2,0,0
15537482,17480722,Queens,Astoria,40.76299,-73.92724,Private room,110,30,1,1,0,0
15543090,99392252,Brooklyn,Bedford-Stuyvesant,40.69154,-73.9449,Private room,79,30,181,4,0,0
15289766,7850260,Manhattan,Harlem,40.80635,-73.9468,Entire home/apt,821,1,1,3,88,0
15294943,21594748,Manhattan,Morningside Heights,40.8056,-73.96493,Private room,75,30,5,2,0,0
15297194,96341353,Staten Island,St. George,40.64196,-74.07806,Private room,50,1,108,3,327,31
15301748,94536810,Bronx,Bronxdale,40.85627,-73.86304,Private room,45,30,83,2,351,4
15301964,97441717,Brooklyn,Flatbush,40.65262,-73.96508,Private room,48,3,1,1,0,0
15302149,22225635,Brooklyn,Bushwick,40.68888,-73.91731,Private room,65,30,0,1,0,0
15307603,92195100,Bronx,Bronxdale,40.85172,-73.86706,Private room,42,30,113,1,0,0
15545469,14482375,Brooklyn,Greenpoint,40.72059,-73.94179,Private room,67,30,19,3,0,0
15522627,90771408,Brooklyn,Gowanus,40.66727,-73.99173,Private room,72,2,62,1,216,15
15310580,27336207,Manhattan,Gramercy,40.73709,-73.98091,Entire home/apt,120,30,9,2,0,0
15523119,96148809,Brooklyn,Bedford-Stuyvesant,40.68174,-73.93403,Entire home/apt,175,3,165,2,173,30
15527416,99804239,Queens,Elmhurst,40.74284,-73.88073,Private room,55,2,155,1,276,23
15311154,40317143,Queens,Maspeth,40.71964,-73.90658,Private room,39,30,38,6,156,0
15312128,97538710,Brooklyn,Fort Greene,40.69012,-73.97696,Private room,121,2,165,2,48,30
15314054,836168,Manhattan,Upper West Side,40.78058,-73.98098,Entire home/apt,1000,30,17,11,364,0
15314141,97552962,Brooklyn,Crown Heights,40.66654,-73.95205,Private room,100,30,0,1,0,0
15323284,2657430,Manhattan,Chelsea,40.74833,-74.00189,Private room,116,30,3,2,0,0
15324045,9049657,Brooklyn,Bushwick,40.68796,-73.9086,Entire home/apt,1143,1,217,1,326,17
15528972,99865195,Manhattan,Upper West Side,40.79889,-73.96186,Entire home/apt,345,30,84,1,365,0
15767826,22541573,Manhattan,Gramercy,40.73742,-73.98247,Entire home/apt,343,30,3,131,318,0
15548301,97521826,Brooklyn,Bedford-Stuyvesant,40.68799,-73.95835,Private room,90,30,1,1,0,0
15326243,97675538,Manhattan,Chelsea,40.74787,-73.9901,Entire home/apt,495,30,23,1,250,1
15939056,103450258,Queens,Kew Gardens Hills,40.71708211723268,-73.8159782747446,Entire home/apt,138,4,48,3,349,15
15549056,53301314,Manhattan,East Harlem,40.80867,-73.93974,Entire home/apt,240,3,129,1,180,39
15552901,84562269,Queens,Queens Village,40.72044,-73.75546,Private room,36,30,5,2,0,0
15561163,100202479,Brooklyn,Bedford-Stuyvesant,40.68665,-73.93007,Entire home/apt,101,3,133,1,16,16
15561421,51501835,Manhattan,Little Italy,40.71899,-73.99773,Entire home/apt,160,30,5,109,326,1
15564955,437960,Manhattan,Midtown,40.75989,-73.96609,Private room,230,30,4,1,0,0
15769077,101971358,Queens,East Elmhurst,40.76437944856293,-73.8635702646656,Entire home/apt,170,2,12,1,156,12
15769964,30283594,Manhattan,Hell's Kitchen,40.76153,-73.99878,Entire home/apt,369,30,3,95,353,1
15772447,90025899,Brooklyn,DUMBO,40.70355,-73.98492,Private room,156,2,277,1,32,71
15940176,1252820,Brooklyn,Williamsburg,40.71285,-73.96546,Private room,70,5,113,1,0,26
15940328,78619120,Queens,Astoria,40.77264,-73.92926,Entire home/apt,100,31,104,1,0,0
15772750,88895712,Brooklyn,Williamsburg,40.71817,-73.94376,Entire home/apt,185,7,33,2,76,15
15568616,6588016,Queens,Long Island City,40.76229,-73.92665,Entire home/apt,79,3,87,1,48,11
15569019,5159717,Brooklyn,Crown Heights,40.6752,-73.94208,Entire home/apt,95,30,5,1,30,3
15942573,100657919,Brooklyn,Prospect-Lefferts Gardens,40.66108,-73.94853,Entire home/apt,90,2,19,1,249,19
15570322,94308476,Queens,Rockaway Beach,40.58503,-73.8167,Entire home/apt,148,1,106,1,95,27
15576821,55948559,Bronx,Pelham Gardens,40.86473,-73.84078,Private room,44,1,169,5,5,7
15581667,25079418,Queens,Ditmars Steinway,40.77983,-73.92015,Entire home/apt,115,30,30,1,0,0
15943475,103434234,Manhattan,Upper West Side,40.77666,-73.98417,Entire home/apt,200,3,89,1,4,6
15581948,66602200,Brooklyn,Park Slope,40.67551,-73.97542,Private room,118,2,248,1,72,43
15583957,51501835,Manhattan,Little Italy,40.71899,-73.99773,Entire home/apt,160,30,6,109,310,2
15596539,1427352,Brooklyn,Bedford-Stuyvesant,40.69242,-73.92785,Private room,40,30,2,1,0,0
15943497,88043058,Brooklyn,Bedford-Stuyvesant,40.68997,-73.9547,Private room,51,1,165,3,286,70
15944313,4263511,Brooklyn,Flatbush,40.64001,-73.96244,Private room,42,30,1,1,0,0
15597600,1781401,Brooklyn,Bedford-Stuyvesant,40.68699,-73.93295,Entire home/apt,185,5,95,1,92,22
15598367,82854298,Queens,Cambria Heights,40.69741,-73.74228,Private room,47,30,63,2,0,0
15602953,68787921,Brooklyn,Bedford-Stuyvesant,40.68925,-73.92313,Private room,80,4,72,3,172,15
15603347,515095,Brooklyn,Carroll Gardens,40.67982,-73.99979,Private room,150,2,104,2,186,20
15604499,62605071,Brooklyn,Coney Island,40.57717,-73.99986,Private room,107,30,113,5,269,0
15774003,97657342,Brooklyn,Sheepshead Bay,40.60417,-73.95651,Entire home/apt,150,3,180,1,69,28
15948069,5162192,Manhattan,Upper West Side,40.79809,-73.96209,Entire home/apt,275,30,4,20,156,1
15949915,103545877,Staten Island,Oakwood,40.56052,-74.1289,Entire home/apt,100,30,2,1,0,0
15774266,102016115,Brooklyn,Windsor Terrace,40.64964,-73.9767,Entire home/apt,150,3,174,1,158,39
15604993,100593354,Brooklyn,Williamsburg,40.71355,-73.96567,Entire home/apt,150,30,16,1,0,0
15606875,96101938,Brooklyn,Bushwick,40.69415,-73.92532,Entire home/apt,88,3,28,1,0,2
15621557,6433320,Brooklyn,Bushwick,40.699,-73.92141,Private room,55,30,0,1,0,0
15952447,97148702,Brooklyn,Park Slope,40.67081,-73.97725,Entire home/apt,185,5,183,1,217,28
15774629,101883929,Brooklyn,Boerum Hill,40.6833,-73.98103,Entire home/apt,264,5,182,1,255,37
15781324,61842904,Brooklyn,Crown Heights,40.67893,-73.96362,Entire home/apt,120,30,7,4,14,0
15955297,103597496,Brooklyn,Brooklyn Heights,40.69651,-73.99288,Entire home/apt,200,30,0,1,0,0
15781521,24215329,Brooklyn,Bedford-Stuyvesant,40.68694,-73.92302,Private room,39,30,0,1,0,0
15783413,44498923,Queens,Sunnyside,40.74231,-73.92592,Entire home/apt,115,30,148,1,0,0
15635167,100829279,Manhattan,Midtown,40.76159,-73.96986,Entire home/apt,196,2,257,3,286,1
15956155,103605111,Queens,Woodside,40.74424,-73.89534,Private room,65,7,45,1,0,2
15956780,103611863,Brooklyn,Gravesend,40.5976,-73.96913,Private room,45,30,8,1,336,0
15641250,100896520,Brooklyn,Crown Heights,40.66643112940045,-73.95226849698084,Private room,178,1,1,1,362,1
15785088,102103075,Brooklyn,Clinton Hill,40.68089,-73.9629,Private room,206,2,393,1,0,59
15787037,83627325,Queens,Sunnyside,40.74478,-73.9184,Private room,139,30,3,4,0,0
15963664,21679450,Manhattan,Morningside Heights,40.80307,-73.95884,Private room,53,2,0,2,0,0
15964171,103678761,Manhattan,Kips Bay,40.74323,-73.97874,Entire home/apt,120,30,9,1,0,0
15787497,102122853,Queens,Ridgewood,40.69595,-73.90405,Private room,55,30,9,2,0,0
15641986,2984199,Manhattan,Financial District,40.705990994176105,-74.00897596614828,Entire home/apt,200,1,1,1,16,1
15964536,16460821,Brooklyn,Williamsburg,40.70837,-73.95487,Entire home/apt,139,30,2,1,0,0
15966974,19536090,Manhattan,SoHo,40.72658,-74.00248,Entire home/apt,375,6,25,1,258,5
15788312,101653570,Brooklyn,Williamsburg,40.70154,-73.95256,Private room,95,2,214,3,3,10
15789384,35667639,Manhattan,Gramercy,40.73188,-73.98284,Private room,153,30,6,1,0,0
15790071,20237633,Queens,Ridgewood,40.70626,-73.89985,Private room,50,30,13,1,0,0
15790640,66823224,Manhattan,Upper West Side,40.79527,-73.9705,Private room,95,2,225,1,169,60
15967392,102294498,Manhattan,East Harlem,40.79511,-73.9456,Entire home/apt,140,1,45,1,0,0
15790820,33924547,Brooklyn,Bedford-Stuyvesant,40.68807,-73.9543,Private room,45,30,0,1,0,0
15643425,11742138,Brooklyn,Flatbush,40.63741,-73.96691,Entire home/apt,399,4,10,1,64,3
15646586,4181677,Brooklyn,Williamsburg,40.71366,-73.96557,Entire home/apt,270,2,5,1,0,0
15647143,531006,Manhattan,Upper West Side,40.79027,-73.96777,Entire home/apt,215,30,9,1,0,0
15648008,18727732,Brooklyn,Williamsburg,40.71761,-73.94182,Entire home/apt,239,3,25,1,1,10
15968041,57574248,Manhattan,Midtown,40.75375,-73.97316,Hotel room,150,3,0,3,0,0
15969964,41471799,Brooklyn,Bushwick,40.70566,-73.92252,Entire home/apt,115,30,3,1,0,0
15971342,43936824,Manhattan,Upper East Side,40.78141,-73.9526,Private room,65,30,16,1,0,0
15654668,101038839,Brooklyn,Boerum Hill,40.68837,-73.99013,Entire home/apt,600,60,3,1,148,0
15659634,8977158,Brooklyn,Cobble Hill,40.68455,-73.99739,Entire home/apt,350,2,278,2,277,59
15659791,1475015,Manhattan,Midtown,40.75087,-73.9717,Entire home/apt,120,30,8,6,313,5
15661467,101110337,Manhattan,Kips Bay,40.73789,-73.97389,Private room,165,30,45,2,0,0
15797728,28189446,Staten Island,Eltingville,40.5425,-74.14809,Entire home/apt,85,5,126,1,308,18
15798809,102218558,Queens,Jackson Heights,40.75376,-73.88555,Private room,90,30,60,1,0,0
15974141,45404805,Queens,Astoria,40.7679,-73.93111,Hotel room,100,30,1,1,339,0
15799340,61841390,Brooklyn,Sheepshead Bay,40.5989,-73.94924,Entire home/apt,300,30,90,1,66,0
15800923,25495114,Manhattan,East Village,40.72891,-73.98101,Entire home/apt,178,30,22,1,0,0
15662010,39605842,Queens,Flushing,40.75472,-73.82304,Private room,32,30,23,1,324,3
15663513,68094795,Manhattan,Upper East Side,40.76643,-73.96124,Entire home/apt,225,3,131,3,3,20
15663543,48498971,Brooklyn,Crown Heights,40.67822,-73.95259,Entire home/apt,170,30,2,1,0,0
15974157,1753251,Queens,Jackson Heights,40.75066,-73.87915,Entire home/apt,100,30,5,1,249,0
15983444,103850896,Brooklyn,Williamsburg,40.71774,-73.94466,Private room,60,30,5,2,0,0
15663586,101131690,Manhattan,Hell's Kitchen,40.75819,-73.99315,Entire home/apt,175,2,30,1,0,0
15663646,844442,Brooklyn,Williamsburg,40.70884,-73.94381,Private room,115,30,0,1,0,0
15664037,22067387,Manhattan,Chelsea,40.73857,-73.99001,Entire home/apt,118,30,23,1,0,0
15801194,12495861,Manhattan,Upper West Side,40.80084,-73.96706,Private room,200,30,0,1,0,0
15801420,30283594,Manhattan,Midtown,40.765633,-73.982376,Entire home/apt,619,30,1,95,362,0
15984984,9737900,Brooklyn,Clinton Hill,40.68443,-73.96432,Entire home/apt,166,3,67,1,6,14
15802947,102251846,Brooklyn,Boerum Hill,40.68709,-73.98552,Entire home/apt,250,2,252,1,150,32
15985264,103862923,Brooklyn,Greenpoint,40.72557,-73.95309,Entire home/apt,78,30,23,1,0,0
15665120,82878914,Queens,Ditmars Steinway,40.77314,-73.91524,Private room,40,1,0,1,0,0
15987217,103883083,Brooklyn,Flatbush,40.64716,-73.96092,Private room,33,30,1,1,0,0
15665152,19282734,Brooklyn,Bedford-Stuyvesant,40.68299,-73.92065,Entire home/apt,135,30,136,1,0,0
15815905,55149412,Manhattan,Lower East Side,40.71249,-73.98664,Entire home/apt,300,30,86,1,327,0
15816784,20241220,Brooklyn,Bedford-Stuyvesant,40.6826,-73.92183,Private room,50,30,0,1,0,0
15989547,7380558,Brooklyn,Bedford-Stuyvesant,40.68553,-73.95064,Private room,45,30,9,1,0,0
15989608,6049738,Manhattan,East Village,40.73038,-73.98677,Private room,76,30,4,2,0,0
15990051,31175000,Brooklyn,Bedford-Stuyvesant,40.6848,-73.93873,Entire home/apt,360,3,13,3,159,1
15992078,15679125,Manhattan,Hell's Kitchen,40.75493,-73.9927,Shared room,157,1,16,1,357,5
15817291,102383709,Manhattan,Harlem,40.82953,-73.94923,Private room,74,7,219,2,222,28
15818624,18192430,Brooklyn,Fort Greene,40.69546,-73.97479,Private room,60,30,53,1,0,0
15672618,22963797,Brooklyn,Williamsburg,40.71029,-73.96767,Private room,153,2,150,1,278,50
15672772,2394687,Brooklyn,Bedford-Stuyvesant,40.69868,-73.95288,Entire home/apt,125,30,1,1,0,0
15997880,103981529,Queens,Astoria,40.76398,-73.92851,Entire home/apt,53,30,9,1,0,0
15675520,100671934,Manhattan,Greenwich Village,40.73139,-73.99515,Entire home/apt,355,30,12,1,170,2
15819665,30593595,Brooklyn,Bushwick,40.68364,-73.90698,Entire home/apt,118,5,188,1,79,27
15825854,13454974,Manhattan,Kips Bay,40.74545,-73.97877,Entire home/apt,309,5,20,1,172,7
16000062,4366974,Brooklyn,Prospect Heights,40.67361,-73.9634,Entire home/apt,225,30,0,1,0,0
15827516,102478101,Manhattan,Hell's Kitchen,40.76166,-73.99975,Entire home/apt,289,30,4,1,0,0
15827829,51501835,Manhattan,Upper East Side,40.78118,-73.95306,Entire home/apt,115,30,8,109,251,4
15830677,61391963,Manhattan,Upper East Side,40.77877,-73.95469,Entire home/apt,142,30,1,116,159,0
15678122,11262790,Brooklyn,Greenpoint,40.72438,-73.94853,Private room,58,30,3,1,0,0
16004740,17108681,Manhattan,Upper East Side,40.77667,-73.95038,Entire home/apt,165,30,13,1,0,0
16004776,7051379,Brooklyn,Downtown Brooklyn,40.69693,-73.98437,Private room,100,3,198,1,21,37
15678385,101267763,Brooklyn,Flatlands,40.61638,-73.92514,Entire home/apt,117,1,36,1,344,36
15678623,3137269,Brooklyn,Crown Heights,40.67615,-73.93013,Entire home/apt,130,30,7,1,0,0
15831005,102500495,Brooklyn,East Flatbush,40.66101,-73.93419,Entire home/apt,329,31,182,1,0,0
15833015,18351549,Manhattan,West Village,40.73484,-74.00143,Entire home/apt,175,30,3,1,0,0
15833574,102526590,Staten Island,Castleton Corners,40.61883,-74.12949,Entire home/apt,69,3,69,1,0,1
15835247,7455706,Manhattan,East Village,40.72225,-73.97686,Private room,49,30,24,2,0,0
15839085,102482048,Brooklyn,Bushwick,40.68378,-73.90723,Private room,45,2,89,6,220,35
16005348,5146,Manhattan,Midtown,40.75366,-73.97186,Entire home/apt,835,2,2,1,0,2
16005960,104060705,Manhattan,Chinatown,40.71644,-73.99727,Entire home/apt,110,30,4,1,108,0
15841513,8439929,Brooklyn,Williamsburg,40.71437,-73.94475,Entire home/apt,206,4,49,1,69,26
15843543,8096412,Brooklyn,Williamsburg,40.71657,-73.95549,Entire home/apt,276,7,7,1,0,7
15686751,48282875,Brooklyn,Williamsburg,40.70534,-73.94261,Private room,55,3,4,2,0,0
15702021,9864136,Brooklyn,Bushwick,40.68669,-73.91333,Private room,45,30,2,28,250,0
15702587,759883,Manhattan,Chelsea,40.74406,-74.00034,Entire home/apt,200,30,0,2,190,0
15703294,1446988,Manhattan,Gramercy,40.7336,-73.98637,Entire home/apt,140,30,13,1,0,0
16011595,24404906,Brooklyn,Williamsburg,40.71159,-73.95372,Entire home/apt,120,30,1,1,0,0
16012941,8531067,Manhattan,Upper West Side,40.79338,-73.97176,Entire home/apt,250,30,2,1,0,0
16015571,39261381,Brooklyn,Flatlands,40.6243,-73.93449,Shared room,22,30,33,1,157,7
15706863,101435219,Brooklyn,Bedford-Stuyvesant,40.69075,-73.93261,Entire home/apt,195,2,164,2,198,36
15713028,101113595,Brooklyn,Bedford-Stuyvesant,40.67955,-73.94073,Private room,69,30,2,1,0,0
15715486,4075380,Brooklyn,Williamsburg,40.71497,-73.96214,Entire home/apt,179,30,3,1,125,0
15844782,4702833,Brooklyn,Windsor Terrace,40.65677,-73.98216,Entire home/apt,100,4,148,1,89,22
16019792,104188124,Brooklyn,East Flatbush,40.63299,-73.94159,Entire home/apt,54,30,86,1,56,7
15845215,76536839,Queens,Jackson Heights,40.75106,-73.89411,Entire home/apt,99,30,204,1,334,0
15845669,21444167,Bronx,Kingsbridge,40.88169,-73.90691,Entire home/apt,92,30,75,2,298,1
15716633,22118802,Brooklyn,Bushwick,40.69864,-73.92336,Private room,90,30,3,1,0,0
15717652,101529107,Brooklyn,Williamsburg,40.71078,-73.96446,Entire home/apt,150,30,1,1,0,0
16026567,13394035,Brooklyn,Williamsburg,40.70768,-73.94325,Private room,44,30,92,1,0,0
15847347,78832142,Manhattan,Upper East Side,40.7800871141279,-73.9479328669789,Entire home/apt,285,2,2,1,333,0
15851599,48815188,Manhattan,Greenwich Village,40.73288,-73.99855,Entire home/apt,235,365,15,1,0,0
16027606,104262874,Brooklyn,Bedford-Stuyvesant,40.67816,-73.92536,Shared room,41,4,17,1,0,0
16029078,45628363,Manhattan,Inwood,40.86674,-73.92249,Private room,80,30,0,2,74,0
16031639,3559865,Brooklyn,Bedford-Stuyvesant,40.69034,-73.94922,Entire home/apt,434,3,42,1,284,13
16037130,11402865,Manhattan,Greenwich Village,40.72849,-74.00143,Entire home/apt,130,30,3,1,0,0
16037576,85294325,Manhattan,Upper East Side,40.77322,-73.95633,Private room,80,30,19,1,0,0
15854348,102731382,Manhattan,Lower East Side,40.71227,-73.99096,Entire home/apt,300,30,75,1,94,5
15854548,1939376,Brooklyn,Clinton Hill,40.68776,-73.96131,Private room,44,30,37,1,105,4
15855156,40503875,Queens,Astoria,40.7597,-73.90977,Private room,50,30,109,1,0,0
15720621,101557399,Brooklyn,East Flatbush,40.64221,-73.93982,Entire home/apt,101,2,98,1,230,26
16039453,86887132,Queens,Jamaica,40.69343,-73.78236,Entire home/apt,128,1,54,2,360,21
16040229,10812002,Manhattan,Upper West Side,40.76778,-73.98269,Private room,130,30,2,1,0,0
15721376,69652097,Manhattan,Upper West Side,40.80113,-73.97297,Entire home/apt,175,30,7,1,0,0
15721847,909710,Brooklyn,Williamsburg,40.70783,-73.95225,Private room,49,30,17,1,0,0
15723889,1486224,Manhattan,Upper East Side,40.76892,-73.9617,Entire home/apt,150,30,6,1,0,0
15855646,5192686,Brooklyn,Prospect-Lefferts Gardens,40.65593,-73.95623,Private room,55,30,104,2,0,0
16053121,104400415,Manhattan,Morningside Heights,40.80351,-73.96288,Entire home/apt,85,30,9,1,0,0
15726990,15600805,Manhattan,Chelsea,40.7396,-73.99934,Entire home/apt,265,30,2,1,0,0
15728780,148108,Manhattan,Lower East Side,40.72081,-73.9898,Entire home/apt,295,30,45,2,171,0
16054732,4233535,Brooklyn,Bedford-Stuyvesant,40.68412,-73.95853,Private room,35,30,0,1,0,0
16055176,2407821,Manhattan,East Village,40.72613,-73.9829,Entire home/apt,150,7,36,1,0,0
15732405,101643312,Queens,Bellerose,40.73015,-73.73872,Entire home/apt,300,30,0,2,180,0
15857118,102754726,Brooklyn,Bedford-Stuyvesant,40.68373,-73.93885,Entire home/apt,320,2,80,2,158,27
16055506,104558512,Queens,Maspeth,40.7301,-73.89931,Entire home/apt,113,4,116,1,128,4
15857259,26556695,Manhattan,Midtown,40.76183,-73.97341,Private room,2799,2,9,6,360,4
15857334,26556695,Manhattan,Midtown,40.76239,-73.97498,Private room,1699,2,31,6,361,16
15858694,23309908,Brooklyn,Greenpoint,40.72764,-73.95304,Entire home/apt,210,30,3,1,94,3
15732778,3398280,Brooklyn,Prospect-Lefferts Gardens,40.65761,-73.96116,Private room,80,20,17,2,39,7
15732919,101643312,Queens,Bellerose,40.72956,-73.73504,Private room,129,30,0,2,90,0
16062739,104626152,Brooklyn,Bedford-Stuyvesant,40.68742,-73.95463,Private room,171,30,3,4,0,0
16063885,83278784,Manhattan,Harlem,40.80686,-73.95387,Entire home/apt,150,2,121,1,288,32
15733438,2908180,Manhattan,East Harlem,40.788902,-73.943016,Private room,100,5,108,1,100,33
15733832,101653570,Brooklyn,Bedford-Stuyvesant,40.68867,-73.94935,Private room,89,2,245,3,8,8
15734793,101653570,Brooklyn,Bedford-Stuyvesant,40.68848,-73.95602,Private room,95,2,225,3,7,14
15739930,44706272,Brooklyn,Williamsburg,40.70677,-73.95639,Private room,45,30,4,1,0,0
15742916,8881924,Manhattan,Chinatown,40.71635,-73.99875,Entire home/apt,150,30,7,1,0,0
15858847,8715723,Manhattan,Harlem,40.80816,-73.95487,Private room,98,1,182,1,251,0
15861331,1260413,Brooklyn,Williamsburg,40.71363,-73.94316,Private room,108,5,64,3,0,25
15866496,9193762,Brooklyn,Bedford-Stuyvesant,40.69539,-73.93263,Private room,35,30,1,1,0,0
15867800,36669277,Brooklyn,Williamsburg,40.71817,-73.96462,Private room,105,30,38,1,0,0
16066223,1713011,Manhattan,Inwood,40.86777,-73.92879,Entire home/apt,70,10,20,1,0,0
16066943,15448039,Manhattan,Lower East Side,40.72079,-73.99052,Entire home/apt,385,6,9,2,305,5
15868818,21285855,Brooklyn,Bedford-Stuyvesant,40.6962,-73.94853,Entire home/apt,407,2,20,1,64,20
15870454,51501835,Manhattan,Hell's Kitchen,40.76411,-73.99371,Entire home/apt,125,30,8,109,250,1
15743877,3975734,Brooklyn,Clinton Hill,40.68049,-73.96078,Entire home/apt,165,30,0,2,90,0
15746736,101772343,Brooklyn,Williamsburg,40.71749,-73.9541,Entire home/apt,200,44,15,1,0,1
15752081,17152076,Manhattan,Harlem,40.82915,-73.94951,Entire home/apt,500,1,0,4,364,0
15757847,24867105,Queens,Ditmars Steinway,40.77239,-73.90925,Private room,75,30,0,1,0,0
15758526,9718720,Brooklyn,Williamsburg,40.71951,-73.9572,Entire home/apt,350,30,20,1,291,1
16067542,31378,Brooklyn,Crown Heights,40.66952,-73.96184,Private room,110,30,11,2,3,0
16069120,8455543,Manhattan,Chelsea,40.74271,-73.99956,Entire home/apt,699,5,8,1,18,2
15874245,48961085,Queens,Astoria,40.76298,-73.92526,Private room,88,30,7,1,0,0
16070567,104698038,Brooklyn,Bushwick,40.70483,-73.92649,Private room,75,30,7,1,64,0
15874733,54634134,Manhattan,Upper West Side,40.79369,-73.96663,Private room,260,30,1,1,0,0
15758553,14258860,Brooklyn,Williamsburg,40.71844,-73.95284,Entire home/apt,200,30,1,1,0,0
16071397,7555939,Manhattan,Gramercy,40.73255,-73.98234,Private room,65,5,7,1,0,0
16072472,104721305,Queens,Kew Gardens Hills,40.7281,-73.82613,Private room,140,30,0,2,180,0
16140940,105315535,Brooklyn,Prospect Heights,40.67389,-73.96547,Entire home/apt,243,30,7,1,309,0
16145871,30826993,Brooklyn,Park Slope,40.67472,-73.98463,Entire home/apt,250,30,55,1,0,0
16079946,104787732,Manhattan,Harlem,40.8169784,-73.9440991,Entire home/apt,140,30,0,1,181,0
16147001,35093829,Brooklyn,Williamsburg,40.71471,-73.93803,Entire home/apt,120,30,11,1,0,0
16147405,32545798,Brooklyn,Williamsburg,40.71316,-73.96089,Private room,53,30,7,5,0,0
16148036,94536810,Bronx,Bronxdale,40.85669,-73.86511,Private room,45,30,40,2,243,2
15875061,73175609,Brooklyn,Windsor Terrace,40.65917,-73.97988,Entire home/apt,163,30,32,1,0,0
15882274,56551795,Manhattan,Upper West Side,40.79405,-73.96479,Entire home/apt,160,30,1,1,0,0
16081021,9563496,Queens,Ridgewood,40.70966,-73.9145,Private room,69,30,0,1,0,0
16157731,105461266,Brooklyn,Boerum Hill,40.68946,-73.99171,Entire home/apt,250,30,94,1,280,2
16158270,105310740,Brooklyn,Bedford-Stuyvesant,40.68317,-73.95157,Entire home/apt,91,30,17,3,30,6
16158343,105465646,Brooklyn,East Flatbush,40.65404,-73.93675,Entire home/apt,482,1,5,1,341,5
16081134,24630962,Brooklyn,Williamsburg,40.70628,-73.94968,Private room,33,30,17,1,0,0
16082923,29474145,Queens,Arverne,40.59023,-73.80071,Entire home/apt,100,2,58,1,62,4
16161688,415660,Brooklyn,Williamsburg,40.71386,-73.96595,Private room,80,30,9,3,37,0
16162247,88384901,Brooklyn,South Slope,40.66518,-73.98642,Private room,145,30,0,1,0,0
15894242,1683860,Manhattan,East Village,40.72355,-73.97608,Entire home/apt,220,30,9,1,124,3
15896468,2089329,Manhattan,East Harlem,40.79251,-73.93976,Entire home/apt,250,3,7,1,0,0
15900336,70260210,Manhattan,Midtown,40.75172,-73.98526,Private room,135,30,3,1,0,0
16083752,104821930,Manhattan,Upper East Side,40.77018,-73.9505,Entire home/apt,120,30,9,1,0,0
15911729,19900030,Manhattan,Battery Park City,40.70932,-74.01779,Entire home/apt,200,90,0,1,266,0
15913986,2270624,Manhattan,Harlem,40.81469,-73.95149,Entire home/apt,150,4,25,2,0,7
15915176,20518729,Brooklyn,Williamsburg,40.7038,-73.94248,Private room,74,30,14,2,0,0
15926876,103345244,Bronx,Kingsbridge,40.88516,-73.90487,Private room,70,30,1,2,0,0
15927071,529412,Manhattan,Chelsea,40.74114,-73.99987,Entire home/apt,125,30,57,1,0,4
15927523,103349564,Brooklyn,Williamsburg,40.71489,-73.96617,Entire home/apt,183,3,79,1,0,9
15928001,61391963,Manhattan,Upper East Side,40.77934,-73.95668,Entire home/apt,133,30,22,116,69,4
15928635,278393,Brooklyn,Bushwick,40.69825,-73.92433,Private room,40,30,131,3,296,1
16162621,104781467,Brooklyn,Williamsburg,40.7128,-73.94964,Entire home/apt,199,30,0,1,0,0
16163725,68544687,Manhattan,Nolita,40.72468,-73.99515,Entire home/apt,225,30,3,1,0,0
16164264,15588382,Manhattan,Nolita,40.72079,-73.99434,Private room,85,20,92,1,0,0
16164399,1538057,Brooklyn,Bushwick,40.69646,-73.93349,Entire home/apt,200,30,56,1,0,0
16164856,12610226,Manhattan,East Village,40.72552,-73.97941,Entire home/apt,130,30,8,1,0,0
16166989,4936720,Brooklyn,Williamsburg,40.71637,-73.9548,Private room,78,30,99,2,0,0
16171595,105162882,Manhattan,Upper West Side,40.80062,-73.96038,Private room,110,30,1,1,0,0
16085004,11206175,Queens,Maspeth,40.72346,-73.90615,Private room,46,30,15,2,142,0
16085206,61391963,Manhattan,Kips Bay,40.74207,-73.97863,Entire home/apt,199,30,8,116,74,4
16085227,9195264,Brooklyn,Williamsburg,40.72053,-73.95541,Entire home/apt,150,30,13,1,0,0
16095062,104911818,Brooklyn,Clinton Hill,40.6944,-73.9662,Private room,225,365,1,1,0,0
16095115,62828813,Manhattan,Lower East Side,40.71381,-73.98806,Private room,121,3,50,2,0,0
15928835,7265110,Manhattan,Harlem,40.80728,-73.95455,Entire home/apt,130,4,67,1,86,22
16099992,48258863,Queens,Jamaica Estates,40.72021,-73.79809,Private room,45,30,1,2,261,1
16100652,88191,Brooklyn,Carroll Gardens,40.67878,-73.9977,Entire home/apt,290,30,3,1,0,0
16101054,13224803,Manhattan,Kips Bay,40.74272,-73.98002,Entire home/apt,179,31,53,1,0,0
16101910,28867552,Brooklyn,Brooklyn Heights,40.69996,-73.99339,Entire home/apt,450,4,3,1,0,3
16112503,105056232,Manhattan,Greenwich Village,40.73247,-73.99555,Entire home/apt,300,30,0,1,0,0
15928889,103273584,Brooklyn,Bushwick,40.69297,-73.92659,Private room,900,30,3,1,0,0
15929281,1810885,Manhattan,East Village,40.72666,-73.97794,Private room,100,3,64,3,56,0
15931762,51035062,Brooklyn,Bedford-Stuyvesant,40.69519,-73.94324,Private room,200,30,0,1,0,0
16112663,93742479,Manhattan,Upper East Side,40.77328,-73.94602,Entire home/apt,250,30,11,1,0,0
16122024,66915031,Manhattan,Washington Heights,40.8457,-73.93601,Private room,80,2,110,2,53,54
16122082,7245581,Manhattan,Washington Heights,40.83467,-73.94056,Entire home/apt,69,150,7,19,219,0
16122223,3740293,Manhattan,Upper West Side,40.78685,-73.97643,Private room,60,30,1,1,0,0
16123943,104661811,Staten Island,Arrochar,40.59434,-74.0709,Private room,350,30,14,1,89,0
15932054,103392673,Queens,Astoria,40.75836,-73.92828,Private room,68,30,127,4,61,4
15936167,46707487,Brooklyn,Williamsburg,40.70848,-73.94405,Private room,100,2,181,2,100,57
15937310,38294216,Queens,South Ozone Park,40.66705,-73.81233,Private room,51,20,13,2,355,3
15938836,103450258,Queens,Briarwood,40.71561,-73.81844,Entire home/apt,138,4,31,3,338,11
16269161,104626152,Brooklyn,Bedford-Stuyvesant,40.68807,-73.95545,Private room,171,30,1,4,0,0
16269344,92321381,Brooklyn,Fort Greene,40.69306,-73.97153,Entire home/apt,181,30,4,1,100,1
16172073,105572605,Brooklyn,Flatbush,40.64701,-73.96012,Entire home/apt,100,2,51,1,1,0
16172162,72808547,Manhattan,Harlem,40.80987,-73.94299,Entire home/apt,99,30,26,1,0,0
16172498,102383709,Manhattan,Harlem,40.83017,-73.94945,Private room,74,7,186,2,257,25
16174233,9293730,Manhattan,Upper East Side,40.76947,-73.95647,Entire home/apt,201,30,22,37,225,3
16133543,105239473,Brooklyn,Cypress Hills,40.68292,-73.89325,Private room,58,3,29,1,0,0
16174929,22432953,Brooklyn,Williamsburg,40.70631,-73.94833,Private room,49,30,3,1,0,0
16175740,105074140,Queens,Flushing,40.75981,-73.80466,Private room,50,30,69,4,0,0
16177837,61391963,Manhattan,Kips Bay,40.74167,-73.98116,Entire home/apt,162,30,16,116,361,2
16180645,103392673,Queens,Astoria,40.75942,-73.92634,Private room,59,30,115,4,61,7
16180783,6338496,Queens,Middle Village,40.71023,-73.87806,Entire home/apt,88,364,0,1,0,0
16181190,103392673,Queens,Astoria,40.75897,-73.92616,Private room,58,30,88,4,62,2
16271281,46382018,Manhattan,Lower East Side,40.71838,-73.99227,Entire home/apt,90,30,0,1,0,0
16271818,10263854,Manhattan,Nolita,40.71979,-73.99446,Entire home/apt,225,3,36,1,236,3
16273510,51501835,Manhattan,Hell's Kitchen,40.76411,-73.99371,Entire home/apt,150,30,11,109,262,0
16366744,107040079,Brooklyn,Crown Heights,40.66596,-73.94021,Private room,65,6,94,2,286,16
16182780,105668518,Manhattan,Washington Heights,40.84178,-73.93721,Private room,68,3,15,1,0,8
16185252,105687783,Manhattan,Upper West Side,40.7709,-73.98145,Entire home/apt,90,30,1,1,5,0
16367064,11511386,Manhattan,Chinatown,40.71736,-74.00021,Private room,100,30,1,1,0,0
16186828,563530,Bronx,Kingsbridge,40.8632,-73.90496,Private room,80,30,0,1,0,0
16190110,19238497,Brooklyn,Flatbush,40.65371,-73.9595,Private room,30,30,8,1,0,0
16274061,104228825,Manhattan,Upper West Side,40.80132,-73.9717,Entire home/apt,130,30,9,1,249,1
16367772,38679669,Manhattan,Upper West Side,40.80186,-73.9663,Private room,46,30,0,1,0,0
16368328,107158006,Manhattan,Harlem,40.82343,-73.93897,Private room,40,30,150,1,0,0
16274717,33069397,Manhattan,Roosevelt Island,40.76185,-73.9499,Private room,40,30,1,1,0,0
16190902,32084117,Manhattan,Chelsea,40.74154,-74.0014,Entire home/apt,388,30,209,2,186,24
16368793,106634512,Queens,Ridgewood,40.69868,-73.89772,Entire home/apt,98,4,166,3,76,38
16191889,12943509,Brooklyn,Williamsburg,40.7125,-73.93952,Private room,40,30,0,1,0,0
16274854,106407359,Manhattan,Harlem,40.80479,-73.95583,Private room,38,2,130,1,0,0
16370096,16627758,Brooklyn,Bedford-Stuyvesant,40.68599,-73.95737,Private room,31,30,3,1,0,0
16275257,23055253,Brooklyn,Bushwick,40.69834,-73.92923,Private room,54,30,2,2,0,0
16192835,47453782,Brooklyn,Williamsburg,40.70525,-73.93142,Entire home/apt,175,2,49,1,0,0
16194283,40532977,Brooklyn,Bedford-Stuyvesant,40.67961,-73.91248,Private room,67,14,20,2,111,3
16374783,697678,Brooklyn,Bedford-Stuyvesant,40.67964,-73.94728,Entire home/apt,119,30,6,1,0,0
16376497,81190209,Manhattan,East Village,40.72984,-73.98066,Private room,110,30,1,1,0,0
16194651,105762561,Queens,Jamaica,40.67908,-73.77202,Entire home/apt,125,30,49,3,281,0
16199608,312722,Brooklyn,Williamsburg,40.70868,-73.95322,Private room,50,30,5,3,343,1
16201959,67523,Brooklyn,Bedford-Stuyvesant,40.68871,-73.9377,Entire home/apt,99,6,121,1,0,21
16204899,103392673,Queens,Astoria,40.75951,-73.9268,Private room,64,30,141,4,62,5
16205219,28365672,Manhattan,Morningside Heights,40.80902,-73.95764,Private room,55,30,1,1,0,0
16276294,32625342,Bronx,Kingsbridge,40.88376,-73.90436,Private room,30,30,12,2,0,0
16282085,54342301,Brooklyn,Crown Heights,40.67742,-73.95042,Entire home/apt,300,30,11,1,0,0
16283830,49883421,Manhattan,Lower East Side,40.72055,-73.99213,Entire home/apt,139,4,8,1,0,0
16284730,13490820,Brooklyn,Williamsburg,40.70919,-73.94777,Private room,40,3,3,1,0,0
16377144,7310057,Queens,Astoria,40.7685,-73.92066,Private room,69,7,7,1,0,0
16378007,53179388,Manhattan,Midtown,40.75164,-73.9698,Entire home/apt,190,30,4,3,0,0
16205272,104238268,Manhattan,Harlem,40.81482,-73.94762,Entire home/apt,205,30,16,2,0,0
16205431,7618966,Manhattan,Nolita,40.72198,-73.99467,Entire home/apt,387,30,0,1,0,0
16378313,58877492,Manhattan,Hell's Kitchen,40.76416,-73.98965,Entire home/apt,190,4,1,1,0,0
16206887,43754478,Brooklyn,Bedford-Stuyvesant,40.69733,-73.94757,Private room,51,30,5,1,0,0
16378562,20692024,Manhattan,Upper East Side,40.75988,-73.96154,Entire home/apt,105,30,7,1,0,0
16380794,107294313,Brooklyn,Bay Ridge,40.63698,-74.026,Private room,229,2,174,1,263,27
16212767,6082745,Manhattan,Upper West Side,40.78537,-73.9729,Entire home/apt,149,30,19,1,97,0
16213157,50760546,Manhattan,Midtown,40.75105,-73.98256,Entire home/apt,139,30,2,31,140,0
16213608,83627325,Queens,Sunnyside,40.74564,-73.91648,Private room,109,30,6,4,0,0
16381008,107296819,Manhattan,East Harlem,40.79581,-73.9373,Entire home/apt,143,1,285,3,79,55
16385859,8571056,Manhattan,Inwood,40.86556,-73.92386,Entire home/apt,50,30,4,1,0,0
16389354,107136259,Brooklyn,Williamsburg,40.70563,-73.94878,Entire home/apt,199,30,1,1,0,0
16389531,9270927,Manhattan,East Village,40.72538,-73.98914,Entire home/apt,153,30,0,1,0,0
16390105,2455580,Brooklyn,Fort Greene,40.68708,-73.97322,Entire home/apt,225,30,0,1,0,0
16213746,67219489,Manhattan,Inwood,40.86801,-73.92233,Private room,60,1,0,1,219,0
16285996,26765580,Brooklyn,Bedford-Stuyvesant,40.6861,-73.95089,Entire home/apt,110,30,110,1,69,0
16288234,106546614,Brooklyn,Bedford-Stuyvesant,40.68318,-73.94147,Private room,35,30,0,1,0,0
16390233,107366016,Brooklyn,Bushwick,40.70213,-73.92449,Private room,45,4,76,1,0,0
16390662,106291193,Queens,Flushing,40.74014,-73.82675,Private room,35,30,0,1,0,0
16219145,40721357,Brooklyn,Fort Greene,40.68842,-73.97273,Entire home/apt,99,30,46,1,0,0
16391952,17764574,Brooklyn,Brooklyn Heights,40.69782,-73.99366,Private room,60,30,0,1,0,0
16392756,5895282,Manhattan,Greenwich Village,40.73323,-73.99558,Entire home/apt,125,30,9,1,0,0
16393191,16677326,Manhattan,Chelsea,40.74865,-73.99565,Private room,93,1,175,22,338,62
16393395,16677326,Manhattan,Chelsea,40.748646,-73.995651,Private room,109,1,233,22,341,73
16393500,23099342,Brooklyn,Fort Greene,40.68532,-73.97356,Private room,55,30,2,1,0,0
16220003,61549491,Manhattan,Washington Heights,40.8374,-73.94762,Entire home/apt,165,5,5,1,58,5
16289102,92493393,Staten Island,West Brighton,40.63304,-74.11275,Private room,65,2,55,3,151,5
16289292,3018866,Manhattan,East Village,40.73208,-73.98981,Entire home/apt,425,30,0,1,0,0
16289576,10795846,Manhattan,Upper West Side,40.7891,-73.97485,Private room,80,30,49,2,0,0
16289973,92493393,Staten Island,West Brighton,40.63189,-74.11308,Private room,65,2,103,3,235,13
16394440,47817193,Brooklyn,Fort Greene,40.68526,-73.96874,Private room,100,30,2,1,0,0
16296678,75918061,Brooklyn,Crown Heights,40.67645,-73.95071,Entire home/apt,150,5,64,1,6,8
16297779,106627653,Manhattan,Chelsea,40.74938,-74.00095,Entire home/apt,525,30,9,1,0,0
16298489,47675184,Brooklyn,Bedford-Stuyvesant,40.69183,-73.94781,Private room,35,30,7,1,0,0
16224408,1354727,Queens,Astoria,40.77439,-73.93561,Private room,72,1,211,4,121,58
16394488,94027304,Brooklyn,Williamsburg,40.71544,-73.95584,Private room,98,3,5,1,0,0
16226031,106030531,Manhattan,Morningside Heights,40.8149,-73.95976,Entire home/apt,110,30,1,1,0,0
16394608,37236633,Brooklyn,Bedford-Stuyvesant,40.68368,-73.93412,Private room,30,30,2,1,0,0
16226066,29314677,Brooklyn,Sunset Park,40.64852,-73.99972,Private room,67,1,144,1,0,0
16226219,59101644,Brooklyn,Williamsburg,40.71705,-73.94799,Entire home/apt,293,3,79,2,123,27
16394824,107398940,Manhattan,West Village,40.72895,-74.00305,Entire home/apt,150,30,2,1,0,0
16226514,105346006,Manhattan,Harlem,40.82172,-73.94796,Private room,80,30,0,1,0,0
16298529,30532557,Brooklyn,Bushwick,40.69972,-73.9315,Private room,40,30,2,26,34,0
16298719,106634224,Brooklyn,Bedford-Stuyvesant,40.69434,-73.94374,Private room,54,30,4,2,0,0
16298763,106634512,Queens,Ridgewood,40.69989,-73.89797,Entire home/apt,103,4,158,3,50,30
16299489,30532557,Brooklyn,Bushwick,40.69969,-73.93285,Private room,44,30,3,26,111,1
16396119,52780335,Manhattan,Washington Heights,40.84111,-73.93665,Entire home/apt,65,30,14,1,0,0
16396241,107412747,Brooklyn,Williamsburg,40.71075,-73.9534,Entire home/apt,250,30,192,2,340,6
16396507,1175504,Manhattan,Kips Bay,40.74088,-73.97881,Entire home/apt,111,4,2,1,0,0
16396640,107416436,Manhattan,Upper East Side,40.77838,-73.94887,Private room,82,30,1,1,0,0
16300644,22919533,Brooklyn,Williamsburg,40.71155,-73.96059,Private room,93,30,71,1,0,0
16301464,66271966,Manhattan,Hell's Kitchen,40.76912,-73.98899,Entire home/apt,95,30,4,1,0,0
16301899,5865860,Manhattan,Midtown,40.75509,-73.96958,Private room,75,2,2,1,0,0
16302869,27951037,Queens,Ditmars Steinway,40.77656,-73.90929,Entire home/apt,79,150,95,1,0,1
16227237,1914516,Brooklyn,Williamsburg,40.71146,-73.95959,Entire home/apt,149,30,3,1,0,0
16227620,3548768,Brooklyn,Greenpoint,40.7252,-73.94085,Entire home/apt,120,30,1,1,0,0
16227708,106043391,Brooklyn,Greenpoint,40.72765,-73.94404,Private room,60,30,0,1,0,0
16229170,185745,Manhattan,Lower East Side,40.71415,-73.98999,Entire home/apt,214,2,90,2,285,48
16229585,2279300,Manhattan,Greenwich Village,40.72998,-74.00157,Entire home/apt,380,2,78,1,240,31
16402623,3125516,Manhattan,Lower East Side,40.7191,-73.98537,Entire home/apt,115,30,3,1,0,0
16230640,61585315,Manhattan,Upper West Side,40.78567,-73.97763,Private room,50,30,3,1,0,0
16230905,49900664,Manhattan,Upper East Side,40.77159,-73.94725,Entire home/apt,100,30,2,1,0,0
16402746,107462006,Queens,Laurelton,40.6783,-73.73684,Entire home/apt,120,15,61,2,315,18
16232783,147708401,Staten Island,Great Kills,40.55621,-74.15805,Entire home/apt,91,7,43,1,1,7
16303058,69765146,Brooklyn,Sunset Park,40.645,-74.01549,Private room,45,30,1,1,0,0
16308331,9367785,Brooklyn,Greenpoint,40.72325,-73.94473,Private room,49,30,10,1,0,0
16308886,106714852,Manhattan,Lower East Side,40.71358,-73.98982,Entire home/apt,151,30,2,1,0,0
16309538,101113812,Manhattan,East Village,40.73317,-73.98726,Entire home/apt,176,30,10,1,0,0
16403092,98976,Brooklyn,Bedford-Stuyvesant,40.69133,-73.95076,Entire home/apt,139,30,4,1,0,0
16405036,3894843,Manhattan,Chelsea,40.74324,-73.99729,Private room,128,4,183,1,13,38
16309856,106723044,Manhattan,Upper East Side,40.77504,-73.95282,Private room,100,30,1,1,0,0
16405126,50097540,Brooklyn,Williamsburg,40.70747,-73.94019,Entire home/apt,121,30,42,1,0,0
16310570,105828057,Brooklyn,Bushwick,40.69617,-73.9189,Private room,48,30,61,1,0,0
16310817,29111684,Manhattan,Lower East Side,40.72148,-73.9918,Private room,75,30,2,1,0,0
16312498,51501835,Manhattan,Little Italy,40.71899,-73.99773,Entire home/apt,137,30,11,109,195,3
16406680,60617669,Manhattan,Midtown,40.75337,-73.97144,Entire home/apt,299,30,0,2,0,0
16407461,28779108,Brooklyn,Prospect-Lefferts Gardens,40.66202,-73.95535,Entire home/apt,225,4,75,1,119,26
16312536,106742582,Manhattan,Washington Heights,40.84607,-73.93857,Entire home/apt,65,30,2,1,0,0
16312970,106746084,Brooklyn,Williamsburg,40.71618,-73.95626,Private room,40,30,0,1,0,0
16313547,51501835,Manhattan,Little Italy,40.71952,-73.99849,Entire home/apt,125,30,6,109,254,1
16314419,106756395,Brooklyn,Bushwick,40.68878,-73.92072,Shared room,20,30,3,2,0,0
16314763,4291007,Brooklyn,Clinton Hill,40.6947,-73.96146,Private room,99,30,17,16,341,2
16233577,101499766,Queens,Springfield Gardens,40.68093,-73.75627,Private room,61,1,368,2,352,8
16408041,107504773,Brooklyn,Bedford-Stuyvesant,40.68846,-73.92416,Entire home/apt,449,30,0,1,0,0
16321223,106816918,Brooklyn,Greenpoint,40.72623,-73.94835,Private room,150,30,37,1,0,0
16408202,8309054,Manhattan,East Village,40.72676,-73.98143,Private room,85,30,3,1,0,0
16409634,254846,Brooklyn,Bedford-Stuyvesant,40.68823,-73.92191,Entire home/apt,326,30,50,3,326,0
16413797,106756395,Brooklyn,Bedford-Stuyvesant,40.688557,-73.921661,Private room,44,30,0,2,71,0
16414081,3722715,Brooklyn,Bedford-Stuyvesant,40.69003,-73.9542,Private room,150,2,16,3,185,0
16321376,43610994,Brooklyn,Bedford-Stuyvesant,40.68042,-73.95239,Entire home/apt,95,4,6,1,0,0
16236199,105497516,Queens,St. Albans,40.70103,-73.76037,Private room,55,3,38,1,73,9
16237242,3088873,Brooklyn,Williamsburg,40.71864,-73.96259,Entire home/apt,149,30,9,1,0,0
16237773,18104054,Manhattan,Upper East Side,40.76818,-73.95997,Entire home/apt,150,30,1,1,0,0
16238449,19585203,Brooklyn,Kensington,40.64693,-73.97306,Entire home/apt,75,30,2,1,0,0
16238779,36382944,Brooklyn,Williamsburg,40.71369,-73.96222,Entire home/apt,230,31,2,1,0,0
16414538,21058022,Manhattan,Greenwich Village,40.73599,-73.99691,Private room,90,30,5,2,0,0
16414744,4923854,Manhattan,Hell's Kitchen,40.76135,-73.99038,Private room,150,30,2,1,0,0
16415365,8594019,Manhattan,Morningside Heights,40.81476,-73.95901,Private room,50,3,5,2,0,0
16415769,107578852,Manhattan,Washington Heights,40.84242,-73.93789,Private room,90,1,234,2,318,30
16241319,24418469,Brooklyn,East Flatbush,40.64671,-73.9501,Entire home/apt,150,3,7,2,0,0
16241833,71147912,Brooklyn,Bushwick,40.70508,-73.9248,Private room,41,4,3,1,0,0
16242451,5650457,Brooklyn,Clinton Hill,40.68633,-73.96595,Entire home/apt,275,5,21,1,5,9
16242753,33200665,Manhattan,Upper East Side,40.77158,-73.95024,Entire home/apt,120,30,0,1,0,0
16321597,26004891,Brooklyn,Fort Greene,40.69235,-73.97267,Private room,31,30,1,1,0,0
16322824,50690723,Manhattan,Harlem,40.80897,-73.95177,Entire home/apt,150,7,0,1,0,0
16323227,23700673,Brooklyn,Clinton Hill,40.69389,-73.96152,Private room,58,2,194,2,0,0
16325588,27809907,Manhattan,Lower East Side,40.71895,-73.99083,Private room,130,30,2,1,0,0
16415910,53850552,Manhattan,Harlem,40.82562,-73.95103,Private room,40,30,4,1,0,0
16328372,68547639,Brooklyn,Bedford-Stuyvesant,40.69059,-73.95355,Private room,40,30,0,1,0,0
16330110,105075484,Brooklyn,Canarsie,40.63292,-73.90933,Entire home/apt,7184,30,108,1,0,0
16244096,106197850,Brooklyn,Sunset Park,40.64282,-74.01422,Private room,50,30,1,1,0,0
16244878,2336118,Manhattan,Chinatown,40.71775,-74.00028,Entire home/apt,250,30,12,1,0,0
16253413,36234811,Queens,Arverne,40.59206,-73.79258,Private room,96,1,81,4,174,18
16253465,86575720,Manhattan,Chelsea,40.73962,-74.00053,Entire home/apt,90,30,6,1,0,0
16254609,36234811,Queens,Arverne,40.59145,-73.7933,Entire home/apt,295,1,137,4,166,22
16256074,44707475,Brooklyn,Williamsburg,40.71349,-73.93799,Private room,35,30,5,1,0,0
16256167,14520107,Manhattan,Hell's Kitchen,40.76283,-73.99209,Entire home/apt,219,2,14,1,0,14
16258784,19000672,Brooklyn,Crown Heights,40.67549,-73.95878,Private room,80,30,2,1,0,0
16416588,43870735,Brooklyn,Crown Heights,40.67104,-73.96036,Entire home/apt,50,30,0,1,0,0
16259169,106321136,Brooklyn,Bedford-Stuyvesant,40.69134,-73.95683,Private room,35,30,0,1,0,0
16417215,50539477,Manhattan,Harlem,40.8238,-73.95493,Private room,47,30,56,3,154,1
16420915,27847787,Manhattan,Upper West Side,40.78419,-73.97152,Entire home/apt,342,7,13,1,8,0
16259787,40277743,Manhattan,Morningside Heights,40.80861,-73.95786,Private room,48,30,1,1,0,0
16260117,336228,Queens,Sunnyside,40.74724,-73.91467,Private room,95,30,2,1,0,0
16268350,104626152,Brooklyn,Bedford-Stuyvesant,40.68765,-73.9532,Entire home/apt,432,30,1,4,0,0
16268951,104626152,Brooklyn,Bedford-Stuyvesant,40.68924,-73.95347,Private room,200,30,0,4,0,0
16422375,71540842,Queens,Ridgewood,40.70779,-73.90916,Entire home/apt,148,3,131,2,84,18
16462856,108013385,Queens,Middle Village,40.72124,-73.88317,Entire home/apt,151,3,6,1,337,6
16463598,50482164,Manhattan,Midtown,40.75997,-73.96861,Entire home/apt,162,30,51,1,0,0
16463655,19200188,Manhattan,Hell's Kitchen,40.76502,-73.99237,Private room,135,1,161,2,111,37
16465524,40871485,Brooklyn,Bay Ridge,40.63672,-74.026,Shared room,22,30,1,1,0,0
16466804,1708922,Brooklyn,Greenpoint,40.72576,-73.9414,Entire home/apt,152,30,18,1,0,0
16466819,1475015,Manhattan,Midtown,40.75134,-73.9708,Entire home/apt,120,30,1,6,253,0
16330737,106899231,Brooklyn,Fort Greene,40.69573,-73.97305,Entire home/apt,295,30,8,2,0,0
16423080,15231187,Brooklyn,Greenpoint,40.73153,-73.95567,Entire home/apt,97,2,132,1,11,34
16331234,3952200,Brooklyn,Williamsburg,40.70797,-73.95008,Entire home/apt,211,30,105,2,321,5
16331645,9236677,Manhattan,Theater District,40.75993,-73.98759,Private room,155,1,0,1,0,0
16331969,15130664,Brooklyn,Carroll Gardens,40.68413,-73.992,Entire home/apt,450,30,0,1,0,0
16332208,32923003,Brooklyn,Bushwick,40.70199,-73.93014,Private room,200,30,2,1,89,0
16332492,51501835,Manhattan,Little Italy,40.71899,-73.99773,Entire home/apt,116,30,8,109,205,3
16333075,1228668,Brooklyn,Red Hook,40.67353,-74.00528,Private room,38,30,4,1,0,0
16333607,32946808,Brooklyn,Greenpoint,40.72862,-73.95515,Entire home/apt,224,7,54,1,10,1
16467731,108055585,Manhattan,Upper West Side,40.78968,-73.9773,Entire home/apt,300,2,18,1,32,4
16468214,108061424,Brooklyn,Crown Heights,40.67037,-73.93809,Private room,88,30,3,1,0,0
16423772,42076125,Queens,Hollis,40.71403,-73.76235,Private room,100,30,0,2,0,0
16423876,107417836,Brooklyn,Bedford-Stuyvesant,40.68218,-73.92653,Entire home/apt,200,364,85,1,0,0
16424565,43197578,Queens,South Ozone Park,40.67079,-73.81679,Entire home/apt,104,2,102,1,29,74
16471707,538300,Brooklyn,Bedford-Stuyvesant,40.69503,-73.96008,Private room,40,30,12,1,0,0
16475309,22024939,Manhattan,East Village,40.72223,-73.98166,Entire home/apt,389,30,1,1,0,0
16475935,23700673,Brooklyn,Bedford-Stuyvesant,40.69349,-73.96094,Private room,50,3,7,2,0,7
16333699,81109720,Manhattan,Harlem,40.8292,-73.94132,Private room,35,30,0,1,0,0
16334686,43719073,Brooklyn,Sheepshead Bay,40.59842,-73.95441,Shared room,58,3,84,8,20,18
16336428,13933851,Brooklyn,Bedford-Stuyvesant,40.68952,-73.92824,Private room,40,30,11,2,0,0
16337890,106634224,Brooklyn,Bedford-Stuyvesant,40.69433,-73.94404,Private room,50,30,0,2,0,0
16425205,73550323,Bronx,Parkchester,40.83907,-73.86678,Private room,35,30,1,1,0,0
16477061,3428943,Manhattan,Upper East Side,40.76927,-73.95367,Entire home/apt,119,7,0,1,0,0
16425234,6439477,Brooklyn,Williamsburg,40.71369,-73.94765,Entire home/apt,242,7,31,1,0,1
16479076,60344033,Manhattan,Washington Heights,40.85082,-73.93919,Private room,35,30,1,1,0,0
16338086,106401814,Brooklyn,Prospect-Lefferts Gardens,40.66122,-73.94466,Entire home/apt,180,30,0,1,0,0
16425317,51501835,Manhattan,Little Italy,40.71899,-73.99773,Entire home/apt,125,30,8,109,319,0
16426559,107670361,Manhattan,Lower East Side,40.71833,-73.98558,Private room,100,30,0,1,0,0
16427395,43151590,Manhattan,West Village,40.73479,-74.0085,Entire home/apt,215,30,9,1,0,1
16338143,106963874,Queens,Elmhurst,40.74576,-73.87723,Private room,50,30,2,1,0,0
16339429,106977720,Brooklyn,Carroll Gardens,40.67741,-73.99866,Private room,40,30,2,1,0,0
16480273,108188109,Brooklyn,Bedford-Stuyvesant,40.6895,-73.93589,Entire home/apt,130,3,114,1,22,24
16427610,88982639,Brooklyn,Bushwick,40.70268,-73.92833,Entire home/apt,125,2,193,1,137,57
16487043,42783841,Manhattan,Stuyvesant Town,40.72963,-73.97682,Entire home/apt,85,30,0,1,0,0
16488787,108272855,Brooklyn,Sunset Park,40.64265,-74.00261,Entire home/apt,141,2,206,1,122,39
16490625,15651084,Manhattan,Murray Hill,40.74897,-73.97446,Entire home/apt,200,30,0,1,0,0
16491507,4033160,Brooklyn,Williamsburg,40.71613,-73.95752,Private room,98,30,3,1,0,0
16493057,69398683,Manhattan,Chelsea,40.73958,-74.00007,Entire home/apt,100,30,13,1,0,0
16493084,7427325,Manhattan,Hell's Kitchen,40.7649,-73.99517,Private room,200,30,20,2,0,0
16498294,13312279,Manhattan,East Village,40.72678,-73.98514,Entire home/apt,150,30,17,1,0,0
16346945,15702477,Manhattan,Upper West Side,40.79487,-73.96971,Entire home/apt,109,30,2,1,0,0
16347171,19655631,Brooklyn,Bedford-Stuyvesant,40.68477,-73.92768,Entire home/apt,103,30,75,1,111,3
16349645,6335037,Manhattan,West Village,40.73228,-74.0077,Entire home/apt,220,30,1,1,0,0
16350271,107058927,Brooklyn,Williamsburg,40.71936,-73.96002,Private room,50,30,0,1,0,0
16350431,1260413,Brooklyn,Williamsburg,40.71098,-73.9416,Private room,105,10,4,3,0,0
16352907,71698853,Manhattan,Upper West Side,40.78424,-73.97474,Entire home/apt,69,30,1,1,0,0
16353229,106949780,Manhattan,Theater District,40.75564,-73.98463,Entire home/apt,135,30,5,1,0,0
16428383,45247495,Bronx,Fieldston,40.89338,-73.89789,Entire home/apt,151,6,28,1,347,9
16353257,27932675,Manhattan,NoHo,40.72605,-73.99576,Entire home/apt,140,30,3,1,0,0
16353458,4229387,Brooklyn,Greenpoint,40.73619,-73.95494,Entire home/apt,150,30,4,1,0,0
16435953,107082851,Brooklyn,Williamsburg,40.70791,-73.94245,Private room,45,30,0,2,0,0
16353473,107082851,Brooklyn,Williamsburg,40.70923,-73.94272,Private room,85,30,1,2,0,0
16353485,32545798,Brooklyn,Williamsburg,40.71433,-73.96244,Private room,49,30,4,5,0,0
16439353,90079326,Manhattan,Upper East Side,40.76701,-73.95856,Private room,200,30,2,1,0,0
16504546,70779489,Manhattan,Civic Center,40.71354,-74.00537,Private room,100,30,1,1,0,0
16505722,15279171,Brooklyn,Flatbush,40.64786,-73.95947,Entire home/apt,35,30,5,1,0,0
16439426,21136805,Brooklyn,Crown Heights,40.66819,-73.95606,Private room,42,30,9,1,12,0
16506016,12145783,Manhattan,East Harlem,40.80254,-73.94224,Entire home/apt,275,4,41,1,236,25
16354659,93211521,Manhattan,East Village,40.72954,-73.98306,Entire home/apt,100,30,1,1,0,0
16440192,16677326,Manhattan,Chelsea,40.74865,-73.99565,Private room,90,1,189,22,339,67
16441625,1239078,Brooklyn,Greenpoint,40.72808,-73.95664,Entire home/apt,175,30,30,2,0,0
16442568,107830761,Brooklyn,Flatbush,40.65136,-73.96084,Private room,37,30,1,1,0,0
16442999,107833451,Manhattan,Kips Bay,40.73938,-73.98024,Entire home/apt,200,30,1,1,0,0
16448126,204539,Queens,Middle Village,40.71546,-73.87863,Entire home/apt,350,30,0,6,365,0
16449771,36234811,Queens,Arverne,40.59154,-73.79116,Private room,90,1,52,4,171,10
16450351,14416504,Manhattan,Financial District,40.70763,-74.00678,Private room,120,30,0,1,0,0
16360727,106193743,Brooklyn,Crown Heights,40.67669,-73.95291,Entire home/apt,83,30,1,1,0,0
16361439,48952468,Brooklyn,Bedford-Stuyvesant,40.68966,-73.94286,Entire home/apt,75,2,95,1,263,17
16362226,105074140,Queens,Flushing,40.75493,-73.80448,Private room,55,30,51,4,0,0
16364067,1528114,Brooklyn,Bedford-Stuyvesant,40.68244,-73.93635,Entire home/apt,115,30,68,1,0,0
16507804,1635983,Bronx,Schuylerville,40.83029,-73.83405,Private room,60,3,81,3,92,14
16511493,108433379,Bronx,Norwood,40.87631,-73.87515,Entire home/apt,130,30,0,1,0,0
16451278,7988793,Brooklyn,Williamsburg,40.72003,-73.95724,Private room,65,30,1,1,0,0
16453837,1192630,Brooklyn,Crown Heights,40.67714,-73.94504,Entire home/apt,382,5,4,1,0,0
16454164,19659393,Manhattan,Morningside Heights,40.80994,-73.96569,Entire home/apt,105,30,1,1,0,0
16454200,40317143,Queens,Maspeth,40.71921,-73.90569,Private room,36,30,67,6,80,0
16454273,107933494,Brooklyn,Park Slope,40.66796,-73.97577,Entire home/apt,185,3,64,2,266,21
16513101,23293950,Brooklyn,Red Hook,40.67726,-74.0091,Entire home/apt,122,3,245,1,283,33
16514760,45293248,Brooklyn,Williamsburg,40.70769,-73.94997,Entire home/apt,137,30,3,1,0,0
16517394,23970798,Manhattan,Lower East Side,40.71273,-73.98818,Private room,54,30,4,1,0,0
16517922,74179792,Manhattan,Roosevelt Island,40.7585,-73.95368,Entire home/apt,100,30,1,1,0,0
16525573,50760546,Manhattan,Midtown,40.74578,-73.98269,Entire home/apt,115,30,10,31,34,2
16526927,71490429,Brooklyn,Flatbush,40.65129,-73.96337,Entire home/apt,56,30,3,1,0,0
16528098,7244288,Manhattan,West Village,40.73257,-74.00674,Entire home/apt,180,30,46,1,0,0
16529755,1863597,Manhattan,Chelsea,40.74283,-73.99589,Private room,87,30,19,2,110,2
16529936,8366233,Manhattan,East Harlem,40.7936,-73.93573,Private room,47,30,39,2,0,0
16365878,107177716,Brooklyn,Bedford-Stuyvesant,40.68653,-73.9458,Entire home/apt,156,2,290,1,132,56
16634357,109886922,Manhattan,Upper East Side,40.7767,-73.95327,Entire home/apt,899,30,6,1,0,0
16454703,107939984,Brooklyn,Fort Hamilton,40.61487,-74.03047,Entire home/apt,78,30,99,1,149,6
16455521,96438921,Manhattan,Roosevelt Island,40.76079,-73.95065,Entire home/apt,98,30,0,1,0,0
16634459,109162710,Manhattan,Harlem,40.81541,-73.93674,Private room,65,3,70,1,316,22
16530947,71370032,Brooklyn,Williamsburg,40.70689,-73.94619,Private room,80,30,0,1,0,0
16456957,107963058,Manhattan,Lower East Side,40.71275,-73.99112,Entire home/apt,111,30,0,1,0,0
16533105,64471880,Manhattan,Harlem,40.80159,-73.95741,Private room,108,1,493,2,42,95
16637954,109931171,Queens,Richmond Hill,40.70085,-73.82409,Private room,70,30,0,1,0,0
16462626,108009985,Brooklyn,Williamsburg,40.70984,-73.95027,Entire home/apt,225,30,8,1,0,0
16846918,43315893,Brooklyn,Bushwick,40.69631,-73.91759,Private room,90,30,2,1,0,0
16534037,61463458,Manhattan,Midtown,40.75269,-73.97244,Private room,230,2,2,2,0,0
16855055,283944,Brooklyn,Williamsburg,40.70631,-73.94817,Private room,99,2,76,2,0,21
16859099,3158364,Queens,Sunnyside,40.73741,-73.92395,Private room,271,365,58,3,365,0
16860045,97127885,Queens,Ditmars Steinway,40.76986,-73.89405,Entire home/apt,46,30,40,3,171,2
16643778,109705262,Manhattan,Harlem,40.82868,-73.94384,Entire home/apt,120,30,14,1,0,0
16644223,7921167,Brooklyn,Park Slope,40.67848,-73.97981,Private room,48,30,0,1,0,0
16861543,4381778,Brooklyn,Park Slope,40.67439,-73.98002,Entire home/apt,139,7,7,2,0,0
16534156,80262218,Manhattan,Upper East Side,40.77078,-73.95429,Entire home/apt,100,90,32,4,352,1
16534157,48899796,Brooklyn,Midwood,40.62202,-73.95375,Private room,76,3,95,3,147,16
16534321,48899796,Brooklyn,Midwood,40.6207,-73.95413,Private room,80,30,9,3,72,0
16534337,24273714,Brooklyn,Williamsburg,40.71336,-73.93787,Private room,75,14,36,8,199,2
16534588,61463458,Manhattan,Midtown,40.75269,-73.97244,Private room,189,2,0,2,0,0
16869989,112420628,Brooklyn,Williamsburg,40.71138,-73.96141,Entire home/apt,225,30,12,1,365,0
16540563,108781530,Brooklyn,Bushwick,40.69617,-73.93038,Private room,25,30,1,1,0,0
16541635,77375497,Manhattan,Upper West Side,40.7914,-73.965,Entire home/apt,78,30,2,1,0,0
16542009,6796395,Brooklyn,Williamsburg,40.70858,-73.94474,Private room,120,7,11,1,0,0
16649739,110049608,Brooklyn,Midwood,40.61391,-73.95347,Entire home/apt,156,2,170,1,70,39
16650612,24805629,Manhattan,Hell's Kitchen,40.76283,-73.98718,Entire home/apt,170,30,6,1,0,0
16659292,17085442,Brooklyn,Fort Greene,40.68692,-73.97287,Entire home/apt,103,3,151,1,36,36
16662770,42682752,Brooklyn,Boerum Hill,40.69021,-73.99157,Private room,30,2,38,3,0,0
16662964,23820907,Queens,Long Island City,40.75517,-73.93389,Entire home/apt,110,30,1,1,0,0
16869999,10015933,Manhattan,Harlem,40.81656,-73.9374,Private room,81,1,74,1,339,17
16665181,110218367,Brooklyn,Bedford-Stuyvesant,40.68327,-73.93163,Private room,79,2,179,1,114,24
16545876,10028635,Queens,Ditmars Steinway,40.77729,-73.9078,Entire home/apt,146,1,103,1,5,20
16870689,79089979,Brooklyn,Bay Ridge,40.63822,-74.02687,Private room,84,1,9,2,217,8
16870827,79089979,Brooklyn,Bay Ridge,40.63769,-74.0267,Private room,68,1,99,2,47,19
16871240,112439486,Queens,Sunnyside,40.74502,-73.9182,Entire home/apt,70,30,2,1,0,0
16873148,60665255,Queens,Maspeth,40.73299,-73.89457,Entire home/apt,173,3,147,1,195,44
16546903,11699708,Manhattan,East Harlem,40.80903,-73.93978,Private room,95,30,83,1,52,0
16554288,3543739,Brooklyn,Fort Greene,40.68369,-73.96865,Entire home/apt,98,30,0,1,0,0
16677170,59163247,Manhattan,Chelsea,40.74332,-74.00078,Entire home/apt,242,2,240,1,235,62
16874685,13492085,Manhattan,Midtown,40.74468,-73.99075,Private room,120,30,8,2,0,0
16883282,3827805,Manhattan,West Village,40.73219,-74.01051,Entire home/apt,227,30,0,1,0,0
16884027,78930817,Manhattan,Harlem,40.80426,-73.94583,Entire home/apt,115,30,9,1,0,0
16885058,47792689,Brooklyn,Bushwick,40.70042,-73.93866,Entire home/apt,80,30,0,1,0,0
16893907,11787695,Queens,Astoria,40.76774,-73.91674,Entire home/apt,150,4,25,1,171,12
16554488,39055365,Brooklyn,Bedford-Stuyvesant,40.68339,-73.91483,Private room,45,30,5,1,0,0
16897571,9670774,Manhattan,Lower East Side,40.72094,-73.99221,Private room,92,30,0,1,0,0
16898313,4185119,Brooklyn,Boerum Hill,40.68437,-73.98087,Entire home/apt,189,3,48,1,0,11
16899058,112780904,Manhattan,SoHo,40.72432,-74.0033,Entire home/apt,470,30,85,1,149,1
16556049,109016966,Brooklyn,East Flatbush,40.64665,-73.95015,Private room,95,5,32,3,333,1
16556211,109016966,Brooklyn,East Flatbush,40.64831,-73.9492,Entire home/apt,130,5,35,3,333,2
16557829,109033183,Manhattan,Inwood,40.86817,-73.92407,Private room,35,30,6,1,0,0
16560739,108786369,Brooklyn,Bedford-Stuyvesant,40.69303,-73.9541,Entire home/apt,136,30,8,1,0,0
16677256,110358650,Manhattan,Harlem,40.80565,-73.95129,Entire home/apt,278,3,151,1,258,41
16677358,25311040,Brooklyn,Sunset Park,40.64163,-74.01422,Private room,22,30,0,1,0,0
16677866,107296819,Manhattan,East Harlem,40.79619,-73.93765,Entire home/apt,146,1,313,3,78,60
16683931,18091928,Queens,Jackson Heights,40.75367,-73.88735,Entire home/apt,270,4,2,1,0,0
16686651,53099839,Manhattan,Lower East Side,40.72036,-73.99038,Private room,100,30,0,1,0,0
16912472,51850937,Manhattan,East Village,40.72883,-73.98378,Private room,90,30,268,3,0,0
16913950,51501835,Manhattan,Hell's Kitchen,40.76111,-73.99409,Entire home/apt,160,30,8,109,259,2
16914299,26538766,Brooklyn,Park Slope,40.66716,-73.97849,Entire home/apt,120,30,5,2,0,0
16914748,190239,Brooklyn,Bedford-Stuyvesant,40.68361,-73.92496,Entire home/apt,100,30,56,1,4,8
16916708,13896771,Queens,Ditmars Steinway,40.77694,-73.91995,Entire home/apt,90,30,16,1,0,0
16917171,31906445,Manhattan,West Village,40.73572,-74.00264,Entire home/apt,138,30,1,1,0,0
16688892,110478816,Brooklyn,Williamsburg,40.71381,-73.9389,Entire home/apt,85,2,13,1,0,0
16691242,69776478,Manhattan,Stuyvesant Town,40.72945,-73.97795,Private room,50,30,0,1,0,0
16691826,60539147,Manhattan,Hell's Kitchen,40.76498,-73.98593,Entire home/apt,98,30,4,1,0,0
16561213,101695430,Manhattan,Civic Center,40.71369,-74.00477,Private room,100,30,0,1,0,0
16927533,3737986,Manhattan,Financial District,40.70442,-74.01593,Entire home/apt,107,300,1,1,0,0
16929145,7093576,Manhattan,Upper East Side,40.77916,-73.952,Private room,53,1,173,1,0,0
16930274,113110121,Manhattan,Upper East Side,40.77045,-73.95517,Entire home/apt,99,30,31,1,0,0
16693953,5281237,Queens,Astoria,40.77379,-73.92929,Private room,72,4,26,2,310,0
16705588,17382731,Manhattan,Upper East Side,40.7832,-73.95279,Private room,100,30,2,1,0,0
16932674,29464755,Brooklyn,Bushwick,40.69912,-73.91645,Private room,40,30,34,1,0,0
16933481,359480,Brooklyn,South Slope,40.66448,-73.99011,Entire home/apt,95,4,5,1,0,0
16706521,110686573,Manhattan,West Village,40.72984,-74.00425,Entire home/apt,110,30,9,1,0,0
16561990,16860700,Manhattan,Upper East Side,40.77625,-73.95372,Entire home/apt,80,30,0,1,0,0
16937801,113198009,Manhattan,Harlem,40.8298,-73.94411,Private room,200,30,8,1,88,0
16568164,43642470,Manhattan,East Harlem,40.79833,-73.94744,Private room,67,30,0,1,0,0
16708692,110708643,Brooklyn,Bedford-Stuyvesant,40.67831,-73.92146,Entire home/apt,200,30,95,1,0,1
16945093,14374073,Manhattan,Hell's Kitchen,40.75352,-73.99447,Entire home/apt,137,30,0,1,0,0
16709795,19466874,Manhattan,Upper East Side,40.77348,-73.95482,Entire home/apt,247,30,0,1,0,0
16568275,109142193,Manhattan,Greenwich Village,40.73083,-73.99297,Private room,69,30,0,1,0,0
16569554,1535167,Brooklyn,Williamsburg,40.71549,-73.96101,Private room,63,30,10,1,0,0
16575852,42076125,Queens,Hollis,40.71833,-73.76397,Shared room,16,30,0,2,0,0
16577736,5281237,Queens,Astoria,40.77193,-73.92936,Private room,67,4,39,2,0,0
16947113,102367813,Brooklyn,Williamsburg,40.71688,-73.95386,Private room,99,30,7,1,0,0
16578780,31685194,Queens,St. Albans,40.6931,-73.76949,Private room,75,2,35,1,35,0
16716676,110786804,Brooklyn,Fort Greene,40.68733,-73.97406,Entire home/apt,150,10,13,1,0,0
16718154,9419684,Manhattan,Midtown,40.765633,-73.982376,Entire home/apt,449,29,0,79,250,0
16718287,1531125,Brooklyn,Williamsburg,40.71637,-73.9548,Private room,195,7,7,2,0,1
16719568,7857773,Brooklyn,Greenpoint,40.72387,-73.94167,Entire home/apt,120,30,21,1,0,0
16720574,110825940,Manhattan,Midtown,40.74434,-73.98187,Entire home/apt,199,30,0,1,0,0
16954154,14898658,Brooklyn,Kensington,40.64349,-73.98171,Private room,69,365,49,3,0,0
16721299,1302317,Brooklyn,Williamsburg,40.71238,-73.95239,Private room,150,30,0,1,0,0
16722564,53179388,Manhattan,Upper East Side,40.78141,-73.95857,Entire home/apt,190,30,1,3,0,0
16725879,6437545,Manhattan,SoHo,40.72276,-73.99932,Entire home/apt,1279,3,1,1,0,0
16730833,44018877,Brooklyn,East Flatbush,40.64025,-73.95097,Entire home/apt,115,2,182,4,354,32
16731782,1384388,Brooklyn,Windsor Terrace,40.6544,-73.97346,Entire home/apt,133,1,217,1,141,54
16584878,11704017,Brooklyn,Cobble Hill,40.68748,-73.99979,Entire home/apt,300,30,5,1,125,0
16585566,6600911,Brooklyn,Bensonhurst,40.61271,-73.98467,Private room,50,3,45,5,66,2
16585605,1236663,Manhattan,Harlem,40.81836,-73.93953,Private room,85,1,169,2,0,21
16954330,3236595,Manhattan,Harlem,40.80799,-73.95006,Private room,143,1,108,4,27,21
16959759,113399802,Brooklyn,Crown Heights,40.675552,-73.940117,Private room,65,30,28,1,0,0
16599323,109498113,Brooklyn,Williamsburg,40.71204340482592,-73.94292421044027,Entire home/apt,311,4,115,1,48,1
16601518,26326392,Manhattan,Harlem,40.824669,-73.952309,Private room,71,5,120,2,103,22
16734233,5665728,Queens,Sunnyside,40.74742,-73.91952,Entire home/apt,300,30,0,1,0,0
16735801,64471880,Manhattan,Harlem,40.80166,-73.95562,Private room,106,1,407,2,33,78
16737042,8591819,Queens,Astoria,40.76572,-73.92725,Private room,74,30,0,1,0,0
16960374,30097523,Manhattan,Harlem,40.82364,-73.94993,Entire home/apt,110,30,5,1,0,0
16960760,113409633,Brooklyn,Williamsburg,40.72049,-73.9595,Private room,47,30,3,1,0,0
16962471,616825,Manhattan,Harlem,40.80486,-73.95101,Private room,169,5,1,2,338,1
16963544,2626535,Manhattan,Stuyvesant Town,40.73262,-73.98136,Private room,45,30,1,1,0,0
16740081,47716416,Manhattan,Chinatown,40.71602,-73.99447,Entire home/apt,110,4,77,1,0,0
16740779,65061161,Brooklyn,Williamsburg,40.70742,-73.94284,Private room,77,30,2,1,0,0
16743657,101573638,Brooklyn,Williamsburg,40.70864,-73.95245,Private room,90,4,11,2,11,8
16749235,5133087,Manhattan,Lower East Side,40.71742,-73.99137,Private room,100,30,0,1,0,0
16601748,94522062,Manhattan,East Village,40.72177,-73.98316,Private room,60,2,14,1,0,0
16604112,109527682,Queens,Jamaica Estates,40.7132,-73.78601,Private room,90,1,28,1,171,8
16608718,17371775,Brooklyn,Williamsburg,40.71828,-73.96253,Private room,41,30,3,1,0,0
16612424,4878363,Brooklyn,Bedford-Stuyvesant,40.68577,-73.94499,Private room,56,1,20,2,315,5
16613747,29096,Brooklyn,Bushwick,40.70746,-73.91928,Private room,100,3,184,1,304,38
16965072,11105949,Brooklyn,Bedford-Stuyvesant,40.69291,-73.95028,Entire home/apt,265,10,28,1,0,5
16965094,48183551,Queens,Elmhurst,40.74539,-73.88292,Private room,65,6,135,5,278,23
16965705,3483600,Manhattan,Washington Heights,40.83634,-73.94218,Private room,63,30,0,1,0,0
16969156,113460991,Manhattan,Midtown,40.75858,-73.96103,Entire home/apt,99,30,16,1,0,0
16613993,109660521,Manhattan,Civic Center,40.71315,-74.00524,Private room,55,30,11,1,0,0
16616853,16392320,Brooklyn,Bedford-Stuyvesant,40.67992,-73.94247,Entire home/apt,199,3,265,1,40,42
16751768,32124747,Brooklyn,Bushwick,40.68757,-73.91269,Entire home/apt,105,31,107,1,161,2
16756678,50282911,Brooklyn,Bushwick,40.69381,-73.91086,Entire home/apt,197,30,1,1,0,0
16757281,25137968,Manhattan,Harlem,40.81139,-73.95422,Shared room,60,2,64,1,0,12
16973662,17459413,Brooklyn,Williamsburg,40.7145,-73.96028,Entire home/apt,178,180,16,2,38,0
16757480,111208718,Brooklyn,Bedford-Stuyvesant,40.69025,-73.93216,Private room,60,1,1,1,0,0
16758426,7265267,Manhattan,East Harlem,40.79416,-73.94045,Entire home/apt,355,3,75,1,180,12
16974611,14637971,Staten Island,Tompkinsville,40.62814,-74.08666,Private room,48,5,38,3,59,20
16983203,113682832,Queens,Jamaica,40.6983,-73.81033,Private room,43,30,39,1,316,0
16617217,107883536,Manhattan,Flatiron District,40.74416,-73.9915,Entire home/apt,159,30,0,1,0,0
16617542,19053159,Manhattan,Lower East Side,40.71716,-73.98206,Private room,60,30,2,1,0,0
16619241,25355233,Queens,Springfield Gardens,40.68074,-73.75523,Private room,108,1,377,1,347,41
16987293,57455831,Brooklyn,Clinton Hill,40.69397,-73.96455,Entire home/apt,150,30,1,2,0,0
16987479,57455831,Brooklyn,Clinton Hill,40.69246,-73.96428,Entire home/apt,157,30,5,2,0,0
16992922,53179388,Manhattan,Battery Park City,40.70898,-74.01565,Entire home/apt,200,30,1,3,0,0
16994272,570464,Manhattan,Harlem,40.80996,-73.95401,Entire home/apt,400,30,9,1,0,0
17000577,113924874,Brooklyn,Brooklyn Heights,40.69893,-73.99392,Entire home/apt,254,30,18,1,22,0
16620082,109733032,Brooklyn,Williamsburg,40.70498,-73.94165,Private room,60,30,17,1,0,0
16764130,41578662,Bronx,Mott Haven,40.81125,-73.92553,Entire home/apt,90,30,2,2,0,0
17005665,113986628,Manhattan,Upper East Side,40.7848,-73.94995,Entire home/apt,89,20,60,4,0,0
16766700,18451417,Manhattan,Washington Heights,40.82948,-73.9374,Private room,29,30,100,1,0,0
16766743,109859103,Brooklyn,Flatbush,40.65395,-73.9602,Entire home/apt,123,30,0,1,0,0
17008022,24270606,Manhattan,Morningside Heights,40.80867,-73.95708,Private room,99,30,32,1,0,0
17013623,114071959,Brooklyn,Greenpoint,40.72784,-73.94455,Private room,59,3,84,1,0,6
16620235,172113555,Brooklyn,Bedford-Stuyvesant,40.68389,-73.94186,Entire home/apt,160,5,183,2,192,33
17018418,19655868,Manhattan,Washington Heights,40.837,-73.94209,Private room,64,1,15,1,210,14
16621121,10283798,Brooklyn,Williamsburg,40.70216,-73.93964,Private room,80,2,3,1,342,3
16625310,6025804,Brooklyn,Bedford-Stuyvesant,40.68687,-73.92956,Private room,29,30,0,1,0,0
16766855,111298791,Manhattan,Washington Heights,40.85112,-73.93439,Private room,66,3,58,1,6,0
17023406,114178347,Queens,Astoria,40.76756,-73.92428,Shared room,34,30,3,1,0,0
16767194,18654847,Brooklyn,Crown Heights,40.67048,-73.95387,Private room,55,30,0,1,0,0
16628617,46068130,Manhattan,Hell's Kitchen,40.76601,-73.9852,Entire home/apt,175,30,15,2,0,0
16630483,107459717,Manhattan,Kips Bay,40.7389,-73.98136,Entire home/apt,144,30,2,1,0,0
16630594,51024366,Brooklyn,Greenpoint,40.736,-73.95534,Private room,104,30,7,2,0,0
17123646,22926868,Brooklyn,Sunset Park,40.64793,-73.99915,Private room,55,30,38,3,86,2
17130293,97543375,Brooklyn,Williamsburg,40.71599,-73.94146,Private room,89,2,6,2,0,0
17133439,11606007,Manhattan,Midtown,40.74572,-73.98312,Entire home/apt,300,30,0,1,0,0
17133664,45409030,Brooklyn,Kensington,40.6448,-73.97914,Entire home/apt,72,30,12,1,0,0
17134357,780958,Manhattan,Upper West Side,40.78586,-73.9767,Private room,95,5,11,1,0,0
17137626,11167829,Manhattan,Harlem,40.82891,-73.94214,Private room,76,2,121,2,60,27
17139266,4381778,Brooklyn,Park Slope,40.67554,-73.98277,Entire home/apt,182,14,15,2,0,0
17023591,40972641,Queens,Fresh Meadows,40.74217,-73.7889,Private room,40,30,18,2,0,0
17141413,55468876,Queens,Ridgewood,40.7073,-73.90173,Entire home/apt,90,1,153,1,0,0
17025831,26754726,Manhattan,Upper West Side,40.77863,-73.98087,Entire home/apt,200,30,0,1,0,0
17031720,18810552,Manhattan,East Harlem,40.79142,-73.94541,Private room,70,30,0,1,0,0
17141884,32383664,Manhattan,Midtown,40.75046,-73.97126,Private room,60,30,1,1,0,0
17142987,78154356,Bronx,Pelham Bay,40.84563,-73.82832,Entire home/apt,95,2,191,1,288,39
17147561,51850937,Manhattan,East Village,40.73054,-73.98196,Private room,75,30,254,3,0,0
17149950,7616444,Manhattan,Midtown,40.75078,-73.98439,Entire home/apt,350,30,4,1,0,0
17151145,4628742,Manhattan,West Village,40.73396,-74.00286,Entire home/apt,65,30,6,1,0,0
16769229,111327104,Brooklyn,Bushwick,40.69479,-73.90953,Entire home/apt,195,5,109,1,290,14
16776959,39978070,Brooklyn,Bay Ridge,40.63254,-74.03161,Entire home/apt,60,180,2,1,173,0
16777456,24546033,Bronx,Morris Park,40.84913,-73.85591,Private room,77,5,42,1,124,8
16777938,57657144,Manhattan,Midtown,40.75491,-73.96998,Entire home/apt,149,30,64,1,0,0
16778711,2938381,Brooklyn,Prospect Heights,40.6803,-73.96479,Entire home/apt,325,30,198,1,0,3
16778903,43601551,Manhattan,East Harlem,40.78803,-73.94785,Private room,75,30,3,2,0,0
17041225,1239078,Brooklyn,Greenpoint,40.7273,-73.9577,Entire home/apt,185,30,35,2,0,0
17042235,25967444,Brooklyn,Williamsburg,40.71222,-73.96229,Entire home/apt,250,30,15,1,0,0
17044854,1568820,Bronx,Fordham,40.8559,-73.90086,Private room,64,4,34,1,167,15
16778904,111433024,Manhattan,Washington Heights,40.84543,-73.94367,Private room,55,3,44,1,0,0
17153913,2800064,Brooklyn,Greenpoint,40.72589,-73.95298,Entire home/apt,326,3,89,2,207,15
17155039,46108407,Manhattan,East Harlem,40.80026,-73.93594,Private room,48,30,1,1,0,0
17045905,26822855,Manhattan,East Village,40.72489,-73.98854,Entire home/apt,115,30,4,1,0,0
17045913,40134417,Brooklyn,Greenpoint,40.72996,-73.95395,Entire home/apt,99,30,15,1,0,0
17156147,10762635,Brooklyn,Crown Heights,40.67674,-73.94047,Entire home/apt,93,30,1,1,0,0
16779831,3108771,Brooklyn,Clinton Hill,40.69479,-73.96424,Private room,100,30,7,1,0,0
16780398,10633027,Brooklyn,Sheepshead Bay,40.59453,-73.95732,Private room,59,3,129,3,34,27
17046562,114416273,Brooklyn,East Flatbush,40.64017,-73.93056,Entire home/apt,180,30,58,1,0,0
17047293,3207395,Brooklyn,Prospect-Lefferts Gardens,40.65987,-73.96118,Private room,85,4,24,1,281,19
16783144,20600569,Manhattan,Roosevelt Island,40.76391,-73.94845,Private room,82,30,130,2,0,0
17073870,41398005,Staten Island,Arrochar,40.59322,-74.06857,Entire home/apt,111,1,92,3,18,7
17157615,115395049,Manhattan,East Village,40.72472,-73.98755,Private room,155,1,112,1,8,21
17093180,99634835,Manhattan,Upper East Side,40.76881,-73.95251,Entire home/apt,90,30,87,1,201,3
17160286,110361431,Brooklyn,Bedford-Stuyvesant,40.69085,-73.93806,Private room,50,2,14,2,271,7
17172375,29240443,Manhattan,Theater District,40.75993,-73.986,Entire home/apt,195,3,3,1,0,0
16791336,25505776,Manhattan,East Village,40.72963,-73.98395,Private room,100,30,5,1,0,0
17093264,109479467,Queens,Ozone Park,40.68274,-73.86265,Private room,55,30,12,1,98,4
16793649,108249932,Brooklyn,East New York,40.67561,-73.89078,Entire home/apt,139,2,169,3,333,44
17095035,55948559,Bronx,Pelham Gardens,40.86651,-73.84209,Private room,37,1,61,5,60,35
17097239,114736959,Brooklyn,Coney Island,40.576569,-73.985207,Entire home/apt,129,4,195,5,166,50
16798165,1653951,Brooklyn,Bay Ridge,40.63351,-74.0282,Entire home/apt,90,2,215,1,150,50
16802965,25233493,Brooklyn,Williamsburg,40.71306,-73.96048,Entire home/apt,134,30,36,2,278,3
16807550,26420701,Brooklyn,Greenpoint,40.72559,-73.9553,Private room,55,30,1,1,0,0
16808375,4368043,Brooklyn,Sheepshead Bay,40.60765,-73.9567,Private room,38,30,0,1,0,0
16808464,33403059,Brooklyn,Bushwick,40.69886,-73.93394,Private room,50,30,0,3,0,0
16810808,10633027,Brooklyn,Sheepshead Bay,40.59407,-73.95819,Entire home/apt,132,3,92,3,19,15
16811364,102482048,Brooklyn,Bushwick,40.6834,-73.90902,Private room,55,3,72,6,33,6
17173473,113558977,Queens,Rego Park,40.72627,-73.86197,Private room,38,30,146,1,64,0
17174519,10590692,Manhattan,Chelsea,40.74325,-74.00026,Entire home/apt,898,7,54,2,15,0
17177726,700224,Brooklyn,Boerum Hill,40.68409,-73.98542,Entire home/apt,205,30,25,2,324,4
17178617,106940781,Brooklyn,Bushwick,40.69683,-73.93495,Private room,40,30,0,1,0,0
17097495,3236595,Manhattan,Harlem,40.809,-73.95166,Hotel room,143,1,84,4,26,22
17097898,51459559,Queens,Astoria,40.76001,-73.91535,Private room,55,30,46,2,249,0
17178852,13873015,Queens,Rockaway Beach,40.58515,-73.81761,Entire home/apt,293,3,22,1,325,22
17186648,92322271,Brooklyn,Crown Heights,40.67203,-73.94628,Private room,65,30,0,2,0,0
17187942,2247818,Manhattan,East Harlem,40.80105,-73.93896,Entire home/apt,90,14,41,1,0,2
17189812,4576564,Queens,East Elmhurst,40.75662,-73.88983,Private room,60,2,49,1,5,6
16812429,1261480,Manhattan,Harlem,40.80717,-73.95065,Private room,445,2,20,8,164,1
17105446,2350326,Queens,Ditmars Steinway,40.77714,-73.91011,Private room,59,3,33,2,7,9
17189819,10210950,Brooklyn,Bedford-Stuyvesant,40.67665,-73.91318,Private room,64,1,20,1,0,0
17106405,17152076,Manhattan,Harlem,40.83105,-73.95044,Entire home/apt,200,1,2,4,364,0
17106473,14927662,Brooklyn,Carroll Gardens,40.68372,-73.9926,Entire home/apt,270,30,6,1,0,0
17106644,1527966,Brooklyn,Crown Heights,40.67308,-73.95829,Entire home/apt,129,3,22,2,0,0
17107608,13244076,Brooklyn,Bushwick,40.684025,-73.909882,Private room,48,31,7,2,336,6
17107656,65971028,Manhattan,East Village,40.72729,-73.98585,Entire home/apt,125,30,2,1,0,0
16814205,111841534,Queens,Jamaica,40.67902,-73.79716,Private room,70,1,613,1,2,86
16814536,30576651,Brooklyn,Sunset Park,40.64095,-74.01747,Private room,50,30,1,1,0,0
17108395,114877351,Queens,Astoria,40.76585,-73.92779,Entire home/apt,129,30,14,1,0,0
16821077,38607397,Brooklyn,Windsor Terrace,40.65851,-73.98153,Private room,50,30,0,1,0,0
16824884,5447617,Brooklyn,Bedford-Stuyvesant,40.68213,-73.93792,Entire home/apt,125,30,11,3,337,0
17189941,3592883,Brooklyn,Williamsburg,40.71558,-73.95721,Entire home/apt,550,5,8,1,12,4
17209680,1226375,Manhattan,East Village,40.72346,-73.98352,Private room,110,30,44,1,0,0
17210810,6950431,Manhattan,West Village,40.73532,-74.00522,Entire home/apt,149,30,1,1,0,0
17117631,3236595,Manhattan,Harlem,40.8093,-73.95204,Private room,143,1,46,4,33,9
17122054,115057851,Manhattan,East Harlem,40.80981,-73.93954,Entire home/apt,147,3,220,2,146,50
17210984,115845698,Brooklyn,Carroll Gardens,40.67978,-73.99362,Private room,96,3,149,1,57,34
17211583,278393,Brooklyn,Bushwick,40.6987,-73.92378,Private room,65,30,120,3,341,0
16826741,111798802,Manhattan,Gramercy,40.7357,-73.98188,Entire home/apt,155,30,3,1,0,0
16828843,31175385,Manhattan,Chelsea,40.74194,-73.99944,Entire home/apt,130,30,5,1,0,0
16829324,4094013,Manhattan,Lower East Side,40.72296,-73.99084,Entire home/apt,403,3,144,1,36,42
16834523,11787214,Manhattan,Upper West Side,40.789925062271394,-73.97318422794342,Entire home/apt,280,7,0,1,249,0
16840727,111970954,Brooklyn,Bedford-Stuyvesant,40.68749,-73.94131,Private room,65,30,4,1,0,0
16841998,112127289,Brooklyn,Bushwick,40.69338,-73.90546,Private room,40,30,6,1,0,0
17122439,115057851,Manhattan,East Harlem,40.80971,-73.93829,Entire home/apt,124,3,246,2,130,53
17122814,33675739,Manhattan,East Harlem,40.79304,-73.94193,Private room,45,30,104,2,147,3
17385865,19303369,Queens,Elmhurst,40.74058,-73.87628,Private room,35,30,0,175,0,0
17396669,52132241,Brooklyn,Crown Heights,40.67129,-73.93253,Private room,60,30,58,1,129,3
16843605,32220274,Brooklyn,Clinton Hill,40.68907,-73.96492,Entire home/apt,280,2,53,1,4,0
16846366,436642,Manhattan,Upper West Side,40.78226,-73.98471,Entire home/apt,995,5,33,1,4,3
17617905,13561853,Queens,Sunnyside,40.74188,-73.92414,Entire home/apt,60,30,18,2,5,6
17618903,95921812,Brooklyn,Gowanus,40.67662,-73.99044,Entire home/apt,100,30,3,1,0,0
17219303,1700359,Manhattan,East Village,40.72595,-73.98984,Entire home/apt,130,30,14,1,90,4
17219608,115939440,Queens,Ridgewood,40.69635,-73.90077,Entire home/apt,100,30,1,1,0,0
17398122,117367210,Manhattan,Harlem,40.81522,-73.94033,Entire home/apt,500,30,23,1,0,0
17223109,10160214,Manhattan,Chelsea,40.74147,-74.00104,Entire home/apt,280,30,21,1,53,6
17624400,92294213,Manhattan,West Village,40.73575,-73.99913,Entire home/apt,225,30,12,1,0,0
17411672,117742969,Brooklyn,Bedford-Stuyvesant,40.69566,-73.94521,Entire home/apt,98,2,26,1,252,8
17624418,6978404,Brooklyn,Bay Ridge,40.62482,-74.02959,Entire home/apt,120,30,6,1,0,1
17632840,114736959,Brooklyn,Coney Island,40.576569,-73.985207,Entire home/apt,133,3,166,5,172,42
17635569,119941037,Brooklyn,Brooklyn Heights,40.69145,-73.99413,Private room,55,30,3,1,0,0
17641625,836353,Manhattan,East Village,40.72595,-73.9859,Entire home/apt,160,30,32,1,0,1
17231011,116056294,Queens,Rego Park,40.72996,-73.85507,Private room,70,30,39,2,365,0
17415890,9558820,Brooklyn,Williamsburg,40.71829,-73.95648,Entire home/apt,200,30,7,1,0,0
17233611,6705828,Manhattan,Gramercy,40.73434,-73.98961,Entire home/apt,321,30,1,1,134,1
17239321,6489574,Manhattan,East Village,40.72979,-73.98759,Entire home/apt,135,30,37,2,0,0
17242854,8159536,Bronx,Concourse,40.83288,-73.92006,Private room,35,3,26,4,249,3
17649177,120010130,Manhattan,Inwood,40.86404,-73.92873,Private room,55,14,2,1,310,2
17651741,23192585,Brooklyn,Bedford-Stuyvesant,40.6819,-73.91213,Private room,35,3,36,1,0,0
17652158,38593087,Brooklyn,Williamsburg,40.7089,-73.96561,Private room,71,1,197,2,111,56
17653243,51501835,Manhattan,Little Italy,40.71899,-73.99773,Entire home/apt,120,30,6,109,215,2
17416959,1261480,Manhattan,Harlem,40.80717,-73.95065,Private room,8614,3,0,8,362,0
17418006,110858930,Queens,Springfield Gardens,40.69148,-73.74738,Entire home/apt,200,2,122,2,316,35
17653754,74160866,Manhattan,Upper East Side,40.77607,-73.95115,Entire home/apt,180,40,164,1,293,0
17249755,11638358,Brooklyn,Bedford-Stuyvesant,40.69017,-73.93754,Entire home/apt,134,30,134,2,129,15
17255880,48076117,Brooklyn,Crown Heights,40.67381,-73.93207,Private room,93,1,506,2,80,80
17419342,1261480,Manhattan,Harlem,40.80717,-73.95065,Private room,315,2,20,8,358,2
17423245,16145840,Manhattan,East Harlem,40.79703,-73.94013,Private room,95,30,22,2,0,0
17257339,115259709,Staten Island,St. George,40.6456,-74.08069,Entire home/apt,150,2,82,1,2,0
17263207,2787,Brooklyn,Gravesend,40.60801,-73.97539,Private room,199,1,34,9,341,9
17263550,3236595,Manhattan,Harlem,40.80888,-73.94987,Private room,143,1,78,4,39,6
17653791,120115594,Brooklyn,Crown Heights,40.67702,-73.94923,Entire home/apt,90,31,66,1,282,2
17430215,16960038,Manhattan,Chelsea,40.74892,-74.00153,Private room,150,30,0,1,0,0
17431995,117932348,Manhattan,Gramercy,40.73533,-73.98049,Entire home/apt,155,31,43,4,34,7
17265284,116396065,Brooklyn,Sheepshead Bay,40.60095,-73.95055,Entire home/apt,282,3,170,1,266,22
17434184,1261480,Manhattan,Harlem,40.80717,-73.95065,Private room,429,1,36,8,141,0
17434977,49704571,Brooklyn,Greenpoint,40.7208,-73.94238,Entire home/apt,89,30,12,9,31,3
17447150,15145088,Manhattan,Upper West Side,40.78541,-73.97267,Entire home/apt,209,30,9,8,336,2
17447168,30054890,Brooklyn,Williamsburg,40.70655,-73.94886,Private room,59,30,4,2,0,0
17448930,118110284,Brooklyn,Williamsburg,40.71477,-73.9611,Entire home/apt,200,30,10,1,166,2
17266124,116404073,Queens,Springfield Gardens,40.66818,-73.76404,Entire home/apt,99,1,509,2,176,72
17654611,105372357,Queens,Long Island City,40.74299,-73.94882,Private room,100,3,40,1,112,16
17655017,120137482,Queens,Long Island City,40.75498,-73.92169,Private room,100,30,0,1,0,0
17450190,28584159,Manhattan,Midtown,40.74842,-73.98676,Private room,41,300,1,1,89,0
17456705,20851517,Manhattan,Hell's Kitchen,40.76581,-73.98898,Private room,75,30,17,2,25,0
17457491,118199454,Brooklyn,Bushwick,40.69894,-73.92973,Private room,89,30,24,1,36,2
17662532,34745360,Brooklyn,Williamsburg,40.71784,-73.95997,Private room,80,30,0,2,0,0
17268091,6396827,Brooklyn,Crown Heights,40.67247,-73.9482,Entire home/apt,89,30,18,1,0,0
17269342,114890218,Manhattan,Hell's Kitchen,40.76328,-73.99295,Entire home/apt,190,7,33,1,0,0
17460510,1397707,Manhattan,Harlem,40.81645,-73.93778,Entire home/apt,180,3,26,1,109,5
17270768,8833885,Brooklyn,Greenpoint,40.72533,-73.94414,Entire home/apt,196,2,233,2,260,55
17665859,6236010,Manhattan,East Harlem,40.79068,-73.94164,Entire home/apt,85,5,1,1,266,1
17463059,116889152,Manhattan,Harlem,40.81793,-73.94696,Entire home/apt,227,1,326,3,78,66
17665943,119987770,Queens,East Elmhurst,40.76094,-73.87846,Private room,63,1,538,3,324,110
17666011,120245256,Manhattan,Upper West Side,40.7971,-73.96159,Private room,125,30,4,1,0,0
17667585,42727726,Brooklyn,Williamsburg,40.71375,-73.96195,Private room,82,30,15,1,0,0
17278544,11661027,Brooklyn,Greenpoint,40.7271,-73.95771,Entire home/apt,320,2,40,1,256,11
17286647,3407346,Manhattan,East Village,40.72606,-73.98563,Entire home/apt,100,60,30,1,0,1
17295864,72215470,Manhattan,Upper West Side,40.78321,-73.98053,Entire home/apt,229,30,0,1,0,0
17464043,49166783,Brooklyn,Williamsburg,40.7166,-73.95332,Shared room,175,30,0,1,0,0
17464151,118276455,Manhattan,Upper West Side,40.79455,-73.97488,Entire home/apt,170,30,11,1,262,4
17297467,55198931,Brooklyn,Flatbush,40.64874,-73.96679,Private room,65,30,12,1,257,0
17667639,43907907,Manhattan,Upper West Side,40.796,-73.97631,Entire home/apt,215,30,45,1,0,0
17465199,3637890,Manhattan,Greenwich Village,40.73416,-73.9979,Entire home/apt,123,30,3,1,0,0
17479736,52129673,Manhattan,Harlem,40.82639,-73.94546,Private room,59,1,19,1,0,0
17480275,115227524,Manhattan,Morningside Heights,40.81662,-73.96006,Private room,70,30,0,1,0,0
17669480,112814443,Brooklyn,Bedford-Stuyvesant,40.68424,-73.94597,Entire home/apt,155,2,246,2,148,79
17677710,93148942,Brooklyn,Bushwick,40.69878,-73.92581,Private room,70,30,19,2,0,0
17297939,116695735,Manhattan,Hell's Kitchen,40.76209,-73.99612,Entire home/apt,210,30,0,2,0,0
17480547,83351115,Brooklyn,Bushwick,40.6949,-73.92676,Private room,31,30,0,1,0,0
17302040,89241337,Brooklyn,Bedford-Stuyvesant,40.68918,-73.94398,Private room,50,30,1,1,0,0
17302836,4428742,Manhattan,Upper East Side,40.76859,-73.96123,Private room,89,30,2,1,0,0
17481087,24037775,Manhattan,Chelsea,40.74276,-73.99421,Entire home/apt,250,4,1,1,0,0
17481484,118430352,Brooklyn,Crown Heights,40.67538,-73.94012,Private room,75,30,0,1,0,0
17304795,78866824,Manhattan,Upper West Side,40.80204,-73.96481,Private room,86,30,16,1,0,0
17306128,4291007,Brooklyn,Bedford-Stuyvesant,40.69813,-73.96055,Private room,99,30,14,16,311,4
17306148,4291007,Brooklyn,Clinton Hill,40.69642,-73.96229,Private room,99,30,4,16,330,1
17679645,51594665,Manhattan,Harlem,40.81255,-73.94417,Private room,55,30,0,1,0,0
17679822,120393659,Manhattan,Harlem,40.81302,-73.94551,Entire home/apt,165,4,32,1,247,2
17489509,8435480,Brooklyn,Greenpoint,40.72302,-73.95068,Entire home/apt,180,30,159,1,0,0
17495518,118554120,Manhattan,Upper East Side,40.78121,-73.9498,Entire home/apt,100,30,7,1,0,0
17680909,119548006,Queens,Fresh Meadows,40.73251,-73.79392,Entire home/apt,51,2,241,1,24,31
17310907,2219255,Brooklyn,East Flatbush,40.64947,-73.92891,Private room,300,30,7,8,0,0
17495862,90215210,Brooklyn,Crown Heights,40.67168,-73.92938,Private room,59,4,45,1,25,0
17316565,116854478,Brooklyn,Carroll Gardens,40.68346,-73.99898,Entire home/apt,250,30,0,1,0,0
17317934,34386241,Manhattan,East Village,40.7262,-73.98351,Entire home/apt,175,30,4,2,0,0
17318814,116889152,Manhattan,Harlem,40.82014,-73.94536,Entire home/apt,160,1,318,3,100,56
17321243,116871769,Brooklyn,Williamsburg,40.711,-73.94951,Private room,128,1,142,1,250,29
17682843,117195769,Queens,Astoria,40.76329,-73.90842,Private room,110,1,197,2,354,8
17683202,1721381,Brooklyn,Park Slope,40.68189,-73.97987,Entire home/apt,180,30,2,1,0,0
17683903,21725994,Brooklyn,Prospect-Lefferts Gardens,40.65625,-73.9578,Entire home/apt,290,4,18,2,0,4
17684067,119737270,Brooklyn,Flatbush,40.64053,-73.95752,Private room,60,30,0,1,0,0
17496511,118547015,Manhattan,SoHo,40.72081,-73.99911,Entire home/apt,175,30,16,1,0,0
17684359,119829743,Manhattan,Chelsea,40.74071,-74.00193,Entire home/apt,365,30,7,1,0,0
17499587,46599828,Manhattan,Midtown,40.74361,-73.98391,Entire home/apt,220,30,6,1,0,0
17684828,120456470,Queens,Ditmars Steinway,40.77483,-73.9071,Entire home/apt,200,30,47,1,0,0
17329090,116992515,Manhattan,West Village,40.73232,-74.00155,Entire home/apt,300,5,64,1,79,23
17330186,114075917,Manhattan,East Village,40.73288,-73.98651,Private room,60,30,1,1,0,0
17500994,87889145,Brooklyn,Canarsie,40.64547,-73.90211,Entire home/apt,78,2,170,2,264,33
17331192,10291534,Brooklyn,Williamsburg,40.71336,-73.96411,Entire home/apt,224,1,205,1,295,49
17332200,10475653,Brooklyn,Windsor Terrace,40.6489,-73.97483,Private room,45,1,270,3,243,71
17333173,1487700,Queens,Briarwood,40.71453,-73.82411,Entire home/apt,64,30,8,1,35,0
17339881,115854410,Brooklyn,Bedford-Stuyvesant,40.68357,-73.94741,Entire home/apt,130,3,201,2,248,40
17365636,3537298,Brooklyn,Greenpoint,40.73681,-73.95529,Private room,75,30,3,1,0,0
17367175,4120523,Brooklyn,Bushwick,40.7043,-73.92936,Private room,29,30,57,2,0,0
17367187,11196496,Bronx,Concourse,40.82935,-73.92757,Entire home/apt,239,1,174,1,341,19
17684912,6274742,Brooklyn,Bedford-Stuyvesant,40.68995,-73.95823,Entire home/apt,219,8,35,1,0,10
17506469,53759518,Brooklyn,Williamsburg,40.71293,-73.94635,Private room,107,30,1,1,0,0
17685710,90334134,Bronx,Wakefield,40.8991,-73.85707,Private room,50,30,9,1,340,0
17508300,1647256,Manhattan,West Village,40.73388,-74.00669,Entire home/apt,180,30,0,1,0,0
17367484,84109314,Queens,Astoria,40.76068,-73.90926,Private room,120,1,0,1,341,0
17508940,32788186,Manhattan,Washington Heights,40.85149,-73.9358,Shared room,35,1,39,1,0,0
17512466,17770287,Manhattan,Midtown,40.75086,-73.98256,Entire home/apt,186,60,10,12,257,2
17512898,11427289,Manhattan,Greenwich Village,40.73484,-73.99665,Private room,300,30,1,1,0,0
17513537,118727691,Brooklyn,Fort Greene,40.69254,-73.9746,Entire home/apt,1000,30,53,1,249,0
17369530,8140134,Manhattan,Washington Heights,40.83704,-73.94601,Private room,54,30,2,1,0,0
17370778,1339545,Brooklyn,Park Slope,40.66971,-73.97882,Entire home/apt,153,3,237,8,50,36
17371795,117399779,Brooklyn,Williamsburg,40.7129,-73.96496,Private room,90,30,5,1,0,0
17378609,50364911,Brooklyn,Mill Basin,40.61645,-73.91542,Entire home/apt,108,1,24,2,137,24
17380301,48104557,Brooklyn,Gowanus,40.6695,-73.99131,Entire home/apt,110,30,6,1,5,6
17380887,32405588,Brooklyn,Williamsburg,40.71189,-73.96004,Private room,115,3,66,2,23,1
17381819,43682230,Manhattan,Lower East Side,40.71982,-73.98538,Entire home/apt,325,30,2,1,0,0
17383253,9293730,Manhattan,Upper West Side,40.79533,-73.962898,Entire home/apt,147,30,13,37,280,2
17692964,6198824,Manhattan,Tribeca,40.72091,-74.01048,Entire home/apt,162,30,12,1,0,0
17702057,26177358,Manhattan,Upper East Side,40.76853,-73.95903,Entire home/apt,179,4,35,1,0,0
17707963,119592255,Queens,Jamaica,40.68027,-73.78183,Private room,53,1,266,2,362,20
17710717,18481424,Brooklyn,Bedford-Stuyvesant,40.68938,-73.94482,Entire home/apt,100,7,3,1,0,0
17713865,7475363,Manhattan,Upper East Side,40.7675,-73.95538,Private room,99,2,91,2,304,4
17515391,10896859,Brooklyn,South Slope,40.6657,-73.98009,Entire home/apt,186,3,130,1,70,24
17383929,117498033,Brooklyn,Crown Heights,40.67554,-73.93327,Private room,35,30,0,1,0,0
17831929,11136995,Brooklyn,Flatbush,40.65003,-73.96471,Private room,22,30,2,1,0,0
17515734,96479013,Brooklyn,Bedford-Stuyvesant,40.69488,-73.94869,Entire home/apt,201,8,72,2,10,19
17840284,122028274,Manhattan,Washington Heights,40.84507,-73.93937,Private room,68,5,7,1,0,0
17716140,120761466,Brooklyn,Flatbush,40.64802,-73.95618,Private room,90,2,80,1,346,21
17716225,84548731,Brooklyn,Prospect-Lefferts Gardens,40.65504,-73.96156,Private room,31,4,14,1,0,0
17716523,41398005,Staten Island,Arrochar,40.59322,-74.06857,Entire home/apt,112,1,239,3,125,54
17515870,118753490,Manhattan,Financial District,40.70769,-74.00364,Private room,100,30,5,1,0,0
17719353,89197711,Brooklyn,Bath Beach,40.60208,-73.99511,Private room,79,1,2,1,0,0
17516489,1273890,Manhattan,Washington Heights,40.8501,-73.93749,Entire home/apt,2000,30,7,2,0,0
17522686,25227079,Brooklyn,Prospect Heights,40.67601,-73.96594,Entire home/apt,130,30,2,1,0,0
17720628,59377513,Brooklyn,Flatbush,40.65482,-73.95885,Entire home/apt,120,5,6,1,0,1
17842111,122044895,Bronx,Kingsbridge,40.87725,-73.89922,Entire home/apt,141,4,193,2,300,29
17524075,15730200,Manhattan,East Village,40.72248,-73.98462,Private room,135,30,1,1,0,0
17524441,13137787,Manhattan,East Village,40.72823,-73.98902,Private room,90,30,2,1,0,0
17842170,122044489,Brooklyn,Bedford-Stuyvesant,40.69233,-73.94423,Private room,150,30,0,2,161,0
17727003,33381571,Manhattan,Murray Hill,40.74829,-73.97857,Entire home/apt,500,30,5,1,0,0
17529216,7920086,Manhattan,East Harlem,40.78608,-73.94492,Private room,74,30,7,3,0,0
17531292,105225699,Queens,Flushing,40.76196,-73.79456,Entire home/apt,86,4,141,1,35,20
17728208,95306427,Manhattan,East Village,40.72597,-73.98456,Private room,100,30,26,1,0,0
17730019,101435219,Brooklyn,Bedford-Stuyvesant,40.68442,-73.92329,Entire home/apt,187,2,82,2,254,16
17730939,369015,Bronx,Pelham Gardens,40.86463,-73.84064,Private room,40,30,12,2,0,2
17735101,25651976,Manhattan,Hell's Kitchen,40.76101,-73.99212,Entire home/apt,150,30,8,1,0,0
17843168,112335936,Manhattan,Upper West Side,40.77128,-73.98258,Private room,257,3,11,2,0,0
17844130,101127101,Brooklyn,Brooklyn Heights,40.69593,-73.99662,Entire home/apt,159,30,36,1,126,2
17845507,122079426,Brooklyn,South Slope,40.66193,-73.98648,Private room,50,30,19,1,0,0
17531493,78254013,Manhattan,Upper West Side,40.80076,-73.96589,Private room,75,30,19,1,0,0
17532802,118913632,Brooklyn,Sunset Park,40.63992,-74.01289,Entire home/apt,65,30,1,1,0,0
17845650,121620125,Manhattan,Midtown,40.75774,-73.96771,Entire home/apt,148,30,12,1,0,0
17849234,6945333,Manhattan,Chelsea,40.75527,-74.00452,Shared room,298,30,0,1,0,0
17853353,48106825,Bronx,Pelham Gardens,40.86613,-73.84805,Private room,43,30,52,1,296,0
17855771,34745360,Brooklyn,Williamsburg,40.7174,-73.95858,Private room,65,30,1,2,0,0
17538067,21369808,Brooklyn,Bedford-Stuyvesant,40.69621,-73.94867,Private room,55,30,3,1,0,0
17857431,2065971,Brooklyn,Crown Heights,40.67911,-73.96192,Entire home/apt,290,30,12,2,0,2
17860042,30494797,Brooklyn,Williamsburg,40.7118,-73.9594,Private room,65,30,10,2,0,0
17864665,4059918,Manhattan,Upper East Side,40.76997,-73.95109,Entire home/apt,120,14,10,1,66,3
17735760,9215977,Manhattan,Upper West Side,40.778,-73.98051,Entire home/apt,319,7,32,1,88,3
17539385,7070648,Manhattan,Upper East Side,40.78085,-73.94951,Shared room,249,30,37,1,37,2
17539808,1704042,Brooklyn,Bedford-Stuyvesant,40.68125,-73.93011,Entire home/apt,78,28,39,1,0,0
17543505,99644584,Manhattan,Greenwich Village,40.7335,-73.99514,Entire home/apt,352,30,12,2,312,3
17737925,120989542,Brooklyn,Williamsburg,40.70749,-73.95203,Private room,55,30,3,1,0,0
17746222,16721721,Manhattan,Harlem,40.81503,-73.9509,Private room,75,30,18,1,0,0
17748284,25196982,Queens,Astoria,40.76928,-73.91659,Entire home/apt,78,27,39,1,7,3
17866018,122283834,Brooklyn,Bushwick,40.69918,-73.92486,Private room,50,9,34,1,145,4
17866206,114736959,Brooklyn,Coney Island,40.57574,-73.98624,Entire home/apt,129,3,128,5,158,35
17866302,22089863,Manhattan,Harlem,40.80363,-73.95168,Private room,65,30,8,2,0,0
17872922,30494797,Brooklyn,Williamsburg,40.71012,-73.95796,Entire home/apt,100,30,12,2,0,0
17876530,11305944,Bronx,Allerton,40.86762,-73.85688,Entire home/apt,180,2,131,4,329,23
17543905,7976263,Manhattan,Chelsea,40.7456,-73.99243,Private room,100,30,3,1,0,0
17545775,15266675,Brooklyn,Williamsburg,40.7178,-73.94634,Entire home/apt,160,30,9,1,0,0
17549299,7427325,Manhattan,Hell's Kitchen,40.76579,-73.99362,Entire home/apt,380,30,1,2,0,0
17552185,117035626,Brooklyn,Park Slope,40.67413,-73.97955,Entire home/apt,150,2,218,1,30,49
17879131,122419373,Manhattan,Chelsea,40.7433,-74.00129,Private room,436,2,257,1,148,55
17881079,17232044,Brooklyn,Greenpoint,40.72485,-73.9453,Private room,57,30,9,1,0,0
17892835,25753120,Brooklyn,Crown Heights,40.67103,-73.94918,Private room,40,30,0,2,0,0
17893069,10838291,Manhattan,Greenwich Village,40.73251,-73.99279,Entire home/apt,200,30,1,1,0,0
17552955,118270996,Manhattan,Washington Heights,40.84604,-73.94101,Private room,80,30,3,1,0,0
17554081,119125703,Brooklyn,Williamsburg,40.70858,-73.96549,Entire home/apt,119,5,157,1,209,30
17750380,611109,Brooklyn,Williamsburg,40.70826,-73.96766,Private room,111,3,66,3,263,4
17751140,119987770,Queens,East Elmhurst,40.76063,-73.8798,Private room,63,1,466,3,251,55
17554298,76840423,Staten Island,Huguenot,40.53894,-74.16983,Entire home/apt,188,1,301,1,238,49
17752493,20926711,Manhattan,Chelsea,40.74899,-73.99575,Private room,85,2,2,1,0,0
17897913,92561578,Queens,Maspeth,40.73447,-73.89741,Private room,75,30,15,4,334,2
17554981,5162192,Manhattan,Upper West Side,40.79815,-73.96232,Entire home/apt,130,30,9,20,74,0
17555918,3650456,Manhattan,Chelsea,40.74852,-74.00571,Private room,80,30,12,1,0,0
17753121,121141615,Queens,Ridgewood,40.70872,-73.91572,Private room,50,30,1,1,0,0
17557873,10475653,Brooklyn,Windsor Terrace,40.64827,-73.97283,Private room,41,1,233,3,212,63
17558223,39023795,Manhattan,Chelsea,40.74618,-73.9938,Entire home/apt,135,180,0,1,0,0
17757561,121179210,Queens,Glendale,40.69786,-73.89351,Private room,89,5,6,4,365,2
17899730,94382194,Bronx,Tremont,40.84685,-73.89016,Entire home/apt,181,1,51,1,179,0
17560543,117851567,Manhattan,Harlem,40.82036,-73.95608,Private room,40,30,0,1,0,0
17900193,122650568,Manhattan,Lower East Side,40.72192,-73.98941,Entire home/apt,150,30,3,1,0,0
17906420,6899124,Brooklyn,Bedford-Stuyvesant,40.689,-73.95224,Entire home/apt,115,2,54,1,0,5
17908179,5502239,Brooklyn,Clinton Hill,40.69373,-73.96619,Entire home/apt,150,40,4,1,0,1
17561119,80479138,Manhattan,Midtown,40.7603,-73.96462,Entire home/apt,169,30,16,6,140,4
17568601,14759473,Brooklyn,Bedford-Stuyvesant,40.7003,-73.94525,Entire home/apt,40,3,28,1,0,0
17568638,3095778,Manhattan,East Village,40.72351,-73.98473,Entire home/apt,157,30,11,1,0,0
17569080,42555896,Manhattan,Harlem,40.79927,-73.95109,Entire home/apt,220,30,3,1,6,0
17757976,121185129,Manhattan,Gramercy,40.73412,-73.98293,Entire home/apt,325,5,22,1,19,5
17759478,88043058,Brooklyn,Bedford-Stuyvesant,40.69018,-73.95357,Private room,89,1,152,3,329,46
17759501,121179210,Queens,Glendale,40.69785,-73.89411,Private room,89,5,2,4,364,1
17572926,36578169,Manhattan,Upper East Side,40.78027,-73.9496,Entire home/apt,130,30,0,1,0,0
17759694,17041154,Brooklyn,Williamsburg,40.7104,-73.94715,Entire home/apt,120,30,45,1,318,0
17759953,121179210,Queens,Glendale,40.69796,-73.89484,Private room,89,5,2,4,365,1
17590729,35529867,Manhattan,Harlem,40.80191,-73.95165,Private room,78,30,9,1,0,0
17764355,1715301,Staten Island,Stapleton,40.63398,-74.07871,Entire home/apt,129,3,160,2,312,4
17766580,4223227,Manhattan,Lower East Side,40.71978,-73.99395,Entire home/apt,130,30,18,1,0,0
17771762,9864136,Brooklyn,Bushwick,40.68634,-73.91363,Private room,51,30,4,28,341,1
17923261,122884945,Queens,Maspeth,40.71957,-73.89214,Entire home/apt,106,3,99,1,264,39
17925111,51501835,Manhattan,Hell's Kitchen,40.76111,-73.99409,Entire home/apt,125,30,11,109,249,1
17925453,116382,Brooklyn,Crown Heights,40.67095,-73.94057,Private room,50,30,39,8,243,4
17591356,99245631,Manhattan,Upper East Side,40.77123,-73.95391,Private room,90,30,3,1,0,0
17601315,975819,Manhattan,Nolita,40.7214,-73.99616,Entire home/apt,400,30,0,1,0,0
17926371,71873381,Brooklyn,Park Slope,40.67147,-73.97132,Entire home/apt,1000,30,0,1,0,0
17603059,5925984,Manhattan,Midtown,40.7465,-73.98529,Private room,275,3,94,1,75,21
17929219,28588488,Manhattan,West Village,40.73498,-74.00124,Entire home/apt,375,30,51,1,146,3
17774316,121352443,Manhattan,East Harlem,40.78869,-73.95305,Private room,62,30,3,1,0,0
17605478,119155499,Brooklyn,Bushwick,40.69317,-73.92243,Private room,89,5,41,4,358,5
17778781,120567010,Brooklyn,Williamsburg,40.70987,-73.96567,Private room,55,30,2,1,0,0
17786762,945880,Manhattan,Hell's Kitchen,40.7622,-73.99567,Entire home/apt,150,3,1,1,0,0
17790958,49651890,Manhattan,Nolita,40.72125,-73.99612,Private room,135,30,67,1,0,0
17791464,57643057,Queens,Long Island City,40.74797,-73.94481,Private room,65,30,107,2,68,0
17938337,96841679,Brooklyn,Canarsie,40.63763,-73.8856,Entire home/apt,85,2,147,1,306,6
17605729,90731801,Manhattan,East Village,40.72803,-73.981,Private room,75,30,3,1,0,0
17940198,24383863,Brooklyn,Bedford-Stuyvesant,40.69696,-73.9435,Private room,44,3,44,1,0,0
17792856,73610315,Queens,Astoria,40.76386,-73.92259,Private room,65,30,14,1,0,0
17793180,106046570,Brooklyn,Bushwick,40.69628,-73.91356,Private room,106,30,4,1,0,0
17793185,3803423,Brooklyn,Prospect Heights,40.67869,-73.96884,Entire home/apt,175,30,5,1,0,0
17606753,119155499,Brooklyn,Bushwick,40.69498,-73.92255,Private room,89,5,48,4,342,10
17607132,119155499,Brooklyn,Bushwick,40.69358,-73.92239,Private room,89,5,12,4,361,1
17609502,119592255,Queens,Jamaica,40.68028,-73.78331,Private room,46,1,492,2,354,55
17610023,1522383,Brooklyn,Park Slope,40.67921,-73.974,Private room,48,13,4,1,0,0
17610059,13492085,Manhattan,Chelsea,40.74638,-73.99049,Private room,100,30,1,2,0,0
18076816,20600569,Manhattan,Roosevelt Island,40.76385,-73.94875,Private room,95,30,114,2,0,0
18076911,44924379,Queens,Jamaica,40.69928,-73.78634,Private room,60,2,71,3,352,9
18077042,121093001,Queens,Ozone Park,40.67589,-73.85781,Entire home/apt,83,4,212,1,188,41
17796480,100812175,Queens,Jackson Heights,40.75011,-73.87544,Private room,49,30,119,1,159,0
17941948,122922752,Manhattan,Stuyvesant Town,40.73092,-73.97642,Private room,55,31,0,1,0,0
17943407,3463177,Manhattan,East Village,40.73135,-73.98486,Entire home/apt,120,30,30,1,23,5
17943732,6397629,Manhattan,SoHo,40.72766,-74.00243,Entire home/apt,300,45,17,1,170,2
18077050,52711374,Manhattan,Upper West Side,40.78347,-73.98226,Entire home/apt,110,30,12,1,0,0
17943817,123102489,Queens,Glendale,40.69948,-73.89446,Private room,69,30,2,1,0,0
17944219,10744966,Manhattan,Upper East Side,40.77214,-73.95804,Private room,300,30,10,1,0,0
17946985,110872398,Brooklyn,Bedford-Stuyvesant,40.68993,-73.95878,Private room,65,30,16,1,0,0
17808825,121612198,Brooklyn,Canarsie,40.64319,-73.91294,Private room,93,30,25,4,344,1
18077560,4047395,Brooklyn,Clinton Hill,40.6853,-73.96436,Private room,90,3,65,1,136,17
17808917,85218001,Manhattan,Upper East Side,40.77707,-73.95631,Private room,105,30,8,1,0,0
18077717,62680545,Manhattan,Upper West Side,40.79723,-73.96101,Entire home/apt,175,30,2,1,0,0
17809161,1872051,Manhattan,East Village,40.72843,-73.98135,Entire home/apt,99,30,1,1,0,0
18078720,124486054,Bronx,Edenwald,40.88558,-73.8359,Private room,70,30,0,1,0,0
17951580,112901574,Brooklyn,Bedford-Stuyvesant,40.68943238503666,-73.93295985056916,Entire home/apt,168,4,130,7,316,37
17952277,62685070,Brooklyn,Bushwick,40.69979,-73.9212,Private room,10,30,0,1,0,0
17952472,105074140,Queens,Flushing,40.75514,-73.80452,Private room,114,30,3,4,0,0
17963856,24010376,Manhattan,Inwood,40.86591,-73.92261,Private room,65,30,1,1,0,0
17972466,33200173,Manhattan,Upper West Side,40.78574,-73.97547,Private room,90,30,4,2,0,0
17974244,231704,Manhattan,Upper West Side,40.78918,-73.97922,Entire home/apt,800,30,1,1,279,0
18080436,55981584,Brooklyn,Bay Ridge,40.63583,-74.02111,Private room,35,30,11,1,0,0
18085447,16978120,Manhattan,Harlem,40.82816,-73.95375,Private room,45,30,20,3,146,6
18086664,124554019,Brooklyn,Crown Heights,40.67196,-73.93532,Private room,35,10,43,1,68,1
17975664,123458466,Bronx,Edenwald,40.88677,-73.83411,Private room,100,3,54,1,364,4
17979132,70619358,Manhattan,Upper West Side,40.80192,-73.9619,Private room,40,30,1,1,0,0
17810201,75234771,Manhattan,Inwood,40.86336,-73.91875,Private room,76,2,107,2,127,41
17822626,29510483,Brooklyn,Prospect-Lefferts Gardens,40.65738,-73.95363,Private room,50,30,0,1,0,0
17824129,102763353,Manhattan,Midtown,40.74427,-73.98351,Entire home/apt,120,30,5,2,0,0
17827910,51501835,Manhattan,Hell's Kitchen,40.76023,-73.99431,Entire home/apt,150,30,3,109,244,0
17829947,81141009,Brooklyn,Williamsburg,40.7168,-73.94519,Entire home/apt,160,30,10,1,0,0
18087564,5735174,Brooklyn,Greenpoint,40.73489,-73.95535,Entire home/apt,150,30,28,1,37,3
17831374,28594302,Manhattan,East Village,40.73146,-73.98669,Private room,93,50,1,1,56,1
18291740,2308459,Manhattan,East Village,40.72645,-73.98366,Private room,83,30,12,1,0,0
18291916,33943711,Brooklyn,Bedford-Stuyvesant,40.68768,-73.95885,Entire home/apt,100,30,8,1,0,0
17981267,123518076,Bronx,Concourse,40.81992,-73.92809,Entire home/apt,124,30,100,2,144,3
18090441,60786164,Brooklyn,Prospect-Lefferts Gardens,40.65835,-73.96204,Entire home/apt,83,30,2,1,0,0
18091187,124593127,Manhattan,Washington Heights,40.85585,-73.92947,Private room,85,3,177,2,171,33
18091991,124593127,Manhattan,Washington Heights,40.85585,-73.92947,Private room,84,3,131,2,157,19
18092438,17428203,Manhattan,Upper East Side,40.77305,-73.94812,Entire home/apt,124,31,0,2,0,0
18094212,121274,Brooklyn,Cobble Hill,40.68702,-73.99626,Entire home/apt,914,4,13,1,34,4
17981447,95286194,Manhattan,Chelsea,40.75048,-74.00533,Private room,75,1,56,1,4,3
17984049,120181746,Manhattan,Flatiron District,40.74075,-73.98902,Entire home/apt,143,30,1,1,354,0
18303895,126592760,Manhattan,Harlem,40.80384,-73.94965,Entire home/apt,139,30,161,1,270,5
18307376,126285830,Brooklyn,Sunset Park,40.64317,-74.00339,Private room,38,30,7,1,0,0
18095883,70774951,Queens,East Elmhurst,40.76885,-73.87821,Entire home/apt,121,1,333,3,0,31
18102867,3632170,Brooklyn,Williamsburg,40.71313,-73.96191,Entire home/apt,120,30,0,1,0,0
18104150,124702572,Brooklyn,Bedford-Stuyvesant,40.68038,-73.92221,Entire home/apt,106,2,124,2,34,42
18313862,1507779,Brooklyn,South Slope,40.66416,-73.98353,Private room,91,30,12,2,125,0
18314930,5641114,Queens,Ridgewood,40.70366,-73.89681,Private room,49,30,29,1,0,0
18325063,20017962,Queens,Long Island City,40.74165,-73.95469,Private room,126,30,16,1,280,3
18326156,42928837,Brooklyn,Williamsburg,40.7052,-73.92813,Private room,40,3,6,1,0,0
18326238,2141311,Brooklyn,Williamsburg,40.71767,-73.94601,Private room,69,30,0,1,0,0
18327453,5140287,Brooklyn,Park Slope,40.67759,-73.97997,Private room,60,2,8,1,0,0
17987648,89715420,Brooklyn,East Flatbush,40.64909,-73.9202,Entire home/apt,102,30,15,2,300,2
17988221,4296251,Manhattan,East Village,40.72437,-73.98161,Private room,90,30,0,2,0,0
17989537,4296251,Manhattan,East Village,40.72285,-73.98151,Private room,100,30,0,2,0,0
18108134,7370191,Brooklyn,Bushwick,40.69049,-73.91972,Private room,51,30,4,1,0,0
18329309,27670418,Queens,Ridgewood,40.70035,-73.90263,Entire home/apt,62,35,17,1,0,2
18108648,10194688,Queens,Ditmars Steinway,40.77583,-73.90944,Entire home/apt,230,7,198,2,7,32
18109817,51501835,Manhattan,Hell's Kitchen,40.76411,-73.99371,Entire home/apt,115,30,5,109,335,1
18117334,3388950,Brooklyn,Bedford-Stuyvesant,40.69464,-73.93458,Private room,73,3,129,3,0,20
18120175,124318039,Brooklyn,Crown Heights,40.67597,-73.9213,Private room,182,30,1,1,0,0
18329545,106068562,Manhattan,Chinatown,40.71468,-73.99132,Private room,130,30,1,1,0,0
18330221,22089161,Brooklyn,Williamsburg,40.7175,-73.94287,Entire home/apt,125,30,0,1,0,0
17992512,74282739,Staten Island,Stapleton,40.63031,-74.08091,Entire home/apt,71,1,431,1,218,90
18003918,10549792,Manhattan,Upper West Side,40.78022,-73.97864,Entire home/apt,175,30,2,1,0,0
18005257,1030491,Manhattan,Upper West Side,40.78065,-73.98788,Entire home/apt,199,180,0,1,0,0
18006637,123776081,Manhattan,Upper West Side,40.778306,-73.983255,Entire home/apt,155,3,0,1,75,0
18006977,886646,Manhattan,Nolita,40.72185,-73.99526,Entire home/apt,250,2,7,1,0,0
18013489,23390186,Manhattan,Financial District,40.70817,-74.005,Private room,130,30,12,1,0,0
18120404,101736132,Brooklyn,Bushwick,40.69098,-73.91754,Private room,52,3,2,3,249,2
18018424,123894644,Manhattan,Financial District,40.70686,-74.01103,Entire home/apt,115,30,4,1,0,0
18018752,63749946,Brooklyn,Crown Heights,40.67337,-73.92492,Entire home/apt,80,6,115,3,0,7
18022636,208565,Brooklyn,Greenpoint,40.73204,-73.95772,Entire home/apt,95,1,228,2,67,64
18024380,22284124,Brooklyn,Bedford-Stuyvesant,40.69227,-73.95938,Private room,45,30,2,1,0,0
18024561,47536613,Manhattan,Upper West Side,40.76846,-73.98254,Entire home/apt,449,5,203,1,229,44
18024956,15185649,Brooklyn,Bedford-Stuyvesant,40.68303,-73.92449,Entire home/apt,89,2,288,2,265,68
18338709,15303279,Manhattan,East Harlem,40.78884,-73.94932,Private room,100,30,1,1,0,0
18340599,66064924,Brooklyn,East New York,40.65412,-73.88238,Private room,105,30,59,1,0,0
18120946,9909635,Brooklyn,Bedford-Stuyvesant,40.69316,-73.94386,Private room,299,2,78,2,88,3
18342361,126922318,Manhattan,Upper West Side,40.78757,-73.9721,Private room,325,2,132,1,163,27
18347330,36678842,Brooklyn,Crown Heights,40.66893,-73.95854,Entire home/apt,100,30,2,1,0,0
18025228,101736132,Brooklyn,Bushwick,40.69119,-73.91685,Private room,97,1,12,3,249,0
18035418,51563463,Bronx,Tremont,40.84902,-73.89993,Private room,77,9,11,1,48,4
18123155,124886133,Manhattan,Upper East Side,40.76796,-73.95287,Entire home/apt,120,14,2,1,0,0
18037392,124082275,Brooklyn,Park Slope,40.67351,-73.97473,Private room,176,1,98,1,33,0
18348512,126984603,Manhattan,Hell's Kitchen,40.76442,-73.98888,Private room,50,5,46,1,95,1
18353019,40972641,Queens,Fresh Meadows,40.74321,-73.78946,Private room,45,30,8,2,0,0
18355480,16718650,Brooklyn,Williamsburg,40.71131,-73.95846,Private room,250,30,0,1,0,0
18356914,127065148,Manhattan,Civic Center,40.71216,-74.00686,Private room,65,30,1,1,0,0
18124493,124864741,Brooklyn,South Slope,40.66631,-73.98712,Private room,65,91,0,1,0,0
18039329,124106675,Manhattan,Lower East Side,40.72172,-73.98514,Entire home/apt,150,30,4,1,0,0
18039693,51501835,Manhattan,Upper East Side,40.78118,-73.95306,Entire home/apt,115,30,9,109,326,2
18043457,15651644,Manhattan,Lower East Side,40.71864,-73.99437,Private room,90,30,1,1,0,0
18049856,51926018,Brooklyn,Williamsburg,40.71647,-73.95522,Entire home/apt,400,30,1,1,0,0
18050153,10621137,Manhattan,Chelsea,40.74692,-74.00306,Entire home/apt,134,30,1,1,0,0
18059112,138243,Brooklyn,Crown Heights,40.67145,-73.93168,Private room,45,30,17,1,0,0
18124558,3084731,Manhattan,East Harlem,40.78765,-73.94439,Private room,79,14,67,1,55,1
18059231,5235811,Manhattan,Upper West Side,40.77431,-73.98819,Private room,70,30,0,1,0,0
18059239,27159049,Brooklyn,South Slope,40.66734,-73.99116,Entire home/apt,125,1,8,1,0,0
18059656,9030453,Manhattan,Harlem,40.8115,-73.94256,Private room,67,7,35,2,62,0
18133502,9909635,Brooklyn,Bedford-Stuyvesant,40.69234,-73.94526,Entire home/apt,799,2,58,2,365,11
18134537,124999506,Manhattan,Upper West Side,40.77769,-73.97751,Entire home/apt,143,30,3,1,0,0
18062797,85316652,Queens,Sunnyside,40.74172,-73.91421,Private room,84,30,35,1,0,0
18063815,50366453,Manhattan,Upper East Side,40.76136,-73.96195,Entire home/apt,162,30,3,1,0,0
18068913,23944472,Brooklyn,Prospect-Lefferts Gardens,40.65967,-73.96175,Entire home/apt,70,30,33,1,0,4
18358343,127080012,Manhattan,NoHo,40.72464,-73.99372,Private room,95,30,25,2,0,0
18358606,122877644,Manhattan,East Harlem,40.79052,-73.9485,Entire home/apt,135,30,143,1,280,3
18358792,127080266,Brooklyn,Carroll Gardens,40.6748,-73.99943,Entire home/apt,200,30,0,1,0,0
18359018,51501835,Manhattan,Upper East Side,40.78118,-73.95306,Entire home/apt,120,30,9,109,315,3
18359426,82562435,Queens,Arverne,40.58947,-73.79298,Private room,51,2,159,2,84,27
18134948,1746238,Brooklyn,Williamsburg,40.71203,-73.9464,Private room,145,4,74,2,3,7
18361390,127113351,Manhattan,Upper West Side,40.77646,-73.97664,Entire home/apt,149,30,8,1,0,0
18071399,113534805,Manhattan,Chelsea,40.74885,-74.00327,Private room,2857,1,0,1,89,0
18139095,3988482,Manhattan,Harlem,40.82365,-73.95285,Entire home/apt,447,3,56,1,0,11
18139171,5736671,Brooklyn,Boerum Hill,40.68674,-73.9889,Entire home/apt,315,5,23,1,0,5
18142309,32166735,Brooklyn,Prospect Heights,40.67565,-73.96695,Entire home/apt,100,75,14,1,0,0
18151976,2960920,Brooklyn,Bedford-Stuyvesant,40.68224,-73.9554,Private room,60,30,2,1,0,0
18155063,51501835,Manhattan,Hell's Kitchen,40.76411,-73.99371,Entire home/apt,120,30,3,109,293,1
18155865,125204273,Brooklyn,Williamsburg,40.70873,-73.94493,Private room,100,30,0,1,0,0
18073738,512101,Brooklyn,Bushwick,40.69737,-73.93175,Private room,85,30,16,1,0,0
18366609,127164761,Manhattan,Inwood,40.86663,-73.92251,Private room,40,1,14,1,0,0
18369887,2946771,Manhattan,East Harlem,40.81306,-73.937,Entire home/apt,155,30,39,1,0,0
18373404,14588919,Brooklyn,Bedford-Stuyvesant,40.68208,-73.94965,Entire home/apt,150,3,165,1,39,6
18374250,66961768,Brooklyn,Bedford-Stuyvesant,40.69284,-73.93779,Private room,38,30,9,1,0,0
18170615,75810157,Manhattan,Morningside Heights,40.8039,-73.96355,Private room,79,30,3,1,0,0
18375246,127250455,Brooklyn,Bedford-Stuyvesant,40.69156,-73.9605,Private room,40,30,8,1,0,0
18173198,274333,Manhattan,Harlem,40.80014,-73.95603,Shared room,35,2,141,2,74,33
18175743,40929418,Queens,Ridgewood,40.70307,-73.89601,Entire home/apt,100,30,0,1,0,0
18506841,75279920,Manhattan,Harlem,40.80681,-73.95145,Entire home/apt,364,3,191,1,258,46
18179365,51501835,Manhattan,Hell's Kitchen,40.76411,-73.99371,Entire home/apt,200,30,2,109,327,1
18179735,26996515,Brooklyn,Bedford-Stuyvesant,40.68863,-73.9287,Private room,40,30,4,2,0,0
18507232,121079735,Queens,Long Island City,40.7461773538324,-73.94685063885703,Entire home/apt,225,2,1,1,0,1
18507671,5440952,Manhattan,Upper West Side,40.77319,-73.98004,Shared room,53,30,0,1,0,0
18180304,7598580,Brooklyn,Bedford-Stuyvesant,40.67948,-73.94304,Entire home/apt,90,31,1,1,0,0
18182282,3749703,Manhattan,Hell's Kitchen,40.76164,-73.99683,Entire home/apt,300,30,0,1,0,0
18188904,62639334,Brooklyn,Crown Heights,40.67808,-73.94937,Private room,18,17,10,1,0,1
18188958,611109,Brooklyn,Williamsburg,40.70875,-73.96633,Entire home/apt,257,30,40,3,153,0
18191934,71138930,Brooklyn,Williamsburg,40.70368,-73.94157,Private room,90,30,22,1,0,0
18507990,38604449,Queens,Woodside,40.75651,-73.90527,Private room,60,2,45,2,255,10
18508209,1635983,Bronx,Schuylerville,40.83228,-73.834,Private room,55,3,58,3,118,16
18375685,76225580,Brooklyn,Prospect-Lefferts Gardens,40.66146,-73.95063,Entire home/apt,150,30,135,1,291,3
18377036,13649613,Bronx,University Heights,40.85699,-73.91456,Private room,59,2,94,4,6,17
18194429,125565839,Manhattan,Upper West Side,40.7916,-73.9713,Entire home/apt,100,30,12,1,0,0
18508470,33434914,Bronx,Parkchester,40.83063,-73.87712,Private room,45,3,132,4,3,24
18508959,18280205,Brooklyn,Williamsburg,40.71326,-73.95625,Entire home/apt,180,30,45,1,0,0
18194482,9945748,Brooklyn,Bedford-Stuyvesant,40.68518,-73.93969,Entire home/apt,130,30,13,1,0,0
18199525,80479138,Manhattan,Midtown,40.7606,-73.96565,Entire home/apt,179,30,3,6,149,1
18207319,125687221,Bronx,Longwood,40.81351,-73.89891,Private room,75,4,7,2,0,0
18515889,128517263,Brooklyn,Bushwick,40.69995,-73.93814,Private room,70,30,6,2,0,0
18385188,127341412,Brooklyn,Gowanus,40.67128,-73.98863,Entire home/apt,289,30,148,1,34,4
18386307,7245581,Manhattan,Chelsea,40.74957,-73.99637,Entire home/apt,105,135,12,19,257,2
18387744,47550622,Brooklyn,Crown Heights,40.66828,-73.94817,Private room,45,30,6,1,0,0
18209795,35525179,Manhattan,Upper West Side,40.79879,-73.97334,Private room,36,30,14,1,0,0
18210106,10642483,Manhattan,Hell's Kitchen,40.76405,-73.98809,Entire home/apt,289,30,0,1,0,0
18211851,170034,Manhattan,Harlem,40.81525,-73.94657,Entire home/apt,170,5,11,1,97,11
18392140,2828476,Brooklyn,Prospect-Lefferts Gardens,40.65996,-73.94803,Entire home/apt,60,30,1,1,0,0
18393354,2845,Manhattan,Hell's Kitchen,40.75534,-73.99223,Entire home/apt,175,30,2,3,281,0
18213280,6726364,Manhattan,Upper West Side,40.80109,-73.96144,Entire home/apt,270,30,3,2,0,0
18215065,10366837,Queens,Flushing,40.75723,-73.83191,Entire home/apt,84,2,105,2,162,1
18222186,125833008,Manhattan,Harlem,40.83158,-73.95067,Private room,75,30,2,1,0,0
18516103,128210772,Manhattan,West Village,40.72948,-74.00427,Private room,100,30,1,1,0,0
18518380,22541573,Manhattan,Gramercy,40.73878,-73.9844,Entire home/apt,414,30,2,131,333,0
18222359,120804342,Brooklyn,Bedford-Stuyvesant,40.69457,-73.94429,Entire home/apt,148,2,217,1,298,41
18520274,128557920,Brooklyn,Bedford-Stuyvesant,40.6883,-73.94096,Entire home/apt,182,30,0,1,0,0
18520516,19355895,Brooklyn,Williamsburg,40.7164,-73.96395,Entire home/apt,300,30,12,1,0,0
18394653,44140036,Brooklyn,East Flatbush,40.65041,-73.93508,Private room,59,2,65,2,222,17
18396197,23722638,Brooklyn,Boerum Hill,40.68592,-73.99007,Entire home/apt,200,14,7,1,0,0
18402330,33434914,Bronx,Parkchester,40.82931,-73.87684,Private room,60,2,157,4,2,33
18402568,33434914,Bronx,Parkchester,40.82944,-73.87555,Private room,45,3,138,4,7,30
18407251,10335937,Queens,Forest Hills,40.72774,-73.84844,Entire home/apt,197,3,24,1,0,0
18408236,124287074,Brooklyn,Prospect Heights,40.67966,-73.9687,Entire home/apt,149,30,67,1,0,0
18225702,125875662,Brooklyn,Bensonhurst,40.61737,-74.00046,Entire home/apt,101,30,7,1,0,0
18411056,127567480,Manhattan,Harlem,40.83111,-73.94228,Entire home/apt,349,30,163,1,267,35
18411427,1339545,Brooklyn,Park Slope,40.66988,-73.97821,Entire home/apt,182,3,11,8,47,9
18225912,3656008,Queens,Flushing,40.74636,-73.82517,Entire home/apt,220,30,120,5,334,2
18412771,127583166,Manhattan,Washington Heights,40.8379,-73.94586,Private room,55,21,9,1,36,1
18415505,11191325,Manhattan,Harlem,40.81082,-73.9411,Entire home/apt,99,30,37,1,0,0
18522547,128424841,Brooklyn,Bushwick,40.69392,-73.91543,Entire home/apt,233,1,110,1,96,39
18226037,29950960,Brooklyn,Clinton Hill,40.68536,-73.96309,Private room,134,10,24,1,12,4
18535402,21250331,Queens,Bayside,40.75622,-73.77036,Private room,60,31,169,3,156,31
18541736,4914270,Manhattan,West Village,40.73182,-74.00222,Entire home/apt,175,30,1,1,0,0
18416265,127618565,Brooklyn,Bushwick,40.70641,-73.91752,Private room,65,1,83,2,45,32
18422491,127667513,Manhattan,East Harlem,40.80976,-73.93915,Entire home/apt,140,30,2,1,37,1
18423938,22541573,Manhattan,Upper West Side,40.78062,-73.97919,Entire home/apt,142,30,0,131,274,0
18424928,1507779,Brooklyn,South Slope,40.6641,-73.9833,Entire home/apt,146,30,8,2,0,1
18427825,127539184,Brooklyn,East Flatbush,40.64906,-73.94431,Entire home/apt,100,3,52,1,0,3
18226108,57641560,Brooklyn,Williamsburg,40.71631,-73.95561,Entire home/apt,160,5,95,2,16,22
18543045,7130003,Manhattan,East Village,40.72326,-73.98531,Private room,225,7,36,2,43,0
18544441,27266433,Manhattan,Hell's Kitchen,40.75598,-73.9973,Private room,125,2,4,1,0,0
18549136,7810471,Manhattan,Upper West Side,40.77367,-73.9913,Entire home/apt,198,30,2,1,0,0
18550366,4075128,Manhattan,Murray Hill,40.74894,-73.97868,Private room,58,30,2,1,0,0
18226843,3600065,Manhattan,Murray Hill,40.7467,-73.97696,Private room,117,30,3,1,0,0
18227529,21940966,Manhattan,Harlem,40.8058,-73.95681,Entire home/apt,146,2,90,2,1,0
18229274,125914985,Brooklyn,East Flatbush,40.63415,-73.94408,Entire home/apt,109,6,114,2,92,23
18559902,125021178,Manhattan,Midtown,40.76508,-73.97973,Entire home/apt,350,30,18,1,0,0
18560569,9727058,Manhattan,Harlem,40.80219,-73.95272,Entire home/apt,251,3,67,1,268,16
18429435,127560222,Queens,Long Island City,40.75522,-73.93651,Private room,322,1,23,2,89,12
18431324,33500990,Staten Island,Clifton,40.61784,-74.0804,Private room,85,1,23,3,87,13
18236999,23269913,Brooklyn,Bedford-Stuyvesant,40.68761,-73.92448,Private room,50,30,5,1,0,0
18432636,107778395,Brooklyn,Williamsburg,40.71082,-73.94481,Private room,55,30,9,1,0,0
18432894,6455775,Brooklyn,Bushwick,40.70762,-73.92267,Entire home/apt,248,3,190,1,268,54
18437083,102122853,Queens,Ridgewood,40.69411,-73.90264,Private room,99,30,3,2,0,0
18560625,128852127,Brooklyn,Flatbush,40.65425,-73.95573,Private room,30,30,1,1,0,0
18561200,1260642,Manhattan,Harlem,40.80181,-73.9542,Private room,80,3,65,1,0,0
18562624,3158797,Brooklyn,Windsor Terrace,40.64999,-73.97439,Private room,50,29,4,1,23,1
18564694,33434914,Bronx,Parkchester,40.83109,-73.87529,Private room,45,3,132,4,4,33
18565588,7157099,Brooklyn,Prospect-Lefferts Gardens,40.65505,-73.96134,Private room,70,7,7,3,0,1
18240963,114736959,Brooklyn,Coney Island,40.57626,-73.98424,Entire home/apt,129,4,150,5,159,38
18251681,22769654,Brooklyn,Clinton Hill,40.69348,-73.96782,Entire home/apt,169,2,207,1,236,48
18440017,75973505,Manhattan,Washington Heights,40.85974,-73.92671,Private room,37,30,31,1,22,3
18253938,23168773,Manhattan,Inwood,40.86721,-73.92244,Entire home/apt,70,30,17,1,0,0
18445522,14664356,Manhattan,Financial District,40.70695,-74.00815,Entire home/apt,89,60,12,1,170,3
18565752,52403444,Brooklyn,Bedford-Stuyvesant,40.69024,-73.94671,Entire home/apt,127,1,396,5,29,61
18254225,125654433,Manhattan,Hell's Kitchen,40.76809,-73.99246,Entire home/apt,260,30,0,1,0,0
18567109,29534926,Brooklyn,Williamsburg,40.71832,-73.96124,Entire home/apt,250,30,0,1,300,0
18570121,89331516,Brooklyn,Williamsburg,40.71614,-73.96027,Entire home/apt,79,30,0,3,0,0
18572271,6726364,Manhattan,Upper West Side,40.8009,-73.96101,Private room,130,30,5,2,0,0
18447712,127886968,Brooklyn,Bushwick,40.70271,-73.93102,Private room,50,30,0,1,0,0
18448446,51501835,Manhattan,Hell's Kitchen,40.76411,-73.99371,Entire home/apt,200,30,4,109,333,1
18254314,100288,Manhattan,East Village,40.72865,-73.98632,Entire home/apt,195,30,12,2,124,1
18254317,101262003,Manhattan,Upper West Side,40.7842,-73.97644,Private room,150,30,0,2,0,0
18264166,126247863,Queens,Richmond Hill,40.69003,-73.82132,Private room,50,1,167,4,218,3
18449954,127910599,Brooklyn,Crown Heights,40.6777,-73.94879,Entire home/apt,90,31,88,1,107,5
18455236,3470710,Brooklyn,Williamsburg,40.70165,-73.94152,Entire home/apt,155,30,41,1,0,0
18455830,60160069,Brooklyn,Bushwick,40.69111,-73.91141,Entire home/apt,219,3,94,1,326,24
18459547,1349266,Brooklyn,DUMBO,40.70218,-73.98484,Entire home/apt,265,30,3,1,1,1
18577672,23667219,Brooklyn,Bedford-Stuyvesant,40.69515,-73.93349,Private room,47,30,1,2,0,0
18579416,11389260,Manhattan,Chelsea,40.7381,-73.99598,Entire home/apt,225,30,3,1,0,0
18582592,118366948,Brooklyn,Park Slope,40.67211,-73.97274,Entire home/apt,195,30,2,1,0,0
18582792,52403444,Brooklyn,Bedford-Stuyvesant,40.6884,-73.94714,Entire home/apt,127,1,339,5,38,52
18266415,16639428,Brooklyn,Red Hook,40.67542,-74.01139,Entire home/apt,251,2,27,1,0,10
18268053,3250450,Queens,Woodside,40.75325,-73.90808,Private room,39,31,2,18,336,0
18270838,25665185,Manhattan,East Harlem,40.792953,-73.944389,Private room,109,2,29,2,39,12
18583467,22059655,Manhattan,Washington Heights,40.83767,-73.94203,Private room,80,1,190,1,317,28
18583921,5721788,Brooklyn,Bushwick,40.69431,-73.92158,Private room,65,30,6,1,0,0
18459948,127998381,Manhattan,East Village,40.72761,-73.98404,Entire home/apt,170,30,9,1,0,0
18470545,38120363,Brooklyn,Crown Heights,40.67313,-73.91539,Private room,51,3,65,2,0,7
18471276,122294799,Brooklyn,Bedford-Stuyvesant,40.69029,-73.92916,Private room,26,30,4,1,0,0
18481196,1750685,Manhattan,Chelsea,40.74584,-73.99734,Entire home/apt,145,30,15,1,0,0
18484597,8594019,Manhattan,Morningside Heights,40.81507,-73.95876,Private room,50,30,1,2,0,0
18271460,106130636,Brooklyn,Brooklyn Heights,40.69409,-73.99277,Private room,75,30,1,1,0,0
18274232,21380187,Manhattan,Hell's Kitchen,40.76802,-73.98399,Private room,225,2,49,1,46,0
18485393,128244964,Brooklyn,Crown Heights,40.67334,-73.9319,Private room,157,30,0,4,0,0
18485487,3083244,Manhattan,Washington Heights,40.83621,-73.94253,Private room,25,30,1,1,0,0
18585458,61673952,Brooklyn,East Flatbush,40.63724,-73.921,Entire home/apt,114,30,148,1,341,0
18585546,21372426,Manhattan,East Harlem,40.78986,-73.94418,Entire home/apt,200,60,0,1,0,0
18586787,89331516,Brooklyn,Williamsburg,40.7175,-73.95831,Private room,79,30,0,3,0,0
18283367,126420866,Manhattan,Inwood,40.86587,-73.92809,Private room,50,30,2,1,0,0
18586873,129062212,Manhattan,Hell's Kitchen,40.75823,-73.99056,Entire home/apt,122,30,63,1,42,2
18587083,97543375,Brooklyn,Williamsburg,40.71498,-73.9396,Private room,250,2,5,2,0,0
18592160,23356363,Manhattan,Lower East Side,40.71801,-73.98644,Entire home/apt,180,3,32,1,0,0
18486698,81712146,Brooklyn,Bushwick,40.70106,-73.91209,Private room,40,30,9,1,0,0
18486868,13929469,Brooklyn,Crown Heights,40.66508,-73.95745,Private room,50,30,21,1,0,0
18286232,18167404,Manhattan,East Village,40.7261,-73.97795,Private room,168,1,0,1,0,0
18487817,17381128,Brooklyn,Bushwick,40.68827,-73.90981,Private room,40,30,0,1,0,0
18286926,126451493,Brooklyn,Canarsie,40.63298,-73.90781,Entire home/apt,148,1,57,1,181,10
18489366,4775716,Brooklyn,Prospect Heights,40.67761,-73.96901,Entire home/apt,182,2,82,1,172,27
18595831,129133511,Queens,Rockaway Beach,40.58752,-73.81549,Entire home/apt,652,3,105,1,349,32
18596194,12827876,Brooklyn,Canarsie,40.64633,-73.90877,Private room,33,30,1,1,0,0
18596197,51501835,Manhattan,Hell's Kitchen,40.76411,-73.99371,Entire home/apt,125,30,11,109,346,3
18596546,24338366,Manhattan,Inwood,40.86025,-73.92847,Entire home/apt,99,30,9,1,0,0
18288391,68579384,Brooklyn,Bedford-Stuyvesant,40.68482,-73.92688,Private room,43,30,4,1,0,0
18597408,159936,Brooklyn,Bushwick,40.69158,-73.91142,Private room,45,30,2,1,0,0
18599156,51501835,Manhattan,Hell's Kitchen,40.76411,-73.99371,Entire home/apt,125,30,9,109,334,1
18599352,51501835,Manhattan,Hell's Kitchen,40.76411,-73.99371,Entire home/apt,125,30,11,109,339,1
18490141,97001292,Queens,Jamaica,40.69289,-73.79998,Entire home/apt,75,30,47,1,363,3
18290561,9777215,Manhattan,Harlem,40.814148,-73.943657,Entire home/apt,125,30,99,3,93,4
18666583,129723592,Brooklyn,Crown Heights,40.67421,-73.95605,Private room,45,30,0,1,0,0
18499074,127714840,Brooklyn,Bedford-Stuyvesant,40.67954,-73.93486,Private room,75,12,32,1,305,12
18503701,128413939,Manhattan,Harlem,40.80584,-73.95208,Private room,117,2,181,1,28,37
18610539,34361146,Brooklyn,Cobble Hill,40.68571,-73.99779,Entire home/apt,145,31,10,1,38,0
18610544,32052979,Manhattan,Kips Bay,40.73899,-73.98133,Private room,95,30,0,1,0,0
18611347,129270031,Manhattan,Harlem,40.82398,-73.95434,Private room,55,90,0,1,0,0
18611522,107140603,Manhattan,Upper East Side,40.7744,-73.95364,Private room,130,30,22,1,0,0
18613550,14614459,Manhattan,East Harlem,40.7875,-73.94141,Private room,70,30,8,3,0,0
18669019,23149564,Brooklyn,Bushwick,40.69921,-73.91189,Entire home/apt,100,30,0,1,0,0
18669801,119952908,Queens,Long Island City,40.7495,-73.93771,Private room,51,1,3,1,0,0
18614596,7318926,Manhattan,East Village,40.72242,-73.9813,Entire home/apt,190,30,5,1,0,0
18615054,1635983,Bronx,Schuylerville,40.83244,-73.83363,Private room,50,3,76,3,95,18
18615903,1038989,Brooklyn,Williamsburg,40.70756,-73.93963,Private room,95,2,92,2,0,0
18504151,128417181,Manhattan,Financial District,40.70703,-74.00213,Private room,212,2,72,1,259,16
18505594,31658624,Brooklyn,Crown Heights,40.67165,-73.93994,Private room,44,30,104,2,0,0
18670480,6356476,Brooklyn,Bedford-Stuyvesant,40.68906,-73.94336,Entire home/apt,121,30,1,1,0,0
18671835,129743937,Queens,East Elmhurst,40.75809,-73.86806,Private room,57,1,273,4,120,40
18506359,123953239,Brooklyn,Williamsburg,40.70874,-73.96322,Entire home/apt,166,5,48,1,0,4
18855694,764549,Manhattan,Nolita,40.72139,-73.9939,Private room,136,3,51,1,16,0
18857790,55813598,Brooklyn,Gravesend,40.60878,-73.97264,Private room,41,30,120,2,0,0
18858192,71146310,Queens,Glendale,40.70393,-73.89412,Entire home/apt,99,4,119,1,53,22
18866187,4463379,Brooklyn,Carroll Gardens,40.67821,-73.99716,Entire home/apt,300,30,0,1,0,0
18616234,129317761,Manhattan,East Harlem,40.7898,-73.94188,Private room,60,30,11,1,0,0
18616809,89331516,Brooklyn,Williamsburg,40.71731,-73.95859,Entire home/apt,169,30,1,3,0,0
18624243,50605761,Brooklyn,Fort Greene,40.68553,-73.97498,Entire home/apt,115,5,2,1,0,0
18674105,129794391,Manhattan,East Village,40.7253,-73.98445,Entire home/apt,90,30,2,1,0,0
18625919,129396046,Brooklyn,East New York,40.66728,-73.89013,Entire home/apt,105,2,231,1,169,17
18867401,128579948,Manhattan,Upper East Side,40.76521,-73.96553,Entire home/apt,250,30,143,4,115,20
18869228,9293730,Manhattan,Upper West Side,40.785206,-73.970085,Entire home/apt,128,90,5,37,322,2
18869545,9419684,Manhattan,Hell's Kitchen,40.76153,-73.99878,Entire home/apt,469,29,2,79,358,1
18870281,131476188,Brooklyn,Flatbush,40.6474,-73.96314,Private room,23,30,1,1,0,0
18870342,131476092,Queens,Astoria,40.76311,-73.92466,Entire home/apt,90,30,12,1,0,0
18872091,45605434,Queens,Long Island City,40.76504,-73.9315,Private room,170,7,4,1,0,0
18675061,12033348,Manhattan,Upper West Side,40.80081,-73.9681,Private room,70,30,5,1,0,0
18627135,309452,Manhattan,Washington Heights,40.83727,-73.94492,Private room,75,2,1,1,160,0
18675215,18838868,Manhattan,Midtown,40.74413,-73.9816,Entire home/apt,190,30,14,1,0,0
18628912,27789935,Manhattan,Upper East Side,40.77563,-73.9543,Entire home/apt,170,30,20,1,0,0
18872610,33660636,Manhattan,Harlem,40.82352,-73.94755,Entire home/apt,130,30,24,1,157,2
18872858,57165692,Bronx,Baychester,40.873,-73.84305,Entire home/apt,85,4,124,2,157,20
18675599,129812563,Brooklyn,Bushwick,40.69409,-73.90828,Private room,60,30,11,1,0,0
18873598,120762452,Manhattan,Murray Hill,40.74861,-73.97712,Entire home/apt,220,60,3,83,365,1
18873930,120762452,Manhattan,Murray Hill,40.74853,-73.97542,Entire home/apt,220,30,10,83,335,1
18874640,13347167,Manhattan,Upper East Side,40.77128,-73.95581,Entire home/apt,148,30,2,31,305,0
18874825,1396546,Brooklyn,Fort Greene,40.68657,-73.97006,Entire home/apt,145,30,0,1,0,0
18875022,259787,Brooklyn,South Slope,40.66852,-73.98645,Entire home/apt,200,30,5,1,0,0
18629154,38819962,Staten Island,Tompkinsville,40.62775,-74.08408,Entire home/apt,105,2,54,2,261,31
18629621,83141510,Brooklyn,Bushwick,40.70411,-73.91591,Entire home/apt,75,30,1,1,0,0
18676534,77780898,Brooklyn,Bushwick,40.6884,-73.9123,Entire home/apt,153,1,10,1,58,10
18630660,49197104,Manhattan,Gramercy,40.7332,-73.98495,Entire home/apt,129,30,5,1,0,0
18875512,91361325,Manhattan,Gramercy,40.73283,-73.98432,Entire home/apt,176,3,229,1,25,53
18875994,25822424,Manhattan,Upper West Side,40.79049,-73.97458,Entire home/apt,170,30,0,1,0,0
18876659,131530792,Brooklyn,Sheepshead Bay,40.59105,-73.96069,Entire home/apt,79,30,24,1,0,0
18877341,4175606,Brooklyn,Bushwick,40.69776,-73.92511,Entire home/apt,150,30,46,1,58,3
18877417,28068651,Manhattan,Harlem,40.82961,-73.9413,Entire home/apt,250,2,38,1,140,0
18878633,71149842,Manhattan,East Village,40.72943,-73.97957,Private room,75,30,8,2,0,0
18680331,71515912,Manhattan,Morningside Heights,40.80453,-73.96415,Entire home/apt,130,30,2,1,0,0
18632502,14505375,Brooklyn,Carroll Gardens,40.67837,-73.9947,Private room,80,30,110,1,316,2
18635010,33432369,Brooklyn,Bedford-Stuyvesant,40.69436,-73.93467,Private room,90,30,2,2,0,0
18635370,91385196,Bronx,North Riverdale,40.91139,-73.9038,Private room,37,365,1,1,0,0
18682184,114128146,Manhattan,Harlem,40.80504,-73.94998,Entire home/apt,200,30,9,1,98,4
18636030,87680800,Manhattan,Morningside Heights,40.81406,-73.95935,Private room,40,30,0,1,0,0
18888212,56265076,Queens,Kew Gardens Hills,40.72052,-73.81048,Private room,50,6,11,2,0,1
18888585,131621761,Brooklyn,East Flatbush,40.65267,-73.94212,Private room,50,30,0,1,0,0
18892465,15474495,Manhattan,Chelsea,40.73831,-73.99787,Private room,150,30,1,1,0,0
18683699,11881734,Brooklyn,Prospect-Lefferts Gardens,40.65657,-73.96039,Private room,65,1,24,1,0,0
18683879,120762452,Manhattan,Murray Hill,40.75035,-73.97553,Entire home/apt,175,30,9,83,340,1
18893778,10529692,Manhattan,Kips Bay,40.74265,-73.98138,Entire home/apt,350,30,9,1,179,0
18894145,24589216,Brooklyn,Williamsburg,40.70808,-73.96107,Private room,60,30,19,2,0,0
18637270,31658624,Brooklyn,Crown Heights,40.66953,-73.93935,Private room,40,30,8,2,0,0
18686390,12540615,Manhattan,East Village,40.72354,-73.98271,Entire home/apt,90,30,13,1,0,0
18637912,129497806,Brooklyn,East Flatbush,40.65104,-73.94982,Entire home/apt,110,2,182,1,56,39
18638015,45934567,Brooklyn,Williamsburg,40.71337,-73.96273,Private room,60,30,2,1,0,0
18647180,7041731,Brooklyn,Bedford-Stuyvesant,40.69005,-73.9587,Entire home/apt,150,30,1,1,0,0
18647731,46501846,Manhattan,East Village,40.72567,-73.98809,Entire home/apt,93,7,9,1,0,0
18895016,131671508,Manhattan,West Village,40.734577,-74.003006,Private room,110,1,320,1,226,82
18895187,45601111,Queens,Laurelton,40.67171,-73.74716,Private room,46,7,32,6,336,8
18897423,127560222,Queens,Long Island City,40.75361,-73.9359,Private room,259,2,3,2,0,0
18686501,63026371,Manhattan,Upper West Side,40.80244,-73.96545,Shared room,60,30,0,1,0,0
18897901,17766289,Bronx,Kingsbridge,40.86852,-73.90666,Private room,55,30,3,1,363,0
18907303,15942750,Manhattan,Harlem,40.81086,-73.94566,Private room,150,30,22,1,0,0
18648243,128531725,Manhattan,Harlem,40.80543,-73.95798,Private room,75,30,50,1,0,0
18689454,327033,Brooklyn,Bushwick,40.69323,-73.92387,Entire home/apt,117,30,17,2,176,0
18650087,133244801,Manhattan,Harlem,40.82398,-73.94346,Entire home/apt,150,1,103,1,0,0
18652544,120762452,Manhattan,Murray Hill,40.74814,-73.97585,Hotel room,240,60,1,83,365,0
18908252,11555258,Brooklyn,Kensington,40.64369,-73.97305,Shared room,60,4,1,1,0,0
18908490,7093861,Manhattan,Upper West Side,40.77239,-73.98151,Entire home/apt,170,30,26,1,0,0
18911633,22781364,Manhattan,Greenwich Village,40.73022,-73.99834,Entire home/apt,175,30,3,1,0,0
18911893,33977124,Brooklyn,Bedford-Stuyvesant,40.68553,-73.95672,Private room,70,30,5,2,0,0
18689588,127767,Brooklyn,Bedford-Stuyvesant,40.69187,-73.95467,Entire home/apt,109,4,6,1,0,0
18692028,128707088,Brooklyn,Brooklyn Heights,40.70114,-73.9919,Entire home/apt,325,4,144,1,228,22
18700004,130005087,Brooklyn,Crown Heights,40.67414,-73.94386,Private room,85,30,0,1,0,0
18912084,17419817,Brooklyn,Fort Greene,40.68581,-73.97473,Private room,94,30,11,1,0,0
18655599,36522433,Brooklyn,Fort Greene,40.69601,-73.98183,Entire home/apt,125,30,2,1,0,0
18702075,130021104,Bronx,Williamsbridge,40.87233,-73.86335,Private room,40,30,5,1,0,0
18913450,27982346,Manhattan,East Harlem,40.79762,-73.93545,Private room,65,30,5,1,0,0
18704012,1038989,Brooklyn,Williamsburg,40.70734,-73.9416,Private room,95,2,3,2,0,0
18704413,130035533,Brooklyn,Brooklyn Heights,40.69159,-73.99595,Entire home/apt,224,3,154,1,162,29
18914730,1776707,Bronx,Throgs Neck,40.83026,-73.8238,Entire home/apt,99,1,490,1,357,64
18655886,68017798,Brooklyn,Bushwick,40.70003,-73.91893,Private room,31,30,0,1,0,0
18656413,110031106,Manhattan,Financial District,40.70471,-74.00884,Private room,72,30,3,1,0,0
18662619,13524368,Brooklyn,Windsor Terrace,40.65865,-73.9767,Entire home/apt,400,3,24,3,152,5
18706893,51501835,Manhattan,Hell's Kitchen,40.76411,-73.99371,Entire home/apt,175,30,3,109,341,1
18707214,4370956,Brooklyn,Fort Greene,40.68778,-73.9711,Entire home/apt,175,30,3,1,0,0
18664875,129714819,Brooklyn,Gowanus,40.68126,-73.98912,Entire home/apt,505,7,9,1,265,2
18915587,60626720,Brooklyn,Bushwick,40.69783,-73.93178,Private room,35,30,2,1,0,0
18715285,63749946,Brooklyn,Crown Heights,40.67294,-73.92522,Entire home/apt,189,20,84,3,0,11
18917771,131858158,Brooklyn,Bensonhurst,40.6056,-73.99929,Entire home/apt,161,4,127,2,169,22
18665362,16976271,Manhattan,East Village,40.72439756365095,-73.98127170736592,Private room,180,2,1,1,127,1
18718195,59117179,Manhattan,Roosevelt Island,40.76355,-73.94848,Private room,140,1,84,1,299,17
19018157,132698746,Queens,Glendale,40.70451,-73.8805,Entire home/apt,100,30,120,1,0,0
19018768,185745,Manhattan,Lower East Side,40.71417,-73.98898,Entire home/apt,300,2,0,2,0,0
19019275,71360671,Manhattan,Upper West Side,40.77468,-73.98713,Entire home/apt,82,30,3,1,0,0
18922939,15553988,Manhattan,Harlem,40.82882,-73.94513,Entire home/apt,126,5,19,1,5,9
18927333,3955342,Brooklyn,Sunset Park,40.64514,-74.01443,Private room,45,30,3,1,0,0
18929564,6271674,Brooklyn,Crown Heights,40.66491,-73.95362,Entire home/apt,150,3,2,1,0,0
18931595,20812159,Manhattan,Harlem,40.80356,-73.95708,Private room,48,30,8,1,0,0
18719602,66051549,Manhattan,Midtown,40.75215,-73.97314,Private room,150,30,1,1,0,0
18934728,131848646,Manhattan,Washington Heights,40.83913,-73.94258,Private room,71,7,60,1,38,13
19019325,132711675,Manhattan,Murray Hill,40.74529,-73.97689,Private room,75,30,0,1,0,0
18721209,130185165,Bronx,Wakefield,40.8874,-73.86499,Private room,92,1,64,1,362,18
19021000,126582789,Bronx,Longwood,40.81796,-73.91121,Entire home/apt,80,30,1,1,0,0
19028078,44547688,Brooklyn,East New York,40.67087,-73.87824,Private room,52,30,22,2,365,1
19032635,49193707,Manhattan,Washington Heights,40.84787,-73.93744,Private room,60,30,16,1,0,0
19032888,36651854,Manhattan,Washington Heights,40.83348,-73.93879,Private room,60,30,13,1,0,0
18942038,12155032,Brooklyn,Bushwick,40.69614,-73.91173,Entire home/apt,149,3,81,1,141,41
18721341,130186732,Brooklyn,Crown Heights,40.67638,-73.94703,Entire home/apt,90,31,97,1,290,5
18942119,4264890,Manhattan,Hell's Kitchen,40.7666,-73.98301,Entire home/apt,110,30,101,3,255,4
18942156,2340947,Manhattan,Hell's Kitchen,40.76084,-73.99755,Entire home/apt,189,30,8,1,0,0
18942735,5153110,Brooklyn,Crown Heights,40.67294,-73.9594,Entire home/apt,99,3,9,1,0,0
18944834,5295202,Manhattan,Upper East Side,40.76528,-73.96218,Private room,107,2,57,1,0,0
19035295,93356179,Brooklyn,Bushwick,40.70599,-73.92126,Entire home/apt,62,30,3,1,0,0
19038705,17122534,Bronx,Clason Point,40.80614,-73.85369,Entire home/apt,200,30,1,1,0,0
19048034,22343983,Manhattan,Washington Heights,40.85808,-73.932,Private room,37,30,5,1,0,0
18723095,130204296,Manhattan,Financial District,40.70774,-74.00666,Private room,200,30,5,1,0,0
19049402,105642760,Manhattan,Battery Park City,40.71084,-74.01715,Entire home/apt,350,30,7,1,12,1
19049449,19419141,Brooklyn,Bushwick,40.6924,-73.92245,Private room,51,30,0,1,0,0
19049579,7980049,Manhattan,Upper West Side,40.79326,-73.96827,Entire home/apt,145,30,8,1,0,0
18946117,590825,Manhattan,Upper East Side,40.77526,-73.94953,Entire home/apt,108,30,3,1,0,0
18729143,643120,Brooklyn,Williamsburg,40.71733,-73.95445,Private room,58,12,156,4,0,13
18734225,40238772,Brooklyn,Williamsburg,40.70875,-73.95279,Private room,60,30,2,1,0,0
18734320,100784323,Manhattan,Washington Heights,40.83371,-73.94437,Private room,50,2,14,1,0,0
18948184,132103681,Manhattan,Upper East Side,40.78259,-73.94751,Entire home/apt,132,30,2,1,0,0
19051187,59156312,Queens,Woodhaven,40.68616,-73.86458,Private room,59,5,70,5,79,7
18735653,2733815,Brooklyn,Red Hook,40.67824,-74.00773,Entire home/apt,250,30,14,1,0,0
18736484,128086219,Queens,Rosedale,40.65309,-73.73925,Private room,49,30,61,2,167,0
19051760,132983866,Manhattan,Washington Heights,40.84913,-73.93411,Private room,56,1,223,1,303,55
18949137,33683538,Manhattan,Morningside Heights,40.8082,-73.95961,Entire home/apt,120,30,11,1,0,0
18949917,9864136,Brooklyn,Bushwick,40.68626,-73.91576,Private room,37,30,9,28,249,0
18957774,132194726,Manhattan,Upper West Side,40.79019,-73.97529,Entire home/apt,200,30,0,1,0,0
18958355,57643057,Queens,Long Island City,40.74666,-73.94472,Private room,71,30,99,2,68,0
18958724,40510005,Brooklyn,Bushwick,40.68848,-73.91724,Private room,45,30,11,1,0,0
18959626,21706118,Manhattan,Murray Hill,40.74935,-73.97872,Private room,147,30,51,1,0,0
18961150,5139965,Queens,Long Island City,40.75104,-73.93771,Entire home/apt,195,30,3,1,0,0
18961752,25889607,Bronx,Mott Haven,40.812318079796704,-73.90751051755876,Entire home/apt,139,1,0,1,329,0
18736577,182461,Queens,Ozone Park,40.6755,-73.855,Private room,39,30,17,2,3,4
18737053,182461,Queens,Ozone Park,40.67545,-73.85689,Private room,35,30,23,2,0,1
18737235,45763784,Brooklyn,Clinton Hill,40.68488,-73.96492,Entire home/apt,240,30,11,2,0,0
18962916,128086219,Queens,Rosedale,40.65191,-73.73882,Private room,49,30,67,2,112,2
19052822,76998112,Brooklyn,Bedford-Stuyvesant,40.68199,-73.92544,Entire home/apt,170,4,23,1,272,23
18737594,45763784,Brooklyn,Clinton Hill,40.68462,-73.96636,Entire home/apt,701,30,4,2,0,0
18745767,2469662,Brooklyn,Bushwick,40.70231,-73.92961,Entire home/apt,80,30,5,1,0,0
18970683,131476075,Brooklyn,Bushwick,40.68689,-73.91137,Private room,76,1,76,8,78,18
18746696,1485117,Brooklyn,Greenpoint,40.72216,-73.94576,Entire home/apt,125,30,8,1,0,0
18747972,130400901,Brooklyn,Williamsburg,40.70573,-73.93297,Entire home/apt,184,30,39,1,0,0
18971993,128237188,Manhattan,East Harlem,40.79681,-73.94515,Private room,86,5,109,1,74,17
19054163,133004690,Brooklyn,Bedford-Stuyvesant,40.6878,-73.9398,Entire home/apt,129,1,289,2,317,56
19054683,97907084,Bronx,Wakefield,40.90124,-73.85195,Entire home/apt,28,30,0,1,0,0
19054757,133010064,Manhattan,Financial District,40.70852,-74.0104,Entire home/apt,146,30,93,1,0,0
18750465,120762452,Manhattan,Murray Hill,40.74831,-73.97672,Entire home/apt,175,30,4,83,335,3
18751192,6676046,Brooklyn,Greenpoint,40.72663,-73.95255,Private room,55,30,3,1,0,0
18751261,130452689,Brooklyn,Greenpoint,40.72398,-73.95146,Entire home/apt,185,30,2,1,65,0
19056212,35078736,Brooklyn,Cobble Hill,40.68586,-73.99555,Entire home/apt,424,30,1,1,0,0
19056694,34466355,Brooklyn,Williamsburg,40.71327,-73.93886,Entire home/apt,170,30,7,1,0,0
19057006,85082002,Brooklyn,Crown Heights,40.66626,-73.95096,Private room,55,30,2,1,0,0
19057073,538008,Brooklyn,Bedford-Stuyvesant,40.69076,-73.94993,Entire home/apt,120,2,38,1,0,7
19062809,22860779,Brooklyn,Crown Heights,40.66358,-73.93191,Private room,40,30,5,1,0,0
18972792,59799262,Brooklyn,Sunset Park,40.66507,-73.99508,Entire home/apt,150,30,2,1,0,0
18975097,17079377,Queens,Ditmars Steinway,40.77729,-73.91453,Private room,60,1,19,1,0,0
18979679,17118501,Manhattan,Washington Heights,40.8443,-73.94044,Private room,80,3,9,1,0,0
18979981,4365106,Manhattan,Greenwich Village,40.73088,-74.0012,Entire home/apt,200,30,36,1,216,0
18753406,51459559,Queens,Astoria,40.75833,-73.91525,Private room,69,30,20,2,4,0
18753645,130473272,Brooklyn,Prospect Heights,40.68117,-73.96996,Entire home/apt,218,3,218,1,24,25
19066190,52052321,Brooklyn,Bedford-Stuyvesant,40.69492,-73.94955,Private room,32,30,6,1,0,0
19067068,5282689,Manhattan,Harlem,40.80539,-73.94609,Entire home/apt,99,30,0,1,0,0
19068247,23991242,Brooklyn,Bushwick,40.68657,-73.90785,Entire home/apt,143,4,59,1,93,21
18753689,932830,Brooklyn,Williamsburg,40.70885,-73.95469,Private room,79,30,19,1,69,0
18984088,2511668,Bronx,Kingsbridge,40.87063,-73.8983,Private room,26,30,40,2,28,5
18755951,130496399,Manhattan,East Village,40.73275,-73.98686,Entire home/apt,175,30,1,1,0,0
18757208,130511786,Bronx,Hunts Point,40.81733,-73.88831,Private room,65,30,0,1,0,0
19068933,133123832,Manhattan,Upper West Side,40.78638,-73.97053,Entire home/apt,123,30,9,4,99,6
19069048,778994,Manhattan,East Village,40.72523,-73.98552,Entire home/apt,300,30,5,1,0,0
19069900,1424716,Manhattan,East Village,40.72185,-73.98222,Entire home/apt,180,30,7,1,0,0
19070571,39601665,Manhattan,East Harlem,40.8072,-73.93981,Private room,53,180,0,1,0,0
18758370,130524170,Brooklyn,South Slope,40.66619,-73.98586,Entire home/apt,137,30,88,1,0,0
19071374,133147190,Brooklyn,Bushwick,40.69947,-73.91615,Private room,90,30,1,1,0,0
18762619,103265024,Manhattan,East Village,40.72641,-73.9893,Shared room,45,30,2,1,0,0
19073760,91718195,Brooklyn,Kensington,40.63236,-73.97549,Private room,27,30,3,1,0,0
19075635,20841092,Manhattan,West Village,40.73778,-74.00137,Private room,119,7,21,2,0,0
19080665,7086450,Brooklyn,Bushwick,40.70138,-73.91544,Private room,38,30,0,1,0,0
19083269,4464205,Brooklyn,Bushwick,40.69419,-73.92348,Private room,29,30,6,2,0,0
18985595,132435618,Brooklyn,East New York,40.67139,-73.87767,Entire home/apt,146,5,166,2,47,42
18986503,15038,Brooklyn,Greenpoint,40.73489,-73.95263,Private room,90,3,8,1,35,8
18992110,12420115,Manhattan,Lower East Side,40.71818,-73.99348,Entire home/apt,152,30,16,1,0,0
18763188,169653,Manhattan,Upper West Side,40.80011,-73.97178,Entire home/apt,270,30,4,1,266,0
19083282,51698646,Queens,Sunnyside,40.74188,-73.9243,Private room,45,30,1,1,0,0
19083490,35031975,Manhattan,Hell's Kitchen,40.75702,-73.99441,Entire home/apt,207,30,0,1,0,0
19084168,6219701,Brooklyn,Fort Greene,40.69048,-73.9718,Entire home/apt,150,30,1,1,0,0
19093551,1295284,Brooklyn,Midwood,40.6132,-73.94538,Entire home/apt,70,30,0,1,0,0
19093789,49781652,Brooklyn,Williamsburg,40.70892,-73.94911,Private room,60,3,21,1,0,0
18764827,31482341,Manhattan,Inwood,40.86809,-73.92013,Private room,35,30,2,1,0,0
19094459,624441,Manhattan,Upper West Side,40.7893,-73.97164,Entire home/apt,200,30,15,1,0,3
19094558,23821111,Manhattan,NoHo,40.72923,-73.99242,Private room,220,30,0,1,0,0
18993091,132485225,Brooklyn,Bensonhurst,40.61799,-73.99108,Private room,75,4,52,1,73,10
18768741,120762452,Manhattan,Murray Hill,40.74835,-73.97736,Entire home/apt,175,30,5,83,365,0
18787858,120762452,Manhattan,Murray Hill,40.74951,-73.97545,Entire home/apt,175,30,4,83,340,0
18789421,130774685,Brooklyn,Bedford-Stuyvesant,40.68744,-73.92521,Entire home/apt,162,4,172,1,274,34
18993398,132484183,Queens,Jamaica,40.69221,-73.79842,Entire home/apt,165,3,109,1,348,25
19094695,11687702,Manhattan,Hell's Kitchen,40.76191,-73.99299,Entire home/apt,195,30,1,1,0,0
19096160,10697117,Brooklyn,Flatbush,40.64898,-73.96278,Private room,46,30,2,1,0,0
18792188,13907788,Manhattan,Greenwich Village,40.7308,-73.99941,Private room,68,1,17,1,0,0
18792703,120762452,Manhattan,Murray Hill,40.74871,-73.97536,Entire home/apt,185,30,1,83,365,0
18793151,4099467,Manhattan,Lower East Side,40.72292,-73.98879,Entire home/apt,130,30,2,1,0,0
18996206,132513543,Manhattan,Upper East Side,40.76297,-73.96115,Entire home/apt,350,30,1,1,0,0
18996738,5391472,Brooklyn,Crown Heights,40.67256,-73.9535,Private room,40,30,1,1,0,0
18997907,49270426,Brooklyn,Williamsburg,40.70528,-73.94412,Private room,55,30,1,1,0,0
18795447,89071431,Bronx,Mount Eden,40.84345,-73.91231,Private room,70,4,146,1,325,10
19001879,132576479,Brooklyn,Greenpoint,40.72295,-73.94579,Entire home/apt,140,30,23,1,180,3
19098568,133410608,Brooklyn,Kensington,40.64455,-73.97961,Private room,99,30,0,1,0,0
19098733,82920107,Manhattan,Chelsea,40.74436,-74.00634,Entire home/apt,89,30,2,1,78,0
18802889,51524470,Queens,Arverne,40.5928,-73.78977,Entire home/apt,399,7,27,2,365,2
19012156,2261706,Brooklyn,Williamsburg,40.70828,-73.95468,Private room,80,2,3,1,0,0
18803472,13351185,Manhattan,Greenwich Village,40.73304,-73.99992,Entire home/apt,215,10,6,2,0,0
19012181,132644162,Brooklyn,Prospect-Lefferts Gardens,40.65861,-73.95851,Entire home/apt,250,30,1,1,0,0
19012370,10447807,Manhattan,Battery Park City,40.71639,-74.01683,Entire home/apt,180,30,0,1,0,0
19099408,4956248,Brooklyn,Greenpoint,40.73184,-73.95272,Entire home/apt,58,30,16,1,0,0
19099537,68233913,Brooklyn,Crown Heights,40.67653,-73.91664,Entire home/apt,105,5,164,1,0,26
19099600,1342918,Brooklyn,Crown Heights,40.67192,-73.93637,Entire home/apt,70,5,8,1,0,0
19099720,23898129,Bronx,Concourse,40.82429,-73.9271,Private room,90,30,106,2,343,1
19102027,42729298,Brooklyn,Williamsburg,40.71751,-73.95763,Private room,62,30,177,2,0,0
19103622,42729298,Brooklyn,Williamsburg,40.71682,-73.95673,Private room,65,30,163,2,0,0
18806323,130897041,Queens,Arverne,40.58956,-73.80077,Entire home/apt,249,2,114,1,336,15
19111261,133534397,Bronx,Longwood,40.82271,-73.90299,Entire home/apt,99,2,30,1,0,0
19013613,129474716,Manhattan,West Village,40.73847,-74.00399,Entire home/apt,4929,30,6,2,90,0
18810731,129499210,Manhattan,Upper West Side,40.79629,-73.96369,Private room,120,3,36,2,45,5
18811240,2978784,Brooklyn,Sunset Park,40.65513,-74.0043,Entire home/apt,165,180,7,1,198,0
19017429,41171451,Manhattan,Harlem,40.82761,-73.95034,Private room,65,30,23,1,179,0
19170980,46317725,Brooklyn,Bushwick,40.69998,-73.92277,Entire home/apt,103,30,12,1,0,0
19174546,6060075,Queens,Kew Gardens Hills,40.72684,-73.82298,Entire home/apt,159,30,2,1,0,0
19117207,133586767,Manhattan,Upper East Side,40.77564,-73.95114,Private room,90,30,17,1,0,0
18812046,130974654,Queens,Cambria Heights,40.68744,-73.73441,Private room,99,2,34,1,0,4
19117322,131218877,Manhattan,Midtown,40.75659,-73.97826,Entire home/apt,250,30,1,1,0,0
19117903,731582,Manhattan,Greenwich Village,40.73098,-73.99406,Private room,73,60,2,1,0,0
19175650,134104016,Queens,Woodside,40.74547,-73.90003,Private room,75,30,11,1,86,0
18812153,120762452,Manhattan,Murray Hill,40.74865,-73.97524,Entire home/apt,175,30,14,83,267,3
18812330,71849302,Brooklyn,Williamsburg,40.70796,-73.93682,Entire home/apt,150,1,99,1,0,0
18813227,51380878,Brooklyn,Flatbush,40.6522,-73.96164,Private room,30,2,111,2,0,0
19176070,20576411,Brooklyn,Prospect-Lefferts Gardens,40.65518,-73.96136,Private room,41,2,0,1,0,0
19118803,7628817,Manhattan,Financial District,40.70592,-74.01468,Entire home/apt,275,30,0,1,0,0
19118963,9293730,Manhattan,Upper East Side,40.76993,-73.95734,Entire home/apt,123,30,19,37,269,3
18820446,120762452,Manhattan,Murray Hill,40.7483,-73.97607,Entire home/apt,175,30,4,83,365,0
18823971,13347167,Manhattan,Upper East Side,40.77293,-73.95581,Entire home/apt,119,30,5,31,302,1
18824754,74697676,Brooklyn,Sheepshead Bay,40.60027,-73.96046,Private room,85,21,57,1,351,2
19132312,66734347,Manhattan,East Village,40.72766,-73.9875,Entire home/apt,150,30,2,1,0,0
19133220,16413765,Manhattan,Upper East Side,40.78077,-73.94744,Entire home/apt,105,21,74,1,0,2
19133567,110888907,Manhattan,Upper West Side,40.79607,-73.96719,Entire home/apt,150,2,7,1,0,1
19134330,133736899,Manhattan,Upper West Side,40.77133,-73.98292,Entire home/apt,210,30,1,1,0,0
19134814,48240655,Brooklyn,Williamsburg,40.71978,-73.96247,Entire home/apt,195,30,11,1,0,0
19176222,90279905,Manhattan,East Village,40.72625,-73.98645,Private room,120,30,9,1,0,0
19176790,88034180,Manhattan,Harlem,40.82548,-73.94757,Private room,65,30,1,1,0,0
19177262,16404967,Manhattan,Inwood,40.86531,-73.92718,Entire home/apt,92,15,22,1,267,0
18826104,22875538,Brooklyn,Bushwick,40.70768,-73.92024,Private room,75,30,61,1,0,0
19138221,25720293,Manhattan,Chelsea,40.74491,-74.00162,Entire home/apt,397,30,47,2,174,5
18828134,131109595,Manhattan,East Village,40.73,-73.97972,Entire home/apt,75,30,0,1,0,0
19141391,75065047,Manhattan,Lower East Side,40.7199,-73.98982,Entire home/apt,145,30,16,1,0,0
19141833,4331581,Brooklyn,Fort Greene,40.6887,-73.97699,Entire home/apt,200,1,1,1,0,0
19153081,31214940,Manhattan,Midtown,40.76436,-73.97793,Entire home/apt,283,30,0,1,0,0
19179863,133812877,Brooklyn,Cypress Hills,40.68126,-73.89006,Private room,55,3,38,2,249,0
19179961,133812877,Brooklyn,Cypress Hills,40.68037,-73.89052,Private room,166,3,26,2,242,0
19180787,413447,Brooklyn,Williamsburg,40.71728,-73.9448,Private room,133,30,3,2,0,0
18828846,131115416,Staten Island,Emerson Hill,40.6067,-74.11728,Entire home/apt,39,30,73,1,19,0
18836532,131180798,Brooklyn,Bath Beach,40.5999,-74.0044,Entire home/apt,127,2,83,1,296,1
19181881,19975102,Manhattan,Upper West Side,40.78341,-73.9846,Entire home/apt,315,30,1,1,0,0
19188166,134218386,Queens,Bayside,40.76122,-73.76836,Entire home/apt,150,30,43,1,295,4
19190801,24913451,Brooklyn,Bushwick,40.69903,-73.9263,Private room,27,30,3,1,0,0
19160504,133975955,Brooklyn,Bushwick,40.70477,-73.9264,Entire home/apt,50,30,99,2,0,0
19161964,107704855,Manhattan,Morningside Heights,40.80908,-73.95867,Private room,60,30,1,1,0,0
18838643,3714721,Manhattan,SoHo,40.72804,-74.00931,Private room,92,2,110,1,127,28
19162180,133995881,Brooklyn,Flatbush,40.63449,-73.95626,Entire home/apt,140,2,141,1,51,29
19192149,27694509,Manhattan,Harlem,40.80251,-73.95695,Private room,100,30,121,1,0,0
18838909,131204454,Brooklyn,Canarsie,40.63971,-73.88314,Entire home/apt,125,30,65,1,0,0
19193139,133923404,Manhattan,Harlem,40.82543,-73.94751,Entire home/apt,157,4,30,1,2,14
19193664,19734419,Brooklyn,Williamsburg,40.71275,-73.95331,Entire home/apt,180,30,1,1,0,0
19193758,89861903,Queens,Astoria,40.76548,-73.92503,Private room,60,30,5,1,0,0
18840106,78299086,Brooklyn,Williamsburg,40.70685,-73.951,Private room,95,30,0,1,0,0
18840688,34676783,Brooklyn,Williamsburg,40.72129,-73.95475,Entire home/apt,350,30,5,1,0,0
19194997,71203979,Manhattan,Murray Hill,40.74659,-73.97967,Private room,175,30,0,1,0,0
19162321,55656242,Manhattan,Harlem,40.80883,-73.95196,Entire home/apt,234,3,4,1,49,4
18842882,57821225,Brooklyn,Midwood,40.62003,-73.96714,Entire home/apt,85,30,1,1,0,0
19162441,43085567,Brooklyn,Greenpoint,40.72523,-73.95093,Entire home/apt,200,30,0,1,0,0
19195474,389321,Brooklyn,Fort Greene,40.69276,-73.97089,Entire home/apt,240,30,15,1,0,0
18852048,108922928,Bronx,Allerton,40.85944,-73.86321,Private room,53,30,1,1,0,0
19196146,133269895,Manhattan,Lower East Side,40.7218,-73.98569,Private room,100,30,0,1,0,0
19162648,10015055,Brooklyn,South Slope,40.6626,-73.98193,Private room,107,2,179,1,189,29
19315218,108578737,Brooklyn,Crown Heights,40.66949,-73.96006,Private room,50,30,0,1,0,0
19162994,95471685,Manhattan,Chelsea,40.74797,-73.98942,Entire home/apt,280,30,0,1,0,0
19163061,23552267,Manhattan,Tribeca,40.71372,-74.01113,Private room,96,7,1,1,0,0
19197983,14249332,Queens,Astoria,40.77522,-73.93421,Private room,50,3,91,1,0,0
19200270,131858158,Brooklyn,Bensonhurst,40.60549,-73.99934,Entire home/apt,151,4,108,2,169,11
19317002,21383358,Manhattan,Roosevelt Island,40.76117,-73.9508,Entire home/apt,80,30,3,1,0,0
19163361,132559039,Manhattan,Harlem,40.82635,-73.94889,Private room,80,3,56,1,0,4
19163623,115256,Manhattan,Upper East Side,40.76806,-73.95713,Entire home/apt,118,30,43,1,0,0
19317196,12624062,Manhattan,Financial District,40.70741,-74.01017,Entire home/apt,239,7,8,1,101,1
19163888,105707375,Manhattan,Upper East Side,40.77582,-73.95252,Entire home/apt,103,12,12,1,0,0
19164049,18655355,Manhattan,East Harlem,40.78855,-73.94679,Private room,129,5,66,1,289,18
19164752,71864947,Manhattan,Washington Heights,40.84466,-73.93826,Entire home/apt,100,30,16,1,0,0
19169354,10909193,Brooklyn,Bushwick,40.7036,-73.91212,Private room,40,30,1,1,0,0
19204555,75563831,Queens,Astoria,40.76046,-73.9082,Private room,40,30,34,2,311,2
19317834,5416971,Brooklyn,Flatbush,40.63893,-73.95149,Entire home/apt,97,2,21,3,0,0
19206550,128156060,Queens,Woodside,40.74386,-73.91197,Private room,65,30,22,1,0,0
19207312,6287848,Brooklyn,Prospect Heights,40.68068,-73.97408,Private room,100,30,22,1,0,0
19170051,90227099,Manhattan,Harlem,40.82657,-73.94313,Entire home/apt,70,30,3,1,0,0
19319184,135320687,Manhattan,Roosevelt Island,40.76145,-73.94969,Private room,88,30,38,2,249,0
19459082,90429772,Manhattan,East Village,40.72774,-73.98907,Private room,87,30,34,2,0,0
19459142,135696084,Manhattan,Kips Bay,40.74048,-73.98262,Private room,60,30,0,1,0,0
19209436,87259106,Manhattan,Harlem,40.81166,-73.94513,Entire home/apt,125,30,24,1,0,0
19323563,36851145,Manhattan,Lower East Side,40.72155,-73.98765,Entire home/apt,260,30,5,1,0,0
19209477,20804098,Queens,Maspeth,40.72823,-73.90097,Private room,67,30,0,1,0,0
19209710,19785181,Brooklyn,Bushwick,40.70328,-73.92682,Entire home/apt,110,30,10,1,0,0
19466060,17274880,Brooklyn,Bedford-Stuyvesant,40.69391,-73.93758,Private room,35,30,5,1,0,0
19326306,32164030,Bronx,Hunts Point,40.81256,-73.88901,Private room,40,30,18,6,337,6
19327636,67280917,Manhattan,East Harlem,40.79297,-73.94021,Entire home/apt,149,30,14,1,0,0
19211023,6850350,Manhattan,Nolita,40.7206,-73.99456,Private room,120,30,28,1,0,0
19329164,5962328,Queens,Flushing,40.76105,-73.82368,Entire home/apt,105,30,11,7,249,1
19212985,38655309,Manhattan,Harlem,40.83013,-73.9425,Entire home/apt,66,30,27,1,0,0
19219624,134521683,Manhattan,East Village,40.72452,-73.97924,Private room,93,30,3,2,0,0
19220496,23257199,Brooklyn,Crown Heights,40.67527,-73.9629,Entire home/apt,119,30,8,1,0,0
19222766,9963151,Manhattan,Harlem,40.82231,-73.9514,Entire home/apt,190,35,28,1,0,2
19224202,6001984,Manhattan,Upper West Side,40.80188,-73.96789,Entire home/apt,199,4,4,1,0,0
19470210,10856865,Manhattan,Upper West Side,40.7787,-73.98019,Entire home/apt,165,30,52,2,271,6
19329404,1580521,Brooklyn,Carroll Gardens,40.67809,-73.99875,Entire home/apt,180,3,186,1,207,46
19470370,5962328,Queens,Flushing,40.76119,-73.82186,Entire home/apt,125,30,4,7,249,2
19472799,5992129,Brooklyn,Clinton Hill,40.68838,-73.9632,Entire home/apt,150,30,9,1,64,0
19225682,26656760,Brooklyn,Bedford-Stuyvesant,40.69483,-73.94567,Entire home/apt,80,30,11,1,0,0
19226317,26814623,Brooklyn,Cobble Hill,40.68933,-73.99277,Entire home/apt,120,30,19,1,0,0
19226980,33365473,Brooklyn,Bedford-Stuyvesant,40.6819,-73.9426,Entire home/apt,650,30,0,2,358,0
19330704,134370506,Manhattan,Morningside Heights,40.8106,-73.9581,Private room,80,1,69,2,0,18
19227138,86327101,Brooklyn,Bedford-Stuyvesant,40.6821,-73.91245,Private room,64,1,273,6,215,49
19227365,86327101,Brooklyn,Bedford-Stuyvesant,40.6821,-73.91245,Private room,64,1,256,6,216,47
19227424,86327101,Brooklyn,Bedford-Stuyvesant,40.6821,-73.91245,Private room,64,1,228,6,213,33
19472906,135831798,Brooklyn,Clinton Hill,40.69319,-73.96913,Entire home/apt,400,30,58,1,0,0
19474100,66734502,Queens,Astoria,40.76316,-73.91679,Private room,47,30,1,1,0,0
19475058,12038925,Manhattan,Chinatown,40.71434,-73.99172,Entire home/apt,225,30,15,1,0,0
19330742,4922765,Brooklyn,Bushwick,40.70538,-73.92013,Private room,75,299,0,1,0,0
19330743,125231390,Brooklyn,Canarsie,40.64132,-73.88351,Entire home/apt,78,3,69,1,54,0
19475198,3228795,Queens,Astoria,40.76393,-73.91271,Private room,85,2,11,1,0,0
19476630,42561290,Brooklyn,East New York,40.66189,-73.86599,Private room,38,2,51,3,352,12
19227532,134601877,Manhattan,East Harlem,40.79904,-73.9458,Entire home/apt,242,2,169,2,48,41
19332077,4298040,Brooklyn,Fort Greene,40.69407,-73.97367,Private room,125,30,0,1,0,0
19334916,7727013,Manhattan,Harlem,40.81133,-73.94326,Private room,199,3,5,2,60,3
19342192,28283044,Brooklyn,Bedford-Stuyvesant,40.68571,-73.92972,Entire home/apt,139,4,76,1,0,0
19476873,76785138,Brooklyn,Bay Ridge,40.62406,-74.0257,Entire home/apt,322,2,98,1,66,14
19478537,1751498,Brooklyn,Crown Heights,40.67532,-73.96114,Entire home/apt,70,30,1,1,0,0
19487781,486948,Manhattan,Lower East Side,40.71979,-73.97841,Private room,70,30,6,1,0,0
19343737,80603182,Brooklyn,Bushwick,40.70116,-73.92055,Private room,44,30,2,1,0,0
19488192,17048787,Brooklyn,Williamsburg,40.71587,-73.96209,Private room,158,5,23,2,106,9
19489138,3595138,Manhattan,Upper West Side,40.79921,-73.95934,Entire home/apt,230,2,7,1,0,0
19227693,1035102,Brooklyn,Bushwick,40.70136,-73.9288,Private room,100,30,5,1,88,0
19236409,1722812,Manhattan,East Village,40.73095,-73.98643,Entire home/apt,290,30,2,1,0,0
19345240,35786659,Manhattan,Upper East Side,40.7685,-73.96117,Private room,165,1,15,1,0,0
19490499,136818122,Brooklyn,Greenpoint,40.72488,-73.94067,Private room,40,30,3,1,0,0
19500346,1234135,Queens,Richmond Hill,40.69927,-73.82916,Private room,61,3,38,3,355,14
19345943,3919533,Brooklyn,Bushwick,40.69934,-73.93702,Entire home/apt,240,30,56,1,271,0
19236716,134672751,Staten Island,West Brighton,40.62534,-74.10841,Private room,200,30,0,1,0,0
19239282,612818,Brooklyn,Carroll Gardens,40.67833,-73.99824,Entire home/apt,125,6,37,1,0,9
19239928,5530093,Manhattan,Upper East Side,40.76368,-73.95907,Entire home/apt,140,30,5,1,0,0
19241136,5374258,Queens,Ridgewood,40.70674,-73.9028,Entire home/apt,85,30,7,1,0,0
19241855,18515933,Brooklyn,Bushwick,40.7058,-73.92351,Private room,58,30,12,1,0,0
19346406,135088799,Queens,Ditmars Steinway,40.77176,-73.91223,Entire home/apt,480,3,5,1,269,0
19242821,134438985,Queens,Astoria,40.76343,-73.91243,Entire home/apt,100,30,5,1,0,0
19244237,17184568,Brooklyn,Bushwick,40.70153,-73.92751,Private room,65,30,1,1,0,0
19244710,20283471,Brooklyn,Bedford-Stuyvesant,40.68021,-73.93352,Entire home/apt,130,30,3,1,0,0
19245930,59156312,Queens,Woodhaven,40.68803,-73.86497,Private room,69,7,62,5,65,12
19246114,16262749,Brooklyn,Greenpoint,40.72067,-73.94247,Entire home/apt,337,3,122,1,21,15
19246490,13463652,Brooklyn,Clinton Hill,40.68232,-73.9637,Private room,90,30,0,1,0,0
19248044,952909,Manhattan,Upper West Side,40.77992,-73.97897,Entire home/apt,170,30,0,1,0,0
19248045,121732047,Queens,Forest Hills,40.71033,-73.84495,Private room,40,30,2,1,0,0
19504042,42283996,Queens,Rego Park,40.73154,-73.86947,Entire home/apt,65,30,0,1,0,0
19505956,136982841,Manhattan,East Harlem,40.7877,-73.95037,Private room,350,30,4,1,239,0
19506829,61851470,Brooklyn,Cypress Hills,40.67923,-73.90531,Private room,52,30,0,1,0,0
19508209,127925141,Brooklyn,Bushwick,40.69587,-73.92955,Private room,27,3,3,1,0,0
19346860,19006966,Brooklyn,East Flatbush,40.64845,-73.94417,Private room,80,2,42,1,65,0
19348168,74033595,Brooklyn,Bedford-Stuyvesant,40.6766,-73.91419,Private room,58,30,1,1,0,0
19348588,135582685,Manhattan,Washington Heights,40.83535,-73.94452,Private room,65,30,131,1,92,0
19518453,79912031,Manhattan,Murray Hill,40.74864,-73.98131,Entire home/apt,329,30,1,1,0,0
19523894,137114793,Staten Island,Great Kills,40.56071,-74.14591,Entire home/apt,90,14,80,1,99,8
19525377,4279384,Brooklyn,Flatbush,40.64108,-73.95478,Private room,39,30,1,2,0,0
19250619,115546121,Queens,Sunnyside,40.74487,-73.91833,Entire home/apt,130,30,0,1,0,0
19250742,58782992,Manhattan,Harlem,40.82132,-73.94394,Entire home/apt,160,30,100,2,142,1
19251255,134809070,Brooklyn,Bedford-Stuyvesant,40.6781,-73.90884,Entire home/apt,55,30,26,1,0,0
19251668,37072479,Brooklyn,Williamsburg,40.71823,-73.9606,Entire home/apt,164,30,32,3,267,1
19348689,7969715,Manhattan,East Village,40.73046,-73.98476,Entire home/apt,85,30,23,1,0,0
19355497,1221228,Brooklyn,Bedford-Stuyvesant,40.69083,-73.95915,Private room,34,30,3,1,0,0
19360685,6670822,Manhattan,Lower East Side,40.72023,-73.99389,Entire home/apt,300,6,19,1,249,4
19361969,135703190,Brooklyn,Vinegar Hill,40.69921,-73.98452,Entire home/apt,300,360,0,1,0,0
19362079,76854135,Brooklyn,Carroll Gardens,40.67887,-74.00151,Entire home/apt,230,1,95,1,91,25
19362751,40317143,Queens,Maspeth,40.71978,-73.90611,Private room,50,30,16,6,58,2
19363356,125684191,Manhattan,Harlem,40.81934,-73.95229,Private room,55,30,2,1,0,0
19363728,27443386,Manhattan,East Village,40.7217,-73.97837,Private room,45,30,2,1,0,0
19364229,4048704,Manhattan,Chelsea,40.74236,-74.00237,Private room,90,30,1,1,0,0
19364266,135732224,Queens,Flushing,40.75343,-73.82138,Private room,35,30,0,1,0,0
19261697,67992400,Brooklyn,Bedford-Stuyvesant,40.69686,-73.93787,Private room,48,30,1,1,0,0
19368455,70154608,Manhattan,Chelsea,40.74421,-73.99922,Entire home/apt,172,30,36,2,1,1
19268922,134741341,Queens,Astoria,40.77586,-73.93027,Private room,60,30,15,1,0,0
19376872,7107479,Manhattan,East Village,40.73018,-73.99255,Entire home/apt,333,4,56,1,2,15
19528326,89022528,Manhattan,Kips Bay,40.7387,-73.98086,Entire home/apt,125,30,72,1,140,1
19379952,5681654,Manhattan,East Village,40.73163,-73.98671,Entire home/apt,335,30,10,1,349,0
19529637,3412684,Manhattan,East Village,40.72898,-73.98346,Entire home/apt,250,14,17,1,41,1
19380620,132826462,Manhattan,Washington Heights,40.84171,-73.93695,Private room,70,30,1,1,0,0
19271040,289199951,Brooklyn,Bedford-Stuyvesant,40.68568,-73.93975,Entire home/apt,121,3,275,4,50,37
19271120,156734,Manhattan,Harlem,40.80804,-73.95228,Entire home/apt,190,25,58,1,0,8
19382104,25064774,Brooklyn,Bedford-Stuyvesant,40.68805,-73.94362,Private room,32,14,1,1,0,0
19272890,134961952,Manhattan,Upper West Side,40.77866,-73.98096,Entire home/apt,207,30,0,1,0,0
19273509,4969033,Queens,Astoria,40.76633,-73.90888,Entire home/apt,165,2,57,1,5,18
19530067,18940748,Brooklyn,Bedford-Stuyvesant,40.68602,-73.9341,Entire home/apt,194,3,178,1,282,29
19382819,9293730,Manhattan,Upper East Side,40.76947,-73.95647,Entire home/apt,147,30,20,37,293,5
19384034,135877454,Queens,Astoria,40.76093,-73.90955,Entire home/apt,100,30,6,1,0,0
19385683,4581860,Manhattan,Chelsea,40.74791,-73.99346,Private room,130,2,23,1,0,0
19385872,110175454,Brooklyn,Crown Heights,40.66499,-73.9523,Entire home/apt,125,30,0,1,0,0
19274199,62608664,Queens,Neponsit,40.57068,-73.86126,Entire home/apt,242,2,46,1,364,4
19275018,24771293,Manhattan,Morningside Heights,40.80436,-73.96673,Private room,75,30,11,1,0,0
19386162,106948134,Manhattan,Roosevelt Island,40.76249,-73.95037,Private room,70,30,12,1,0,0
19387438,135910220,Queens,Maspeth,40.73695,-73.90481,Private room,60,3,66,1,146,6
19283246,107179840,Brooklyn,Bushwick,40.69477,-73.92938,Entire home/apt,110,30,8,1,0,0
19284253,17770287,Manhattan,Midtown,40.75052,-73.9832,Entire home/apt,155,60,10,12,249,3
19294702,14157243,Brooklyn,Williamsburg,40.71657,-73.95254,Entire home/apt,225,30,3,1,0,0
19387536,17026738,Brooklyn,Williamsburg,40.70613,-73.92896,Entire home/apt,95,8,7,2,0,0
19294842,47782497,Brooklyn,East New York,40.6692,-73.87776,Private room,66,30,53,5,352,12
19530652,4351028,Brooklyn,Bushwick,40.69966,-73.91921,Private room,60,1,0,1,0,0
19387694,14140453,Brooklyn,Carroll Gardens,40.68391,-73.9919,Entire home/apt,595,4,17,1,15,3
19296720,135136607,Manhattan,West Village,40.73816,-74.00234,Entire home/apt,93,30,65,1,0,0
19297780,23401472,Manhattan,Harlem,40.82444,-73.94375,Private room,250,90,0,2,0,0
19305374,6179439,Brooklyn,Park Slope,40.66861,-73.97714,Entire home/apt,229,1,68,1,0,0
19388293,14805863,Queens,Maspeth,40.73488,-73.90281,Entire home/apt,88,30,7,1,0,0
19305691,3583541,Brooklyn,Prospect Heights,40.68096,-73.96714,Entire home/apt,300,5,1,1,0,0
19307798,23131509,Manhattan,Nolita,40.72065,-73.9972,Shared room,150,30,0,1,0,0
19530778,137129564,Queens,Flushing,40.75241,-73.81458,Private room,50,1,112,6,352,39
19531174,31553738,Brooklyn,Bushwick,40.70025,-73.93867,Private room,50,30,1,1,0,0
19389677,135932425,Manhattan,Washington Heights,40.85504,-73.93008,Private room,50,30,1,1,0,0
19307997,105703386,Manhattan,Battery Park City,40.70862,-74.01787,Entire home/apt,440,3,5,2,55,3
19308779,25665185,Manhattan,East Harlem,40.793472,-73.94413,Entire home/apt,175,3,3,2,0,1
19312705,42947876,Brooklyn,Clinton Hill,40.68824,-73.96271,Entire home/apt,212,30,16,1,0,0
19313134,3792860,Manhattan,Upper East Side,40.77086,-73.95536,Entire home/apt,180,30,1,2,0,0
19389707,7571380,Brooklyn,Flatbush,40.65354,-73.96117,Private room,40,30,14,1,0,0
19389911,5612625,Manhattan,Upper West Side,40.79382,-73.96848,Private room,56,1,55,1,0,0
19401219,134428157,Brooklyn,Bedford-Stuyvesant,40.69444,-73.94644,Entire home/apt,130,30,105,5,15,3
19531805,57435629,Brooklyn,Borough Park,40.63937,-73.98119,Entire home/apt,70,30,1,1,0,0
19532225,137156356,Brooklyn,Bedford-Stuyvesant,40.68417,-73.94986,Private room,49,30,1,1,0,0
19403353,14404488,Brooklyn,Gowanus,40.6787,-73.99085,Entire home/apt,89,30,1,1,0,0
19532789,15192,Brooklyn,Bedford-Stuyvesant,40.68118,-73.94533,Entire home/apt,190,30,63,1,336,10
19314589,135272642,Manhattan,East Village,40.72358,-73.98466,Entire home/apt,273,2,408,1,102,74
19314671,5148966,Brooklyn,Greenpoint,40.73117,-73.95743,Entire home/apt,160,30,30,1,0,0
19404654,88861099,Manhattan,East Harlem,40.80796,-73.9402,Private room,101,30,89,1,329,1
19315138,5060814,Manhattan,Nolita,40.72218,-73.99514,Entire home/apt,220,30,2,1,0,0
19538717,48542743,Brooklyn,Williamsburg,40.71321,-73.93603,Entire home/apt,89,30,2,1,0,0
19404818,374115,Manhattan,Tribeca,40.7227,-74.00856,Entire home/apt,200,30,8,1,0,0
19542512,137264725,Manhattan,Lower East Side,40.71271,-73.99104,Private room,70,30,150,4,0,0
19407599,136058103,Manhattan,Upper West Side,40.80119,-73.96612,Private room,35,30,4,1,0,0
19544381,2642103,Manhattan,Lower East Side,40.71834,-73.99021,Entire home/apt,100,2,2,1,0,0
19623614,138033394,Queens,Jamaica,40.69855,-73.7845,Entire home/apt,157,2,170,1,150,43
19407992,8304751,Brooklyn,Williamsburg,40.71587,-73.96,Entire home/apt,295,7,46,1,184,19
19544404,72539408,Manhattan,Lower East Side,40.72104,-73.98762,Entire home/apt,100,30,1,1,0,0
19408914,120762452,Manhattan,Murray Hill,40.74809,-73.97565,Entire home/apt,220,30,3,83,365,0
19409299,120762452,Manhattan,Murray Hill,40.74993,-73.97579,Entire home/apt,220,30,6,83,365,2
19410331,23985682,Brooklyn,Carroll Gardens,40.67555,-73.99948,Entire home/apt,180,30,6,1,0,0
19412140,61483702,Brooklyn,Bedford-Stuyvesant,40.69228,-73.93294,Private room,63,30,3,1,0,0
19624289,104924792,Brooklyn,Bushwick,40.70059851760487,-73.93058037965771,Private room,95,5,0,2,220,0
19626535,22347382,Manhattan,Hell's Kitchen,40.75688,-73.99332,Entire home/apt,200,20,0,1,0,0
19634230,41945908,Brooklyn,Greenpoint,40.72767,-73.95431,Private room,70,3,4,1,0,0
19412207,49123284,Manhattan,Two Bridges,40.71091,-73.99451,Entire home/apt,127,30,63,2,95,5
19413230,136098610,Manhattan,West Village,40.73242,-74.00322,Entire home/apt,225,30,86,1,327,1
19635738,6920054,Manhattan,Chelsea,40.73888,-73.99705,Shared room,200,30,0,1,0,0
19638414,138197456,Manhattan,Washington Heights,40.85096,-73.93422,Entire home/apt,185,30,0,1,0,0
19639687,138210979,Brooklyn,Park Slope,40.67417,-73.98005,Entire home/apt,127,30,3,1,0,0
19645931,2074014,Manhattan,Hell's Kitchen,40.76064,-73.99205,Private room,110,400,1,1,0,0
19545851,137293453,Brooklyn,Crown Heights,40.67341,-73.94309,Private room,35,30,1,1,0,0
19548468,97788824,Manhattan,Chelsea,40.74819,-74.0019,Private room,60,30,32,1,0,0
19550838,308068,Manhattan,Harlem,40.80262,-73.95765,Entire home/apt,125,30,2,1,0,0
19553193,3894475,Brooklyn,South Slope,40.66526,-73.98184,Private room,77,30,0,3,0,0
19553306,6405437,Brooklyn,Williamsburg,40.71177,-73.96363,Entire home/apt,400,30,6,1,0,0
19554564,612563,Brooklyn,Bushwick,40.68257,-73.90758,Entire home/apt,225,2,373,1,273,74
19555750,137264725,Manhattan,Lower East Side,40.71188,-73.98969,Private room,60,30,128,4,0,0
19558926,37078185,Queens,Jackson Heights,40.75183,-73.89523,Private room,60,30,0,1,0,0
19563107,120762452,Manhattan,Murray Hill,40.74926,-73.97643,Entire home/apt,220,30,4,83,365,1
19413675,28249503,Brooklyn,Bushwick,40.68503,-73.90851,Private room,90,30,8,1,0,0
19414281,4040993,Manhattan,Chelsea,40.74412,-74.00415,Entire home/apt,279,30,1,1,0,0
19414732,134677764,Brooklyn,Williamsburg,40.71129,-73.95453,Private room,50,30,3,1,0,0
19415979,35285033,Manhattan,Chelsea,40.74561,-74.00024,Entire home/apt,130,30,2,1,0,0
19563669,41680155,Manhattan,Chelsea,40.7478,-73.98942,Private room,160,3,5,1,0,0
19650166,15049077,Brooklyn,Crown Heights,40.66572,-73.93194,Private room,55,10,24,1,19,2
19424191,120762452,Manhattan,Murray Hill,40.74996,-73.97563,Entire home/apt,175,30,9,83,365,0
19424753,35380551,Brooklyn,Bushwick,40.7011,-73.91112,Private room,45,30,2,1,0,0
19651861,138331581,Manhattan,Two Bridges,40.71146,-73.99649,Entire home/apt,99,30,45,1,0,0
19566557,8306638,Brooklyn,Prospect-Lefferts Gardens,40.65622,-73.96116,Entire home/apt,95,180,18,1,341,3
19428130,26925441,Manhattan,East Village,40.72254,-73.97985,Entire home/apt,89,90,28,1,31,0
19429274,40086875,Brooklyn,Crown Heights,40.6755,-73.93997,Private room,39,30,0,1,0,0
19568889,137512725,Manhattan,Harlem,40.82518,-73.94275,Private room,77,30,56,1,290,5
19569481,960013,Brooklyn,Williamsburg,40.71145,-73.9465,Entire home/apt,350,3,45,1,22,9
19653554,1394711,Brooklyn,Sunset Park,40.66314,-73.9954,Entire home/apt,382,2,101,1,275,24
19430074,3600282,Manhattan,Inwood,40.86965,-73.92233,Entire home/apt,99,3,4,1,0,0
19430305,8575784,Brooklyn,Crown Heights,40.67471,-73.95653,Entire home/apt,155,2,4,1,0,0
19431893,136230287,Queens,East Elmhurst,40.76397,-73.8717,Private room,58,2,29,2,302,13
19655186,138359603,Bronx,Concourse,40.82213,-73.92754,Entire home/apt,125,30,2,1,0,0
19658286,80080216,Bronx,Williamsbridge,40.8773,-73.85019,Private room,75,30,4,1,364,0
19571034,19703184,Manhattan,Hell's Kitchen,40.761,-73.99848,Entire home/apt,175,30,5,1,0,0
19571565,61042,Manhattan,East Harlem,40.79986,-73.94338,Private room,58,5,50,7,2,12
19572516,6466505,Brooklyn,Crown Heights,40.67397,-73.95182,Entire home/apt,70,30,5,1,0,0
19573919,75253309,Manhattan,Chelsea,40.75316,-73.99989,Entire home/apt,130,30,0,1,0,0
19438593,136285608,Brooklyn,Bushwick,40.68913,-73.91612,Private room,50,30,1,1,0,0
19575376,105878573,Brooklyn,East New York,40.66701,-73.88699,Private room,59,1,40,6,71,26
19582132,5447617,Brooklyn,Bedford-Stuyvesant,40.68225,-73.93767,Entire home/apt,125,30,6,3,138,1
19582754,20761853,Manhattan,Upper East Side,40.76977,-73.95237,Private room,90,1,120,1,0,20
19659617,125090618,Brooklyn,Williamsburg,40.71357,-73.9606,Entire home/apt,140,30,0,1,0,0
19659874,41578662,Bronx,Mott Haven,40.81226,-73.92573,Entire home/apt,100,30,16,2,42,0
19660325,1609077,Queens,Forest Hills,40.71228,-73.84201,Private room,196,2,11,5,339,5
19438695,136285709,Manhattan,SoHo,40.72312,-74.00635,Private room,103,30,1,2,0,0
19438978,136285709,Manhattan,SoHo,40.7224,-74.00546,Private room,125,30,1,2,0,0
19439790,24464178,Manhattan,Chelsea,40.74195,-73.99423,Entire home/apt,189,30,8,1,0,0
19439956,136300414,Queens,East Elmhurst,40.75706,-73.89671,Entire home/apt,2000,5,82,1,223,0
19660760,30884023,Queens,Arverne,40.59211,-73.79225,Entire home/apt,80,30,62,1,0,0
19583464,137647792,Manhattan,Murray Hill,40.74706,-73.9789,Entire home/apt,125,30,0,1,0,0
19583985,9864136,Brooklyn,Bushwick,40.68674,-73.91492,Private room,45,30,3,28,341,2
19586399,137672539,Brooklyn,Bushwick,40.70115,-73.9217,Shared room,40,2,90,1,0,0
19587940,137685990,Brooklyn,Bedford-Stuyvesant,40.68326,-73.92754,Private room,29,30,3,1,0,0
19440924,50386076,Manhattan,Upper West Side,40.80169,-73.96539,Entire home/apt,90,30,24,1,0,0
19588045,8002158,Brooklyn,Greenpoint,40.73196,-73.95058,Entire home/apt,138,31,9,1,55,1
19588726,137690897,Bronx,Fordham,40.86723,-73.89035,Private room,80,30,13,1,0,0
19661733,15617507,Bronx,Morris Park,40.85229,-73.86092,Private room,47,5,66,6,287,3
19671061,45673606,Brooklyn,Williamsburg,40.71494,-73.94675,Private room,85,30,9,1,0,0
19449463,8292927,Brooklyn,Williamsburg,40.71389,-73.94192,Entire home/apt,277,3,166,1,25,43
19673076,2983089,Brooklyn,Gowanus,40.68099,-73.99147,Entire home/apt,275,30,72,1,150,5
19455149,136431007,Manhattan,Chelsea,40.75001,-74.00359,Private room,63,1,59,1,3,5
19673107,138526119,Queens,Rockaway Beach,40.58686,-73.81542,Entire home/apt,179,30,2,2,0,0
19673318,138526119,Queens,Rockaway Beach,40.58683,-73.81553,Entire home/apt,169,30,15,2,0,0
19590209,137522531,Queens,Flushing,40.75748,-73.8095,Entire home/apt,195,30,44,5,357,0
19591107,137522531,Queens,Flushing,40.75654,-73.80903,Entire home/apt,89,30,62,5,341,0
19591602,137522531,Queens,Flushing,40.75565,-73.80977,Entire home/apt,275,30,63,5,337,2
19596021,137772585,Queens,Jackson Heights,40.75395,-73.88387,Entire home/apt,190,2,72,1,271,30
19600284,73762685,Manhattan,Harlem,40.81913,-73.95724,Entire home/apt,90,31,6,1,12,1
19455656,28626337,Manhattan,West Village,40.73932,-74.00242,Private room,99,30,2,1,0,0
19675743,116482644,Manhattan,Hell's Kitchen,40.76613,-73.9878,Private room,49,21,92,2,0,0
19677221,88351271,Brooklyn,Bushwick,40.69843,-73.92639,Private room,40,30,14,1,0,0
19679564,15910436,Brooklyn,Williamsburg,40.70961,-73.95196,Entire home/apt,257,30,17,1,0,0
19455757,83171661,Brooklyn,South Slope,40.66821,-73.98547,Private room,40,30,4,1,0,0
19459060,10902665,Brooklyn,Bedford-Stuyvesant,40.6913,-73.95537,Entire home/apt,175,30,0,1,0,0
19691179,138708257,Manhattan,Lower East Side,40.72099,-73.98476,Private room,95,2,68,1,0,0
19691853,106955062,Manhattan,Harlem,40.8129,-73.94947,Entire home/apt,77,30,16,1,0,0
19692421,120762452,Manhattan,Murray Hill,40.75004,-73.97598,Entire home/apt,175,30,7,83,365,0
19693245,120762452,Manhattan,Murray Hill,40.75002,-73.9757,Entire home/apt,220,30,6,83,365,0
19602390,137817563,Brooklyn,Bedford-Stuyvesant,40.68232,-73.93023,Entire home/apt,100,5,114,2,163,13
19768829,3792860,Manhattan,Upper East Side,40.76954,-73.95509,Entire home/apt,180,30,0,2,0,0
19769328,246611685,Queens,Richmond Hill,40.69436,-73.82893,Private room,65,1,26,1,0,0
19769912,54508926,Brooklyn,Canarsie,40.63862,-73.9116,Entire home/apt,159,3,206,1,338,40
19602515,11758216,Manhattan,Lower East Side,40.7213,-73.9854,Entire home/apt,88,30,19,1,0,0
19602883,85507826,Brooklyn,Williamsburg,40.70997,-73.94421,Private room,45,30,0,1,0,0
19603487,137829485,Manhattan,Harlem,40.8137,-73.94087,Private room,60,7,2,1,0,0
19694308,12662045,Brooklyn,Bedford-Stuyvesant,40.68458,-73.93209,Private room,40,30,2,1,0,0
19695709,2224802,Brooklyn,Williamsburg,40.71375,-73.9474,Entire home/apt,149,30,23,1,0,0
19696746,5107938,Brooklyn,Greenpoint,40.72546,-73.94073,Private room,49,30,2,1,0,0
19697371,12058024,Brooklyn,Prospect-Lefferts Gardens,40.65921,-73.96063,Entire home/apt,70,30,4,1,0,0
19699039,24835386,Manhattan,Lower East Side,40.7198,-73.98669,Entire home/apt,135,150,9,1,151,1
19777412,1748382,Brooklyn,Bedford-Stuyvesant,40.68703,-73.93262,Entire home/apt,275,6,2,2,0,0
19780093,6376364,Manhattan,East Village,40.73194,-73.98816,Entire home/apt,225,30,11,1,0,0
19784085,137522531,Queens,Flushing,40.75561,-73.80948,Entire home/apt,270,30,19,5,365,0
19784119,9427915,Manhattan,Harlem,40.81993,-73.94662,Entire home/apt,180,2,38,1,16,6
19699218,138784297,Manhattan,Two Bridges,40.71268,-73.99689,Private room,116,30,18,1,0,0
19699241,138782186,Queens,Rosedale,40.65303,-73.72543,Private room,70,30,0,1,0,0
19700585,1384111,Queens,Sunnyside,40.74542,-73.92141,Entire home/apt,145,30,8,1,0,0
19785259,53821069,Manhattan,Lower East Side,40.72078,-73.98823,Entire home/apt,94,1,8,1,0,0
19785676,23055253,Brooklyn,Bushwick,40.69857,-73.92982,Private room,70,30,0,2,0,0
19786240,20063690,Brooklyn,Bedford-Stuyvesant,40.68635,-73.94935,Entire home/apt,550,30,7,1,137,0
19700871,41963149,Brooklyn,Bedford-Stuyvesant,40.69126,-73.94965,Entire home/apt,150,30,1,1,0,0
19701913,6933440,Manhattan,Harlem,40.80503,-73.95569,Entire home/apt,72,30,23,1,0,0
19702506,138823659,Manhattan,Hell's Kitchen,40.75902,-73.98949,Entire home/apt,150,30,18,1,0,0
19709666,21056771,Manhattan,Inwood,40.86926,-73.92221,Entire home/apt,90,30,141,1,0,0
19603624,71811779,Manhattan,West Village,40.73216,-74.001,Entire home/apt,250,30,0,1,0,0
19606247,48035228,Manhattan,Chinatown,40.71408,-73.99565,Private room,50,30,3,1,0,0
19606813,973036,Brooklyn,Williamsburg,40.71279,-73.96225,Private room,140,30,65,1,0,0
19610687,2597159,Brooklyn,Williamsburg,40.71169,-73.94998,Entire home/apt,118,30,96,2,0,0
19618401,7658123,Manhattan,Lower East Side,40.71095,-73.98672,Private room,120,30,3,1,0,0
19618443,26921025,Queens,Sunnyside,40.7365,-73.91956,Entire home/apt,99,30,0,1,0,0
19619177,137649778,Brooklyn,East New York,40.67272,-73.89107,Entire home/apt,100,3,96,1,0,0
19621610,105620723,Queens,Astoria,40.76432,-73.92451,Entire home/apt,105,30,4,1,0,0
19622700,101262003,Manhattan,Upper West Side,40.78581,-73.97475,Private room,155,30,8,2,0,0
19622976,39277795,Brooklyn,Sunset Park,40.64512,-74.00198,Private room,79,2,99,4,41,21
19623349,16260034,Brooklyn,Crown Heights,40.6757,-73.93539,Entire home/apt,250,30,0,1,0,0
19908261,137264725,Manhattan,Lower East Side,40.71204,-73.99038,Entire home/apt,320,30,6,4,0,0
19910558,2505262,Brooklyn,Clinton Hill,40.68597,-73.96382,Entire home/apt,58,30,1,1,0,0
19787245,9293730,Manhattan,Upper East Side,40.77016,-73.95716,Entire home/apt,123,30,25,37,342,7
19791924,112954746,Manhattan,Upper East Side,40.77437,-73.95664,Entire home/apt,145,30,3,1,0,0
19910666,141011662,Manhattan,Hell's Kitchen,40.76039,-73.98901,Entire home/apt,149,30,0,1,0,0
19910725,23909694,Manhattan,Greenwich Village,40.72843,-73.99981,Private room,130,30,1,2,0,0
19799489,139838320,Brooklyn,Bedford-Stuyvesant,40.67935,-73.94992,Entire home/apt,234,2,62,2,218,15
19911921,15932734,Manhattan,East Village,40.72733,-73.98518,Entire home/apt,275,3,51,1,9,20
19710276,2849386,Queens,Rockaway Beach,40.58992,-73.81137,Entire home/apt,325,31,3,1,157,2
19801310,139638096,Manhattan,Roosevelt Island,40.76529,-73.94826,Private room,49,30,0,1,0,0
19801466,87612379,Queens,Middle Village,40.72277,-73.86837,Entire home/apt,249,2,84,1,231,24
19710742,2361069,Brooklyn,Williamsburg,40.71644,-73.96194,Private room,139,3,140,1,31,39
19712270,138914016,Manhattan,East Harlem,40.80178,-73.94011,Private room,75,30,26,1,0,0
19713074,9669516,Brooklyn,Cobble Hill,40.68858,-73.9983,Entire home/apt,114,30,3,1,0,0
19715121,34899836,Brooklyn,East Flatbush,40.65588,-73.91522,Entire home/apt,116,4,91,2,62,15
19716501,3889739,Brooklyn,Williamsburg,40.71494,-73.93923,Private room,68,30,6,1,0,0
19717632,6965700,Manhattan,East Village,40.72582,-73.98212,Private room,51,30,6,1,0,0
19912065,141025502,Brooklyn,Sheepshead Bay,40.59615,-73.94238,Entire home/apt,105,4,44,1,148,13
19912628,141031544,Queens,Ditmars Steinway,40.7769,-73.90869,Private room,69,30,0,1,0,0
19912695,135744505,Manhattan,East Harlem,40.79137,-73.94388,Private room,100,3,37,1,100,35
19802994,28270349,Queens,Flushing,40.76606,-73.79405,Entire home/apt,90,1,130,4,78,0
19914250,48972208,Manhattan,Hell's Kitchen,40.75983,-73.99812,Private room,89,30,0,1,0,0
19803042,23212298,Brooklyn,Crown Heights,40.67574,-73.94092,Entire home/apt,194,90,73,1,365,0
19803462,139871790,Manhattan,Upper East Side,40.7635,-73.95838,Entire home/apt,123,30,36,1,0,0
19805513,15615036,Brooklyn,Bushwick,40.68988,-73.9158,Private room,44,30,7,1,0,0
19806972,114523254,Manhattan,East Harlem,40.7878,-73.94829,Private room,91,30,8,1,0,0
19915204,139357580,Queens,Ditmars Steinway,40.77253,-73.90472,Private room,59,30,155,6,342,17
19915657,139357580,Queens,Ditmars Steinway,40.77253,-73.90472,Private room,55,30,113,6,257,13
19915939,139357580,Queens,Ditmars Steinway,40.77253,-73.90472,Private room,60,30,142,6,339,20
19717723,49656804,Manhattan,East Village,40.72577,-73.98592,Entire home/apt,100,1,108,1,4,7
19718993,26017313,Brooklyn,Crown Heights,40.67141,-73.95976,Entire home/apt,200,30,2,1,0,0
19808259,117530860,Brooklyn,Williamsburg,40.72193,-73.95614,Private room,56,30,1,1,0,0
19719080,58753715,Brooklyn,Crown Heights,40.66831,-73.9469,Private room,60,30,5,1,0,0
19720126,96742320,Manhattan,Harlem,40.82325,-73.95133,Entire home/apt,84,2,2,1,0,0
19922292,51870709,Brooklyn,Bedford-Stuyvesant,40.69418,-73.94954,Entire home/apt,95,30,4,1,0,0
19922819,10642725,Brooklyn,Bedford-Stuyvesant,40.69615,-73.93411,Private room,30,30,1,1,0,0
19923377,48081884,Brooklyn,Bushwick,40.70457,-73.92762,Private room,50,3,18,1,0,0
19808493,105139019,Brooklyn,Williamsburg,40.70998,-73.94669,Private room,90,30,3,1,0,0
19808524,781674,Brooklyn,Fort Greene,40.68946,-73.97556,Entire home/apt,60,30,7,1,5,0
19809264,18197578,Brooklyn,Crown Heights,40.66728,-73.95756,Entire home/apt,100,30,15,1,0,0
19811114,16705993,Queens,Woodhaven,40.6884,-73.85267,Private room,55,30,10,1,0,0
19924521,53710434,Brooklyn,Bushwick,40.70189,-73.93303,Entire home/apt,135,5,7,2,0,2
19925397,46708895,Bronx,Mount Hope,40.84706,-73.90526,Entire home/apt,225,2,129,2,319,37
19929209,120762452,Manhattan,Murray Hill,40.74957,-73.97729,Entire home/apt,175,30,3,83,365,0
19731225,71097702,Brooklyn,Park Slope,40.68128,-73.97833,Entire home/apt,295,30,61,3,307,5
19731551,9293730,Manhattan,Upper West Side,40.78573,-73.97112,Entire home/apt,153,30,22,37,295,6
19732045,21772781,Brooklyn,Bushwick,40.70108,-73.91735,Entire home/apt,120,2,20,2,0,13
19811442,877697,Manhattan,East Village,40.73214,-73.98598,Entire home/apt,175,30,0,1,0,0
19929279,10391137,Brooklyn,Clinton Hill,40.69511,-73.96623,Entire home/apt,413,1,166,1,121,43
19930476,51501835,Manhattan,Little Italy,40.71896,-73.99774,Entire home/apt,145,30,4,109,258,0
19933967,120762452,Manhattan,Murray Hill,40.74926,-73.97643,Entire home/apt,185,30,0,83,365,0
19811816,28363708,Brooklyn,Fort Greene,40.69655,-73.97262,Entire home/apt,400,7,0,1,69,0
19814107,32446721,Queens,Corona,40.74768,-73.86329,Shared room,49,1,27,9,357,0
19819750,5353151,Manhattan,Upper East Side,40.7826,-73.94914,Private room,80,30,35,1,0,0
19822902,1451743,Brooklyn,Bedford-Stuyvesant,40.68699,-73.95617,Entire home/apt,85,30,4,1,0,0
19824236,8154922,Brooklyn,Bay Ridge,40.63132,-74.02797,Entire home/apt,77,30,1,1,47,0
19943440,141335210,Manhattan,West Village,40.73459,-74.0044,Entire home/apt,350,30,0,1,0,0
19734117,139135366,Manhattan,Upper East Side,40.76709,-73.95298,Entire home/apt,195,3,75,1,5,26
19734565,139138585,Manhattan,Gramercy,40.73435,-73.98207,Entire home/apt,110,30,7,1,0,0
19735722,31515758,Manhattan,Washington Heights,40.83483,-73.9451,Entire home/apt,1000,30,1,1,0,0
19736798,139165159,Manhattan,Inwood,40.86602,-73.92821,Private room,49,30,175,2,0,0
19738695,24559181,Manhattan,Upper East Side,40.76242,-73.9658,Entire home/apt,300,1,64,3,280,33
19743260,44220091,Manhattan,Harlem,40.80858,-73.94247,Private room,56,30,10,1,0,0
19743272,138628430,Bronx,Morris Heights,40.85196,-73.92168,Private room,180,30,1,1,0,0
19744093,2239235,Brooklyn,Crown Heights,40.67486,-73.95545,Entire home/apt,95,30,1,1,0,0
19825552,2761278,Manhattan,Kips Bay,40.74203,-73.9809,Entire home/apt,229,30,1,1,0,0
19827594,55389878,Brooklyn,Williamsburg,40.71954,-73.96048,Private room,84,30,1,1,0,0
19828845,48881330,Brooklyn,Crown Heights,40.666,-73.95103,Entire home/apt,100,30,6,1,0,0
19829900,123634626,Brooklyn,Bensonhurst,40.61787,-73.99968,Entire home/apt,140,3,61,2,338,8
19744503,138003310,Queens,Richmond Hill,40.70063,-73.83369,Private room,70,4,72,1,0,0
19744691,22887221,Brooklyn,Crown Heights,40.67249,-73.92292,Private room,70,3,19,1,0,0
19745541,15476792,Brooklyn,Williamsburg,40.71787,-73.95838,Entire home/apt,105,30,24,1,0,0
19747278,106125,Queens,Rockaway Beach,40.59135,-73.81148,Entire home/apt,125,3,50,1,337,14
19944735,81996236,Queens,Ditmars Steinway,40.77002,-73.9076,Private room,150,30,0,1,89,0
19831736,23027289,Brooklyn,Clinton Hill,40.68176,-73.96417,Private room,40,30,2,1,0,0
19836734,4380358,Manhattan,Upper East Side,40.78205,-73.94776,Private room,120,30,6,1,70,0
19944880,5350896,Brooklyn,Williamsburg,40.71472,-73.962,Entire home/apt,149,30,54,1,5,3
19945772,16532782,Brooklyn,Kensington,40.64141,-73.97201,Entire home/apt,160,30,0,1,0,0
19949138,16596728,Brooklyn,Columbia St,40.68468,-74.00343,Entire home/apt,240,30,35,1,46,5
19837851,140220933,Brooklyn,East Flatbush,40.65534,-73.91732,Entire home/apt,130,30,45,1,334,3
19949403,4685815,Brooklyn,Williamsburg,40.70828,-73.95609,Private room,45,7,1,1,0,0
19748517,139299067,Queens,Jamaica,40.68005,-73.78778,Private room,60,1,19,1,178,1
19843343,25370215,Manhattan,Upper East Side,40.77022,-73.95931,Private room,80,30,12,1,0,0
19748553,132042700,Queens,Astoria,40.76189,-73.92332,Private room,75,30,160,1,66,1
19950255,91002349,Manhattan,Harlem,40.8281,-73.94862,Shared room,65,30,0,1,0,0
19952747,139357580,Queens,Ditmars Steinway,40.77253,-73.90472,Private room,46,30,137,6,310,22
19954367,9864136,Manhattan,Harlem,40.82014,-73.94473,Private room,75,30,0,28,0,0
19843731,137832487,Bronx,Longwood,40.82018,-73.90302,Private room,61,30,3,1,354,0
19844482,140286225,Brooklyn,Bushwick,40.69919,-73.91099,Private room,375,1,4,1,88,4
19960443,140821239,Manhattan,Upper East Side,40.78333,-73.94681,Private room,105,30,25,1,0,0
19960507,1772509,Brooklyn,Red Hook,40.67865,-74.00807,Entire home/apt,225,2,33,1,164,9
19749189,74338125,Manhattan,East Village,40.72845,-73.98608,Private room,120,1,20,9,0,20
19751205,55148803,Brooklyn,Williamsburg,40.71394,-73.95239,Entire home/apt,165,30,57,1,0,0
19845074,2409072,Manhattan,Harlem,40.82615,-73.94447,Private room,80,1,19,2,0,0
19757502,97682736,Manhattan,Harlem,40.82548,-73.94493,Entire home/apt,175,30,1,1,0,0
19757672,120762452,Manhattan,Murray Hill,40.74848,-73.97757,Entire home/apt,175,30,3,83,365,0
19760008,44358777,Manhattan,Upper West Side,40.80096,-73.96066,Private room,70,30,5,1,0,0
19760412,12326863,Brooklyn,Brooklyn Heights,40.6912,-73.997,Entire home/apt,160,30,0,1,0,0
19961187,30849492,Manhattan,Gramercy,40.73694,-73.98517,Entire home/apt,125,30,1,1,0,0
19964109,105878573,Brooklyn,East New York,40.66563,-73.88892,Private room,50,1,166,6,143,26
19964262,105878573,Brooklyn,East New York,40.66504,-73.88755,Private room,60,1,207,6,160,25
19845373,140293912,Brooklyn,Kensington,40.64572,-73.97945,Entire home/apt,89,30,57,3,0,0
19966023,8977208,Manhattan,East Village,40.73058,-73.98112,Entire home/apt,130,30,0,1,0,0
19847087,114596544,Queens,Astoria,40.76811,-73.92261,Entire home/apt,105,30,19,1,0,0
19847655,140323391,Brooklyn,Bushwick,40.70253,-73.92234,Private room,45,30,0,1,0,0
19967657,16549535,Manhattan,Chinatown,40.71629,-73.99048,Entire home/apt,110,30,6,1,0,0
19968011,51501835,Manhattan,Little Italy,40.71896,-73.99774,Entire home/apt,125,30,8,109,283,2
19968221,184913,Brooklyn,Carroll Gardens,40.68169,-73.99136,Entire home/apt,298,3,10,1,191,2
19763298,12825778,Manhattan,Upper East Side,40.78123299767754,-73.95053361342248,Private room,130,2,49,1,0,17
19848536,71540842,Queens,Ridgewood,40.70583,-73.90962,Private room,88,2,88,2,63,15
19853102,131777975,Brooklyn,Brownsville,40.66451,-73.91682,Private room,75,4,24,4,62,12
19763459,81160897,Brooklyn,Bushwick,40.70086,-73.91235,Private room,55,30,19,1,342,0
19968388,38592785,Manhattan,Washington Heights,40.84317,-73.9367,Private room,56,30,15,1,0,0
19968961,6393112,Manhattan,Chelsea,40.74285,-74.00075,Private room,121,30,0,1,0,0
19857613,1132004,Manhattan,East Village,40.7285,-73.9848,Entire home/apt,125,30,2,1,0,0
19858046,140433041,Manhattan,Midtown,40.75007,-73.97117,Entire home/apt,495,4,28,1,37,6
19969013,71841088,Brooklyn,Bedford-Stuyvesant,40.69292,-73.94751,Entire home/apt,151,2,0,1,0,0
19763657,19612095,Brooklyn,Williamsburg,40.70688,-73.932,Private room,91,1,52,5,165,16
19766312,3118776,Queens,Astoria,40.76534,-73.93119,Private room,50,30,66,1,0,0
19859697,9121644,Queens,Ridgewood,40.70342,-73.90783,Private room,85,30,5,1,0,0
19861088,2462300,Manhattan,Harlem,40.81703,-73.93474,Entire home/apt,129,30,19,1,0,0
19861834,17820666,Brooklyn,Williamsburg,40.70602,-73.95333,Entire home/apt,84,30,4,1,0,0
19862892,140476993,Manhattan,Washington Heights,40.8326,-73.94035,Entire home/apt,75,30,10,1,0,0
19766387,139503928,Brooklyn,Fort Greene,40.68232,-73.96818,Private room,45,30,1,1,0,0
19766555,20163996,Brooklyn,Williamsburg,40.71484,-73.94615,Entire home/apt,89,30,4,1,0,0
19766791,38815234,Manhattan,Harlem,40.82578,-73.94226,Private room,45,30,62,3,298,0
19969461,14833285,Brooklyn,Sheepshead Bay,40.59623,-73.95961,Entire home/apt,120,1,23,1,0,0
19864245,140503168,Brooklyn,Williamsburg,40.71553,-73.94671,Private room,95,30,1,1,0,0
19970249,54769760,Brooklyn,Williamsburg,40.71647,-73.95999,Private room,80,30,3,1,0,0
19767372,139511753,Queens,Astoria,40.76677,-73.91176,Entire home/apt,70,30,3,1,0,0
19866106,91358346,Brooklyn,Williamsburg,40.71318,-73.94887,Private room,600,30,0,1,0,0
19867930,20433973,Bronx,City Island,40.83793,-73.78328,Private room,95,1,42,2,333,15
19767924,139127299,Manhattan,Chinatown,40.71818,-73.99411,Entire home/apt,237,10,23,2,60,12
19768754,619942,Brooklyn,Cypress Hills,40.68739,-73.87037,Private room,43,30,51,6,160,3
19974905,141615596,Bronx,Parkchester,40.83815,-73.85849,Shared room,45,1,26,2,342,3
19867954,139872738,Queens,Springfield Gardens,40.68191,-73.75819,Entire home/apt,94,2,8,1,139,0
19871726,22549130,Brooklyn,Williamsburg,40.71411,-73.94492,Entire home/apt,116,3,6,1,0,0
19979892,1537650,Brooklyn,Sheepshead Bay,40.5893,-73.95737,Entire home/apt,120,30,46,1,157,0
20031317,142263776,Manhattan,Harlem,40.80256,-73.9545,Entire home/apt,80,30,1,1,0,0
19873185,24383253,Brooklyn,Crown Heights,40.67307,-73.95832,Private room,50,30,0,1,0,0
19873282,114238471,Brooklyn,Crown Heights,40.67603,-73.91088,Entire home/apt,150,30,60,3,351,1
20031768,4777135,Queens,Long Island City,40.76012,-73.93338,Private room,53,30,19,1,0,0
20033157,57328653,Manhattan,Midtown,40.75761,-73.96422,Private room,85,30,3,2,0,0
20034180,121612198,Brooklyn,Canarsie,40.64143,-73.91401,Private room,93,30,9,4,365,0
20035842,131767309,Manhattan,Chinatown,40.71348,-73.99649,Private room,41,30,2,1,0,0
19979903,135845936,Queens,Ditmars Steinway,40.77193,-73.91321,Private room,72,3,2,1,0,0
19980277,10995969,Brooklyn,Fort Greene,40.6957,-73.97113,Private room,50,30,3,1,0,0
19981294,132080218,Manhattan,Kips Bay,40.73872,-73.97995,Private room,80,1,14,1,0,0
19981649,10286572,Manhattan,East Village,40.72633,-73.98451,Entire home/apt,209,20,32,1,0,7
19874046,55952349,Queens,Kew Gardens,40.71022,-73.82998,Entire home/apt,153,30,4,1,87,0
19981877,138515591,Manhattan,East Harlem,40.80448,-73.94006,Private room,46,30,13,4,146,4
19875496,20608771,Brooklyn,Bedford-Stuyvesant,40.67885,-73.94919,Entire home/apt,99,30,7,1,0,0
19876256,114238471,Brooklyn,Bedford-Stuyvesant,40.6764,-73.90913,Entire home/apt,110,30,57,3,328,1
19876292,24607072,Manhattan,West Village,40.73761,-74.00647,Entire home/apt,150,30,3,1,0,0
19880329,6861839,Manhattan,Chelsea,40.74531,-74.00227,Entire home/apt,599,30,1,1,0,0
20040078,142352236,Manhattan,Hell's Kitchen,40.75527,-73.9973,Entire home/apt,240,30,62,5,144,1
20044214,19474504,Brooklyn,Bedford-Stuyvesant,40.68444,-73.94506,Entire home/apt,100,30,3,1,0,0
20044802,121612198,Brooklyn,Canarsie,40.64326,-73.91455,Private room,98,30,15,4,365,1
20045444,24559370,Manhattan,Washington Heights,40.85697,-73.93668,Entire home/apt,90,3,11,2,0,0
19884639,619942,Brooklyn,Cypress Hills,40.68776,-73.87038,Private room,45,30,60,6,95,2
19885300,17477908,Manhattan,Upper East Side,40.76898,-73.95754,Entire home/apt,200,30,6,1,342,0
19887405,83061189,Brooklyn,Boerum Hill,40.68789,-73.98964,Entire home/apt,170,1,83,1,156,30
20045641,48851196,Brooklyn,Williamsburg,40.7113,-73.94941,Private room,50,30,0,1,0,0
19981889,44194869,Manhattan,Harlem,40.81788,-73.94171,Entire home/apt,800,30,85,1,89,0
19983575,138515591,Manhattan,East Harlem,40.80453,-73.93859,Private room,49,30,14,4,176,3
19983748,141740738,Brooklyn,Bedford-Stuyvesant,40.67955,-73.94835,Private room,65,2,8,1,0,0
19984925,138515591,Manhattan,East Harlem,40.80429,-73.93988,Private room,42,30,15,4,91,4
19985199,9864136,Brooklyn,Bushwick,40.68515,-73.91351,Private room,36,30,6,28,249,0
19888160,128517263,Brooklyn,Bushwick,40.69991,-73.93857,Private room,75,30,15,2,0,0
19888622,140470401,Brooklyn,Crown Heights,40.67615,-73.9336,Entire home/apt,200,1,95,1,90,25
20047896,27559992,Brooklyn,Clinton Hill,40.69341,-73.96756,Entire home/apt,191,2,254,1,19,66
19889906,140798168,Queens,Astoria,40.76971,-73.91909,Entire home/apt,165,30,1,1,0,0
20048909,14680684,Manhattan,West Village,40.7385,-74.00503,Entire home/apt,250,30,5,1,0,0
19985425,75218527,Brooklyn,Crown Heights,40.66913,-73.94374,Entire home/apt,138,2,171,1,215,53
19986637,33527075,Queens,Elmhurst,40.74443,-73.87589,Private room,27,30,112,2,0,0
19891485,10677720,Manhattan,Lower East Side,40.71872,-73.98174,Private room,74,30,19,1,0,0
19991488,46066063,Brooklyn,Bedford-Stuyvesant,40.69287,-73.93133,Private room,50,4,24,2,342,9
20051059,16547637,Manhattan,East Village,40.7267,-73.98411,Private room,65,30,1,1,0,0
19891590,325862,Brooklyn,Windsor Terrace,40.66023,-73.98289,Entire home/apt,232,3,28,1,5,12
19891602,8199671,Brooklyn,Bedford-Stuyvesant,40.69385,-73.94844,Entire home/apt,121,30,10,1,0,0
19992696,141839911,Queens,Forest Hills,40.71688,-73.83693,Private room,75,30,1,1,0,0
19892264,87474067,Brooklyn,Bedford-Stuyvesant,40.68223,-73.95269,Private room,60,30,16,1,0,0
19993470,114867228,Manhattan,Greenwich Village,40.72961,-73.99326,Entire home/apt,217,14,42,1,270,11
19996592,4077993,Brooklyn,Crown Heights,40.67532,-73.94104,Private room,32,5,2,3,0,0
19996712,4077993,Brooklyn,Crown Heights,40.67668,-73.94098,Private room,45,2,9,3,0,0
19998416,1780076,Brooklyn,Crown Heights,40.67505,-73.9553,Private room,59,30,13,2,0,0
20054400,142078178,Brooklyn,Crown Heights,40.66738,-73.94902,Entire home/apt,120,30,1,1,0,0
19893872,140847083,Manhattan,Washington Heights,40.84497,-73.94201,Private room,79,4,50,1,30,13
20055786,142502018,Queens,Elmhurst,40.73693,-73.8811,Entire home/apt,130,30,6,1,0,1
20055944,3666809,Manhattan,East Village,40.72969,-73.98288,Private room,200,30,6,1,0,0
20056846,3841371,Queens,Astoria,40.76991,-73.92975,Entire home/apt,120,30,2,1,0,0
19999906,15787004,Brooklyn,Bushwick,40.69686,-73.9245,Private room,48,30,0,5,0,0
20000421,64018594,Manhattan,Harlem,40.80989,-73.95399,Private room,45,30,3,2,0,0
19893886,140830211,Queens,Far Rockaway,40.59484,-73.7636,Shared room,80,1,3,2,365,1
20005568,63986235,Manhattan,Harlem,40.82933,-73.95067,Private room,66,30,3,1,0,0
20008527,138515591,Manhattan,East Harlem,40.80388,-73.93834,Private room,52,30,8,4,151,2
20009122,117287,Manhattan,Hell's Kitchen,40.76762,-73.98485,Private room,142,5,15,4,252,8
20057450,135731332,Brooklyn,Sunset Park,40.65055,-74.00174,Entire home/apt,110,30,66,1,356,0
20070087,105075265,Brooklyn,Bedford-Stuyvesant,40.6945,-73.95094,Private room,40,30,0,1,0,0
20070296,5173627,Brooklyn,Brooklyn Heights,40.69993,-73.99394,Entire home/apt,1361,2,70,1,271,20
20071095,62258958,Queens,East Elmhurst,40.75688,-73.89137,Private room,125,30,27,1,0,0
19894567,619942,Brooklyn,Cypress Hills,40.6893,-73.87235,Private room,45,30,42,6,160,4
19900843,135049810,Brooklyn,East Flatbush,40.64089,-73.94081,Private room,80,30,4,1,0,0
20073605,23299635,Brooklyn,Williamsburg,40.71066,-73.95258,Private room,100,30,0,1,0,0
19903510,17617027,Brooklyn,Fort Greene,40.69575,-73.9743,Entire home/apt,71,30,2,1,0,0
19905347,36447774,Manhattan,Chelsea,40.73603,-73.99234,Entire home/apt,430,4,2,1,336,2
20073959,74541079,Brooklyn,Crown Heights,40.67078,-73.93592,Entire home/apt,95,30,58,2,144,2
20074372,142696105,Queens,Forest Hills,40.71945,-73.84594,Entire home/apt,110,30,15,1,190,1
20011434,28825500,Brooklyn,Williamsburg,40.71111,-73.94967,Private room,50,30,0,1,0,0
20013291,88022215,Manhattan,Murray Hill,40.7454,-73.97401,Entire home/apt,120,30,0,1,0,0
20013531,15787004,Brooklyn,Bushwick,40.69556,-73.92477,Private room,55,30,6,5,0,0
20014072,15617507,Bronx,Morris Park,40.8509,-73.86054,Private room,41,5,83,6,340,5
20014141,54498900,Manhattan,Upper West Side,40.79472,-73.9737,Entire home/apt,179,30,4,1,0,0
19906578,132839074,Brooklyn,Williamsburg,40.71686,-73.94441,Entire home/apt,99,30,10,1,0,0
20075580,5016524,Queens,Kew Gardens,40.71385,-73.83189,Private room,50,30,2,1,0,0
20076056,67127998,Manhattan,Upper East Side,40.7827,-73.95079,Private room,50,30,3,1,0,0
20085460,21594748,Manhattan,Morningside Heights,40.8053,-73.96625,Entire home/apt,160,2,6,2,0,0
20085462,89691323,Brooklyn,Crown Heights,40.67409,-73.94082,Entire home/apt,85,5,6,1,0,0
20089288,619942,Brooklyn,Cypress Hills,40.68767,-73.87236,Private room,40,30,54,6,155,1
20090567,29476718,Brooklyn,Bedford-Stuyvesant,40.69363,-73.95217,Entire home/apt,160,2,62,1,0,12
20091705,51501835,Manhattan,Hell's Kitchen,40.76411,-73.99371,Entire home/apt,180,30,7,109,336,0
19907826,29003640,Manhattan,Washington Heights,40.8465,-73.93376,Entire home/apt,75,30,6,1,0,0
19908088,140983856,Manhattan,Financial District,40.70377,-74.00704,Entire home/apt,255,7,90,1,141,24
20091873,52530136,Manhattan,Gramercy,40.73396,-73.9849,Entire home/apt,132,30,5,1,0,0
20092176,85330,Queens,Forest Hills,40.71066,-73.85087,Private room,83,6,65,3,127,17
20111316,15758568,Brooklyn,Bedford-Stuyvesant,40.68342,-73.94474,Entire home/apt,200,30,27,1,0,0
20211113,15675912,Brooklyn,Prospect-Lefferts Gardens,40.65684,-73.96209,Entire home/apt,119,30,4,1,0,0
20212322,83786650,Manhattan,Upper East Side,40.75965,-73.96102,Entire home/apt,130,30,2,16,83,0
20213442,7285042,Brooklyn,Crown Heights,40.67397,-73.95126,Private room,55,30,5,1,0,0
20111383,18547000,Queens,Astoria,40.76967,-73.92409,Shared room,84,3,69,1,332,25
20119649,74541079,Brooklyn,Crown Heights,40.671,-73.93599,Entire home/apt,126,30,34,2,159,0
20120739,24559370,Manhattan,Washington Heights,40.85702,-73.93638,Private room,70,30,4,2,0,0
20122197,51501835,Manhattan,Hell's Kitchen,40.76303,-73.99348,Entire home/apt,125,30,5,109,335,2
20016090,94543144,Brooklyn,Bedford-Stuyvesant,40.69068,-73.94357,Entire home/apt,165,2,174,1,110,33
20213973,139357580,Queens,Ditmars Steinway,40.77253,-73.90472,Private room,65,30,136,6,334,10
20215323,144008701,Manhattan,Harlem,40.8227,-73.94569,Private room,55,30,13,4,182,0
20017121,82119233,Brooklyn,Bedford-Stuyvesant,40.69435,-73.95092,Entire home/apt,150,7,111,2,248,12
20022549,32446721,Queens,Corona,40.74916,-73.86519,Shared room,54,1,42,9,357,2
20216170,144017474,Brooklyn,Greenpoint,40.73643,-73.95541,Entire home/apt,83,30,92,2,0,0
20223912,13032983,Brooklyn,Williamsburg,40.71749,-73.94519,Entire home/apt,150,30,1,1,0,0
20026248,37318968,Queens,Rockaway Beach,40.59035,-73.80217,Entire home/apt,332,3,89,1,349,15
20026998,1748382,Brooklyn,Bedford-Stuyvesant,40.68566,-73.93335,Entire home/apt,178,3,108,2,301,32
20124372,143052745,Bronx,Mott Haven,40.80991,-73.91957,Private room,66,1,191,5,243,54
20227482,122120711,Brooklyn,Williamsburg,40.70783,-73.94445,Entire home/apt,175,30,2,1,0,0
20125262,66604973,Brooklyn,Greenpoint,40.72582,-73.95556,Entire home/apt,200,30,0,1,0,0
20125722,121612198,Brooklyn,Canarsie,40.64344,-73.91423,Private room,98,30,4,4,342,1
20134321,10128779,Brooklyn,Williamsburg,40.71786,-73.96483,Entire home/apt,140,30,11,1,0,0
20028846,142240474,Manhattan,Chelsea,40.73592,-73.99236,Entire home/apt,200,30,5,1,0,0
20028865,39939372,Brooklyn,Bushwick,40.69957,-73.9254,Private room,41,30,0,1,0,0
20228476,93220722,Brooklyn,Crown Heights,40.67417,-73.96248,Entire home/apt,175,30,12,1,0,0
20134851,4305955,Brooklyn,Bushwick,40.70535,-73.92418,Entire home/apt,165,30,12,1,0,0
20230482,144138036,Queens,St. Albans,40.69158,-73.75647,Entire home/apt,144,2,139,1,337,35
20135558,143186772,Queens,Jamaica,40.69547,-73.79935,Entire home/apt,113,4,178,1,105,32
20137576,19990362,Brooklyn,Vinegar Hill,40.70093,-73.98064,Private room,79,7,8,2,215,0
20145152,1318986,Brooklyn,Williamsburg,40.70992,-73.956,Entire home/apt,98,30,0,1,0,0
20029274,80908448,Brooklyn,Bensonhurst,40.61695,-73.99242,Private room,55,3,9,1,218,0
20029501,142246533,Manhattan,Upper East Side,40.76924,-73.95018,Private room,53,30,1,1,0,0
20031027,6916278,Manhattan,East Village,40.72156,-73.98255,Entire home/apt,158,30,31,1,0,0
20232745,120231560,Bronx,Bronxdale,40.8546,-73.86643,Private room,69,30,21,1,0,0
20420152,121141431,Manhattan,Upper East Side,40.77424,-73.94825,Entire home/apt,95,30,6,1,0,0
20147886,119680716,Brooklyn,Kensington,40.63679,-73.96867,Private room,35,30,6,1,0,0
20233308,142235171,Manhattan,Washington Heights,40.85434,-73.93282,Entire home/apt,100,30,18,1,0,0
20149318,19297877,Bronx,Bronxdale,40.85646,-73.86578,Private room,40,30,36,1,0,0
20151455,139357580,Queens,Ditmars Steinway,40.77253,-73.90472,Private room,44,30,171,6,349,23
20153406,56784103,Manhattan,Kips Bay,40.74444,-73.9784,Entire home/apt,150,6,42,1,0,0
20424288,625403,Manhattan,SoHo,40.72364,-74.00401,Entire home/apt,250,1,1,1,0,0
20425060,71850281,Brooklyn,Bedford-Stuyvesant,40.69045,-73.9521,Private room,70,30,22,1,0,0
20427684,32446721,Queens,Corona,40.74955,-73.86302,Shared room,49,1,23,9,348,1
20235701,87814281,Manhattan,Harlem,40.83169,-73.94749,Private room,88,30,1,2,0,0
20435636,63043,Brooklyn,Greenpoint,40.72734,-73.95116,Private room,60,30,19,1,0,0
20154271,143402105,Bronx,Edenwald,40.89111,-73.83412,Private room,35,14,5,1,64,0
20242938,166634,Brooklyn,Brownsville,40.66143,-73.9132,Private room,61,2,131,3,57,39
20245126,9450203,Brooklyn,Crown Heights,40.6706,-73.94704,Private room,150,30,2,1,0,0
20155838,131035061,Queens,Sunnyside,40.74686,-73.91318,Private room,83,5,191,2,44,30
20162291,58195065,Brooklyn,Gowanus,40.66747,-73.99377,Entire home/apt,153,2,103,1,148,45
20435714,48677247,Bronx,Norwood,40.88275,-73.88277,Entire home/apt,65,30,1,1,0,0
20437233,1939209,Bronx,Claremont Village,40.83603,-73.91152,Private room,55,30,58,2,91,2
20245130,25233493,Brooklyn,Williamsburg,40.71248,-73.96095,Entire home/apt,443,30,32,2,301,3
20248246,74314960,Brooklyn,Bedford-Stuyvesant,40.69276,-73.9458,Private room,95,30,1,1,0,0
20440432,145872703,Manhattan,Harlem,40.82198,-73.95668,Private room,85,2,33,2,260,0
20440757,145878384,Brooklyn,East Flatbush,40.65519,-73.92961,Private room,200,3,11,7,364,0
20455204,4241953,Queens,Flushing,40.75875,-73.81117,Entire home/apt,103,30,8,4,343,5
20164634,12586279,Brooklyn,Fort Greene,40.68894,-73.97295,Entire home/apt,120,2,5,1,0,0
20249492,19834208,Manhattan,Flatiron District,40.74382,-73.98957,Entire home/apt,679,3,94,1,38,26
20164923,119260265,Brooklyn,Clinton Hill,40.68893,-73.96129,Private room,50,30,4,1,0,0
20458607,115415316,Brooklyn,Bushwick,40.70476,-73.92346,Private room,80,30,0,1,0,0
20250864,144317997,Manhattan,Chelsea,40.74591,-73.9933,Private room,40,30,23,1,0,0
20459277,145560149,Manhattan,Hell's Kitchen,40.75574,-73.99776,Private room,130,4,71,1,45,21
20459381,17575348,Manhattan,Greenwich Village,40.73178,-73.9944,Entire home/apt,180,2,3,1,0,0
20459818,134428157,Brooklyn,Bedford-Stuyvesant,40.69457,-73.94819,Entire home/apt,140,30,102,5,265,2
20464496,49519069,Queens,Briarwood,40.70911,-73.81756,Private room,9000,30,0,1,0,0
20171179,141141822,Manhattan,Harlem,40.81205,-73.9434,Private room,116,3,69,1,113,5
20255084,144347177,Manhattan,Upper East Side,40.76241,-73.96118,Entire home/apt,149,30,0,1,0,0
20171578,126641287,Manhattan,Hell's Kitchen,40.76429,-73.98669,Private room,140,30,92,1,0,0
20465477,60350045,Brooklyn,Boerum Hill,40.68614,-73.98373,Entire home/apt,130,30,2,3,0,0
20466016,5962328,Queens,Flushing,40.76089,-73.82342,Entire home/apt,100,30,12,7,249,2
20474033,94408885,Brooklyn,Greenpoint,40.72635,-73.93847,Entire home/apt,210,30,31,1,0,0
20479561,112176192,Manhattan,Upper East Side,40.78207,-73.95434,Entire home/apt,103,30,5,1,0,0
20479960,85330,Queens,Forest Hills,40.7118,-73.85371,Entire home/apt,79,5,141,3,136,17
20256027,20729779,Manhattan,Kips Bay,40.74233,-73.97836,Private room,70,30,16,1,0,0
20480133,88787567,Manhattan,Upper West Side,40.79972,-73.96842,Private room,50,30,4,1,0,0
20173894,87988,Brooklyn,Carroll Gardens,40.68362,-73.99381,Entire home/apt,125,30,2,1,0,0
20174127,2778578,Manhattan,Upper East Side,40.77368,-73.95563,Private room,200,3,11,1,23,2
20257357,144376495,Brooklyn,Columbia St,40.68944,-74.00093,Entire home/apt,159,30,3,1,0,0
20174172,32632891,Manhattan,Tribeca,40.71827,-74.00369,Entire home/apt,320,30,12,1,107,3
20174551,143603020,Manhattan,Harlem,40.81072,-73.94326,Entire home/apt,130,30,5,1,0,0
20480431,146205943,Brooklyn,East Flatbush,40.662,-73.92998,Entire home/apt,140,2,102,1,65,12
20480983,785524,Bronx,Concourse,40.82123,-73.92862,Entire home/apt,114,1,285,2,39,58
20481653,80597953,Manhattan,Harlem,40.8038,-73.95639,Entire home/apt,120,30,1,1,0,0
20481814,110346349,Queens,Forest Hills,40.7139,-73.83523,Private room,57,30,36,3,359,0
20482151,10547661,Manhattan,Hell's Kitchen,40.76455,-73.98898,Entire home/apt,195,3,199,1,86,50
20483387,6824234,Brooklyn,Bedford-Stuyvesant,40.6903,-73.93247,Private room,50,30,1,1,0,0
20257840,60293337,Manhattan,Upper East Side,40.77683,-73.95325,Private room,127,1,155,1,115,40
20483469,146219213,Queens,Forest Hills,40.71695,-73.8337,Private room,40,30,17,1,0,0
20491800,4376320,Brooklyn,Gowanus,40.68041,-73.99167,Entire home/apt,225,30,1,1,0,0
20494672,71097702,Brooklyn,Park Slope,40.68157,-73.97838,Entire home/apt,325,30,60,3,218,4
20174811,22645955,Brooklyn,Bushwick,40.69785,-73.91314,Private room,50,30,3,1,0,0
20263650,170094,Manhattan,Upper West Side,40.79312,-73.97674,Entire home/apt,151,30,9,1,0,0
20495252,126844198,Manhattan,Harlem,40.82687,-73.9412,Private room,53,30,2,1,0,0
20495736,8115522,Brooklyn,Williamsburg,40.70779,-73.94298,Private room,66,30,4,2,0,0
20497853,45596004,Manhattan,Kips Bay,40.74496,-73.97803,Private room,250,30,0,1,0,0
20267865,58403098,Queens,Sunnyside,40.73642,-73.92635,Private room,38,30,83,1,91,1
20498261,3288449,Manhattan,East Village,40.7302,-73.98089,Private room,530,30,7,1,0,0
20175751,93751838,Brooklyn,Bushwick,40.70522,-73.92252,Private room,40,30,4,1,0,0
20176000,142447586,Bronx,Williamsbridge,40.87842,-73.8593,Private room,45,30,33,4,0,0
20177584,712992,Brooklyn,Williamsburg,40.71906,-73.94246,Entire home/apt,245,1,138,1,60,14
20269685,33776302,Bronx,Unionport,40.82673,-73.85444,Entire home/apt,250,1,20,1,357,14
20184373,142795724,Brooklyn,Bushwick,40.68892,-73.9089,Private room,70,30,1,1,0,0
20185442,48685877,Brooklyn,Bay Ridge,40.62851,-74.02911,Shared room,225,30,1,1,0,0
20186673,143725871,Manhattan,Upper East Side,40.78172,-73.94697,Entire home/apt,150,30,3,1,0,0
20498653,146342086,Brooklyn,Bushwick,40.69925,-73.92161,Private room,45,5,73,3,53,2
20499229,9203654,Brooklyn,Bedford-Stuyvesant,40.67837,-73.94316,Entire home/apt,140,30,0,1,0,0
20499306,25753120,Brooklyn,Crown Heights,40.66836,-73.95003,Private room,40,30,0,2,0,0
20501444,101720883,Manhattan,Harlem,40.81925,-73.94639,Private room,56,30,24,1,0,0
20271220,634346,Manhattan,Harlem,40.7978,-73.94981,Private room,40,30,0,1,0,0
20504573,121869120,Manhattan,Midtown,40.75399,-73.96911,Entire home/apt,89,30,1,1,0,0
20271739,147513,Brooklyn,Gowanus,40.67758,-73.98662,Entire home/apt,224,30,179,2,0,0
20506551,111451636,Manhattan,Washington Heights,40.84387,-73.94205,Private room,50,30,1,1,0,0
20187779,107272884,Queens,Richmond Hill,40.69424,-73.84691,Private room,43,30,73,3,338,2
20277675,1699505,Brooklyn,Clinton Hill,40.68319,-73.96467,Private room,59,30,2,1,0,0
20188905,8345393,Brooklyn,South Slope,40.66417,-73.98467,Entire home/apt,106,30,3,1,0,0
20278540,16664390,Manhattan,Hell's Kitchen,40.759,-73.99064,Entire home/apt,110,2,9,1,0,0
20190053,25415637,Brooklyn,Columbia St,40.68478,-74.0031,Entire home/apt,178,30,11,1,0,0
20518193,138770550,Brooklyn,Crown Heights,40.6715,-73.93644,Entire home/apt,300,4,28,3,97,3
20279823,43121487,Queens,Maspeth,40.73525,-73.90072,Entire home/apt,130,3,119,1,336,23
20520689,146504288,Brooklyn,Williamsburg,40.71159,-73.94895,Entire home/apt,175,30,3,1,0,0
20521092,5190439,Brooklyn,Bushwick,40.70138,-73.9236,Private room,50,30,9,1,0,0
20522971,104238268,Manhattan,Harlem,40.81249,-73.94722,Entire home/apt,219,30,6,2,0,0
20523741,141027957,Brooklyn,Cypress Hills,40.69005,-73.87026,Entire home/apt,64,2,231,4,2,39
20523843,15787004,Brooklyn,Bushwick,40.69491,-73.9233,Private room,30,30,18,5,0,0
20527413,54401544,Manhattan,Lower East Side,40.71894,-73.98642,Private room,99,30,1,1,0,0
20532490,2789221,Brooklyn,Williamsburg,40.70744,-73.96791,Entire home/apt,175,30,8,1,0,0
20191216,143768763,Manhattan,Upper East Side,40.78522,-73.95377,Private room,103,30,37,1,0,0
20191974,7116018,Brooklyn,Williamsburg,40.71005,-73.95748,Entire home/apt,200,30,3,1,0,0
20193830,1294005,Brooklyn,Clinton Hill,40.68823,-73.96406,Entire home/apt,386,2,23,1,30,16
20280692,46407533,Queens,Ditmars Steinway,40.78106,-73.91137,Entire home/apt,150,30,2,1,0,0
20194954,13462855,Brooklyn,Bedford-Stuyvesant,40.68007,-73.93937,Entire home/apt,241,5,105,3,310,8
20282225,144647925,Brooklyn,Bedford-Stuyvesant,40.68816,-73.94207,Private room,55,30,8,1,0,0
20195539,143817547,Manhattan,East Harlem,40.78706,-73.94363,Entire home/apt,210,30,3,1,0,0
20534562,146620661,Manhattan,Upper East Side,40.77841,-73.94616,Entire home/apt,214,5,4,1,0,0
20541892,146677115,Queens,Astoria,40.76578,-73.91968,Entire home/apt,100,4,5,1,0,0
20283433,7714461,Brooklyn,Williamsburg,40.7156,-73.95112,Private room,95,30,30,3,35,2
20551387,146762240,Queens,Astoria,40.76011,-73.92424,Private room,95,1,7,1,48,7
20196339,7097558,Queens,South Ozone Park,40.67022,-73.79361,Entire home/apt,92,1,600,1,80,98
20196464,135940325,Manhattan,Upper West Side,40.77726,-73.97919,Entire home/apt,206,30,0,1,0,0
20202650,120762452,Manhattan,Murray Hill,40.7486,-73.97729,Entire home/apt,240,30,1,83,365,0
20202971,120762452,Manhattan,Murray Hill,40.75029,-73.97694,Entire home/apt,220,30,6,83,365,1
20204527,131035061,Queens,Sunnyside,40.74559,-73.91814,Private room,85,5,170,2,70,29
20284463,42154911,Manhattan,Harlem,40.82944,-73.94529,Private room,68,30,5,2,0,0
20204751,10768801,Manhattan,SoHo,40.72488,-74.00035,Entire home/apt,1699,4,36,1,166,14
20206749,3402375,Brooklyn,Greenpoint,40.73075,-73.95724,Entire home/apt,189,30,1,1,0,0
20552326,137838298,Queens,Jamaica,40.6807,-73.76825,Private room,54,30,23,1,79,0
20552425,79896285,Brooklyn,Bushwick,40.70022,-73.92171,Private room,50,30,0,1,0,0
20552544,57630325,Brooklyn,Flatbush,40.65225,-73.96351,Private room,45,30,18,1,0,0
20285257,20279155,Manhattan,Chinatown,40.71513,-73.99128,Entire home/apt,170,30,0,1,0,0
20207945,52166457,Queens,Long Island City,40.74576,-73.9442,Private room,70,30,6,1,0,0
20285258,1457505,Brooklyn,Park Slope,40.67729,-73.98161,Entire home/apt,100,30,4,1,0,0
20209878,56985517,Brooklyn,Crown Heights,40.67532,-73.94171,Entire home/apt,135,4,80,1,40,0
20286744,48076117,Brooklyn,Crown Heights,40.67527,-73.93227,Private room,58,1,167,2,0,32
20287322,90130659,Manhattan,Two Bridges,40.71166,-73.99606,Private room,70,30,0,1,0,0
20553283,146776990,Brooklyn,East Flatbush,40.65273,-73.93192,Private room,45,30,13,5,340,4
20555087,90153911,Manhattan,Harlem,40.83054,-73.94954,Entire home/apt,155,30,13,4,0,0
20555569,95572265,Brooklyn,Bedford-Stuyvesant,40.68198,-73.92754,Private room,50,30,4,2,0,0
20291879,33028687,Brooklyn,Bedford-Stuyvesant,40.69076,-73.94406,Private room,55,4,6,1,0,0
20556622,48573053,Queens,Queens Village,40.70288,-73.74518,Private room,70,30,0,1,0,0
20557017,146812160,Queens,Flushing,40.76164,-73.83184,Entire home/apt,152,30,19,1,0,0
20558461,146823994,Queens,Rego Park,40.72948,-73.85536,Private room,39,3,13,1,0,0
20561751,105074140,Queens,Flushing,40.75487,-73.8045,Private room,45,30,66,4,0,0
20590743,3519805,Brooklyn,Greenpoint,40.72859,-73.95642,Entire home/apt,140,30,4,1,0,0
20590800,6745095,Brooklyn,Crown Heights,40.66949,-73.92675,Private room,85,3,146,1,151,31
20605308,147256218,Manhattan,NoHo,40.72654,-73.9925,Entire home/apt,115,5,29,1,0,3
20297560,13989494,Brooklyn,Bushwick,40.69555,-73.90455,Private room,42,30,1,1,0,0
20607037,47267079,Manhattan,Murray Hill,40.74872,-73.97491,Entire home/apt,186,30,9,1,0,0
20568215,93376283,Manhattan,Hell's Kitchen,40.76602,-73.99077,Entire home/apt,150,30,4,1,0,0
20569589,11827970,Manhattan,Chelsea,40.73952,-73.99671,Entire home/apt,236,30,17,1,0,0
20302347,1192672,Brooklyn,Williamsburg,40.71488,-73.94091,Private room,70,30,2,3,0,0
20570202,37512618,Brooklyn,East New York,40.67044,-73.87992,Entire home/apt,80,30,6,1,0,0
20607819,147118920,Manhattan,East Harlem,40.80723,-73.94003,Entire home/apt,200,2,95,1,0,0
20608117,1641537,Brooklyn,Greenpoint,40.72344,-73.93988,Private room,55,30,12,2,0,0
20608954,110346349,Queens,Forest Hills,40.71467,-73.83532,Private room,60,30,48,3,90,0
20609092,110336691,Queens,Forest Hills,40.71468,-73.83472,Private room,53,30,37,1,0,0
20303629,1001819,Manhattan,East Village,40.72447,-73.98732,Entire home/apt,400,3,105,1,71,29
20304291,12213641,Manhattan,East Harlem,40.80208,-73.93607,Private room,71,4,89,2,165,29
20305160,1715301,Staten Island,Fort Wadsworth,40.59324,-74.0608,Entire home/apt,650,30,0,2,365,0
20305785,144833193,Queens,Kew Gardens,40.70259,-73.83491,Entire home/apt,100,30,0,1,0,0
20609505,82189528,Manhattan,Washington Heights,40.84027,-73.93723,Private room,47,30,1,1,0,0
20612742,110346349,Queens,Forest Hills,40.71351,-73.8332,Private room,57,30,39,3,365,0
20570291,44336290,Brooklyn,Greenpoint,40.72894,-73.95719,Entire home/apt,130,30,3,1,0,0
20306472,442106,Brooklyn,Bedford-Stuyvesant,40.69035,-73.95873,Private room,40,30,5,1,0,0
20570327,145801588,Manhattan,Midtown,40.75206,-73.97175,Private room,635,3,0,4,306,0
20570865,21058022,Brooklyn,Williamsburg,40.70601,-73.94555,Private room,60,30,3,2,0,0
20571263,19336311,Manhattan,SoHo,40.72795,-74.00357,Entire home/apt,199,30,0,1,0,0
20615932,73498715,Brooklyn,Bushwick,40.6966,-73.91493,Entire home/apt,95,30,23,1,292,5
20616864,105462484,Manhattan,East Harlem,40.78854,-73.94823,Entire home/apt,150,30,4,1,0,0
20308965,363834,Manhattan,Lower East Side,40.71251,-73.98175,Entire home/apt,165,28,15,2,64,3
20309089,101776118,Brooklyn,Bay Ridge,40.62328,-74.02831,Entire home/apt,145,1,306,2,335,79
20572019,145219249,Brooklyn,Crown Heights,40.6661,-73.94172,Entire home/apt,350,30,0,1,0,0
20314852,144863286,Manhattan,Harlem,40.81905,-73.95761,Private room,120,30,0,1,0,0
20572398,131950694,Brooklyn,Williamsburg,40.71491,-73.9417,Private room,70,30,1,1,0,0
20572472,6918423,Brooklyn,Fort Greene,40.68554,-73.96952,Entire home/apt,288,30,110,1,199,4
20572837,66798529,Staten Island,St. George,40.64134,-74.07942,Private room,70,31,0,1,0,0
20616888,147210078,Brooklyn,East Flatbush,40.65066,-73.95191,Private room,45,30,73,3,64,0
20616929,1524708,Manhattan,Inwood,40.85971,-73.92999,Private room,200,3,1,1,0,0
20617748,31884399,Queens,Laurelton,40.68507,-73.73344,Entire home/apt,120,1,14,1,109,8
20619757,123849755,Brooklyn,Bedford-Stuyvesant,40.68521,-73.95304,Entire home/apt,140,4,129,1,234,30
20321803,1468617,Brooklyn,Clinton Hill,40.69421,-73.96913,Entire home/apt,108,30,6,1,0,0
20620313,5291405,Brooklyn,Clinton Hill,40.68362,-73.95975,Private room,149,30,5,1,0,0
20620647,145801588,Manhattan,Midtown,40.7537,-73.97185,Private room,529,3,3,4,308,0
20621413,145801588,Manhattan,Midtown,40.75151,-73.97184,Private room,792,3,4,4,268,0
20621540,3490097,Brooklyn,Fort Greene,40.68694,-73.97574,Private room,67,30,1,1,0,0
20622825,9704072,Brooklyn,Bushwick,40.70759,-73.92254,Private room,90,30,0,1,0,0
20325974,95999344,Manhattan,East Village,40.72719,-73.97775,Entire home/apt,200,2,252,1,88,61
20623171,89501678,Manhattan,Lower East Side,40.71981,-73.97857,Private room,71,30,1,1,0,0
20573255,146963216,Brooklyn,Prospect Heights,40.68004,-73.96473,Entire home/apt,96,2,144,1,176,38
20326252,135373362,Queens,St. Albans,40.70789,-73.75862,Entire home/apt,111,1,256,1,170,26
20624427,128227275,Manhattan,Harlem,40.82718,-73.95328,Private room,55,1,56,1,21,0
20624817,100829279,Manhattan,Midtown,40.75975,-73.96937,Entire home/apt,237,2,210,3,302,0
20628186,146776990,Brooklyn,East Flatbush,40.65364,-73.93177,Private room,42,30,11,5,338,0
20326395,49704571,Brooklyn,Williamsburg,40.71952,-73.94258,Entire home/apt,90,30,8,9,84,0
20328568,1533756,Brooklyn,Williamsburg,40.72045,-73.96192,Entire home/apt,269,30,1,1,0,0
20632255,90748448,Manhattan,Upper East Side,40.77438,-73.95366,Private room,85,30,2,1,0,0
20635939,145801588,Manhattan,Midtown,40.75317,-73.97158,Private room,529,3,2,4,311,0
20636416,57641560,Brooklyn,Williamsburg,40.71634,-73.95673,Entire home/apt,187,5,91,2,13,11
20639280,5137740,Manhattan,Upper West Side,40.78611,-73.97251,Shared room,125,30,0,1,0,0
20639628,86327101,Brooklyn,Bedford-Stuyvesant,40.6821,-73.91245,Private room,64,1,223,6,208,41
20639792,86327101,Brooklyn,Bedford-Stuyvesant,40.6821,-73.91245,Private room,64,1,228,6,220,38
20639914,86327101,Brooklyn,Bedford-Stuyvesant,40.6821,-73.91245,Private room,64,1,217,6,209,47
20641534,60908748,Brooklyn,Bushwick,40.70151,-73.92107,Private room,90,1,351,2,246,115
20573565,125692898,Brooklyn,Bushwick,40.70499,-73.92419,Private room,50,30,2,1,0,0
20574057,3376018,Brooklyn,Brooklyn Heights,40.69247,-73.99261,Private room,98,30,10,1,0,0
20580419,145878384,Brooklyn,East Flatbush,40.65519,-73.92961,Private room,160,5,15,7,364,0
20329223,48984291,Manhattan,Kips Bay,40.73998,-73.9812,Private room,100,30,5,1,0,0
20581823,82889379,Bronx,Wakefield,40.89661,-73.85693,Private room,50,1,251,6,0,27
20581903,166634,Brooklyn,Brownsville,40.66143,-73.9132,Private room,61,2,133,3,50,38
20582991,120762452,Manhattan,Murray Hill,40.74815,-73.97581,Entire home/apt,175,30,10,83,365,2
20641793,725286,Brooklyn,Manhattan Beach,40.57823,-73.95242,Entire home/apt,125,3,59,1,246,12
20331226,7202412,Manhattan,Harlem,40.81561,-73.94516,Entire home/apt,160,5,89,4,0,3
20331717,106445337,Manhattan,Kips Bay,40.73859,-73.98253,Private room,139,30,1,1,0,0
20649522,21227711,Brooklyn,Bushwick,40.69504,-73.92197,Private room,85,30,4,1,0,0
20649922,21921891,Brooklyn,Williamsburg,40.71222,-73.95373,Private room,80,30,1,1,0,0
20583124,123805373,Brooklyn,Brooklyn Heights,40.69385,-73.99698,Entire home/apt,111,30,2,1,0,0
20583325,120762452,Manhattan,Murray Hill,40.74998,-73.97545,Entire home/apt,175,30,12,83,365,0
20583769,166634,Brooklyn,Brownsville,40.66143,-73.9132,Private room,60,2,86,3,58,23
20333831,145082728,Brooklyn,Crown Heights,40.67824,-73.95098,Entire home/apt,230,4,66,1,303,18
20650685,8671974,Brooklyn,Bedford-Stuyvesant,40.68998,-73.93137,Private room,70,30,1,1,0,0
20651049,454274,Brooklyn,Williamsburg,40.70635,-73.96788,Entire home/apt,170,30,12,1,0,0
20651206,99791908,Manhattan,East Village,40.72869,-73.9839,Private room,56,2,3,2,0,0
20337158,32446721,Queens,Corona,40.74764,-73.86538,Shared room,64,1,33,9,355,0
20353880,17414475,Brooklyn,Columbia St,40.68182,-74.00455,Private room,108,1,67,1,0,0
20651581,101533618,Brooklyn,Sunset Park,40.6508,-74.00726,Entire home/apt,130,2,106,1,12,37
20652607,147695010,Queens,St. Albans,40.69394,-73.77328,Private room,125,1,0,1,0,0
20652620,147402286,Manhattan,Murray Hill,40.74981,-73.97686,Shared room,52,6,176,6,66,25
20652753,147402286,Manhattan,Murray Hill,40.75037,-73.9782,Shared room,43,6,181,6,64,19
20584605,45623372,Brooklyn,Williamsburg,40.71314,-73.96206,Private room,112,3,16,1,49,12
20587133,116758734,Manhattan,Inwood,40.8729,-73.91877,Private room,57,30,19,1,0,0
20356917,145199414,Manhattan,Harlem,40.80206,-73.95442,Private room,89,2,196,1,272,48
20653090,30549225,Brooklyn,Bushwick,40.70212,-73.92076,Private room,75,30,17,1,0,0
20662043,109016966,Brooklyn,East Flatbush,40.64835,-73.94984,Private room,130,4,30,3,333,9
20358562,26326392,Manhattan,Harlem,40.824902,-73.952759,Private room,71,5,45,2,130,2
20365504,41844294,Brooklyn,Cobble Hill,40.6858,-73.99181,Entire home/apt,170,30,136,1,0,0
20663542,147807102,Manhattan,East Village,40.7306,-73.98865,Entire home/apt,189,30,18,1,0,2
20588062,147092207,Manhattan,Upper West Side,40.77306,-73.98024,Entire home/apt,183,30,3,1,0,0
20373836,6933112,Manhattan,Financial District,40.70844,-74.01372,Private room,102,30,0,1,0,0
20663721,147803075,Brooklyn,Bedford-Stuyvesant,40.68751,-73.91869,Private room,60,30,5,1,142,0
20385260,13225047,Brooklyn,Williamsburg,40.72097,-73.95827,Entire home/apt,220,30,12,3,0,0
20385467,740812,Bronx,Westchester Square,40.83678,-73.8452,Entire home/apt,89,2,198,1,150,41
20385797,34274867,Manhattan,Washington Heights,40.85786,-73.93743,Private room,80,30,1,2,0,0
20387176,20540369,Brooklyn,Bushwick,40.70226,-73.91566,Private room,55,30,0,1,0,0
20663839,3436710,Manhattan,East Village,40.72623,-73.9778,Private room,240,28,43,4,144,5
20665380,8502406,Brooklyn,Crown Heights,40.67091,-73.95244,Entire home/apt,135,7,18,1,0,0
20723015,3436710,Manhattan,East Village,40.72557,-73.97751,Private room,180,28,60,4,151,0
20387644,19924289,Brooklyn,Fort Hamilton,40.6225,-74.031,Entire home/apt,205,6,86,2,260,19
20390046,6059621,Manhattan,Midtown,40.75341,-73.97332,Private room,150,30,0,3,0,0
20667471,136267788,Brooklyn,Greenpoint,40.72194,-73.94059,Entire home/apt,147,30,4,1,0,0
20390786,145392038,Manhattan,Lower East Side,40.72069,-73.98649,Private room,80,30,1,1,0,0
20668002,147858863,Brooklyn,Bedford-Stuyvesant,40.68606,-73.95883,Private room,150,30,0,1,0,0
20394608,75749777,Manhattan,Harlem,40.82038,-73.95309,Private room,49,30,1,1,0,0
20674622,33204787,Brooklyn,Boerum Hill,40.6849,-73.98496,Private room,95,2,21,1,0,0
20726517,21531418,Brooklyn,Williamsburg,40.70751,-73.95173,Entire home/apt,195,30,9,1,0,0
20394813,4102722,Brooklyn,Park Slope,40.67803,-73.97367,Entire home/apt,125,30,2,1,0,0
20728100,144687306,Brooklyn,East Flatbush,40.65452,-73.95222,Entire home/apt,250,2,32,5,242,0
20394850,145328112,Manhattan,Upper East Side,40.77005,-73.9606,Entire home/apt,150,30,1,1,0,0
20730891,19141737,Manhattan,Upper East Side,40.77155,-73.95772,Entire home/apt,100,30,0,1,0,0
20738759,2687071,Brooklyn,Brooklyn Heights,40.6901,-73.99355,Entire home/apt,121,30,32,1,0,0
20678724,48980919,Brooklyn,Bedford-Stuyvesant,40.67702,-73.91788,Entire home/apt,200,7,183,1,302,28
20396246,57573249,Manhattan,Harlem,40.81659,-73.9391,Entire home/apt,185,30,6,1,0,0
20678811,147972663,Brooklyn,East Flatbush,40.64996,-73.93706,Private room,37,3,105,3,242,21
20679134,147972663,Brooklyn,East Flatbush,40.6484,-73.9393,Private room,33,3,67,3,0,0
20401541,3697130,Manhattan,East Village,40.72279,-73.98188,Entire home/apt,119,30,22,1,0,0
20679146,10077970,Brooklyn,Williamsburg,40.71451,-73.96099,Private room,57,30,3,1,0,0
20738762,9326099,Brooklyn,Williamsburg,40.72057,-73.95558,Entire home/apt,110,30,2,1,0,0
20403568,9217610,Brooklyn,Greenpoint,40.72785,-73.94481,Entire home/apt,155,5,66,1,76,1
20738991,37627534,Brooklyn,Bedford-Stuyvesant,40.691,-73.93107,Private room,42,30,1,1,0,0
20679396,64887490,Queens,Flushing,40.76033,-73.79224,Entire home/apt,158,2,248,2,171,58
20679565,1181366,Brooklyn,Greenpoint,40.721,-73.94942,Entire home/apt,210,30,1,1,0,0
20406188,20954844,Brooklyn,Flatbush,40.64422,-73.95956,Private room,100,30,0,1,0,0
20406627,108448613,Queens,Jackson Heights,40.74984,-73.87411,Private room,49,2,9,1,0,0
20682422,106241822,Manhattan,Washington Heights,40.85253,-73.93171,Private room,70,30,7,1,0,0
20406782,60350045,Brooklyn,Boerum Hill,40.68559,-73.98341,Entire home/apt,92,30,31,3,0,0
20407916,144602805,Brooklyn,Williamsburg,40.70862,-73.96722,Entire home/apt,250,30,68,1,165,4
20685890,63510347,Manhattan,Upper West Side,40.79363,-73.96871,Entire home/apt,202,30,1,1,0,0
20740322,147647020,Manhattan,Nolita,40.72377,-73.99518,Entire home/apt,250,30,0,1,0,0
20741384,147210078,Brooklyn,East Flatbush,40.65017,-73.94978,Private room,55,30,9,3,18,0
20412160,6279607,Manhattan,Kips Bay,40.73997,-73.97819,Private room,82,30,26,1,0,0
20412719,20841092,Manhattan,Chelsea,40.73936,-74.00132,Private room,155,5,13,2,36,0
20418684,33827790,Manhattan,East Village,40.72224,-73.97932,Entire home/apt,150,30,23,1,36,0
20741509,148544231,Manhattan,Harlem,40.80702,-73.95539,Private room,130,3,15,1,123,2
20744654,134264127,Brooklyn,Park Slope,40.67384,-73.98199,Entire home/apt,225,14,118,1,318,6
20688524,130239329,Manhattan,East Harlem,40.79522,-73.94949,Entire home/apt,100,30,10,1,142,4
20688624,979144,Manhattan,Chelsea,40.74389,-73.99897,Entire home/apt,200,30,158,1,0,0
20689395,5402500,Brooklyn,Clinton Hill,40.68459,-73.96174,Entire home/apt,110,4,34,1,0,0
20689498,46943042,Brooklyn,Park Slope,40.66948,-73.97608,Entire home/apt,300,30,16,1,341,0
20690781,8366847,Manhattan,NoHo,40.72585,-73.99584,Private room,150,30,1,1,0,0
20692563,147814925,Manhattan,Greenwich Village,40.73311,-73.99372,Entire home/apt,4000,90,7,1,180,0
20696496,148130354,Brooklyn,Bedford-Stuyvesant,40.68454,-73.92534,Entire home/apt,165,30,36,2,0,0
20697209,5717334,Brooklyn,Bedford-Stuyvesant,40.69098,-73.95306,Entire home/apt,245,30,8,3,124,0
20895434,32797377,Brooklyn,Prospect-Lefferts Gardens,40.66255,-73.94275,Entire home/apt,120,30,0,1,0,0
20698073,148148402,Brooklyn,Clinton Hill,40.69119,-73.9679,Entire home/apt,250,2,235,1,144,49
20754847,23861295,Brooklyn,East Flatbush,40.64479,-73.93823,Private room,49,1,17,2,310,0
20755255,28337487,Manhattan,Washington Heights,40.84975,-73.94036,Private room,65,30,11,1,0,0
20757519,42154911,Manhattan,Harlem,40.83148,-73.94525,Shared room,45,30,5,2,0,0
20758288,2739935,Manhattan,Greenwich Village,40.72895,-73.99998,Entire home/apt,151,30,4,1,0,0
20895982,37904015,Manhattan,East Village,40.72376,-73.98421,Private room,80,2,13,1,0,0
20758395,148686255,Brooklyn,Williamsburg,40.70524,-73.92776,Private room,67,30,6,1,0,0
20761266,73066515,Brooklyn,Bedford-Stuyvesant,40.69622,-73.94665,Private room,60,31,70,2,0,0
20698375,121809482,Manhattan,Midtown,40.75033,-73.97099,Entire home/apt,371,30,3,2,0,0
20698477,83786650,Manhattan,Upper East Side,40.76048,-73.96175,Entire home/apt,141,30,11,16,49,2
20705026,137129564,Queens,Flushing,40.75203,-73.81512,Private room,62,1,157,6,352,35
20896520,5299551,Brooklyn,Park Slope,40.67578,-73.98124,Private room,70,30,7,1,0,0
20708246,11975404,Brooklyn,Bushwick,40.70207,-73.91842,Private room,60,30,22,2,0,0
20761296,146030957,Queens,Astoria,40.76804,-73.92103,Private room,45,30,45,1,0,0
20761404,51501835,Manhattan,Hell's Kitchen,40.76333,-73.99264,Entire home/apt,100,31,12,109,258,2
20761753,148681567,Queens,Sunnyside,40.74942,-73.91249,Private room,60,30,1,1,0,0
20896858,71375344,Manhattan,Harlem,40.81418,-73.94285,Entire home/apt,101,5,53,1,234,25
20708503,148242106,Manhattan,Washington Heights,40.85143,-73.94203,Private room,24,30,41,1,99,2
20897776,61391963,Manhattan,Hell's Kitchen,40.76017,-73.99411,Entire home/apt,150,30,17,116,329,4
20897863,12584768,Brooklyn,Williamsburg,40.71172,-73.96206,Private room,75,30,0,1,0,0
20897952,61391963,Manhattan,Upper West Side,40.7835,-73.97523,Entire home/apt,175,30,3,116,311,3
20899010,5761096,Brooklyn,Crown Heights,40.67396,-73.96276,Private room,55,30,1,1,0,0
20710022,148261815,Manhattan,Harlem,40.80192,-73.94931,Private room,100,30,6,1,180,0
20762985,98259615,Manhattan,Lower East Side,40.72001,-73.9939,Entire home/apt,324,2,16,1,328,16
20763209,10388662,Manhattan,Chinatown,40.71635,-73.99858,Entire home/apt,154,30,27,1,116,3
20769188,1136532,Brooklyn,Prospect-Lefferts Gardens,40.65569,-73.9617,Entire home/apt,170,3,9,1,0,3
20899758,30491140,Manhattan,Harlem,40.83062,-73.94598,Private room,119,30,7,1,0,0
20710208,2462590,Brooklyn,Bushwick,40.69069,-73.92249,Entire home/apt,121,2,128,1,214,42
20900299,130785115,Manhattan,Chinatown,40.71714,-73.99056,Entire home/apt,140,30,0,1,0,0
20710255,2504873,Manhattan,Upper West Side,40.7923,-73.96683,Entire home/apt,450,30,13,1,0,0
20770559,4982459,Brooklyn,Flatbush,40.65237,-73.96553,Private room,60,30,1,1,0,0
20900545,150159094,Brooklyn,Bedford-Stuyvesant,40.69042,-73.93488,Entire home/apt,313,30,103,1,0,0
20711342,6520264,Brooklyn,Williamsburg,40.71902,-73.95775,Private room,60,30,1,1,0,0
20711534,8138665,Brooklyn,Bushwick,40.70458,-73.92053,Private room,50,30,2,1,0,0
20900984,126466681,Manhattan,Little Italy,40.71964,-73.99552,Entire home/apt,525,3,117,1,1,33
20770969,148812441,Manhattan,East Village,40.72637,-73.98367,Entire home/apt,214,1,89,1,327,38
20772204,82889379,Bronx,Wakefield,40.89748,-73.85497,Private room,46,1,333,6,0,22
20772650,83786650,Manhattan,Upper East Side,40.76048,-73.96175,Entire home/apt,65,30,7,16,0,2
20901715,1961411,Manhattan,Harlem,40.80449,-73.94481,Entire home/apt,149,30,2,1,0,0
20778074,148897644,Brooklyn,Crown Heights,40.66643,-73.93997,Private room,60,30,0,2,0,0
20714088,90893179,Queens,College Point,40.77855,-73.83217,Private room,56,30,67,1,66,1
20902644,110348515,Brooklyn,Greenpoint,40.72922,-73.95544,Private room,59,30,7,1,0,0
20780311,106863782,Manhattan,Washington Heights,40.85251,-73.92876,Entire home/apt,130,2,2,1,0,0
20783811,1911615,Manhattan,Chelsea,40.74509,-74.00633,Entire home/apt,224,30,3,2,0,0
20786225,106555852,Manhattan,East Harlem,40.79523,-73.93094,Private room,90,2,65,1,168,16
20787735,44459590,Brooklyn,Bushwick,40.70104,-73.93861,Shared room,85,30,1,1,0,0
20904409,128919111,Bronx,Allerton,40.86162,-73.86418,Entire home/apt,121,2,219,1,14,33
20788473,312035052,Brooklyn,Canarsie,40.63098,-73.89644,Entire home/apt,95,2,203,1,310,42
20788590,149014739,Queens,Woodside,40.75278,-73.90137,Private room,76,30,15,1,0,0
20789361,5990565,Brooklyn,Bedford-Stuyvesant,40.68346,-73.9371,Private room,40,30,6,1,0,0
20714171,148307318,Manhattan,Hell's Kitchen,40.7542,-73.99554,Entire home/apt,200,30,71,1,129,1
20714517,139623237,Brooklyn,Flatlands,40.6162,-73.92871,Private room,50,6,24,1,105,5
20720090,497606,Brooklyn,Williamsburg,40.71531,-73.94061,Entire home/apt,172,30,4,1,128,1
20720290,61391963,Manhattan,Upper East Side,40.77818,-73.95477,Entire home/apt,165,30,15,116,312,2
21025488,151421618,Queens,Ozone Park,40.68524,-73.84401,Entire home/apt,135,30,34,4,0,2
20912594,12123995,Manhattan,Hell's Kitchen,40.75938,-73.99167,Entire home/apt,419,3,98,3,274,55
20914425,878546,Brooklyn,Bedford-Stuyvesant,40.6875,-73.92182,Private room,60,30,12,1,0,0
20914711,9215509,Brooklyn,Clinton Hill,40.69073,-73.96524,Entire home/apt,360,20,6,2,341,0
21025840,33167995,Brooklyn,Crown Heights,40.67181,-73.9526,Private room,49,30,10,1,0,0
21026558,15569216,Manhattan,Upper West Side,40.78424,-73.97503,Private room,195,2,9,1,0,1
20793502,27534002,Brooklyn,Bedford-Stuyvesant,40.6916,-73.93242,Private room,81,4,135,1,15,13
20915909,411697,Brooklyn,Bedford-Stuyvesant,40.68462,-73.95873,Entire home/apt,325,4,84,1,16,13
20916311,22565156,Brooklyn,Crown Heights,40.66773,-73.93011,Private room,30,30,3,1,0,0
20795854,69992824,Brooklyn,Bedford-Stuyvesant,40.68199,-73.94041,Entire home/apt,250,30,3,1,0,0
20796595,145872703,Manhattan,Harlem,40.82029,-73.956,Private room,70,1,50,2,64,0
20800449,6805463,Manhattan,Harlem,40.81561,-73.95187,Private room,65,30,69,1,0,0
21027809,9138141,Brooklyn,Prospect-Lefferts Gardens,40.65909,-73.95377,Entire home/apt,151,2,251,1,188,65
20916679,9215509,Brooklyn,Clinton Hill,40.69104,-73.96475,Entire home/apt,235,24,7,2,341,1
20918850,8245913,Manhattan,Upper West Side,40.78736,-73.96956,Entire home/apt,300,30,0,1,0,0
21029490,6216526,Brooklyn,Greenpoint,40.72262,-73.93944,Private room,50,30,1,1,0,0
20801388,3607821,Manhattan,East Village,40.72525,-73.98042,Entire home/apt,149,30,5,1,0,0
20919726,10220753,Brooklyn,Sunset Park,40.65023,-74.01096,Private room,50,30,55,2,0,0
21029655,65112370,Brooklyn,Bedford-Stuyvesant,40.69291,-73.94274,Private room,90,30,1,1,0,0
20926888,11638358,Brooklyn,Bedford-Stuyvesant,40.69199,-73.93877,Entire home/apt,464,30,33,2,254,1
20928429,92474771,Manhattan,Harlem,40.82312,-73.94446,Private room,55,30,30,1,0,0
21034242,2530122,Manhattan,Hell's Kitchen,40.76409,-73.9887,Private room,215,3,31,1,76,3
20801864,77750223,Bronx,Clason Point,40.8159,-73.86486,Private room,114,30,15,2,177,0
20932707,79534925,Manhattan,Upper East Side,40.779,-73.95502,Private room,65,30,10,1,0,0
20802860,11589542,Brooklyn,Greenpoint,40.72128,-73.94787,Private room,135,30,2,1,0,0
20811403,95416322,Queens,Forest Hills,40.72632,-73.84863,Entire home/apt,112,30,18,1,0,0
20812365,76227113,Manhattan,Morningside Heights,40.80251,-73.95962,Entire home/apt,199,30,82,1,0,0
21038471,100841539,Brooklyn,Bedford-Stuyvesant,40.69109,-73.93874,Private room,51,30,169,1,0,0
21038703,40800717,Manhattan,Washington Heights,40.84994,-73.93646,Entire home/apt,85,30,4,1,0,0
20933293,150489232,Queens,Astoria,40.76597,-73.92489,Private room,57,1,337,1,214,86
21038881,78107584,Manhattan,Nolita,40.72064,-73.99634,Entire home/apt,176,2,44,1,0,0
20812387,149249049,Brooklyn,Crown Heights,40.67744,-73.95112,Entire home/apt,115,2,191,1,196,45
20812587,25718914,Brooklyn,Prospect-Lefferts Gardens,40.6606,-73.95549,Private room,109,2,60,2,0,0
20813807,25616801,Brooklyn,Clinton Hill,40.68339,-73.9617,Entire home/apt,450,30,0,1,44,0
20933850,144008701,Manhattan,Harlem,40.82269,-73.94491,Private room,62,30,9,4,122,2
20934056,140293912,Brooklyn,Kensington,40.6467,-73.97944,Private room,137,30,5,3,0,0
20934059,30347639,Brooklyn,Sunset Park,40.6631,-73.99349,Entire home/apt,184,14,16,1,52,8
20814067,149265574,Queens,St. Albans,40.69422,-73.74881,Private room,79,2,257,1,350,45
21041595,151560823,Brooklyn,Brownsville,40.66032,-73.91457,Private room,60,30,3,1,0,0
21042534,2575895,Brooklyn,Crown Heights,40.67521,-73.94838,Entire home/apt,99,7,10,1,0,0
20934581,3630017,Manhattan,Washington Heights,40.84622,-73.94002,Private room,65,30,0,1,0,0
20935388,733286,Manhattan,East Village,40.72385,-73.98121,Entire home/apt,225,14,1,1,0,0
20936537,71292398,Brooklyn,Bushwick,40.69835,-73.92459,Private room,50,3,2,1,0,0
21044649,151547086,Bronx,Norwood,40.87553,-73.88601,Private room,11,3,24,1,0,0
20814478,37038571,Manhattan,Upper West Side,40.79651,-73.97318,Entire home/apt,200,30,1,1,0,0
20815250,12099193,Brooklyn,Greenpoint,40.73729,-73.95586,Entire home/apt,101,2,0,1,0,0
20816032,27154283,Manhattan,East Harlem,40.8135,-73.93508,Entire home/apt,210,5,25,1,334,12
20817201,643120,Brooklyn,Williamsburg,40.71541,-73.9544,Private room,30,10,109,4,0,16
20941086,53953736,Manhattan,Murray Hill,40.74615,-73.97515,Entire home/apt,650,120,7,1,0,0
20941420,15487773,Manhattan,Chelsea,40.7406,-74.00022,Private room,66,30,4,1,0,0
20818955,463061,Queens,Woodhaven,40.69803,-73.84944,Private room,85,30,10,3,174,1
20942352,150565606,Queens,Ditmars Steinway,40.77853,-73.91459,Private room,64,1,153,1,6,18
20819020,103380674,Manhattan,Harlem,40.82007,-73.95442,Private room,59,2,85,1,0,0
20826953,149394434,Queens,Ridgewood,40.70285,-73.91137,Private room,23,30,0,1,0,0
20827801,145878384,Brooklyn,Crown Heights,40.67222,-73.93028,Private room,90,5,16,7,352,2
20830442,1939209,Bronx,Claremont Village,40.8362,-73.9117,Private room,50,30,49,2,85,2
20832523,136104359,Bronx,Concourse,40.83451,-73.91881,Private room,32,5,57,1,0,0
20832768,42419832,Queens,Astoria,40.76443,-73.92119,Entire home/apt,89,30,5,1,0,0
20833958,145878384,Brooklyn,Crown Heights,40.67222,-73.93028,Private room,50,30,28,7,299,4
21051477,151018315,Brooklyn,East New York,40.65396,-73.88514,Private room,55,2,3,1,0,0
20942873,117287,Manhattan,Midtown,40.76469270196512,-73.98252904726371,Entire home/apt,190,1,8,4,89,5
20947070,101110337,Manhattan,Kips Bay,40.73837,-73.97395,Private room,180,30,9,2,0,0
20948057,63429806,Brooklyn,Sheepshead Bay,40.58423920000001,-73.9510683,Entire home/apt,291,7,0,1,341,0
21053140,182205,Brooklyn,Clinton Hill,40.68777,-73.96483,Entire home/apt,253,3,33,1,265,33
21053432,21891606,Queens,Ridgewood,40.69654,-73.90028,Private room,60,7,5,1,129,1
21054012,48638439,Queens,Springfield Gardens,40.66241,-73.77154,Entire home/apt,221,1,94,3,357,46
20835909,149483822,Queens,Flushing,40.75746,-73.82914,Entire home/apt,115,30,24,1,155,0
20836787,123370360,Queens,Astoria,40.77534,-73.92728,Entire home/apt,101,30,15,1,0,0
20843601,144687507,Brooklyn,Flatbush,40.64663,-73.96233,Private room,42,30,7,1,0,0
20844580,35474485,Brooklyn,Williamsburg,40.70535,-73.95377,Private room,41,30,86,1,139,5
20844601,137264725,Manhattan,Lower East Side,40.7138,-73.99013,Private room,50,30,59,4,0,0
20951141,150670215,Manhattan,Harlem,40.80096,-73.95526,Entire home/apt,345,30,53,1,363,0
20845031,107434423,Manhattan,Kips Bay,40.74572250000001,-73.9798618,Entire home/apt,477,31,0,453,36,0
21057693,37212082,Brooklyn,Bedford-Stuyvesant,40.69286,-73.94714,Entire home/apt,97,30,8,1,0,0
20954729,132158770,Manhattan,Morningside Heights,40.81573,-73.96024,Entire home/apt,150,30,3,1,0,0
21058573,14719992,Brooklyn,Cypress Hills,40.67822,-73.89036,Entire home/apt,106,30,2,4,0,0
20957575,52768036,Manhattan,East Village,40.72909,-73.98874,Private room,85,30,48,1,0,0
20845108,39371342,Brooklyn,Dyker Heights,40.62414,-74.01589,Entire home/apt,164,1,161,2,135,42
20846687,57160283,Brooklyn,Bedford-Stuyvesant,40.6823,-73.93911,Entire home/apt,88,2,40,1,0,0
20958399,3574249,Brooklyn,Park Slope,40.66795,-73.97976,Entire home/apt,85,30,7,1,0,0
20960203,150761245,Brooklyn,Fort Greene,40.69510269165039,-73.97095489501953,Entire home/apt,300,4,89,1,106,7
20849060,4655461,Brooklyn,Carroll Gardens,40.67999,-73.99898,Entire home/apt,194,2,254,1,12,67
21058761,130675388,Manhattan,Upper West Side,40.77303,-73.98742,Private room,72,30,7,1,0,0
21063162,33009,Manhattan,Hell's Kitchen,40.76012,-73.98929,Entire home/apt,200,3,3,1,0,0
21066041,6394738,Brooklyn,Bushwick,40.70573,-73.92476,Private room,155,30,4,1,0,0
21073975,120762452,Manhattan,Murray Hill,40.74861,-73.97793,Hotel room,240,30,2,83,364,0
21076625,33074274,Manhattan,Harlem,40.80571,-73.95027,Private room,75,5,27,3,322,13
20968000,150846601,Manhattan,Murray Hill,40.74455,-73.97151,Entire home/apt,175,30,16,1,0,0
21078616,24288550,Brooklyn,Bedford-Stuyvesant,40.68977,-73.95706,Entire home/apt,200,2,0,1,20,0
20849101,149618690,Bronx,Wakefield,40.90194,-73.84236,Private room,65,30,11,1,0,0
20857108,120762452,Manhattan,Murray Hill,40.75038,-73.97599,Entire home/apt,240,30,1,83,358,0
20857788,120762452,Manhattan,Murray Hill,40.75009,-73.97711,Entire home/apt,400,30,2,83,330,1
20858519,7365834,Brooklyn,Brighton Beach,40.58103,-73.95793,Entire home/apt,125,30,2,5,365,0
20968166,116404073,Queens,Springfield Gardens,40.66829,-73.76312,Entire home/apt,98,1,349,2,341,47
20969532,127292,Queens,Sunnyside,40.74243,-73.92457,Entire home/apt,88,30,17,3,69,3
20970017,89715420,Brooklyn,Canarsie,40.64342,-73.89169,Entire home/apt,110,30,24,2,363,0
20970656,47047377,Brooklyn,Prospect Heights,40.6783,-73.97247,Entire home/apt,160,30,4,1,0,0
20859561,149719030,Manhattan,Lower East Side,40.721,-73.98372,Entire home/apt,189,3,95,1,30,42
20862285,84562428,Queens,Elmhurst,40.72815,-73.87875,Private room,46,5,42,2,37,13
20870510,149814698,Brooklyn,Crown Heights,40.67467,-73.9135,Private room,70,4,8,1,339,8
20871885,3882708,Brooklyn,Downtown Brooklyn,40.69042,-73.98909,Entire home/apt,300,28,1,1,347,0
20873362,5278391,Brooklyn,Williamsburg,40.71579,-73.94043,Private room,31,30,5,5,0,0
21078963,59518759,Manhattan,East Harlem,40.79563,-73.93507,Private room,90,30,2,1,0,0
21080763,61391963,Manhattan,Kips Bay,40.74184,-73.98031,Entire home/apt,199,30,12,116,343,3
20970822,150876351,Brooklyn,East Flatbush,40.65485,-73.91699,Entire home/apt,112,1,552,1,259,109
21088999,51538274,Manhattan,Greenwich Village,40.72959,-73.99964,Entire home/apt,150,80,18,1,0,0
21089520,151139950,Brooklyn,Bedford-Stuyvesant,40.67843,-73.91302,Entire home/apt,80,30,167,1,0,0
20874859,26390396,Manhattan,Midtown,40.75282,-73.97845,Entire home/apt,299,30,25,1,0,0
20876208,127618565,Brooklyn,Bushwick,40.7048,-73.91979,Private room,65,1,159,2,45,20
20881198,85016972,Manhattan,Hell's Kitchen,40.76609,-73.9853,Private room,85,30,6,1,0,0
20970844,12703148,Manhattan,Upper East Side,40.77355,-73.94891,Entire home/apt,110,30,8,1,0,0
20883973,149986049,Manhattan,Harlem,40.82576,-73.94112,Entire home/apt,125,2,42,1,0,8
20886432,75458625,Queens,Sunnyside,40.74922,-73.91782,Private room,85,30,36,4,341,3
20887028,260958,Manhattan,Chinatown,40.71335,-73.9924,Entire home/apt,161,30,114,1,0,0
21089634,152041579,Brooklyn,Greenpoint,40.72917,-73.95655,Private room,60,30,22,1,0,0
21090094,152045247,Bronx,Pelham Gardens,40.86441,-73.84284,Entire home/apt,75,10,38,1,85,0
21091355,83786650,Manhattan,Upper East Side,40.75968,-73.9609,Entire home/apt,130,30,7,16,24,0
21091844,28270349,Queens,Flushing,40.76525,-73.79474,Private room,56,30,45,4,218,0
21094022,32110549,Brooklyn,Williamsburg,40.71209,-73.94748,Private room,100,30,2,1,0,0
20978416,7182337,Manhattan,East Village,40.73025,-73.9882,Entire home/apt,124,30,59,1,0,4
20978898,150965627,Brooklyn,Bushwick,40.68521,-73.91073,Private room,45,30,8,1,0,0
21095257,21480920,Manhattan,SoHo,40.72743,-74.00232,Entire home/apt,150,30,110,1,0,0
21096186,14945039,Manhattan,SoHo,40.72684,-74.00016,Entire home/apt,200,30,1,1,0,0
21191264,81959199,Manhattan,East Village,40.72279,-73.98728,Private room,80,30,36,1,0,0
21192158,120762452,Manhattan,Murray Hill,40.75013,-73.9769,Hotel room,175,30,7,83,365,3
21192284,120762452,Manhattan,Murray Hill,40.74926,-73.97643,Entire home/apt,185,30,3,83,342,1
21192364,120762452,Manhattan,Murray Hill,40.74926,-73.97643,Entire home/apt,185,30,2,83,365,0
21192430,120762452,Manhattan,Murray Hill,40.74822,-73.97672,Entire home/apt,185,30,0,83,365,0
21195408,153083048,Brooklyn,Bedford-Stuyvesant,40.68206,-73.95593,Private room,35,30,5,1,0,0
21198038,42905152,Brooklyn,Greenpoint,40.72409,-73.93939,Entire home/apt,160,30,0,1,0,0
20980756,145858413,Brooklyn,Crown Heights,40.66555,-73.94095,Private room,25,30,0,1,0,0
20981701,2015914,Brooklyn,Bushwick,40.69028,-73.91859,Private room,75,31,3,5,249,0
20981954,31658722,Brooklyn,Crown Heights,40.67107,-73.929,Private room,50,30,6,1,0,0
20982422,75248463,Brooklyn,East Flatbush,40.64311,-73.94743,Private room,94,3,31,6,277,13
21199546,55430096,Brooklyn,Bedford-Stuyvesant,40.68623,-73.95773,Entire home/apt,225,20,9,1,48,0
21199630,61391963,Manhattan,Upper East Side,40.77174,-73.96275,Entire home/apt,133,30,11,116,0,1
21097166,25321849,Brooklyn,Boerum Hill,40.68627,-73.98923,Entire home/apt,165,2,181,2,77,45
21098387,133790239,Manhattan,Hell's Kitchen,40.75848,-73.98984,Private room,100,30,0,1,0,0
21098555,120762452,Manhattan,Murray Hill,40.74993,-73.97555,Hotel room,240,180,0,83,365,0
21098717,120762452,Manhattan,Murray Hill,40.74838,-73.97574,Entire home/apt,220,30,4,83,365,1
21098848,120762452,Manhattan,Murray Hill,40.7501,-73.97743,Hotel room,220,30,2,83,365,0
21098980,120762452,Manhattan,Murray Hill,40.75011,-73.97725,Hotel room,175,30,4,83,365,0
20989220,151073194,Queens,Flushing,40.72821,-73.8011,Entire home/apt,102,2,212,1,69,34
21105248,111020045,Brooklyn,Williamsburg,40.71445,-73.94506,Private room,83,30,1,1,0,0
21106251,25354313,Brooklyn,Crown Heights,40.67367,-73.95754,Private room,28,30,9,1,0,0
21107539,48985309,Queens,Ridgewood,40.70194,-73.90968,Private room,40,30,0,2,0,0
21108401,643120,Brooklyn,Williamsburg,40.71705,-73.95376,Private room,36,6,44,4,0,0
21110331,141012332,Bronx,Mott Haven,40.80756,-73.92264,Entire home/apt,110,30,181,1,0,0
21110408,289199951,Brooklyn,Bedford-Stuyvesant,40.68613,-73.93942,Private room,90,2,91,4,31,33
21110709,59959974,Queens,Astoria,40.77395,-73.92466,Entire home/apt,360,3,87,1,137,25
21118650,145187951,Brooklyn,Bedford-Stuyvesant,40.68436,-73.95752,Private room,80,30,21,1,0,0
21200108,151645438,Brooklyn,Carroll Gardens,40.68496,-74.00026,Entire home/apt,165,30,0,1,0,0
20990053,151084261,Brooklyn,Williamsburg,40.717,-73.95003,Private room,115,30,24,7,358,0
21118834,83998998,Queens,Flushing,40.75558312074083,-73.82729305912605,Entire home/apt,241,2,4,1,316,4
20990607,151084261,Brooklyn,Williamsburg,40.71881,-73.9487,Private room,90,30,18,7,358,1
20990770,151084261,Brooklyn,Williamsburg,40.71717,-73.94916,Private room,50,30,25,7,259,1
20991704,17742578,Brooklyn,Midwood,40.62346,-73.96253,Entire home/apt,89,30,0,1,0,0
20992027,603493,Brooklyn,Park Slope,40.67695,-73.9793,Entire home/apt,300,30,64,1,27,3
20994196,109371945,Manhattan,Lower East Side,40.71984,-73.98077,Private room,65,30,2,1,0,0
21202563,32834879,Brooklyn,Greenpoint,40.72697,-73.95072,Entire home/apt,210,30,0,1,0,0
20998265,90531953,Bronx,Concourse,40.82504,-73.92749,Private room,60,30,16,1,0,0
21204007,153166469,Brooklyn,Bedford-Stuyvesant,40.68778,-73.93751,Entire home/apt,210,30,8,1,0,0
21204122,4464205,Brooklyn,Bushwick,40.6956,-73.92344,Private room,30,30,3,2,0,0
21204890,61678511,Manhattan,Harlem,40.81563,-73.94982,Private room,57,1,166,1,0,0
21205622,87397826,Queens,Long Island City,40.75786,-73.92912,Private room,99,1,5,2,0,0
21205650,120762452,Manhattan,Murray Hill,40.75036,-73.97538,Hotel room,220,30,0,83,365,0
21205810,120762452,Manhattan,Murray Hill,40.74844,-73.97572,Hotel room,240,30,1,83,365,0
21205891,120762452,Manhattan,Murray Hill,40.74848,-73.97545,Hotel room,200,30,11,83,333,1
21206002,120762452,Manhattan,Murray Hill,40.74884,-73.97756,Hotel room,220,30,1,83,365,0
21206529,3427065,Brooklyn,Williamsburg,40.71932,-73.96455,Private room,180,1,1,1,0,0
21120547,152331348,Queens,Richmond Hill,40.69362,-73.82356,Entire home/apt,118,2,103,2,346,23
20999025,1137079,Brooklyn,Bushwick,40.6994,-73.92947,Private room,69,3,151,1,233,36
21005699,45044964,Queens,Queens Village,40.72576,-73.75928,Shared room,29,1,13,2,7,0
21006224,151243003,Queens,Bayside,40.7592,-73.76271,Private room,89,30,86,1,0,0
21124150,152366935,Queens,Howard Beach,40.65245,-73.82931,Entire home/apt,118,3,65,1,258,0
21136851,5760970,Queens,Ditmars Steinway,40.77117,-73.90452,Entire home/apt,195,2,47,2,331,25
21138554,7835116,Brooklyn,Fort Greene,40.68934,-73.96923,Private room,50,14,0,1,0,0
21007181,19202566,Brooklyn,Greenpoint,40.73717,-73.95566,Entire home/apt,143,30,0,1,116,0
21008007,17428620,Brooklyn,Brooklyn Heights,40.69144,-73.99579,Private room,119,30,1,1,0,0
21008377,6958439,Manhattan,Midtown,40.75853,-73.97848,Entire home/apt,370,90,5,1,364,1
21209950,11026055,Manhattan,Chinatown,40.71814,-73.99627,Private room,70,30,2,1,0,0
21210250,79753770,Manhattan,Washington Heights,40.83519,-73.9407,Entire home/apt,133,3,46,2,286,20
21010072,151189049,Queens,Ridgewood,40.71073,-73.9023,Private room,80,13,62,1,0,0
21212488,11951550,Queens,Astoria,40.76931,-73.92049,Entire home/apt,175,30,3,1,0,0
21216288,5022142,Queens,Ridgewood,40.70625,-73.91486,Entire home/apt,122,15,12,1,2,2
21138717,70307900,Manhattan,Upper East Side,40.77769,-73.94881,Entire home/apt,750,4,83,1,201,32
21139788,17344471,Brooklyn,Williamsburg,40.71719,-73.94198,Private room,75,1,28,2,0,0
21139995,12424361,Brooklyn,Bedford-Stuyvesant,40.67928,-73.94756,Entire home/apt,105,30,8,1,0,0
21010586,151284868,Manhattan,Greenwich Village,40.73275,-74.00005,Entire home/apt,184,30,24,1,326,5
21141576,152530167,Queens,Flushing,40.76391,-73.82625,Entire home/apt,151,30,24,1,0,0
21147249,75563831,Queens,Astoria,40.75813,-73.9078,Private room,50,30,38,2,341,1
21148021,17767705,Manhattan,East Harlem,40.79659,-73.93477,Private room,150,30,3,1,0,0
21148292,22541573,Manhattan,Upper East Side,40.77118,-73.95842,Entire home/apt,200,30,3,131,325,0
21148829,57013,Queens,Ridgewood,40.7102,-73.90917,Entire home/apt,175,30,2,1,0,0
21149901,152605245,Brooklyn,Kensington,40.64246,-73.97914,Private room,35,30,1,1,0,0
21151290,11571496,Brooklyn,Bushwick,40.68672,-73.91652,Entire home/apt,266,2,138,2,28,16
21151898,109930093,Manhattan,East Harlem,40.80746,-73.9388,Private room,134,3,17,2,0,0
21216917,153292704,Brooklyn,Bushwick,40.69844,-73.92951,Private room,50,30,3,1,0,0
21217074,145825873,Manhattan,Harlem,40.80386,-73.95043,Entire home/apt,116,30,10,3,0,0
21217451,14278133,Brooklyn,Williamsburg,40.71717,-73.94924,Private room,78,2,31,2,0,0
21218250,953913,Brooklyn,Bushwick,40.70003,-73.9255,Entire home/apt,225,30,2,1,47,0
21223569,135320687,Manhattan,Roosevelt Island,40.76288,-73.94785,Private room,88,30,55,2,249,3
21228962,35902083,Manhattan,Greenwich Village,40.73207,-73.99566,Entire home/apt,220,30,7,1,0,0
21230082,153419495,Manhattan,Upper East Side,40.76178,-73.96573,Entire home/apt,414,2,260,1,54,78
21011039,120567225,Bronx,Bronxdale,40.85271,-73.8676,Entire home/apt,105,2,28,1,5,0
21230233,132356199,Brooklyn,East Flatbush,40.65507,-73.9152,Entire home/apt,82,8,17,2,317,13
21230688,145825873,Manhattan,Harlem,40.80553,-73.94815,Entire home/apt,110,30,12,3,242,2
21156632,150363476,Bronx,Unionport,40.83295,-73.85926,Private room,147,2,9,1,0,0
21160614,5124670,Brooklyn,Williamsburg,40.71449,-73.94119,Entire home/apt,728,7,10,2,0,2
21011532,151293286,Brooklyn,Bedford-Stuyvesant,40.69047,-73.95861,Entire home/apt,120,30,10,1,0,0
21011623,4028470,Manhattan,Upper West Side,40.78847,-73.97177,Entire home/apt,195,5,6,1,0,3
21239226,153509107,Manhattan,Gramercy,40.73798,-73.98559,Entire home/apt,250,30,0,1,0,0
21239497,4444524,Brooklyn,Fort Greene,40.6938,-73.98171,Private room,185,2,6,1,0,0
21240760,7714461,Brooklyn,Williamsburg,40.71354,-73.9511,Private room,85,30,14,3,35,3
21013416,151084261,Brooklyn,Williamsburg,40.71706,-73.95035,Private room,115,30,5,7,345,1
21014202,97044757,Manhattan,Upper West Side,40.77377,-73.9884,Private room,78,30,11,2,0,0
21241829,78414842,Manhattan,Greenwich Village,40.73557,-73.99327,Private room,125,30,9,1,0,0
21161561,24088306,Manhattan,Upper East Side,40.77218,-73.95991,Entire home/apt,185,30,96,1,139,6
21161707,2171676,Manhattan,East Village,40.7281,-73.97832,Private room,68,30,149,1,168,2
21014919,29248621,Manhattan,Washington Heights,40.84594,-73.93584,Private room,40,30,5,1,0,0
21164579,152760575,Queens,Flushing,40.75868,-73.83142,Private room,90,30,1,1,0,0
21170090,36450406,Manhattan,Harlem,40.82366005630074,-73.94571901182388,Private room,70,2,2,1,290,0
21015347,102618751,Brooklyn,East New York,40.65749,-73.89164,Entire home/apt,261,6,110,3,320,24
21245112,8896831,Queens,Long Island City,40.74756,-73.94952,Private room,151,2,55,1,45,18
21015751,79345554,Manhattan,Chelsea,40.7489,-73.99737,Entire home/apt,89,2,5,1,0,0
21015993,147513,Brooklyn,Gowanus,40.68008,-73.9866,Entire home/apt,224,30,18,2,0,0
21022330,137586595,Queens,Hollis,40.71457,-73.76101,Entire home/apt,150,30,3,1,0,0
21172924,152852607,Manhattan,Midtown,40.75421,-73.96831,Entire home/apt,185,30,35,1,0,0
21173134,142352236,Manhattan,Hell's Kitchen,40.75374,-73.9968,Entire home/apt,240,30,65,5,108,2
21174364,109074907,Manhattan,Upper East Side,40.77264,-73.95727,Entire home/apt,150,30,1,1,0,0
21175036,152878377,Brooklyn,Flatbush,40.64364,-73.96483,Private room,75,30,22,1,16,0
21023888,6378149,Brooklyn,Bushwick,40.70022,-73.91654,Private room,70,2,94,1,3,5
21247657,51846382,Brooklyn,Fort Greene,40.69263,-73.96994,Entire home/apt,392,2,115,1,0,9
21248835,48660417,Manhattan,Upper East Side,40.78002,-73.94979,Private room,100,30,6,1,0,0
21313640,10500831,Brooklyn,Bedford-Stuyvesant,40.68595,-73.94887,Entire home/apt,85,30,71,1,33,6
21249676,64609445,Brooklyn,Clinton Hill,40.69584,-73.96653,Private room,58,30,48,2,0,0
21253783,19541889,Manhattan,Upper West Side,40.76856,-73.98471,Entire home/apt,153,30,1,1,0,0
21253972,41306788,Manhattan,Upper East Side,40.76319,-73.96184,Entire home/apt,275,30,1,1,0,0
21254023,22004774,Manhattan,Chelsea,40.74729,-74.00339,Private room,115,30,2,1,0,0
21254718,56197328,Manhattan,Morningside Heights,40.807,-73.9645,Entire home/apt,371,30,1,2,0,0
21175160,8637211,Manhattan,Harlem,40.81969,-73.94667,Private room,64,30,80,5,267,1
21175597,8637211,Manhattan,Harlem,40.81915,-73.94546,Private room,54,30,44,5,183,1
21176110,48812051,Manhattan,Harlem,40.80946,-73.94613,Entire home/apt,93,30,5,1,0,0
21182937,91646104,Queens,Sunnyside,40.74191,-73.9092,Entire home/apt,243,3,154,3,131,27
21183312,50383289,Brooklyn,Greenpoint,40.72266,-73.95251,Entire home/apt,175,30,18,1,0,0
21184173,21250331,Queens,Bayside,40.75464,-73.77542,Private room,60,31,211,3,156,43
21313668,30426158,Manhattan,Upper West Side,40.78625,-73.97896,Entire home/apt,157,30,2,1,0,0
21188044,67869496,Brooklyn,Flatlands,40.6224,-73.94407,Entire home/apt,250,30,0,1,0,0
21254856,143168243,Queens,Ditmars Steinway,40.77895,-73.91299,Private room,80,30,0,1,0,0
21317156,84766486,Manhattan,Hell's Kitchen,40.76231,-73.99138,Private room,79,30,1,1,0,0
21257726,2082420,Queens,Ridgewood,40.70599,-73.90881,Entire home/apt,118,4,111,1,313,32
21261549,45697749,Brooklyn,Bedford-Stuyvesant,40.68575,-73.95739,Private room,70,30,10,2,0,0
21188555,153015791,Brooklyn,Bedford-Stuyvesant,40.69213,-73.93745,Private room,40,30,2,1,0,0
21189177,5400205,Brooklyn,Bedford-Stuyvesant,40.69244,-73.93329,Private room,159,3,39,1,309,13
21321273,126346950,Manhattan,East Village,40.72529,-73.98213,Entire home/apt,250,30,1,1,0,0
21472364,92183983,Brooklyn,Greenpoint,40.73002,-73.95974,Entire home/apt,157,4,26,1,0,0
21263120,44295724,Manhattan,Harlem,40.82046,-73.94337,Entire home/apt,150,30,33,1,0,0
21263872,21942287,Brooklyn,Bedford-Stuyvesant,40.68647,-73.93472,Entire home/apt,150,30,4,1,29,0
21264068,7784696,Queens,Ridgewood,40.70587,-73.91381,Entire home/apt,80,30,9,1,0,0
21322272,154339771,Brooklyn,Williamsburg,40.71256,-73.9588,Private room,45,30,10,1,0,0
21473222,2823757,Brooklyn,Williamsburg,40.71805,-73.95583,Entire home/apt,120,30,4,1,0,0
21473314,31154454,Manhattan,Kips Bay,40.74113,-73.9815,Private room,102,1,254,2,29,77
21324360,154362702,Brooklyn,Cobble Hill,40.68691,-73.99107,Entire home/apt,149,30,35,1,0,1
21473761,51547093,Manhattan,East Village,40.72214,-73.98394,Entire home/apt,163,30,2,1,0,0
21474497,2628354,Manhattan,Upper West Side,40.7809,-73.97463,Entire home/apt,119,30,5,1,0,0
21474885,2015914,Brooklyn,Bushwick,40.68879,-73.91635,Private room,75,31,2,5,0,0
21264131,67226812,Brooklyn,Bedford-Stuyvesant,40.68548,-73.95144,Entire home/apt,120,31,116,1,0,0
21264903,145825873,Manhattan,Harlem,40.80467,-73.95018,Entire home/apt,96,30,18,3,213,4
21266334,11571496,Brooklyn,Bushwick,40.6861,-73.91607,Entire home/apt,148,2,157,2,0,7
21271180,133146682,Brooklyn,Williamsburg,40.70566,-73.92735,Shared room,45,30,2,1,0,0
21273425,153886003,Queens,Maspeth,40.737,-73.90426,Entire home/apt,117,1,268,1,115,74
21275645,33294012,Manhattan,Battery Park City,40.71812,-74.01439,Entire home/apt,200,30,1,1,0,0
21325114,49582324,Brooklyn,Downtown Brooklyn,40.69301,-73.98409,Private room,119,30,0,1,0,0
21275837,4976240,Manhattan,Murray Hill,40.75015,-73.97687,Entire home/apt,100,30,44,1,0,0
21326923,75059797,Queens,Flushing,40.74621,-73.83091,Private room,60,4,22,1,0,0
21277145,153921305,Brooklyn,Sunset Park,40.64512,-74.01415,Entire home/apt,140,3,125,1,86,30
21477500,113892395,Brooklyn,East New York,40.67096,-73.89321,Private room,88,2,12,1,335,2
21327327,75812000,Manhattan,Washington Heights,40.84889,-73.93525,Private room,50,30,4,1,0,0
21477816,155990761,Brooklyn,Bushwick,40.68985,-73.91874,Private room,46,30,35,2,0,0
21327397,32446721,Queens,Corona,40.74961,-73.86463,Shared room,55,1,14,9,357,0
21343278,145687876,Queens,Forest Hills,40.7264,-73.84846,Entire home/apt,65,30,1,1,0,0
21481778,1607289,Manhattan,Upper East Side,40.77126,-73.95454,Entire home/apt,200,30,1,1,0,0
21483857,22541573,Manhattan,Upper East Side,40.76326,-73.96263,Entire home/apt,281,30,1,131,312,0
21484161,156047478,Manhattan,Harlem,40.80567,-73.94971,Entire home/apt,110,30,15,7,0,5
21485026,134419840,Brooklyn,Bushwick,40.69229,-73.90405,Private room,45,30,5,1,15,0
21279172,108605013,Brooklyn,Greenpoint,40.72548,-73.94455,Entire home/apt,100,30,2,1,0,0
21279888,18664080,Manhattan,Upper West Side,40.77583,-73.98101,Entire home/apt,100,30,29,1,0,0
21280280,14103991,Queens,Flushing,40.7549,-73.8198,Private room,36,30,46,8,340,2
21280552,153956930,Queens,South Ozone Park,40.67244,-73.79154,Entire home/apt,112,2,14,2,350,6
21282152,25414207,Queens,Ridgewood,40.6998,-73.90908,Private room,77,1,239,4,184,45
21282439,6952789,Brooklyn,Bedford-Stuyvesant,40.694,-73.9313,Entire home/apt,120,2,6,1,0,0
21344739,87397826,Queens,Long Island City,40.75735,-73.93056,Private room,99,30,4,2,23,2
21344762,34867672,Manhattan,East Harlem,40.80964,-73.93802,Entire home/apt,72,30,22,1,0,0
21487004,87236554,Manhattan,Gramercy,40.73389,-73.98604,Private room,106,30,39,1,0,0
21354525,11743513,Brooklyn,Brooklyn Heights,40.69068,-73.99265,Private room,145,1,141,1,30,12
21488608,4318729,Manhattan,East Harlem,40.80818,-73.93739,Entire home/apt,145,45,7,1,279,1
21354840,18270371,Manhattan,Gramercy,40.73286,-73.9854,Entire home/apt,185,4,16,1,10,1
21354913,71725161,Brooklyn,Sunset Park,40.64161,-74.02352,Entire home/apt,102,14,128,2,8,7
21283357,153988027,Queens,Woodside,40.7427,-73.90125,Entire home/apt,262,5,100,6,291,24
21355005,25880686,Manhattan,Upper West Side,40.79884,-73.9715,Private room,49,30,0,1,0,0
21355102,1978457,Manhattan,Chelsea,40.74531,-74.00176,Entire home/apt,215,30,6,1,0,1
21357119,177293,Manhattan,East Harlem,40.81046,-73.93764,Entire home/apt,199,30,0,1,0,0
21358930,131476068,Queens,Richmond Hill,40.6873,-73.82899,Private room,83,30,18,2,0,0
21364301,103850896,Brooklyn,Williamsburg,40.71624,-73.94329,Private room,85,2,27,2,0,0
21364473,1282611,Brooklyn,Bedford-Stuyvesant,40.68449,-73.93872,Entire home/apt,75,3,8,1,0,0
21365379,14482375,Brooklyn,Greenpoint,40.72271,-73.94254,Private room,79,30,2,3,0,0
21365714,154700793,Queens,Queens Village,40.70409,-73.73731,Entire home/apt,60,3,180,1,54,27
21287982,117385673,Manhattan,East Village,40.72966,-73.98433,Private room,105,30,1,1,0,0
21289522,154037433,Queens,Jamaica,40.67058,-73.77423,Private room,71,1,75,3,51,2
21289640,154037433,Queens,Jamaica,40.66922,-73.77413,Private room,62,1,26,3,48,4
21291783,50455642,Brooklyn,Williamsburg,40.71517,-73.95557,Private room,23,14,185,2,0,0
21293326,10994839,Manhattan,Lower East Side,40.7198,-73.9815,Private room,157,30,48,1,83,0
21295182,91299100,Manhattan,Upper West Side,40.76922,-73.98605,Entire home/apt,165,30,0,1,0,0
21490787,56391145,Brooklyn,Greenpoint,40.72603,-73.95236,Entire home/apt,700,30,0,1,0,0
21496794,2230419,Brooklyn,Prospect-Lefferts Gardens,40.66176,-73.94889,Private room,90,2,80,1,156,40
21499536,8132596,Manhattan,Upper West Side,40.78911,-73.97345,Entire home/apt,200,30,34,1,0,0
21365786,13546922,Manhattan,East Village,40.73083,-73.98262,Private room,215,30,41,2,0,0
21295951,76021267,Brooklyn,Prospect-Lefferts Gardens,40.66379,-73.94918,Private room,55,30,23,1,68,1
21366268,66960766,Manhattan,Gramercy,40.73698,-73.97958,Private room,98,30,92,1,0,0
21366948,154714898,Manhattan,Upper West Side,40.78552,-73.97437,Entire home/apt,356,6,77,1,98,21
21296227,38681422,Brooklyn,Williamsburg,40.71455,-73.96276,Entire home/apt,300,30,2,1,0,0
21296249,154106207,Queens,Astoria,40.75869,-73.91376,Private room,180,30,0,1,0,0
21501507,156216145,Manhattan,Financial District,40.7088,-74.01471,Entire home/apt,170,30,2,1,0,0
21501622,975030,Brooklyn,Bedford-Stuyvesant,40.67716,-73.91337,Entire home/apt,139,3,90,1,292,32
21503589,50332029,Manhattan,Harlem,40.82728,-73.94575,Private room,115,2,275,1,32,33
21504818,39142433,Manhattan,Kips Bay,40.7452,-73.97905,Entire home/apt,175,30,12,1,0,0
21505197,3900540,Brooklyn,Brooklyn Heights,40.69978,-73.99457,Entire home/apt,196,9,71,1,199,8
21367648,154042156,Brooklyn,Prospect-Lefferts Gardens,40.66061,-73.94211,Private room,95,30,33,3,341,0
21368441,120574445,Brooklyn,Boerum Hill,40.6833,-73.9791,Private room,175,90,60,1,0,0
21369060,154042156,Brooklyn,Prospect-Lefferts Gardens,40.66077,-73.94442,Private room,80,30,42,3,341,2
21369232,12446529,Bronx,Soundview,40.82502,-73.86046,Private room,69,3,47,2,36,13
21369271,154042156,Brooklyn,Prospect-Lefferts Gardens,40.66109,-73.94299,Private room,70,30,75,3,68,0
21378053,120762452,Manhattan,Murray Hill,40.75037,-73.9775,Entire home/apt,220,30,4,83,365,0
21379577,61696564,Manhattan,Greenwich Village,40.72877,-74.00044,Private room,104,31,1,2,0,0
21380140,154848269,Queens,Queens Village,40.71526,-73.7331,Private room,30,30,13,1,58,2
21512977,26804769,Brooklyn,Bushwick,40.69902,-73.91137,Private room,30,30,3,1,0,0
21515092,102599996,Queens,Ridgewood,40.7052,-73.9146,Private room,30,30,6,1,0,0
21296642,2738309,Manhattan,East Village,40.73052,-73.98584,Entire home/apt,350,30,3,1,246,2
21304935,154184894,Queens,Cambria Heights,40.69361,-73.72958,Private room,130,30,0,2,0,0
21305125,154184894,Queens,Cambria Heights,40.69524,-73.73069,Private room,100,30,0,2,0,0
21306457,100354001,Queens,Rosedale,40.65973,-73.73219,Private room,50,1,119,1,0,0
21308702,154217970,Manhattan,Theater District,40.76079,-73.98194,Private room,83,9,118,1,0,0
21309659,154201505,Brooklyn,Bedford-Stuyvesant,40.68215,-73.93993,Entire home/apt,125,30,21,2,0,0
21310073,154201505,Brooklyn,Bedford-Stuyvesant,40.68346,-73.93814,Entire home/apt,125,30,1,2,0,0
21383288,114238471,Brooklyn,Crown Heights,40.67459,-73.90974,Entire home/apt,99,30,49,3,91,0
21384768,154629695,Queens,Astoria,40.75944,-73.90805,Private room,60,1,119,2,33,6
21311240,154239561,Brooklyn,Williamsburg,40.71022,-73.95777,Entire home/apt,229,2,111,2,124,45
21515431,48053679,Manhattan,Chinatown,40.71454,-73.99317,Entire home/apt,245,1,73,1,68,15
21384941,11774785,Manhattan,Upper West Side,40.79179,-73.97237,Entire home/apt,135,30,0,1,0,0
21386117,83093714,Manhattan,Harlem,40.81634,-73.94418,Private room,40,30,1,1,0,0
21516275,156352453,Manhattan,Upper East Side,40.76815,-73.95827,Entire home/apt,179,2,69,1,0,0
21386179,123511218,Brooklyn,Bedford-Stuyvesant,40.68152,-73.94615,Private room,75,30,3,1,0,0
21390251,26765262,Brooklyn,Gowanus,40.67085,-73.99176,Entire home/apt,150,30,102,1,104,2
21313022,15356710,Brooklyn,Brighton Beach,40.57573,-73.96407,Private room,40,180,3,2,364,0
21392488,118697704,Queens,Middle Village,40.71423,-73.87484,Entire home/apt,250,30,5,1,0,0
21620216,123472158,Manhattan,West Village,40.73394,-74.00743,Entire home/apt,260,30,8,4,111,0
21620322,5120169,Brooklyn,Bedford-Stuyvesant,40.68173,-73.95356,Private room,50,30,2,2,0,0
21517530,136214003,Staten Island,St. George,40.64727,-74.08402,Entire home/apt,150,3,184,1,321,15
21394596,29883522,Manhattan,Washington Heights,40.84539,-73.94111,Private room,25,3,1,1,0,0
21397638,50086945,Manhattan,Lower East Side,40.72038,-73.98956,Entire home/apt,180,30,7,1,0,0
21398613,24393270,Manhattan,Upper West Side,40.76917,-73.98371,Entire home/apt,150,30,1,1,0,0
21399885,96664487,Brooklyn,Bushwick,40.68949,-73.91723,Entire home/apt,150,3,54,3,129,3
21518467,1493123,Manhattan,Gramercy,40.73653,-73.98307,Entire home/apt,500,30,32,2,31,9
21620762,157284647,Manhattan,East Harlem,40.78792,-73.95156,Entire home/apt,130,5,186,1,63,36
21621154,4669488,Brooklyn,Bushwick,40.69951,-73.92208,Private room,55,30,1,1,0,0
21404524,142719866,Brooklyn,Bushwick,40.70822,-73.92204,Entire home/apt,214,30,28,1,0,0
21621231,35703699,Manhattan,East Village,40.72196,-73.97913,Private room,60,28,2,1,0,0
21518777,2424168,Brooklyn,Williamsburg,40.71198,-73.95641,Entire home/apt,140,30,2,1,0,0
21405904,77750223,Bronx,Clason Point,40.81701,-73.86159,Private room,114,30,12,2,364,0
21406998,154696585,Bronx,Kingsbridge,40.87808,-73.90334,Private room,80,30,1,1,0,0
21407514,154842298,Manhattan,East Village,40.7249,-73.98428,Entire home/apt,195,30,2,1,0,0
21410257,27636450,Manhattan,NoHo,40.72757,-73.99154,Entire home/apt,225,30,2,2,0,0
21410794,12485000,Manhattan,East Harlem,40.81333,-73.93489,Entire home/apt,100,7,4,1,23,2
21520497,156396144,Bronx,Morrisania,40.82957,-73.90353,Entire home/apt,58,30,0,1,0,0
21524489,154239561,Brooklyn,Williamsburg,40.71228,-73.95808,Private room,120,2,6,2,260,0
21411274,155148052,Manhattan,Upper East Side,40.77781,-73.95156,Entire home/apt,140,30,86,1,20,7
21529148,5887081,Brooklyn,Bedford-Stuyvesant,40.68935,-73.95187,Entire home/apt,105,30,8,1,275,4
21622558,6022622,Queens,Sunnyside,40.74731,-73.9187,Entire home/apt,125,30,2,1,0,0
21413190,22223682,Manhattan,Upper West Side,40.77169,-73.99009,Private room,150,300,2,1,365,0
21413889,155171571,Bronx,Mott Haven,40.81079,-73.92121,Entire home/apt,89,7,38,1,18,0
21531023,156490310,Brooklyn,East New York,40.66923,-73.88367,Entire home/apt,91,1,145,1,165,22
21414821,272775635,Manhattan,Theater District,40.75738,-73.98916,Private room,120,1,198,6,1,38
21535750,156535560,Brooklyn,Flatbush,40.64163,-73.96001,Entire home/apt,80,2,144,1,3,34
21622909,444603,Manhattan,Gramercy,40.73683,-73.98138,Private room,90,30,2,1,0,0
21630186,12838834,Manhattan,East Village,40.72258,-73.98507,Private room,71,5,5,2,0,0
21631882,11975404,Brooklyn,Bushwick,40.70066,-73.91809,Private room,100,30,1,2,0,0
21421478,95740207,Manhattan,Upper West Side,40.7839,-73.97638,Entire home/apt,799,30,0,1,0,0
21421657,155255550,Manhattan,East Village,40.72369,-73.98374,Entire home/apt,264,1,368,1,268,98
21632846,104401765,Queens,Flushing,40.75838,-73.82212,Entire home/apt,102,30,43,1,0,0
21633631,21099366,Brooklyn,Williamsburg,40.71255,-73.95893,Entire home/apt,129,30,5,1,0,0
21539105,104450469,Manhattan,SoHo,40.72204,-73.99738,Private room,71,30,2,1,0,0
21539835,156571787,Manhattan,Midtown,40.74618,-73.98716,Entire home/apt,300,30,1,1,0,0
21540737,133004690,Brooklyn,Bedford-Stuyvesant,40.68745,-73.9417,Entire home/apt,118,1,235,2,296,68
21541423,16514175,Queens,Elmhurst,40.74656,-73.88558,Entire home/apt,125,5,117,3,304,24
21422090,106766048,Queens,Jackson Heights,40.75158,-73.89161,Private room,35,30,12,1,0,0
21546425,37149695,Brooklyn,Bedford-Stuyvesant,40.69115,-73.94256,Entire home/apt,90,30,1,1,0,0
21634030,12062317,Manhattan,Washington Heights,40.84158,-73.93856,Private room,55,1,124,1,0,0
21424914,155282535,Manhattan,Flatiron District,40.74299,-73.98905,Entire home/apt,125,30,1,1,0,0
21548325,69054780,Brooklyn,Bay Ridge,40.62406,-74.02914,Private room,55,30,3,1,0,0
21549554,48183551,Queens,Elmhurst,40.74372,-73.88184,Private room,65,6,109,5,280,22
21427176,154949847,Manhattan,Hell's Kitchen,40.76851,-73.99601,Entire home/apt,188,30,120,3,95,15
21427369,109909474,Brooklyn,Clinton Hill,40.68692,-73.96185,Entire home/apt,170,2,225,1,268,58
21550193,150738275,Manhattan,West Village,40.73446,-74.003,Entire home/apt,330,30,7,1,0,0
21550717,7229833,Brooklyn,Kensington,40.63112,-73.96957,Entire home/apt,32,30,0,1,0,0
21551817,83585937,Brooklyn,Crown Heights,40.67348,-73.91746,Private room,70,30,58,2,0,0
21551829,25414207,Queens,Ridgewood,40.69772,-73.90738,Private room,75,1,65,4,161,32
21635015,157406894,Brooklyn,Bushwick,40.7023,-73.92474,Private room,149,10,17,1,0,3
21428231,155318905,Manhattan,Chelsea,40.74142,-74.00048,Private room,83,30,2,1,0,0
21638538,130201799,Manhattan,SoHo,40.72452,-73.999,Private room,129,30,46,1,0,0
21558456,156758470,Manhattan,Kips Bay,40.74418,-73.97693,Shared room,99,30,21,1,0,0
21428791,16794494,Manhattan,East Village,40.72123,-73.9798,Private room,200,30,12,1,0,0
21429062,122044489,Brooklyn,Bedford-Stuyvesant,40.68975,-73.94359,Entire home/apt,390,2,68,2,157,18
21434692,111663504,Manhattan,Harlem,40.82875,-73.95099,Entire home/apt,150,30,93,1,155,0
21559636,2212344,Brooklyn,Williamsburg,40.71187,-73.95736,Entire home/apt,414,5,31,1,110,18
21560584,3949502,Manhattan,East Village,40.72845,-73.98857,Private room,51,14,14,1,0,2
21640455,157481445,Manhattan,Washington Heights,40.83718,-73.94547,Private room,55,2,185,2,310,48
21435622,100970377,Manhattan,Harlem,40.81201,-73.94316,Entire home/apt,200,30,3,1,0,0
21565682,42133913,Manhattan,Greenwich Village,40.72945,-74.00167,Entire home/apt,140,30,8,1,0,0
21566103,61391963,Manhattan,Hell's Kitchen,40.76027,-73.99411,Entire home/apt,159,30,6,116,250,0
21566887,6271042,Queens,Richmond Hill,40.69691,-73.81586,Private room,73,3,81,1,310,11
21435800,289199951,Brooklyn,Bedford-Stuyvesant,40.68478,-73.93992,Entire home/apt,115,3,164,4,22,48
21437509,13081524,Brooklyn,Williamsburg,40.71321,-73.93974,Private room,75,30,51,1,0,0
21566909,4058709,Brooklyn,Park Slope,40.67456,-73.97951,Entire home/apt,235,7,96,2,137,23
21568187,131476075,Brooklyn,Bushwick,40.68754,-73.91138,Private room,71,1,34,8,0,0
21568341,156843123,Queens,Flushing,40.73706,-73.80845,Private room,89,2,6,1,335,0
21569360,13546922,Manhattan,Midtown,40.75696,-73.96756,Private room,65,30,45,2,0,0
21569763,3075854,Brooklyn,Sunset Park,40.64055,-74.01514,Private room,45,7,4,1,0,0
21446922,11452850,Brooklyn,Williamsburg,40.71036,-73.95758,Private room,55,30,3,1,0,0
21447486,116839989,Manhattan,Hell's Kitchen,40.75715,-73.99077,Entire home/apt,120,350,10,3,365,0
21570741,67974923,Manhattan,Inwood,40.86381,-73.91943,Entire home/apt,145,25,24,1,180,1
21642874,8716709,Brooklyn,Williamsburg,40.71307,-73.95602,Entire home/apt,300,30,0,1,0,0
21450176,121809482,Manhattan,Midtown,40.75214,-73.97027,Private room,151,30,25,2,0,0
21458689,155791040,Queens,Queens Village,40.70973,-73.73956,Entire home/apt,159,1,144,2,356,19
21642995,161157565,Brooklyn,Greenpoint,40.72488,-73.94336,Private room,45,30,36,2,276,0
21643550,48183551,Queens,Elmhurst,40.74375,-73.8832,Private room,65,6,111,5,258,33
21647076,20067071,Manhattan,Upper East Side,40.76918,-73.9557,Entire home/apt,130,30,10,1,0,0
21577526,84491220,Brooklyn,Flatbush,40.65027,-73.96445,Private room,99,5,32,1,251,5
21577856,141933,Brooklyn,Park Slope,40.67055,-73.98391,Entire home/apt,280,2,131,1,0,28
21580765,156592177,Brooklyn,Bedford-Stuyvesant,40.68399,-73.91424,Private room,20,30,0,1,0,0
21458972,45697749,Brooklyn,Bedford-Stuyvesant,40.68535,-73.95684,Entire home/apt,142,30,4,2,0,0
21460197,232651,Brooklyn,Greenpoint,40.72318,-73.95056,Private room,40,30,0,1,0,0
21460249,8687478,Manhattan,Harlem,40.82699,-73.95341,Entire home/apt,158,5,1,1,0,0
21461282,23091281,Bronx,Concourse Village,40.83129,-73.92021,Private room,67,4,55,3,249,0
21461615,145285876,Brooklyn,Williamsburg,40.7139,-73.96422,Private room,60,30,5,2,0,0
21461874,13878635,Manhattan,Hell's Kitchen,40.76512,-73.99219,Private room,400,30,10,3,0,0
21581375,45874239,Brooklyn,Park Slope,40.68081,-73.97848,Private room,50,30,1,1,0,0
21581457,1406432,Brooklyn,Prospect Heights,40.67357,-73.9645,Private room,75,2,50,2,0,0
21581545,156948703,Queens,East Elmhurst,40.76909,-73.87155,Private room,66,1,392,5,194,71
21647527,89337192,Brooklyn,Williamsburg,40.71203,-73.94808,Entire home/apt,440,12,7,2,0,3
21648513,2347173,Manhattan,Upper East Side,40.78255,-73.94695,Entire home/apt,150,30,23,1,0,0
21462212,145285876,Brooklyn,Williamsburg,40.71515,-73.96428,Private room,60,30,1,2,0,0
21467493,739592,Brooklyn,Williamsburg,40.71567,-73.95917,Private room,90,4,0,1,0,0
21468762,61696564,Manhattan,Greenwich Village,40.73031,-73.99986,Shared room,35,35,1,2,0,0
21470099,3038856,Brooklyn,Williamsburg,40.71414,-73.9624,Shared room,45,30,0,2,0,0
21471517,155923396,Brooklyn,Bushwick,40.70141,-73.92771,Private room,45,2,49,2,37,15
21649044,157563838,Brooklyn,Bedford-Stuyvesant,40.68732,-73.95866,Entire home/apt,99,30,0,1,0,0
21649172,4431637,Manhattan,Upper West Side,40.79913,-73.97153,Entire home/apt,282,6,6,1,160,1
21582170,36293942,Brooklyn,South Slope,40.6642,-73.98416,Entire home/apt,100,30,2,1,0,0
21738540,158048189,Brooklyn,Fort Hamilton,40.61787,-74.03373,Entire home/apt,150,30,1,1,0,0
21738886,158334115,Manhattan,Upper East Side,40.76223,-73.96196,Entire home/apt,550,2,34,1,60,6
21583199,37750296,Manhattan,East Harlem,40.79438,-73.94787,Entire home/apt,165,30,110,1,155,0
21583472,1414616,Brooklyn,Bedford-Stuyvesant,40.68706,-73.94859,Private room,43,30,10,1,0,0
21584047,42783238,Manhattan,East Harlem,40.79263,-73.95158,Private room,85,30,92,1,0,0
21588023,289199951,Brooklyn,Bedford-Stuyvesant,40.68422,-73.93832,Private room,71,2,71,4,6,22
21588805,37880566,Brooklyn,Williamsburg,40.71166,-73.96204,Entire home/apt,275,2,31,1,0,7
21649695,115589496,Manhattan,Hell's Kitchen,40.76159,-73.99331,Entire home/apt,120,30,26,1,0,0
21739781,45044964,Queens,Queens Village,40.7253,-73.75914,Private room,49,1,21,2,190,0
21740756,90058061,Brooklyn,Sunset Park,40.66,-73.99778,Private room,40,30,2,1,0,0
21651270,119313407,Brooklyn,Brownsville,40.66223,-73.90976,Entire home/apt,110,30,2,1,0,0
21589646,104775467,Manhattan,East Village,40.72713,-73.98997,Shared room,90,30,0,1,0,0
21741106,64609445,Brooklyn,Clinton Hill,40.69614,-73.96663,Entire home/apt,46,30,7,2,0,0
21746100,19298428,Brooklyn,Williamsburg,40.70499,-73.93326,Entire home/apt,120,30,6,1,0,0
21589780,114811999,Brooklyn,Bedford-Stuyvesant,40.68951,-73.95218,Entire home/apt,225,2,35,1,117,6
21652744,157599851,Brooklyn,Crown Heights,40.67333,-73.94769,Private room,21,30,0,1,0,0
21748242,33211768,Manhattan,Nolita,40.72233,-73.99655,Entire home/apt,150,30,1,1,0,0
21661235,5342802,Brooklyn,Bedford-Stuyvesant,40.68809,-73.92015,Private room,36,14,9,2,0,0
21664702,89337192,Brooklyn,Williamsburg,40.71001,-73.94662,Private room,150,3,51,2,0,0
21591672,54966810,Brooklyn,Bushwick,40.70476,-73.92678,Private room,45,30,2,1,0,0
21592694,157040162,Queens,Flushing,40.75496,-73.80415,Private room,40,1,62,1,0,0
21593310,156948703,Queens,East Elmhurst,40.7693,-73.87148,Private room,85,1,466,5,323,79
21750219,114008316,Manhattan,East Harlem,40.79163,-73.9469,Entire home/apt,235,30,18,1,199,3
21595000,28827640,Brooklyn,Williamsburg,40.71786,-73.96439,Entire home/apt,230,3,11,1,341,7
21596214,7138636,Manhattan,Upper West Side,40.78706,-73.97704,Entire home/apt,116,30,15,1,0,0
21608234,2685965,Brooklyn,Crown Heights,40.67502,-73.95692,Private room,100,30,0,1,0,0
21665632,11242618,Manhattan,SoHo,40.7218,-74.00404,Entire home/apt,1200,30,0,1,0,0
21665966,75248463,Brooklyn,East Flatbush,40.64309524111203,-73.94723729133361,Private room,105,3,19,6,266,9
21666225,103757546,Manhattan,Stuyvesant Town,40.73103962114092,-73.97425979375839,Private room,75,45,0,1,365,0
21750553,102933312,Manhattan,Little Italy,40.7189,-73.99514,Private room,57,30,2,1,0,0
21667120,157075387,Manhattan,Hell's Kitchen,40.7661,-73.98788,Entire home/apt,248,30,19,1,0,0
21667189,11056171,Brooklyn,Bushwick,40.69888,-73.93015,Private room,37,5,9,1,0,0
21609824,119848398,Bronx,Parkchester,40.82921,-73.88027,Private room,46,3,38,1,319,9
21751275,27551651,Manhattan,SoHo,40.72583,-74.00347,Entire home/apt,225,30,12,1,0,0
21610552,48418910,Brooklyn,Bushwick,40.70121,-73.91275,Private room,80,30,0,2,0,0
21667615,78251,Brooklyn,Brooklyn Heights,40.69981,-73.99354,Entire home/apt,150,30,0,1,0,0
21673236,985635,Brooklyn,Bedford-Stuyvesant,40.68168,-73.93869,Entire home/apt,160,4,13,1,36,2
21752471,31583052,Brooklyn,South Slope,40.66557,-73.99229,Entire home/apt,75,30,3,1,0,0
21673998,151777787,Brooklyn,Brownsville,40.67393,-73.90623,Private room,40,30,6,1,0,0
21674032,22507452,Brooklyn,Williamsburg,40.70667,-73.94173,Entire home/apt,80,30,0,1,0,0
21675338,152959594,Brooklyn,Downtown Brooklyn,40.70142,-73.99044,Entire home/apt,125,30,1,1,0,0
21612043,34773529,Brooklyn,Bedford-Stuyvesant,40.68294,-73.92159,Private room,50,30,0,1,0,0
21618022,129627879,Brooklyn,Bushwick,40.7033,-73.92377,Private room,31,30,1,1,0,0
21618858,2023993,Brooklyn,Bushwick,40.70179,-73.93003,Private room,100,1,115,1,50,67
21752880,22730721,Brooklyn,Williamsburg,40.71903,-73.94835,Entire home/apt,270,30,9,1,64,1
21619569,157275347,Queens,Jamaica,40.68107,-73.76878,Entire home/apt,206,1,246,1,166,39
21619743,9450412,Brooklyn,Crown Heights,40.67123,-73.94715,Entire home/apt,129,30,8,1,0,0
21676677,758152,Queens,Sunnyside,40.746,-73.9194,Entire home/apt,110,80,3,1,103,1
21677581,157183215,Manhattan,Kips Bay,40.73778,-73.9801,Entire home/apt,175,30,1,1,0,0
21753773,156505456,Brooklyn,East New York,40.66298,-73.8882,Private room,69,3,40,32,83,3
21678477,39472888,Brooklyn,Williamsburg,40.7125,-73.93809,Private room,90,30,41,1,0,0
21833654,159014806,Manhattan,Financial District,40.70879,-74.00733,Private room,45,30,3,1,0,0
21754369,49736414,Brooklyn,Bushwick,40.69006,-73.90624,Private room,70,30,0,1,0,0
21754827,156505456,Brooklyn,East New York,40.6626,-73.88857,Private room,75,3,38,32,171,3
21754946,46224196,Manhattan,Upper East Side,40.76359,-73.96575,Shared room,80,30,1,1,0,0
21755954,16273067,Manhattan,Hell's Kitchen,40.76312,-73.98847,Private room,110,30,1,1,0,0
21836461,9214999,Manhattan,East Village,40.72624,-73.98609,Entire home/apt,125,30,3,1,0,0
21680639,15105524,Brooklyn,Williamsburg,40.71489,-73.96372,Entire home/apt,200,30,2,1,0,0
21756084,17906387,Brooklyn,Bushwick,40.69696,-73.91438,Private room,27,30,1,1,0,0
21680914,157825168,Brooklyn,Williamsburg,40.71853,-73.94945,Private room,148,30,0,1,0,0
21761315,48638439,Queens,Springfield Gardens,40.66221,-73.77031,Entire home/apt,215,1,6,3,241,6
21762776,156833182,Brooklyn,East Flatbush,40.64477,-73.95042,Entire home/apt,100,30,41,1,0,0
21682816,102685703,Manhattan,Chelsea,40.74504,-73.99916,Private room,90,30,1,1,0,0
21683672,2179407,Manhattan,Upper West Side,40.78573,-73.97527,Private room,80,30,0,1,0,0
21684019,144017474,Brooklyn,Greenpoint,40.73423,-73.95384,Entire home/apt,55,30,4,2,0,0
21689998,857599,Manhattan,Tribeca,40.71861,-74.00337,Entire home/apt,199,30,2,1,143,1
21836754,8207362,Brooklyn,Bedford-Stuyvesant,40.69083,-73.93836,Private room,65,30,11,2,193,2
21762969,158552987,Manhattan,Harlem,40.83175,-73.94819,Private room,65,30,2,1,0,0
21836784,21046508,Manhattan,Harlem,40.82468,-73.95061,Entire home/apt,85,30,0,1,0,0
21764245,34614054,Brooklyn,Greenpoint,40.72511,-73.94492,Shared room,35,30,19,2,336,0
21837063,122045009,Brooklyn,Flatbush,40.64385,-73.9693,Private room,108,30,95,1,0,0
21837620,1703438,Brooklyn,Carroll Gardens,40.67575,-73.9983,Private room,40,30,1,1,0,0
21838230,22059980,Queens,Ditmars Steinway,40.78153,-73.90774,Private room,88,1,9,1,84,9
21839021,131476075,Brooklyn,Bushwick,40.68604,-73.91335,Private room,90,1,33,8,70,5
21693657,81460578,Manhattan,East Village,40.72391,-73.98413,Private room,165,30,5,1,0,0
21764442,65483041,Brooklyn,Crown Heights,40.67588,-73.95163,Entire home/apt,300,30,4,1,0,0
21694908,801975,Brooklyn,Crown Heights,40.67742,-73.9448,Entire home/apt,175,5,116,2,283,33
21695292,14603774,Manhattan,East Village,40.73373,-73.99071,Entire home/apt,225,30,1,1,0,0
21764778,12776493,Brooklyn,Williamsburg,40.70228,-73.9418,Entire home/apt,92,30,4,1,0,0
21765318,34614054,Brooklyn,Greenpoint,40.72365,-73.94497,Shared room,35,30,21,2,340,1
21765895,152636597,Bronx,Mott Haven,40.81167,-73.9248,Private room,45,30,1,1,0,0
21695415,42237462,Manhattan,Harlem,40.82752,-73.94776,Entire home/apt,78,30,4,1,0,0
21698180,156505456,Brooklyn,East New York,40.66216,-73.88939,Private room,76,2,24,32,85,4
21700026,631374,Brooklyn,Clinton Hill,40.69033,-73.96807,Private room,200,30,1,1,0,0
21700378,18743582,Brooklyn,Williamsburg,40.71725,-73.94164,Entire home/apt,95,30,28,1,0,0
21839960,39346203,Queens,Rego Park,40.72619,-73.85433,Private room,43,30,8,1,0,0
21766524,965946,Brooklyn,Park Slope,40.67118,-73.97533,Entire home/apt,170,52,3,1,0,0
21767672,27293055,Manhattan,Chelsea,40.73995,-74.00014,Entire home/apt,100,30,3,1,0,0
21845187,159312334,Brooklyn,Williamsburg,40.7091,-73.96349,Private room,95,30,0,1,0,0
21700414,1264407,Manhattan,East Harlem,40.79546,-73.93915,Private room,63,30,2,1,0,0
21706896,27636450,Manhattan,East Village,40.72547,-73.99063,Private room,99,30,0,2,0,0
21709374,145552870,Manhattan,Upper East Side,40.77585,-73.95213,Entire home/apt,172,30,2,1,0,0
21709727,271527,Manhattan,Harlem,40.81009,-73.9401,Entire home/apt,699,6,14,2,161,5
21767756,112207797,Manhattan,Hell's Kitchen,40.76079271557789,-73.99883352220058,Entire home/apt,350,5,1,1,252,1
21712595,93094135,Manhattan,Chelsea,40.74121,-74.00419,Entire home/apt,105,30,0,1,0,0
21713358,63749946,Brooklyn,Crown Heights,40.67368,-73.92315,Private room,54,4,11,3,0,0
21849942,23443666,Manhattan,West Village,40.7337,-74.00065,Entire home/apt,170,30,1,1,0,0
21768015,85569172,Queens,Long Island City,40.75154618690071,-73.93878389149904,Entire home/apt,500,1,0,1,0,0
21850082,159362106,Brooklyn,Williamsburg,40.71405,-73.96052,Private room,60,30,27,1,0,0
21850364,7018179,Manhattan,Flatiron District,40.74098,-73.98852,Entire home/apt,180,30,4,1,0,0
21713419,158087989,Manhattan,Chelsea,40.74008,-74.001,Entire home/apt,407,30,21,1,0,0
21768136,1568269,Brooklyn,Greenpoint,40.72478,-73.94429,Private room,88,30,17,3,250,3
21768850,16866,Manhattan,East Village,40.73113,-73.98442,Entire home/apt,349,30,35,1,73,4
21713551,17887542,Manhattan,Upper East Side,40.7652,-73.95815,Entire home/apt,150,30,1,1,0,0
21850834,159369488,Queens,Arverne,40.59707,-73.80273,Entire home/apt,446,2,28,3,280,0
21851016,8869512,Brooklyn,Crown Heights,40.67313,-73.95636,Private room,60,30,1,2,0,0
21851228,7709305,Manhattan,Midtown,40.75469,-73.9733,Entire home/apt,267,2,123,1,172,54
21769638,82119233,Brooklyn,Bedford-Stuyvesant,40.69394,-73.95221,Entire home/apt,140,7,88,2,274,13
21771006,104458,Brooklyn,Gowanus,40.67798,-73.99149,Entire home/apt,420,5,53,1,8,14
21771169,133453273,Manhattan,West Village,40.72997,-74.0025,Entire home/apt,220,30,3,1,0,0
21851586,158757567,Brooklyn,Park Slope,40.67514,-73.97653,Entire home/apt,434,5,135,1,26,36
21851700,15907782,Manhattan,Chelsea,40.73958,-73.99876,Entire home/apt,110,31,23,1,0,0
21852060,50175698,Brooklyn,Bedford-Stuyvesant,40.69131,-73.94675,Entire home/apt,62,30,1,1,0,0
21714930,157826237,Queens,Flushing,40.7536,-73.81956,Entire home/apt,399,30,69,1,152,5
21715410,5962328,Queens,Flushing,40.76063,-73.82298,Entire home/apt,105,30,4,7,280,3
21771454,23596542,Brooklyn,Crown Heights,40.67628,-73.93727,Entire home/apt,93,30,2,1,0,0
21715735,100935364,Brooklyn,Prospect Heights,40.68028,-73.97388,Private room,58,30,11,2,0,0
21716772,72203373,Bronx,Riverdale,40.88495,-73.90884,Private room,45,30,8,1,0,0
21771486,31697949,Brooklyn,Sunset Park,40.66667,-73.99539,Private room,37,2,7,1,0,0
21771881,158634669,Brooklyn,Sheepshead Bay,40.58868,-73.95839,Entire home/apt,84,1,101,1,58,30
21723666,158174749,Brooklyn,East Flatbush,40.65496,-73.93583,Private room,82,3,24,1,266,4
21852332,18554823,Manhattan,Marble Hill,40.87778,-73.90965,Entire home/apt,417,1,186,1,58,38
21852466,44514403,Manhattan,Morningside Heights,40.80593,-73.96632,Entire home/apt,125,30,23,1,0,0
21772083,26744799,Brooklyn,Bath Beach,40.60882,-74.0054,Entire home/apt,96,3,141,1,291,36
21852759,147675745,Manhattan,Hell's Kitchen,40.76179,-73.99227,Entire home/apt,100,1,0,2,0,0
21853347,67069129,Manhattan,Harlem,40.80956,-73.95328,Entire home/apt,285,2,167,2,274,41
21778446,129602851,Bronx,Pelham Bay,40.84581,-73.84008,Private room,164,4,2,1,64,1
21859359,23039272,Brooklyn,Bedford-Stuyvesant,40.68203,-73.95514,Private room,50,30,1,1,0,0
21860011,9572607,Manhattan,Lower East Side,40.7212,-73.99058,Entire home/apt,190,30,14,1,0,0
21862155,8637211,Manhattan,Harlem,40.81759,-73.94683,Private room,89,1,280,5,106,63
21864747,57291936,Brooklyn,Williamsburg,40.71354,-73.94429,Private room,60,3,19,1,0,0
21867440,29599980,Brooklyn,Bushwick,40.70766,-73.92121,Entire home/apt,40,30,1,1,0,0
21727418,113121846,Brooklyn,Williamsburg,40.71034,-73.95955,Private room,76,30,19,2,0,0
21780433,9953808,Brooklyn,Williamsburg,40.7073,-73.93873,Private room,65,2,1,1,0,0
21867771,43756609,Brooklyn,Bushwick,40.68874,-73.91194,Private room,40,30,2,2,0,0
21868116,48056617,Manhattan,Harlem,40.81901,-73.95766,Private room,37,30,0,1,0,0
21781859,2368634,Manhattan,Hell's Kitchen,40.76771,-73.98588,Entire home/apt,249,3,9,1,0,6
21868424,6938506,Brooklyn,Prospect Heights,40.67975,-73.96758,Private room,70,3,30,1,0,6
21727742,158212655,Bronx,Kingsbridge,40.87305,-73.8999,Private room,200,30,2,2,0,0
21783251,158725307,Manhattan,NoHo,40.72824,-73.99121,Private room,200,1,189,2,195,50
21727923,90333053,Brooklyn,Clinton Hill,40.68431,-73.9594,Entire home/apt,150,30,7,1,0,0
21868813,120638903,Queens,Astoria,40.76333,-73.92274,Entire home/apt,80,30,2,1,0,0
21783298,11387702,Manhattan,Upper West Side,40.7813,-73.97991,Entire home/apt,149,7,0,1,0,0
21783724,2101238,Brooklyn,Park Slope,40.67903,-73.97856,Entire home/apt,170,30,9,1,0,0
21728589,158219768,Brooklyn,Bedford-Stuyvesant,40.68558,-73.93007,Entire home/apt,120,30,109,1,147,5
21784437,33836993,Brooklyn,Bedford-Stuyvesant,40.68687,-73.93001,Private room,60,7,1,1,0,0
21785354,1406432,Brooklyn,Crown Heights,40.67513,-73.96324,Private room,59,3,78,2,0,0
21786337,64837680,Manhattan,Harlem,40.82816,-73.94809,Private room,50,30,1,1,0,0
21786780,8905097,Manhattan,Chelsea,40.74278,-73.99358,Entire home/apt,2250,30,10,1,66,3
21728670,158222655,Brooklyn,Williamsburg,40.71913,-73.95846,Private room,100,1,165,1,0,36
21729245,158229004,Queens,Astoria,40.76917,-73.92961,Entire home/apt,70,30,0,1,0,0
21869057,11967922,Brooklyn,Greenpoint,40.72389,-73.95376,Entire home/apt,239,2,217,1,27,50
21869167,57002433,Manhattan,East Harlem,40.80049,-73.9413,Private room,49,30,83,2,0,0
21786958,105130665,Brooklyn,Crown Heights,40.67077,-73.9406,Entire home/apt,300,3,89,1,121,24
21730105,14294841,Brooklyn,Fort Greene,40.69442,-73.97046,Private room,72,30,0,1,0,0
21730735,156948703,Queens,East Elmhurst,40.77106,-73.87285,Private room,75,1,367,5,313,64
21787094,415290,Manhattan,Upper East Side,40.76445,-73.96809,Entire home/apt,325,30,0,1,0,0
21788688,54921733,Brooklyn,Flatbush,40.64501,-73.96742,Private room,135,7,3,3,0,0
21788734,26095943,Manhattan,Morningside Heights,40.80396,-73.96387,Private room,60,30,0,1,0,0
21869409,157842225,Manhattan,East Harlem,40.7999,-73.94249,Entire home/apt,228,3,156,1,17,48
21869546,87814281,Manhattan,Harlem,40.83124,-73.94651,Private room,91,30,3,2,0,0
21789193,42052329,Brooklyn,Bedford-Stuyvesant,40.6859,-73.9351,Entire home/apt,129,30,10,1,0,0
21870396,159540426,Manhattan,Hell's Kitchen,40.76739,-73.98458,Private room,200,30,1,1,0,0
21732716,55468128,Brooklyn,Windsor Terrace,40.65808,-73.98125,Private room,24,30,130,1,241,0
21794374,60291768,Queens,Elmhurst,40.73839,-73.87279,Entire home/apt,170,4,62,1,0,1
21798471,50760546,Manhattan,Tribeca,40.71999,-74.00372,Entire home/apt,499,30,1,31,125,0
21802923,72466752,Brooklyn,Bushwick,40.70131,-73.91783,Private room,65,7,38,1,33,10
21733997,16068417,Brooklyn,Bedford-Stuyvesant,40.68683,-73.93251,Entire home/apt,120,3,27,1,94,8
21877805,159592932,Brooklyn,East New York,40.66944,-73.88495,Entire home/apt,269,4,120,1,33,25
21878080,120762452,Manhattan,Murray Hill,40.7501,-73.97737,Entire home/apt,175,30,14,83,365,2
21879760,1377201,Brooklyn,Vinegar Hill,40.70082,-73.98382,Entire home/apt,150,30,2,1,0,0
21804600,158781381,Brooklyn,East New York,40.66218,-73.89124,Entire home/apt,130,2,111,2,256,26
21881605,159623005,Manhattan,Hell's Kitchen,40.75653,-73.99511,Entire home/apt,412,30,0,1,0,0
21881709,7344277,Manhattan,Midtown,40.75096,-73.97166,Private room,100,30,1,1,0,0
21884758,10979123,Manhattan,Hell's Kitchen,40.75627,-73.99507,Entire home/apt,160,30,29,1,0,0
21885522,17525654,Brooklyn,Windsor Terrace,40.65572,-73.98174,Entire home/apt,160,30,0,1,0,0
21885667,11911154,Queens,Ditmars Steinway,40.77338,-73.91753,Private room,35,30,0,1,0,0
21891406,42954481,Manhattan,East Village,40.72747,-73.98609,Private room,104,30,6,1,0,0
21892596,157642917,Manhattan,Upper East Side,40.77159,-73.95932,Entire home/apt,125,5,13,1,0,0
21892834,61391963,Manhattan,Upper West Side,40.78551,-73.97504,Entire home/apt,175,30,16,116,311,2
21893129,120762452,Manhattan,Murray Hill,40.74821,-73.97704,Entire home/apt,175,30,9,83,365,3
21736059,108836422,Manhattan,Harlem,40.81354,-73.95283,Private room,50,30,0,1,0,0
21736164,4298654,Brooklyn,Bedford-Stuyvesant,40.6818,-73.93121,Entire home/apt,70,45,2,1,0,0
21736598,643120,Brooklyn,Williamsburg,40.71707,-73.95543,Entire home/apt,205,6,4,4,0,3
21736808,40891373,Manhattan,Lower East Side,40.71737,-73.9883,Entire home/apt,139,30,27,2,0,0
21737389,49750805,Manhattan,Harlem,40.79813,-73.94836,Private room,70,30,2,1,0,0
21737409,113121846,Brooklyn,Williamsburg,40.71211,-73.95975,Entire home/apt,130,30,3,2,0,0
21737535,11028650,Manhattan,Lower East Side,40.71763,-73.98506,Private room,76,30,0,1,0,0
21804666,158731650,Manhattan,Hell's Kitchen,40.75762,-73.99603,Private room,139,30,0,1,0,0
21939817,153066091,Queens,Ditmars Steinway,40.77321,-73.9177,Private room,65,30,1,1,0,0
21942269,49716547,Manhattan,East Village,40.73005,-73.98673,Entire home/apt,130,4,6,1,0,0
21943047,29238030,Brooklyn,Williamsburg,40.71423,-73.94652,Private room,70,30,3,1,0,0
21893658,39253607,Brooklyn,Williamsburg,40.71336,-73.93794,Entire home/apt,95,30,1,1,0,0
21895262,325453,Brooklyn,Crown Heights,40.66737,-73.96136,Private room,65,30,0,1,0,0
21805468,158925455,Brooklyn,East Flatbush,40.63756,-73.93262,Entire home/apt,79,2,111,1,249,19
21946495,160194786,Brooklyn,Williamsburg,40.71433,-73.95294,Entire home/apt,188,2,173,1,89,49
21946776,43011952,Brooklyn,Crown Heights,40.67505,-73.94917,Entire home/apt,150,3,8,1,94,5
21947012,158625100,Queens,Richmond Hill,40.68592,-73.82724,Private room,75,30,28,2,0,0
21948571,107953084,Brooklyn,Prospect-Lefferts Gardens,40.6632,-73.95353,Private room,88,3,110,2,0,11
21948799,16686426,Queens,Long Island City,40.76044,-73.93123,Private room,65,30,10,1,0,0
21809773,138266252,Brooklyn,Kensington,40.64264,-73.96986,Entire home/apt,112,1,133,1,141,57
21949305,315606,Brooklyn,Bedford-Stuyvesant,40.68472,-73.94991,Private room,55,30,0,1,177,0
21896537,50072658,Brooklyn,Williamsburg,40.71333,-73.94055,Entire home/apt,107,1,394,1,147,89
21897846,21377186,Brooklyn,Williamsburg,40.71529,-73.95442,Entire home/apt,420,30,17,1,87,2
21898732,8177511,Manhattan,East Village,40.72556,-73.979,Private room,55,30,0,1,0,0
21810960,150522833,Manhattan,Midtown,40.751,-73.98527,Entire home/apt,2400,1,24,1,214,0
21899241,41865841,Manhattan,Lower East Side,40.71254,-73.99012,Private room,108,2,2,1,0,0
21950012,53829616,Manhattan,Hell's Kitchen,40.76066,-73.99092,Entire home/apt,395,30,1,1,0,0
21950138,25321849,Brooklyn,Boerum Hill,40.68529,-73.98866,Entire home/apt,550,7,28,2,8,11
21950350,11486122,Brooklyn,Bushwick,40.68994,-73.90402,Private room,50,30,2,1,0,0
21951077,1620498,Manhattan,Chelsea,40.73704,-73.99587,Entire home/apt,150,60,3,1,0,0
21811156,158974584,Manhattan,East Village,40.72447,-73.98861,Entire home/apt,125,30,3,1,0,0
21899575,155812868,Brooklyn,Brighton Beach,40.57857,-73.96572,Entire home/apt,129,1,64,2,43,19
21811459,34999969,Queens,Ridgewood,40.7001,-73.90702,Private room,40,30,0,1,0,0
21813179,119651060,Manhattan,Hell's Kitchen,40.76216,-73.98724,Private room,100,30,1,1,0,0
21901025,1483578,Staten Island,St. George,40.6438,-74.08443,Private room,121,30,88,1,362,0
21906858,1033792,Brooklyn,Park Slope,40.67907,-73.98001,Entire home/apt,80,30,2,1,0,0
21907916,4076045,Queens,Astoria,40.76172,-73.90968,Private room,50,30,0,1,0,0
21908184,120762452,Manhattan,Murray Hill,40.74818,-73.97616,Entire home/apt,185,30,3,83,365,0
21909291,18462292,Manhattan,Midtown,40.76476,-73.98163,Entire home/apt,200,30,2,1,0,0
21952133,52647474,Manhattan,East Harlem,40.7977845,-73.9379798,Private room,96,1,2,1,1,2
21813491,155014420,Manhattan,East Village,40.72261,-73.98128,Entire home/apt,280,30,17,1,273,2
21956264,110346058,Queens,South Ozone Park,40.67235,-73.79793,Private room,56,1,102,1,300,40
21958889,160306249,Manhattan,Upper West Side,40.78208,-73.97675,Private room,55,30,14,1,0,0
21913811,147095935,Queens,Woodside,40.74684,-73.89553,Entire home/apt,104,1,163,1,319,26
21913859,34281260,Manhattan,Stuyvesant Town,40.72693,-73.97172,Private room,49,30,6,1,0,0
21814906,6502688,Brooklyn,Williamsburg,40.70676,-73.93484,Entire home/apt,125,30,7,1,0,0
21815842,1931990,Brooklyn,Clinton Hill,40.68743,-73.96214,Entire home/apt,93,30,2,1,0,0
21816278,48960226,Brooklyn,Bedford-Stuyvesant,40.68921,-73.95638,Private room,40,30,5,1,0,0
21816519,24123958,Manhattan,West Village,40.7355,-74.00142,Entire home/apt,175,30,19,1,0,0
21816757,159023062,Brooklyn,Crown Heights,40.67377,-73.91781,Entire home/apt,70,30,12,1,0,0
21920061,45731391,Manhattan,Lower East Side,40.72192,-73.99068,Private room,85,30,4,2,0,0
21959695,148100571,Bronx,Soundview,40.82716,-73.88204,Entire home/apt,50,30,0,1,0,0
21817570,7412033,Manhattan,Upper East Side,40.77045,-73.96166,Entire home/apt,105,30,14,1,0,0
21922407,4389871,Manhattan,Morningside Heights,40.80672,-73.96536,Entire home/apt,90,30,0,1,0,0
21817889,158764663,Brooklyn,Crown Heights,40.66473,-73.93974,Entire home/apt,199,30,126,1,283,2
21818110,159027993,Queens,Flushing,40.75973,-73.81243,Private room,50,30,20,2,175,4
21922639,9238069,Brooklyn,Williamsburg,40.71881,-73.94923,Entire home/apt,150,3,23,1,0,0
21923390,898412,Brooklyn,Williamsburg,40.70859,-73.94318,Entire home/apt,80,70,7,2,195,0
21959796,90956690,Manhattan,Murray Hill,40.74752,-73.97815,Entire home/apt,120,30,2,1,0,0
21961462,56067189,Manhattan,Morningside Heights,40.80459,-73.96182,Entire home/apt,150,30,1,1,0,0
21962864,25690203,Manhattan,Hell's Kitchen,40.7631,-73.98704,Private room,100,2,5,1,0,0
21963428,8243469,Bronx,Port Morris,40.80229,-73.91363,Private room,50,30,59,1,0,0
21822619,1280731,Queens,Springfield Gardens,40.666,-73.7716,Entire home/apt,135,1,379,1,363,34
21963575,160343135,Brooklyn,Crown Heights,40.67135,-73.95211,Private room,40,30,2,1,0,0
21964400,14278133,Brooklyn,Williamsburg,40.71749,-73.94895,Private room,71,2,30,2,0,0
21964596,1020357,Brooklyn,Bushwick,40.69064,-73.91142,Entire home/apt,75,3,33,1,0,4
21965119,17271293,Brooklyn,Bedford-Stuyvesant,40.68041,-73.93853,Entire home/apt,85,2,48,1,0,6
21924815,113356258,Manhattan,Upper East Side,40.77768,-73.94567,Private room,100,30,0,1,0,0
21822768,3239797,Manhattan,Upper West Side,40.7932,-73.96453,Entire home/apt,200,30,1,1,0,0
21824420,22658012,Manhattan,Hell's Kitchen,40.76588,-73.98798,Entire home/apt,150,30,0,1,0,0
21825464,13898361,Brooklyn,Williamsburg,40.71034,-73.96181,Private room,65,30,1,1,0,0
21825897,30185313,Manhattan,West Village,40.73162,-74.0012,Entire home/apt,70,30,4,1,0,0
21925948,83004119,Brooklyn,Greenpoint,40.73154,-73.95152,Entire home/apt,120,30,0,1,0,0
21965717,8331436,Brooklyn,Gowanus,40.6694,-73.98962,Private room,100,30,4,1,0,0
21826403,120047243,Queens,Elmhurst,40.73805,-73.87608,Private room,55,30,0,1,0,0
21965948,50577859,Brooklyn,Bushwick,40.70608,-73.91982,Private room,40,5,5,1,0,0
21926279,6999831,Brooklyn,Flatbush,40.64861,-73.95903,Entire home/apt,70,30,8,1,0,0
21930306,126247863,Queens,Richmond Hill,40.69003,-73.82132,Private room,65,1,124,4,352,36
21931508,19739033,Manhattan,Harlem,40.81439,-73.95101,Private room,70,30,78,2,0,0
21827057,492457,Manhattan,Inwood,40.86791,-73.92718,Private room,85,30,1,4,364,0
21827355,89158733,Manhattan,Two Bridges,40.71295,-73.9939,Private room,60,30,0,2,0,0
21828822,34692600,Brooklyn,Bushwick,40.69716,-73.92097,Private room,45,30,1,1,0,0
21829006,43490965,Brooklyn,Bushwick,40.69994,-73.94049,Private room,35,30,4,1,0,0
21932460,160055033,Brooklyn,Cobble Hill,40.69073,-73.99674,Entire home/apt,185,30,43,1,0,2
21932693,43600815,Brooklyn,Williamsburg,40.70435,-73.9391,Private room,65,30,1,2,0,0
21932977,45697173,Manhattan,East Harlem,40.7855,-73.94177,Entire home/apt,50,30,0,1,0,0
21933065,160057164,Brooklyn,Crown Heights,40.67707,-73.93182,Private room,75,30,0,1,0,0
21934181,9175058,Brooklyn,Bushwick,40.68967,-73.91875,Private room,44,3,29,1,0,0
21966418,160233319,Brooklyn,Midwood,40.62145,-73.94624,Entire home/apt,77,2,0,1,0,0
21966758,3179146,Manhattan,East Harlem,40.7976,-73.93502,Entire home/apt,150,30,3,1,0,0
22019912,13208109,Brooklyn,Flatbush,40.64228,-73.96639,Private room,30,30,3,1,0,0
21966880,160374143,Manhattan,West Village,40.73608,-74.00777,Entire home/apt,135,5,64,1,68,0
21967259,160376922,Manhattan,Chelsea,40.74888,-74.00416,Entire home/apt,380,2,16,1,0,1
21967336,1852207,Brooklyn,Prospect-Lefferts Gardens,40.65776,-73.96169,Entire home/apt,135,30,3,1,0,0
21967615,15146492,Manhattan,Hell's Kitchen,40.76575,-73.98851,Entire home/apt,649,30,0,1,0,0
21967751,72760017,Brooklyn,Williamsburg,40.70982,-73.96536,Entire home/apt,175,30,3,1,0,0
21934202,16855791,Brooklyn,Williamsburg,40.70105,-73.94221,Private room,95,3,111,1,158,21
21934601,41617175,Brooklyn,Gowanus,40.67757,-73.98743,Private room,59,30,1,1,0,0
21934873,120762452,Manhattan,Murray Hill,40.74926,-73.97643,Entire home/apt,185,30,5,83,365,0
21935245,6650559,Manhattan,SoHo,40.72666,-74.00341,Private room,62,1,3,1,0,0
21935551,88713943,Manhattan,Hell's Kitchen,40.76026,-73.99011,Entire home/apt,125,30,14,1,0,0
22020038,47414802,Manhattan,Harlem,40.80216,-73.95069,Entire home/apt,145,30,10,2,288,4
22020298,131476075,Brooklyn,Bushwick,40.68685,-73.91358,Private room,90,1,37,8,70,6
22020696,24715671,Manhattan,Kips Bay,40.74171,-73.98224,Entire home/apt,199,30,0,6,274,0
22026830,160847231,Brooklyn,South Slope,40.66525,-73.98719,Entire home/apt,122,2,192,1,75,47
21968568,123354518,Brooklyn,Bushwick,40.70174,-73.92393,Private room,50,30,0,1,0,0
22028251,135944525,Manhattan,Harlem,40.81721,-73.9538,Private room,45,30,0,1,0,0
21969058,16864813,Manhattan,East Harlem,40.80048,-73.94388,Entire home/apt,350,30,66,1,245,5
21935608,5448955,Manhattan,East Village,40.73179,-73.98679,Entire home/apt,175,10,15,1,0,0
21935727,1341264,Brooklyn,Bedford-Stuyvesant,40.69207,-73.9599,Entire home/apt,450,108,2,1,0,0
22028307,46719,Brooklyn,Park Slope,40.67144,-73.97994,Entire home/apt,500,4,14,1,296,4
21970259,155125855,Manhattan,Midtown,40.74764,-73.98504,Private room,130,30,78,2,0,0
21970350,861330,Brooklyn,Williamsburg,40.70123,-73.94336,Private room,36,30,0,3,0,0
22029995,6967723,Brooklyn,Williamsburg,40.71572,-73.9561,Entire home/apt,209,30,1,1,0,0
21970487,158298807,Brooklyn,Bedford-Stuyvesant,40.69301,-73.95243,Entire home/apt,147,2,108,1,84,29
22144662,73358102,Manhattan,Chelsea,40.74857,-73.99648,Entire home/apt,101,30,120,1,0,0
22030593,338921,Brooklyn,Cobble Hill,40.68822,-73.99262,Entire home/apt,200,30,3,1,0,0
22146792,393018,Brooklyn,Carroll Gardens,40.6833,-73.99168,Entire home/apt,225,30,3,1,89,1
21973105,3223938,Brooklyn,Flatbush,40.64956,-73.95461,Private room,32,90,2,288,280,0
22031003,70919459,Manhattan,Morningside Heights,40.80415,-73.9664,Private room,60,30,0,1,0,0
21976874,3052833,Brooklyn,Williamsburg,40.71708,-73.94484,Entire home/apt,347,30,34,1,71,3
21978019,7650212,Manhattan,Nolita,40.72227,-73.99454,Entire home/apt,300,30,7,1,0,0
21978558,21657795,Manhattan,Harlem,40.80314,-73.95753,Entire home/apt,80,30,1,1,0,0
21979050,144857346,Manhattan,Nolita,40.72384,-73.99393,Entire home/apt,275,30,1,2,0,0
21979898,17425841,Brooklyn,Williamsburg,40.71625,-73.96494,Entire home/apt,99,30,0,1,0,0
21980316,5191980,Brooklyn,Crown Heights,40.67663,-73.95551,Entire home/apt,200,30,0,1,0,0
22147426,161742462,Manhattan,Harlem,40.80718,-73.94414,Entire home/apt,130,30,64,2,0,2
22148073,5853457,Brooklyn,Borough Park,40.64086,-73.99628,Private room,64,30,33,7,292,2
22031456,160495098,Brooklyn,East Flatbush,40.63383,-73.94723,Entire home/apt,108,30,28,1,0,0
22150956,28110419,Brooklyn,Boerum Hill,40.68766,-73.98478,Entire home/apt,106,30,0,1,0,0
22151067,161743285,Queens,Forest Hills,40.73267,-73.85328,Shared room,23,60,1,1,0,0
22151092,5853457,Brooklyn,Borough Park,40.64289,-73.99591,Private room,65,30,38,7,285,2
21980723,6675176,Manhattan,Harlem,40.82215,-73.95509,Entire home/apt,1500,5,79,1,357,19
21981036,75664810,Manhattan,Kips Bay,40.73902,-73.98255,Entire home/apt,100,30,4,1,0,0
22031539,983223,Manhattan,Midtown,40.7658,-73.98043,Hotel room,200,2,1,1,0,0
21981313,44102819,Brooklyn,Greenpoint,40.72657,-73.95313,Entire home/apt,120,30,1,1,0,0
21982223,44253752,Manhattan,Upper East Side,40.77505,-73.94923,Entire home/apt,150,30,0,1,0,0
22151598,342760,Manhattan,Upper East Side,40.76637,-73.95461,Entire home/apt,285,30,8,1,0,0
22151798,45553025,Bronx,Mott Haven,40.80945,-73.92007,Entire home/apt,69,30,47,1,0,0
22031905,9018136,Brooklyn,Bushwick,40.69853,-73.91594,Private room,40,2,8,1,0,0
22037644,46972551,Manhattan,Upper West Side,40.78804,-73.98163,Entire home/apt,118,30,37,1,0,0
22152232,10018530,Brooklyn,Bushwick,40.70464,-73.91464,Private room,50,30,2,1,0,0
21982333,160322636,Brooklyn,East New York,40.66502,-73.89084,Private room,62,2,83,1,147,13
22037715,160940380,Queens,St. Albans,40.70037,-73.74907,Entire home/apt,320,2,68,8,297,2
21982618,34320483,Manhattan,Harlem,40.82625,-73.94883,Private room,43,30,1,1,0,0
21983066,160507714,Brooklyn,Prospect Heights,40.68222,-73.97116,Private room,80,30,1,1,0,0
21983275,33978706,Brooklyn,Bedford-Stuyvesant,40.69624,-73.94311,Entire home/apt,158,4,4,1,0,0
21984342,156831639,Brooklyn,Clinton Hill,40.68481,-73.96589,Entire home/apt,99,30,0,1,0,0
21985070,5400884,Manhattan,Upper West Side,40.80271,-73.96781,Private room,89,30,2,1,0,0
22152376,161770518,Brooklyn,East Flatbush,40.64815,-73.95108,Entire home/apt,185,31,124,1,262,4
22152785,8456422,Manhattan,Chelsea,40.74008,-73.99741,Entire home/apt,550,30,10,1,0,0
22153425,161784847,Brooklyn,Flatbush,40.65248,-73.96445,Entire home/apt,130,30,47,1,0,0
22153909,17178268,Manhattan,East Village,40.72764,-73.98579,Private room,88,30,8,1,0,0
22154118,16725099,Brooklyn,Williamsburg,40.71728,-73.9499,Entire home/apt,250,30,1,1,0,0
22041636,33588156,Brooklyn,Williamsburg,40.71518,-73.94133,Private room,49,30,0,1,0,0
22050058,135530716,Queens,Flushing,40.7637,-73.79657,Private room,80,30,0,4,0,0
22050927,135530716,Queens,Flushing,40.76565,-73.79641,Private room,85,30,1,4,0,0
22051488,135530716,Queens,Flushing,40.76402,-73.79647,Private room,108,30,1,4,0,0
22051863,44869463,Manhattan,Hell's Kitchen,40.76561,-73.98522,Entire home/apt,160,30,0,1,0,0
22157683,127267474,Manhattan,Midtown,40.75598,-73.96887,Entire home/apt,125,30,5,1,0,0
22054258,161081229,Bronx,Melrose,40.82339,-73.91425,Private room,54,2,202,2,294,62
22055300,40711894,Queens,Elmhurst,40.73995,-73.88928,Shared room,56,1,26,3,102,6
22057103,14290739,Manhattan,Upper West Side,40.7921,-73.96571,Entire home/apt,135,30,4,5,35,1
22057431,60523852,Brooklyn,Bedford-Stuyvesant,40.68482,-73.94467,Entire home/apt,85,30,2,1,0,0
22157982,4152479,Brooklyn,Williamsburg,40.70905,-73.95092,Private room,80,30,1,1,0,0
21985279,151880786,Queens,Richmond Hill,40.70202,-73.82655,Entire home/apt,200,30,9,1,173,0
22059169,32299529,Brooklyn,East New York,40.67151,-73.88911,Entire home/apt,45,30,1,1,0,0
22059613,75976584,Brooklyn,Bushwick,40.687,-73.90688,Private room,50,30,0,1,0,0
22060065,3701760,Manhattan,Washington Heights,40.8408,-73.93782,Private room,35,30,5,1,0,0
22060924,5234625,Brooklyn,Williamsburg,40.70647,-73.94437,Private room,50,30,2,1,0,0
21989166,105758291,Brooklyn,East Flatbush,40.64669,-73.94813,Entire home/apt,185,3,68,1,37,16
21990254,160326327,Brooklyn,Cypress Hills,40.68448,-73.8739,Shared room,49,30,35,3,0,0
21994561,2928002,Manhattan,Upper West Side,40.79783,-73.96794,Private room,39,4,2,1,0,0
21995314,95459395,Manhattan,Hell's Kitchen,40.761532,-73.998779,Entire home/apt,429,30,1,56,353,0
21995511,95459395,Manhattan,Hell's Kitchen,40.761532,-73.998779,Entire home/apt,429,30,0,56,353,0
21995672,95459395,Manhattan,Hell's Kitchen,40.761532,-73.998779,Entire home/apt,429,30,0,56,353,0
21995866,95459395,Manhattan,Hell's Kitchen,40.761532,-73.998779,Entire home/apt,429,30,0,56,353,0
22062320,6600911,Brooklyn,Bensonhurst,40.6119,-73.98546,Private room,61,5,7,5,331,4
22062860,737515,Brooklyn,Greenpoint,40.72987,-73.95998,Entire home/apt,275,30,0,1,0,0
21995883,79886089,Manhattan,Chelsea,40.74713,-73.99392,Private room,150,30,4,1,0,0
22160989,161592215,Manhattan,East Harlem,40.8022,-73.93767,Entire home/apt,110,30,43,4,0,0
22064022,16753102,Brooklyn,Fort Greene,40.69806,-73.97616,Entire home/apt,130,4,9,1,0,0
21996542,11951403,Manhattan,East Village,40.72515,-73.98045,Entire home/apt,475,30,0,1,64,0
21996644,95459395,Manhattan,Hell's Kitchen,40.761532,-73.998779,Entire home/apt,429,30,0,56,353,0
22064262,120762452,Manhattan,Murray Hill,40.74926,-73.97643,Entire home/apt,185,30,9,83,365,2
22065495,43960739,Manhattan,Washington Heights,40.84503,-73.94167,Private room,57,21,21,1,0,0
21997208,154608871,Manhattan,Upper West Side,40.78565,-73.97568,Entire home/apt,215,30,0,1,0,0
21997247,95459395,Manhattan,Hell's Kitchen,40.761532,-73.998779,Entire home/apt,429,30,0,56,353,0
21997804,812331,Manhattan,Hell's Kitchen,40.76688,-73.98588,Entire home/apt,150,7,1,1,1,0
21999647,159655531,Manhattan,East Harlem,40.80078,-73.94509,Private room,96,3,159,2,7,34
22161900,26494979,Brooklyn,Williamsburg,40.71405,-73.94744,Entire home/apt,115,4,5,1,0,0
22165628,161157565,Brooklyn,Greenpoint,40.72491,-73.94396,Shared room,35,30,11,2,317,0
22165797,60365315,Brooklyn,Sheepshead Bay,40.60681,-73.96112,Private room,36,30,0,1,0,0
22166055,125914985,Brooklyn,East Flatbush,40.63279,-73.94376,Entire home/apt,99,6,105,2,82,20
22065693,10916642,Manhattan,Harlem,40.81322,-73.95039,Entire home/apt,162,2,25,1,46,24
22167066,126397762,Manhattan,Harlem,40.82828,-73.94144,Private room,79,1,173,3,0,0
22000255,157728550,Manhattan,East Harlem,40.80111,-73.94246,Private room,250,1,144,2,365,0
22000376,135530716,Queens,Flushing,40.7656,-73.79621,Entire home/apt,218,30,63,4,0,0
22066317,35986301,Manhattan,Upper West Side,40.79654,-73.96246,Private room,50,30,1,1,0,0
22000430,159154462,Manhattan,Midtown,40.75754,-73.98128,Entire home/apt,130,31,73,2,0,0
22002827,11530808,Brooklyn,Bedford-Stuyvesant,40.68349,-73.93304,Entire home/apt,60,30,1,1,0,0
22005812,839702,Manhattan,Chelsea,40.74623,-74.00381,Entire home/apt,135,30,19,1,0,0
22173625,161976329,Brooklyn,East New York,40.67297,-73.87673,Entire home/apt,87,5,108,2,146,21
22173887,3297475,Brooklyn,Greenpoint,40.72572,-73.94156,Private room,43,30,3,1,0,0
22066430,20604809,Brooklyn,Williamsburg,40.7132,-73.96176,Entire home/apt,180,5,40,1,0,1
22174482,161983650,Queens,Bayside,40.75252,-73.75526,Private room,45,30,2,1,0,0
22009620,160707142,Brooklyn,East Flatbush,40.64937,-73.93525,Private room,91,2,83,1,337,22
22010163,790872,Manhattan,East Harlem,40.80478,-73.93771,Entire home/apt,110,30,3,2,0,0
22010343,22365640,Queens,Woodside,40.74573,-73.91086,Entire home/apt,100,30,0,1,0,0
22066551,19900075,Manhattan,Harlem,40.82403,-73.93939,Private room,55,30,0,1,0,0
22011311,97336460,Brooklyn,Bushwick,40.69682,-73.92543,Private room,100,30,0,1,0,0
22175249,161919000,Brooklyn,Sheepshead Bay,40.58784,-73.93642,Private room,85,30,0,1,0,0
22175928,160326327,Brooklyn,Cypress Hills,40.68642,-73.87536,Private room,44,30,31,3,0,0
22176026,126397762,Manhattan,Washington Heights,40.83045,-73.93995,Shared room,29,1,7,3,0,0
22176062,5853457,Brooklyn,Borough Park,40.64215,-73.99789,Private room,65,30,38,7,166,3
22176068,161997330,Manhattan,Chelsea,40.74164,-73.9947,Entire home/apt,295,30,2,1,0,0
22066865,76728828,Manhattan,Murray Hill,40.7474,-73.97312,Entire home/apt,207,30,2,1,0,0
22176678,110142237,Manhattan,Harlem,40.80336,-73.95779,Entire home/apt,95,30,52,1,0,0
22015654,159571314,Manhattan,Nolita,40.7215,-73.99587,Entire home/apt,325,30,3,1,0,0
22017804,27105320,Brooklyn,Crown Heights,40.67092,-73.95227,Private room,35,30,0,1,0,0
22019218,131476075,Brooklyn,Bushwick,40.68562,-73.91171,Private room,75,1,32,8,70,5
22019711,70338191,Manhattan,Washington Heights,40.85524,-73.92999,Private room,50,30,58,1,0,0
22246770,3266249,Brooklyn,Williamsburg,40.71006,-73.95717,Private room,65,30,0,1,0,0
22247316,43600815,Brooklyn,Williamsburg,40.70691,-73.93787,Private room,40,30,0,2,0,0
22249013,17672907,Brooklyn,Bushwick,40.69153,-73.91013,Private room,33,30,7,1,0,0
22249256,14815035,Brooklyn,Williamsburg,40.71877,-73.95436,Entire home/apt,170,30,0,1,0,0
22068519,12795683,Brooklyn,Gowanus,40.68456,-73.98711,Private room,125,2,1,1,0,0
22249805,52332281,Manhattan,East Village,40.72507,-73.98465,Private room,130,30,24,1,0,0
22249905,33470925,Manhattan,Hell's Kitchen,40.75832,-73.99541,Entire home/apt,210,30,2,1,0,0
22250050,85216513,Queens,Sunnyside,40.73743,-73.92384,Private room,500,30,2,1,0,0
22176782,77792023,Brooklyn,Bushwick,40.70567,-73.92571,Private room,40,30,4,1,0,0
22178073,21963202,Queens,Jamaica Estates,40.71758,-73.7865,Private room,323,1,456,2,93,86
22073571,9320996,Manhattan,East Village,40.72637,-73.98104,Entire home/apt,120,30,2,1,0,0
22076359,161268152,Brooklyn,Clinton Hill,40.6835,-73.96168,Entire home/apt,450,2,109,2,289,37
22250309,62048197,Brooklyn,Bedford-Stuyvesant,40.68396,-73.93071,Entire home/apt,70,2,2,1,0,0
22077789,32451588,Manhattan,Upper West Side,40.80211,-73.96682,Private room,150,30,0,1,0,0
22184960,12454759,Brooklyn,Williamsburg,40.70852,-73.96122,Private room,88,30,55,1,0,1
22077920,17322363,Manhattan,Morningside Heights,40.80419,-73.96396,Entire home/apt,170,30,2,1,0,0
22250584,53693534,Brooklyn,Crown Heights,40.67656,-73.91594,Entire home/apt,360,5,0,1,0,0
22250850,158212655,Bronx,Kingsbridge,40.87469,-73.90169,Private room,200,30,3,2,0,0
22079387,148107543,Manhattan,Chelsea,40.74332,-73.99764,Entire home/apt,199,30,40,1,0,0
22187284,802971,Brooklyn,Williamsburg,40.71242,-73.95996,Entire home/apt,75,3,4,1,3,0
22080281,37687663,Manhattan,Lower East Side,40.72154,-73.9918,Private room,76,30,1,1,0,0
22251000,4683415,Manhattan,West Village,40.73768,-74.00789,Entire home/apt,290,30,5,1,0,0
22081741,2738676,Brooklyn,Bedford-Stuyvesant,40.68741,-73.93027,Private room,49,30,2,1,0,0
22251486,17110907,Manhattan,SoHo,40.72648,-74.00248,Private room,80,30,1,1,0,0
22187361,202285,Manhattan,Greenwich Village,40.73374,-73.99847,Entire home/apt,470,6,26,1,5,10
22081938,159655531,Manhattan,East Harlem,40.80121,-73.94429,Private room,75,3,79,2,0,0
22082124,4865463,Manhattan,Upper East Side,40.77517,-73.94793,Entire home/apt,195,30,0,1,0,0
22082514,58633574,Brooklyn,Bedford-Stuyvesant,40.69951,-73.94123,Private room,70,2,12,1,0,0
22188050,19380568,Manhattan,Midtown,40.75333,-73.96878,Entire home/apt,300,30,2,1,0,0
22188609,155125855,Manhattan,Midtown,40.74689,-73.98345,Private room,214,30,42,2,0,0
22082903,156047478,Manhattan,Harlem,40.80643,-73.94931,Entire home/apt,95,30,21,7,187,4
22084212,159586124,Manhattan,Chelsea,40.7379,-73.99782,Entire home/apt,400,30,0,1,0,0
22251884,16897284,Manhattan,Tribeca,40.71705,-74.00511,Entire home/apt,332,1,123,1,89,34
22252595,26984764,Queens,Long Island City,40.74228,-73.95708,Private room,70,30,1,1,0,0
22084321,1472745,Manhattan,Lower East Side,40.71314,-73.99002,Private room,114,30,9,1,0,0
22085185,13775180,Brooklyn,Downtown Brooklyn,40.69249,-73.99095,Entire home/apt,150,30,0,1,0,0
22258326,42304005,Manhattan,Theater District,40.7615,-73.98636,Entire home/apt,250,4,26,1,68,4
22188812,67336825,Brooklyn,Williamsburg,40.7074,-73.94963,Entire home/apt,127,30,3,1,0,0
22086471,3965297,Brooklyn,Greenpoint,40.73152,-73.959,Entire home/apt,250,30,9,1,0,0
22189962,50682735,Queens,Richmond Hill,40.69365,-73.84389,Entire home/apt,191,2,41,1,358,15
22086968,161344095,Bronx,Van Nest,40.8429,-73.8638,Entire home/apt,136,2,233,1,135,43
22190466,5751765,Manhattan,East Harlem,40.7992,-73.94298,Private room,85,3,4,1,0,0
22258880,121713773,Manhattan,Midtown,40.74748,-73.98354,Private room,150,30,2,1,0,0
22087030,24715671,Manhattan,Kips Bay,40.744,-73.97993,Entire home/apt,599,30,0,6,363,0
22087093,103345244,Bronx,Kingsbridge,40.88388,-73.89951,Private room,55,30,17,2,0,0
22088276,31880119,Manhattan,NoHo,40.72541,-73.99544,Entire home/apt,175,30,9,1,0,0
22259472,49019705,Brooklyn,Bushwick,40.7025,-73.92666,Entire home/apt,175,2,1,1,0,0
22088301,2496299,Brooklyn,Williamsburg,40.71147,-73.94387,Entire home/apt,350,2,82,1,318,34
22088784,161360183,Brooklyn,Gowanus,40.67895,-73.98715,Entire home/apt,98,30,2,1,0,0
22191121,6963310,Brooklyn,Williamsburg,40.719,-73.94772,Entire home/apt,100,3,1,1,0,0
22089194,23909694,Manhattan,Greenwich Village,40.72823,-73.99976,Entire home/apt,170,30,3,2,0,0
22096182,51734800,Brooklyn,Flatbush,40.63156,-73.96479,Private room,50,30,3,1,339,2
22259480,78895626,Brooklyn,Bedford-Stuyvesant,40.68282,-73.91959,Private room,25,30,1,1,0,0
22260331,26898137,Brooklyn,Bedford-Stuyvesant,40.67995,-73.94621,Private room,48,30,1,1,0,0
22096640,24625767,Manhattan,Harlem,40.82402,-73.9455,Private room,75,30,2,1,0,0
22191302,6317137,Brooklyn,Williamsburg,40.71771,-73.95041,Entire home/apt,120,30,1,1,0,0
22096731,10775192,Brooklyn,Crown Heights,40.66759,-73.96156,Private room,45,30,0,2,0,0
22098435,23208262,Brooklyn,Williamsburg,40.71435,-73.94261,Private room,45,30,0,1,0,0
22191500,162142087,Queens,Jamaica,40.68655,-73.80434,Private room,36,1,116,4,330,50
22264539,104035649,Brooklyn,Bushwick,40.70157,-73.93086,Private room,50,30,0,1,0,0
22100970,61391963,Manhattan,Kips Bay,40.74267,-73.98003,Entire home/apt,165,30,22,116,311,4
22101034,94713722,Queens,Springfield Gardens,40.68875,-73.75461,Entire home/apt,95,2,37,2,338,6
22264586,50909072,Brooklyn,Williamsburg,40.71266,-73.95847,Private room,45,30,3,1,0,0
22265411,162280872,Manhattan,Upper East Side,40.77337,-73.94817,Entire home/apt,180,30,6,98,249,0
22265765,162280872,Manhattan,Upper East Side,40.7732,-73.94773,Entire home/apt,170,30,9,98,127,3
22266538,36283215,Brooklyn,Williamsburg,40.712,-73.93725,Private room,49,30,4,1,0,0
22266609,29412145,Bronx,Mott Haven,40.80886,-73.9285,Private room,50,30,4,1,0,0
22191646,30424811,Manhattan,Kips Bay,40.7452,-73.97942,Entire home/apt,248,30,2,1,0,0
22192417,162153544,Manhattan,Midtown,40.74616,-73.98252,Entire home/apt,277,30,102,1,0,0
22192616,160326327,Brooklyn,Cypress Hills,40.68471,-73.87505,Entire home/apt,99,30,69,3,0,0
22195204,162174536,Queens,Ridgewood,40.69702,-73.89975,Private room,31,30,1,1,0,0
22105520,3663769,Brooklyn,Crown Heights,40.67386,-73.94428,Entire home/apt,225,2,18,1,0,0
22203734,90285941,Queens,Long Island City,40.763,-73.93028,Entire home/apt,70,4,1,1,0,0
22106002,18605299,Manhattan,Chelsea,40.74729,-73.99675,Private room,94,30,2,1,0,0
22203739,15969987,Manhattan,Tribeca,40.7165,-74.00566,Entire home/apt,150,30,0,1,0,0
22275245,162784512,Manhattan,Two Bridges,40.70913,-73.99984,Private room,125,30,32,1,0,0
22276159,12258594,Staten Island,St. George,40.64378,-74.0846,Private room,66,30,14,2,180,0
22107368,103170539,Queens,Astoria,40.76894,-73.91044,Private room,55,30,11,1,0,0
22276602,128560208,Brooklyn,Williamsburg,40.70429,-73.93627,Entire home/apt,295,7,4,1,83,1
22277436,138200407,Queens,Astoria,40.76729,-73.92338,Entire home/apt,71,98,1,1,0,0
22204856,1819657,Brooklyn,Clinton Hill,40.68252,-73.96613,Private room,55,30,0,1,0,0
22107619,22347036,Brooklyn,Gowanus,40.6808,-73.99156,Private room,150,30,19,1,0,0
22277909,132464629,Manhattan,Upper West Side,40.78189,-73.98083,Entire home/apt,135,30,1,1,0,0
22108302,123605746,Brooklyn,Crown Heights,40.67576,-73.94302,Private room,58,30,0,1,0,0
22279816,41930087,Manhattan,Washington Heights,40.84917,-73.93957,Private room,22,30,6,1,0,0
22205277,162261784,Manhattan,Hell's Kitchen,40.76648,-73.99167,Shared room,100,30,1,1,0,0
22205280,14142169,Brooklyn,Bedford-Stuyvesant,40.69126,-73.93496,Entire home/apt,140,6,47,1,0,0
22205284,5853457,Brooklyn,Borough Park,40.64294,-73.99607,Entire home/apt,149,30,56,7,341,0
22205619,2178877,Brooklyn,Williamsburg,40.71842,-73.96506,Private room,80,30,3,1,0,0
22117983,101430405,Manhattan,Midtown,40.76578,-73.98011,Entire home/apt,450,30,0,1,0,0
22206345,32345243,Brooklyn,Bushwick,40.69464,-73.9263,Private room,35,30,1,1,0,0
22206601,144857346,Manhattan,Nolita,40.72369,-73.99389,Entire home/apt,350,30,1,2,0,0
22207978,803468,Brooklyn,Williamsburg,40.71033,-73.94919,Entire home/apt,190,30,7,1,0,0
22208315,55324782,Manhattan,Upper West Side,40.78123,-73.97922,Private room,60,30,1,1,0,0
22208373,61391963,Manhattan,Murray Hill,40.74898,-73.97713,Entire home/apt,149,30,12,116,328,2
22119375,63935474,Brooklyn,Bedford-Stuyvesant,40.69514,-73.94612,Private room,41,30,4,1,0,0
22209681,162293435,Manhattan,Upper East Side,40.77541,-73.95164,Entire home/apt,110,30,2,1,0,0
22280002,67373899,Brooklyn,Bedford-Stuyvesant,40.68209,-73.94279,Entire home/apt,176,3,74,1,143,22
22122470,161592215,Manhattan,East Harlem,40.80227,-73.93573,Entire home/apt,115,30,51,4,0,1
22122723,43719554,Manhattan,Harlem,40.8244,-73.94598,Private room,50,30,0,1,0,0
22280395,4189538,Manhattan,Two Bridges,40.71258,-73.99486,Entire home/apt,65,30,52,1,0,0
22280404,116411135,Brooklyn,Flatbush,40.64235,-73.96176,Private room,34,59,0,1,0,0
22280432,2838365,Brooklyn,Clinton Hill,40.68378,-73.96749,Private room,71,30,0,1,0,0
22280482,43756609,Brooklyn,Bushwick,40.68693,-73.91245,Private room,70,30,3,2,0,0
22282513,112901574,Brooklyn,Bedford-Stuyvesant,40.69102,-73.93308,Private room,89,3,84,7,350,31
22282585,107296819,Manhattan,East Harlem,40.79573,-73.93726,Entire home/apt,139,1,265,3,89,70
22288453,126397762,Manhattan,Harlem,40.82897,-73.93946,Private room,79,1,157,3,0,7
22289185,24715671,Manhattan,Midtown,40.74153,-73.98366,Entire home/apt,299,30,1,6,328,0
22210721,29035593,Manhattan,East Village,40.72551,-73.98711,Entire home/apt,115,30,1,1,0,0
22125701,11769840,Brooklyn,Bedford-Stuyvesant,40.68573,-73.92294,Private room,90,7,79,3,70,12
22126122,1931414,Manhattan,Upper West Side,40.79678,-73.9716,Private room,250,30,1,1,0,0
22129871,24379402,Manhattan,East Village,40.72486,-73.98953,Entire home/apt,135,30,2,1,0,0
22213450,86973566,Bronx,Pelham Gardens,40.86006,-73.83662,Private room,75,30,8,1,90,0
22213508,6707833,Manhattan,East Village,40.72624,-73.9769,Entire home/apt,300,30,1,1,0,0
22213572,13795760,Brooklyn,Williamsburg,40.71483,-73.96079,Private room,149,30,1,2,0,0
22214383,130528939,Manhattan,Flatiron District,40.74103,-73.98472,Entire home/apt,91,30,1,1,0,0
22214408,292137,Brooklyn,Bushwick,40.69834,-73.93448,Private room,55,30,2,1,0,0
22290580,162914079,Manhattan,East Village,40.73099,-73.98169,Private room,99,30,1,1,0,0
22139932,18730893,Manhattan,Harlem,40.82674,-73.9398,Private room,90,30,0,1,0,0
22291938,83170219,Brooklyn,Williamsburg,40.70539,-73.94337,Private room,42,2,1,1,0,0
22214478,104222590,Manhattan,Harlem,40.82846,-73.94821,Private room,55,30,3,1,0,0
22214594,81503286,Manhattan,Upper West Side,40.79753,-73.97056,Entire home/apt,60,14,6,1,1,1
22227015,4332666,Manhattan,Upper West Side,40.79468,-73.96612,Entire home/apt,370,30,10,1,0,0
22142173,844422,Brooklyn,Greenpoint,40.7275,-73.94221,Entire home/apt,100,30,0,1,0,0
22292233,162927656,Queens,Jamaica,40.69137,-73.8055,Entire home/apt,225,1,44,4,162,44
22142447,1694701,Manhattan,Chelsea,40.73961,-74.00058,Entire home/apt,485,30,1,1,0,0
22142575,1776666,Brooklyn,Williamsburg,40.7094,-73.94863,Entire home/apt,160,30,20,1,35,0
22142636,40875021,Manhattan,East Harlem,40.79405,-73.93602,Entire home/apt,170,4,50,4,325,20
22143750,15338067,Brooklyn,Williamsburg,40.71222,-73.95862,Private room,65,30,9,1,0,0
22229473,162432541,Brooklyn,Williamsburg,40.71057,-73.96284,Entire home/apt,199,30,36,2,223,3
22229755,327033,Brooklyn,Bushwick,40.69486,-73.92306,Entire home/apt,96,30,41,2,176,6
22231328,4642506,Brooklyn,Bedford-Stuyvesant,40.6906,-73.95878,Entire home/apt,230,3,27,1,0,4
22342020,33060882,Brooklyn,Crown Heights,40.67635,-73.95601,Private room,32,30,1,1,0,0
22292865,132130978,Brooklyn,Bedford-Stuyvesant,40.68696,-73.94028,Entire home/apt,459,1,116,1,364,4
22294028,12531773,Manhattan,Harlem,40.82177,-73.9545,Private room,80,30,91,2,115,5
22294260,122919892,Manhattan,Harlem,40.82221,-73.94377,Entire home/apt,129,30,0,1,0,0
22295587,152629314,Manhattan,East Village,40.72376,-73.97692,Private room,67,30,2,1,0,0
22295591,70079814,Brooklyn,Sheepshead Bay,40.6073,-73.95274,Entire home/apt,199,30,4,1,0,0
22342076,75578529,Brooklyn,Flatbush,40.6494,-73.95275,Private room,49,30,0,1,0,0
22302587,8358654,Brooklyn,Williamsburg,40.7199,-73.95662,Private room,75,30,0,1,0,0
22342911,163362268,Manhattan,Gramercy,40.73492,-73.98454,Private room,69,30,5,6,337,1
22303888,310296,Brooklyn,Prospect-Lefferts Gardens,40.66302,-73.94664,Entire home/apt,88,1,110,1,62,25
22304663,163047898,Queens,Long Island City,40.74978,-73.95013,Entire home/apt,160,30,2,1,0,0
22231453,128793815,Brooklyn,Williamsburg,40.71942,-73.96137,Private room,75,5,103,3,0,0
22231557,128793815,Brooklyn,Williamsburg,40.71931,-73.95975,Private room,96,2,54,3,0,2
22231811,17430718,Manhattan,Harlem,40.81453,-73.94275,Entire home/apt,245,5,35,2,102,3
22232328,57470846,Manhattan,Upper West Side,40.78513,-73.97759,Entire home/apt,121,30,0,1,0,0
22233024,23261539,Manhattan,Nolita,40.7233,-73.99545,Entire home/apt,195,30,1,1,0,0
22238046,162457374,Bronx,Concourse Village,40.8316,-73.91538,Private room,16,30,0,1,0,0
22238789,11455361,Brooklyn,Bensonhurst,40.6084,-73.99815,Private room,35,2,0,1,0,0
22243957,5026324,Manhattan,Harlem,40.8304,-73.95008,Private room,79,30,1,1,0,0
22244184,45858744,Brooklyn,Williamsburg,40.70954,-73.95176,Private room,100,2,3,1,0,0
22245492,106899231,Brooklyn,Fort Greene,40.69601,-73.97236,Entire home/apt,150,30,74,2,92,0
22343079,107953084,Brooklyn,Prospect-Lefferts Gardens,40.66262,-73.95205,Private room,80,2,124,2,113,26
22343274,163366045,Manhattan,Harlem,40.81527,-73.95105,Private room,1000,30,0,1,0,0
22245972,162554140,Brooklyn,Prospect-Lefferts Gardens,40.66176,-73.94346,Shared room,22,30,0,1,0,0
22304757,134031945,Manhattan,SoHo,40.72668,-74.00319,Entire home/apt,204,30,0,1,0,0
22305350,335016,Brooklyn,Bushwick,40.70246,-73.92478,Private room,29,30,7,1,0,0
22305896,530553,Brooklyn,Bedford-Stuyvesant,40.68369,-73.92071,Entire home/apt,182,2,155,1,295,27
22343553,1177128,Brooklyn,Greenpoint,40.72546,-73.95745,Private room,135,30,9,1,0,0
22306777,19561602,Brooklyn,Bushwick,40.69533,-73.9309,Entire home/apt,50,30,2,1,0,0
22460669,55807631,Brooklyn,Williamsburg,40.70899,-73.94145,Private room,45,30,11,1,0,0
22343909,52586141,Brooklyn,Bedford-Stuyvesant,40.69539,-73.94954,Entire home/apt,126,5,90,1,40,24
22344067,160468444,Brooklyn,Brighton Beach,40.58165,-73.95795,Private room,85,60,0,1,0,0
22462797,164637779,Manhattan,Upper East Side,40.76968,-73.96665,Entire home/apt,125,30,2,1,0,0
22463977,21959207,Brooklyn,Prospect Heights,40.67701,-73.97118,Private room,96,1,468,1,4,99
22306969,3161518,Queens,East Elmhurst,40.75844,-73.89889,Entire home/apt,110,30,3,1,0,0
22308180,2424166,Manhattan,Upper East Side,40.77622,-73.95137,Entire home/apt,200,30,0,1,0,0
22344483,163376694,Brooklyn,Greenpoint,40.72411,-73.9516,Entire home/apt,95,21,45,1,5,6
22308824,56704653,Manhattan,East Harlem,40.79613,-73.93328,Entire home/apt,170,30,0,1,0,0
22309027,6154298,Brooklyn,Clinton Hill,40.68722,-73.96537,Entire home/apt,158,30,0,1,0,0
22345676,2921109,Brooklyn,Bedford-Stuyvesant,40.68957,-73.92968,Entire home/apt,112,30,47,1,1,0
22345693,14805627,Brooklyn,Bushwick,40.70498,-73.92667,Private room,38,30,8,1,0,0
22309304,75872359,Manhattan,Upper East Side,40.77708,-73.94822,Entire home/apt,150,30,1,1,0,0
22309568,162546695,Queens,Rego Park,40.72949,-73.86247,Private room,100,30,0,1,0,0
22312190,52602009,Manhattan,Chelsea,40.75106,-74.00211,Private room,50,28,162,1,0,0
22312886,1723702,Manhattan,West Village,40.73972,-74.00809,Entire home/apt,80,60,1,1,0,0
22321322,964882,Manhattan,Kips Bay,40.74298,-73.98123,Entire home/apt,100,30,1,1,0,0
22464789,33750563,Manhattan,Lower East Side,40.71781,-73.99141,Entire home/apt,96,30,3,1,0,2
22465327,254846,Brooklyn,Bushwick,40.68837,-73.91453,Entire home/apt,319,30,26,3,300,0
22468075,24707177,Manhattan,East Harlem,40.79823,-73.93409,Entire home/apt,110,30,5,1,0,0
22346131,156187884,Queens,Astoria,40.75679,-73.92844,Entire home/apt,137,3,100,1,66,25
22471099,48565842,Brooklyn,Crown Heights,40.67426,-73.95637,Private room,39,30,0,1,0,0
22472801,164750816,Queens,Howard Beach,40.66259,-73.84176,Entire home/apt,87,2,119,1,104,3
22321716,163189326,Queens,Jackson Heights,40.75237,-73.89437,Entire home/apt,94,2,148,1,276,39
22322524,103259676,Brooklyn,Williamsburg,40.72175,-73.95724,Entire home/apt,180,30,15,1,0,0
22323204,163200338,Manhattan,Financial District,40.70949,-74.01444,Entire home/apt,219,30,5,1,17,0
22346441,162142087,Queens,Jamaica,40.68652,-73.80516,Private room,100,1,99,4,160,7
22350243,163421878,Queens,Sunnyside,40.74192,-73.91214,Private room,95,1,88,3,353,33
22327622,25188010,Brooklyn,Bedford-Stuyvesant,40.68594,-73.95304,Entire home/apt,150,30,18,1,145,0
22327744,79298323,Queens,Maspeth,40.73452,-73.894,Private room,50,32,19,3,95,1
22478609,164806814,Manhattan,Upper East Side,40.76031,-73.96359,Entire home/apt,120,30,81,1,278,0
22480209,27741331,Brooklyn,East Flatbush,40.66247,-73.92647,Private room,40,30,2,6,364,1
22481246,92856787,Manhattan,Hell's Kitchen,40.76127,-73.99557,Entire home/apt,250,30,117,1,0,0
22352661,11742675,Brooklyn,Williamsburg,40.70839,-73.9462,Entire home/apt,139,30,40,1,0,0
22353870,19543830,Manhattan,Harlem,40.79848,-73.95272,Private room,50,30,1,1,0,0
22354598,120762452,Manhattan,Murray Hill,40.74926,-73.97643,Entire home/apt,185,30,6,83,335,0
22355505,29003805,Manhattan,Harlem,40.82676,-73.94552,Private room,38,30,1,2,0,0
22356093,39150374,Manhattan,Greenwich Village,40.73592,-73.99688,Private room,100,30,0,1,0,0
22356352,76835453,Brooklyn,Bushwick,40.69318,-73.91867,Entire home/apt,60,30,2,1,0,0
22328208,29346825,Manhattan,Harlem,40.81737,-73.94244,Private room,40,30,1,1,0,0
22356845,7416563,Brooklyn,Boerum Hill,40.68849,-73.98496,Private room,124,5,168,1,0,21
22330756,54658419,Brooklyn,Williamsburg,40.71195,-73.96085,Private room,106,3,10,2,0,0
22481840,162572530,Brooklyn,Bedford-Stuyvesant,40.68177,-73.90871,Entire home/apt,90,2,13,1,0,0
22358241,82192372,Brooklyn,Williamsburg,40.7113,-73.95988,Private room,80,30,0,1,0,0
22360657,48858084,Manhattan,Greenwich Village,40.73014,-74.00138,Entire home/apt,200,30,0,1,0,0
22361657,5778653,Brooklyn,Bedford-Stuyvesant,40.69713,-73.94708,Private room,45,30,1,1,0,0
22363371,132341923,Queens,Jamaica,40.68817,-73.78704,Entire home/apt,72,2,244,1,48,60
22482376,164847238,Manhattan,Nolita,40.72111,-73.99417,Private room,90,30,7,1,0,0
22483110,26156848,Brooklyn,South Slope,40.66618,-73.98906,Entire home/apt,169,3,86,1,1,9
22336218,108150300,Brooklyn,Greenpoint,40.72648,-73.95604,Private room,125,30,14,1,0,0
22336423,40371157,Bronx,Longwood,40.82221,-73.90325,Private room,125,30,25,2,0,0
22337162,861330,Brooklyn,Williamsburg,40.70263,-73.94498,Private room,35,10,0,3,0,0
22338452,4122771,Manhattan,East Village,40.72714,-73.98012,Entire home/apt,150,30,0,1,0,0
22338613,52593822,Manhattan,Harlem,40.83191,-73.94776,Entire home/apt,100,30,0,1,0,0
22338852,12703112,Brooklyn,Kensington,40.63603,-73.97235,Private room,60,30,2,1,0,0
22365504,163259257,Brooklyn,Bedford-Stuyvesant,40.69446,-73.93778,Shared room,35,30,2,1,0,1
22339264,4534686,Brooklyn,Bushwick,40.69701,-73.92406,Entire home/apt,110,30,3,1,0,0
22483776,55197894,Queens,Woodside,40.74915,-73.90122,Private room,27,30,7,1,0,0
22367196,163554531,Brooklyn,Bushwick,40.69418,-73.91071,Private room,29,30,0,1,0,0
22484057,38359380,Brooklyn,Kensington,40.64396,-73.97855,Private room,35,30,2,1,0,0
22339390,162436632,Manhattan,East Village,40.72284,-73.97587,Private room,46,30,13,1,131,0
22368370,139329404,Brooklyn,Bedford-Stuyvesant,40.69048,-73.94993,Entire home/apt,142,1,9,1,0,0
22339698,163329653,Brooklyn,East Flatbush,40.65028,-73.94568,Entire home/apt,120,2,118,3,327,4
22340093,162280872,Manhattan,Upper East Side,40.77351,-73.94802,Entire home/apt,180,30,9,98,82,3
22340384,18049970,Brooklyn,Brownsville,40.66107,-73.90149,Entire home/apt,586,1,166,1,362,21
22341035,162142087,Queens,Jamaica,40.68882,-73.80549,Private room,36,30,25,4,360,1
22341660,67375050,Queens,Ditmars Steinway,40.77287,-73.91678,Private room,50,30,0,1,0,0
22485658,806010,Brooklyn,Bedford-Stuyvesant,40.68859,-73.95214,Entire home/apt,250,30,5,1,257,0
22491853,67859646,Manhattan,Harlem,40.80610689323991,-73.95584284502574,Private room,135,2,76,2,45,6
22370339,163576102,Brooklyn,Flatbush,40.6356,-73.96243,Entire home/apt,66,30,9,1,259,2
22371868,13753058,Brooklyn,Crown Heights,40.66561,-73.93694,Entire home/apt,65,30,0,1,0,0
22372893,94088674,Brooklyn,Bedford-Stuyvesant,40.69807,-73.94574,Private room,28,30,2,1,0,0
22374799,163605956,Brooklyn,Flatlands,40.62905,-73.92873,Entire home/apt,250,1,42,1,364,5
22685532,143938171,Queens,Ozone Park,40.68245,-73.84141,Entire home/apt,200,30,0,1,0,0
22376011,161510806,Brooklyn,Crown Heights,40.67734,-73.95613,Private room,60,30,2,2,0,0
22376093,24273714,Brooklyn,Williamsburg,40.71455,-73.93952,Entire home/apt,160,4,137,8,238,47
22376956,707534,Manhattan,Midtown,40.75327,-73.9862,Entire home/apt,330,30,10,1,0,0
22497711,101170573,Manhattan,Hell's Kitchen,40.77129,-73.99273,Entire home/apt,60,30,1,1,0,0
22382300,10347684,Manhattan,West Village,40.73076,-74.00288,Entire home/apt,190,30,2,1,0,0
22382863,66837596,Brooklyn,Williamsburg,40.7179,-73.96412,Private room,208,3,62,3,15,15
22688059,8992812,Brooklyn,Bedford-Stuyvesant,40.6817,-73.92624,Entire home/apt,110,30,13,1,0,0
22387499,68554866,Brooklyn,Bushwick,40.68595,-73.90904,Entire home/apt,195,3,68,1,91,17
22689135,167250189,Brooklyn,Bushwick,40.69859,-73.93007,Private room,25,30,1,1,0,0
22691267,76422506,Brooklyn,Bedford-Stuyvesant,40.69666,-73.96072,Private room,55,30,0,1,0,0
22503340,150858055,Brooklyn,Bushwick,40.69833,-73.93263,Private room,50,30,10,1,0,0
22504678,122786340,Manhattan,Upper West Side,40.80272,-73.96637,Private room,50,30,0,1,0,0
22505480,126687208,Manhattan,Upper West Side,40.79289,-73.96413,Private room,151,30,0,1,0,0
22387975,61394859,Brooklyn,Williamsburg,40.71953,-73.94078,Private room,50,30,0,1,0,0
22389035,25944182,Queens,Sunnyside,40.73866,-73.92996,Private room,89,2,139,2,38,40
22389296,25944182,Queens,Sunnyside,40.7388,-73.92917,Private room,97,2,116,2,39,28
22390755,4043468,Brooklyn,Bushwick,40.69467,-73.90932,Private room,51,2,38,1,0,0
22392030,151728547,Manhattan,Upper West Side,40.77532,-73.98322,Entire home/apt,70,30,0,1,0,0
22511108,128338539,Staten Island,Stapleton,40.62988,-74.08115,Entire home/apt,175,3,33,1,179,3
22512408,28400686,Manhattan,Roosevelt Island,40.76257,-73.94922,Private room,78,30,0,1,0,0
22514608,23834677,Manhattan,Harlem,40.82822,-73.94286,Entire home/apt,124,1,358,2,274,77
22515792,40176101,Brooklyn,Bedford-Stuyvesant,40.69007,-73.92863,Private room,105,1,124,8,7,2
22697211,41550565,Brooklyn,Columbia St,40.69037,-73.9989,Entire home/apt,100,30,17,1,155,6
22699657,55689124,Queens,Maspeth,40.71435,-73.90936,Entire home/apt,132,1,18,1,176,9
22699847,134428157,Brooklyn,Bedford-Stuyvesant,40.69378,-73.94624,Entire home/apt,100,30,48,5,196,3
22700620,56120478,Brooklyn,Greenpoint,40.71929,-73.95085,Private room,75,30,9,1,0,0
22393526,33787022,Brooklyn,Williamsburg,40.71668,-73.95681,Entire home/apt,200,30,12,1,0,0
22395320,2257005,Manhattan,Midtown,40.74893,-73.98346,Private room,129,3,31,1,0,0
22397992,137675040,Manhattan,Harlem,40.81237,-73.95138,Private room,55,30,1,1,0,0
22701969,3741891,Brooklyn,Crown Heights,40.67127,-73.94652,Private room,68,4,81,1,0,0
22702906,6291509,Brooklyn,Boerum Hill,40.68812,-73.98599,Entire home/apt,200,30,6,1,0,0
22516244,705450,Brooklyn,Prospect-Lefferts Gardens,40.66215,-73.95128,Entire home/apt,120,4,9,1,6,2
22516600,112901574,Brooklyn,Bedford-Stuyvesant,40.69089,-73.93301,Private room,75,3,70,7,322,27
22516899,76426686,Brooklyn,Crown Heights,40.67047,-73.93684,Private room,57,30,0,1,0,0
22399103,4010883,Manhattan,Gramercy,40.73565,-73.98043,Entire home/apt,165,30,25,1,133,3
22400568,12898987,Queens,Ditmars Steinway,40.77314,-73.90359,Entire home/apt,210,6,99,1,344,16
22524272,5758215,Manhattan,SoHo,40.72422,-74.00509,Private room,595,30,0,1,0,0
22529259,1533576,Brooklyn,Bedford-Stuyvesant,40.69531,-73.95262,Entire home/apt,135,7,11,1,100,3
22702994,99652823,Brooklyn,Kensington,40.64115,-73.97367,Private room,50,30,0,1,0,0
22401504,163855521,Brooklyn,East New York,40.67548,-73.87881,Entire home/apt,135,5,135,1,268,27
22530764,165448425,Brooklyn,East Flatbush,40.64951,-73.94218,Private room,130,30,12,1,365,0
22401901,10674042,Manhattan,Upper East Side,40.7764,-73.94699,Entire home/apt,200,30,1,1,0,0
22531031,56757345,Brooklyn,East Flatbush,40.64997,-73.94453,Entire home/apt,88,2,124,1,0,53
22531866,357117,Brooklyn,Williamsburg,40.72082,-73.96238,Private room,89,30,8,1,0,0
22703468,167270001,Manhattan,Hell's Kitchen,40.75668,-73.99339,Private room,129,1,183,6,292,48
22406251,163905917,Manhattan,Hell's Kitchen,40.7553,-73.996,Private room,80,30,7,2,0,0
22534758,23949144,Brooklyn,Williamsburg,40.7162,-73.94504,Entire home/apt,314,2,6,1,0,0
22407389,2924286,Manhattan,Washington Heights,40.85756,-73.93175,Private room,53,30,16,1,0,3
22535503,6298158,Brooklyn,Bedford-Stuyvesant,40.68101,-73.92923,Private room,114,30,20,2,365,0
22543433,138770550,Brooklyn,Crown Heights,40.67037,-73.93624,Entire home/apt,302,4,31,3,97,21
22545036,12541753,Manhattan,Upper West Side,40.79997,-73.96142,Private room,39,30,1,1,0,0
22703920,167098774,Brooklyn,Canarsie,40.63957,-73.89224,Private room,58,30,24,1,0,0
22704069,162575767,Manhattan,SoHo,40.72212,-74.00027,Entire home/apt,800,30,0,1,0,0
22704461,2681756,Manhattan,Upper West Side,40.78654,-73.97177,Entire home/apt,170,30,0,1,0,0
22408527,36356065,Brooklyn,Bay Ridge,40.63845,-74.02908,Private room,58,30,1,1,0,0
22704580,93516714,Manhattan,Upper West Side,40.77517,-73.98831,Private room,120,60,0,1,0,0
22545284,3073721,Brooklyn,East Flatbush,40.65224,-73.94386,Entire home/apt,81,30,52,1,0,0
22409073,162781227,Brooklyn,Gowanus,40.68072,-73.98249,Entire home/apt,175,30,7,1,0,0
22546236,133825714,Queens,Flushing,40.72516,-73.80289,Shared room,30,30,0,1,0,0
22705963,166873118,Manhattan,Murray Hill,40.74584,-73.97583,Private room,49,30,0,1,0,0
22714571,167270001,Manhattan,Hell's Kitchen,40.75675,-73.9937,Private room,129,1,273,6,287,68
22714857,167270001,Manhattan,Hell's Kitchen,40.75676,-73.99369,Private room,102,1,173,6,269,44
22409377,100032033,Brooklyn,Bushwick,40.68736,-73.91074,Private room,35,30,0,1,0,0
22734359,167831565,Brooklyn,Flatlands,40.62928,-73.94648,Private room,59,30,6,1,0,0
22734483,45241930,Manhattan,Upper East Side,40.77145,-73.95673,Entire home/apt,150,60,6,3,0,0
22734514,167818421,Queens,Astoria,40.7667,-73.91611,Private room,78,30,28,1,0,0
22735103,33695224,Queens,Sunnyside,40.7451,-73.91596,Private room,60,30,4,1,0,0
22735497,12150056,Manhattan,East Harlem,40.78741,-73.94298,Entire home/apt,135,2,10,2,0,0
22747209,8113165,Brooklyn,Canarsie,40.63597,-73.90965,Entire home/apt,129,1,23,2,162,8
22748260,1348989,Brooklyn,Bushwick,40.70154,-73.92413,Entire home/apt,150,30,0,1,0,0
22751177,163362268,Manhattan,Gramercy,40.73492,-73.98454,Private room,69,30,7,6,333,2
22409448,9470468,Manhattan,Harlem,40.80682,-73.95444,Entire home/apt,158,5,107,1,23,33
22751525,155223823,Manhattan,Harlem,40.8282,-73.94202,Entire home/apt,85,30,1,2,0,0
22548780,3094303,Brooklyn,Clinton Hill,40.68675,-73.96142,Private room,48,30,1,1,0,0
22550289,7495768,Brooklyn,Brooklyn Heights,40.6933,-73.99794,Entire home/apt,80,30,10,1,0,0
22409935,57044398,Manhattan,Midtown,40.74389,-73.98714,Entire home/apt,450,30,0,1,0,0
22551923,56730358,Brooklyn,Bedford-Stuyvesant,40.68675,-73.94205,Entire home/apt,40,30,5,1,0,0
22410359,12233355,Brooklyn,Greenpoint,40.72408,-73.94003,Private room,70,1,11,2,0,0
22411635,11200970,Brooklyn,Williamsburg,40.7112,-73.94112,Private room,60,30,37,1,0,0
22417648,25064629,Manhattan,Two Bridges,40.71098,-73.99557,Private room,148,2,76,1,5,14
22567430,165853174,Brooklyn,East Flatbush,40.64263,-73.93824,Entire home/apt,95,7,116,1,347,11
22751906,167019780,Brooklyn,Bedford-Stuyvesant,40.68013,-73.934,Entire home/apt,170,3,80,1,266,18
22420902,52221728,Brooklyn,Williamsburg,40.70562,-73.9424,Private room,40,30,2,1,0,0
22752094,33995259,Manhattan,Upper East Side,40.77549,-73.95189,Entire home/apt,185,30,10,1,0,0
22568389,2880848,Brooklyn,Clinton Hill,40.69292,-73.96566,Private room,80,2,0,1,0,0
22421636,35518413,Queens,Ditmars Steinway,40.77571,-73.92417,Entire home/apt,100,30,158,1,0,0
22431770,164291123,Manhattan,Flatiron District,40.7403,-73.98599,Hotel room,431,1,506,5,354,300
22569493,28574655,Brooklyn,Crown Heights,40.67584,-73.94247,Entire home/apt,180,30,62,2,0,0
22570044,790872,Manhattan,East Harlem,40.80335,-73.9385,Private room,45,30,4,2,0,0
22574255,4365662,Brooklyn,Flatbush,40.64051,-73.96786,Private room,55,30,144,1,35,4
22578161,76664098,Queens,Flushing,40.75794,-73.81872,Shared room,30,30,0,1,0,0
22753912,16200683,Manhattan,Harlem,40.81077,-73.95206,Entire home/apt,175,30,18,1,0,0
22754110,47844929,Manhattan,Chelsea,40.73912,-74.00033,Entire home/apt,115,30,4,1,0,0
22754358,59281169,Manhattan,East Village,40.73225,-73.99089,Private room,125,1,10,1,32,1
22763812,327778,Brooklyn,Crown Heights,40.6738,-73.92395,Private room,55,30,7,1,0,0
22432497,164303137,Brooklyn,Bedford-Stuyvesant,40.69642,-73.93461,Private room,34,4,43,2,0,0
22765472,162980623,Staten Island,Rosebank,40.6156472947196,-74.06853399247224,Entire home/apt,87,1,1,1,342,1
22770827,19962052,Manhattan,Gramercy,40.73651,-73.98108,Entire home/apt,245,2,54,2,14,13
22434861,5925222,Brooklyn,Bushwick,40.6902,-73.91782,Entire home/apt,275,30,1,1,0,0
22435019,5076827,Manhattan,Harlem,40.80655,-73.94629,Entire home/apt,90,30,61,2,64,5
22435813,161510806,Brooklyn,Crown Heights,40.67688,-73.95327,Private room,150,30,3,2,0,0
22436168,22507599,Brooklyn,Crown Heights,40.67232,-73.95702,Private room,30,30,0,1,0,0
22436287,655450,Brooklyn,Clinton Hill,40.68273,-73.96073,Entire home/apt,108,42,12,1,184,3
22770831,15534068,Queens,Richmond Hill,40.70362,-73.82057,Private room,40,30,21,1,0,0
22775292,413447,Brooklyn,Bushwick,40.70175,-73.9167,Private room,35,30,4,2,0,0
22775694,31665926,Brooklyn,Bushwick,40.69176,-73.92105,Private room,115,3,0,1,0,0
22781825,168308087,Manhattan,Greenwich Village,40.73527,-73.99339,Entire home/apt,305,30,0,1,0,0
22580406,122459915,Manhattan,Hell's Kitchen,40.76299,-73.99467,Private room,143,30,2,1,335,0
22582841,163829123,Brooklyn,Bushwick,40.69915,-73.93706,Entire home/apt,277,2,228,1,205,71
22584507,1653265,Brooklyn,Williamsburg,40.70949,-73.95391,Private room,50,30,0,1,0,0
22436899,72390391,Manhattan,Upper West Side,40.77184,-73.98835,Entire home/apt,10000,30,0,1,0,0
22785118,126501524,Brooklyn,Bedford-Stuyvesant,40.68495,-73.94131,Entire home/apt,160,5,128,1,226,31
22440046,164391402,Manhattan,East Village,40.72207,-73.9811,Private room,129,30,14,1,0,0
22586049,10057035,Brooklyn,Williamsburg,40.71533,-73.93936,Entire home/apt,120,7,10,1,0,0
22445948,163395163,Queens,South Ozone Park,40.68245322676258,-73.80709245267143,Private room,80,1,2,1,333,2
22587295,21784449,Brooklyn,Boerum Hill,40.68627,-73.98404,Entire home/apt,175,30,86,1,31,4
22789426,38638199,Manhattan,Midtown,40.75617,-73.96764,Private room,50,30,18,1,0,0
22789917,44862267,Brooklyn,Williamsburg,40.70287,-73.93583,Private room,100,30,35,1,0,0
22793472,168416827,Brooklyn,Prospect Heights,40.67546,-73.96577,Private room,73,30,23,1,291,1
22445969,61391963,Manhattan,Murray Hill,40.75057,-73.97861,Entire home/apt,175,30,16,116,251,5
22446079,3812968,Brooklyn,Crown Heights,40.67458,-73.94634,Entire home/apt,71,30,10,1,0,0
22446479,128793815,Brooklyn,Williamsburg,40.71924,-73.96173,Private room,65,30,79,3,189,1
22448487,4823243,Brooklyn,Bedford-Stuyvesant,40.68204,-73.92722,Entire home/apt,99,14,27,1,23,3
22588755,53821850,Brooklyn,Williamsburg,40.70868,-73.94579,Private room,73,1,185,3,136,54
22448627,164303137,Brooklyn,Bedford-Stuyvesant,40.69541,-73.93378,Private room,39,4,83,2,0,0
22450373,15535829,Staten Island,West Brighton,40.63435,-74.11374,Entire home/apt,132,2,11,1,341,3
22589500,18305503,Manhattan,Hell's Kitchen,40.76407,-73.98814,Entire home/apt,130,2,3,1,0,0
22793957,6237087,Brooklyn,Williamsburg,40.71194,-73.94573,Private room,50,30,19,1,0,0
22794168,8637211,Manhattan,Harlem,40.81967,-73.94736,Private room,59,30,29,5,202,3
22452278,3695529,Brooklyn,Carroll Gardens,40.68373,-73.99494,Entire home/apt,180,2,214,2,89,52
22452728,117195769,Queens,Astoria,40.76486,-73.90764,Private room,81,1,193,2,356,43
22453638,164537600,Brooklyn,Williamsburg,40.71099,-73.96241,Entire home/apt,126,30,3,1,0,0
22601143,166260679,Manhattan,East Village,40.72625,-73.98753,Private room,50,30,0,1,0,0
22601249,166262295,Queens,Long Island City,40.75554,-73.93532,Entire home/apt,155,3,128,2,34,22
22602605,15535189,Brooklyn,Bedford-Stuyvesant,40.68859,-73.95731,Entire home/apt,150,30,4,1,0,0
22454253,132883674,Manhattan,Washington Heights,40.84603,-73.94339,Entire home/apt,119,30,3,3,0,0
22602996,166289951,Manhattan,East Harlem,40.79344,-73.94659,Private room,93,30,0,1,0,0
22794719,168429942,Bronx,Norwood,40.8787,-73.87111,Private room,55,5,18,2,336,6
22454537,164549734,Bronx,Pelham Gardens,40.85722,-73.83734,Private room,300,30,0,1,0,0
22460607,162100686,Manhattan,Kips Bay,40.73888,-73.9798,Entire home/apt,200,30,0,1,0,0
22609277,27502041,Queens,Sunnyside,40.74761,-73.91616,Private room,75,2,13,1,59,10
22610279,32301367,Bronx,Concourse,40.82185,-73.92841,Entire home/apt,128,3,44,1,48,44
22926900,2256583,Queens,Glendale,40.69345,-73.89639,Entire home/apt,150,30,1,1,0,0
22611108,166390893,Brooklyn,Sheepshead Bay,40.58395,-73.93852,Entire home/apt,300,30,0,1,0,0
22797978,168465501,Manhattan,Murray Hill,40.74886,-73.97868,Entire home/apt,175,30,3,3,249,0
22928216,169340719,Manhattan,Upper East Side,40.77697,-73.96003,Entire home/apt,159,30,2,1,0,0
22800208,45857976,Manhattan,Harlem,40.8173,-73.94275,Private room,94,60,1,2,358,0
22802275,168501789,Brooklyn,Prospect-Lefferts Gardens,40.65772,-73.94054,Entire home/apt,225,30,1,1,0,0
22611675,166398662,Manhattan,Washington Heights,40.83649,-73.94332,Private room,25,30,2,1,0,0
22613197,166414791,Brooklyn,Brooklyn Heights,40.698659825387374,-73.99581306575682,Entire home/apt,275,5,0,1,125,0
22618211,5668546,Manhattan,Hell's Kitchen,40.75489,-73.99573,Entire home/apt,150,30,0,1,0,0
22627980,3680044,Manhattan,Upper West Side,40.79786,-73.96915,Entire home/apt,85,30,6,1,0,0
22628471,74255931,Manhattan,Chelsea,40.74915,-74.00075,Entire home/apt,75,30,1,1,0,0
22928943,26024053,Queens,Elmhurst,40.74677,-73.88879,Private room,53,30,10,2,0,0
22803859,7431741,Brooklyn,Crown Heights,40.67171,-73.9525,Entire home/apt,110,30,2,1,0,0
22929942,25339875,Brooklyn,Williamsburg,40.72162,-73.9537,Entire home/apt,99,30,0,1,0,0
22805946,168532479,Manhattan,Midtown,40.75806,-73.96655,Entire home/apt,241,1,11,1,112,11
22629696,154302755,Brooklyn,Bedford-Stuyvesant,40.68913,-73.92799,Private room,130,10,57,5,112,8
22631617,42682752,Brooklyn,Cobble Hill,40.68813,-73.9934,Private room,28,30,2,3,0,0
22631779,44782054,Queens,Ditmars Steinway,40.77136,-73.91352,Private room,83,3,113,1,0,22
22937557,6726656,Brooklyn,Bushwick,40.70259,-73.92515,Private room,50,30,7,4,0,0
22634088,155607686,Brooklyn,Gravesend,40.58788,-73.97527,Private room,46,30,29,1,320,3
22638243,16684717,Brooklyn,Crown Heights,40.67503,-73.95728,Private room,50,30,2,1,0,0
22942669,1398639,Brooklyn,Bedford-Stuyvesant,40.68769,-73.93039,Private room,35,30,7,2,249,0
22944348,169944714,Manhattan,Hell's Kitchen,40.76574,-73.98977,Entire home/apt,280,1,358,1,220,88
22651614,166819817,Manhattan,Washington Heights,40.83263,-73.94182,Private room,75,30,0,1,0,0
22653782,153156992,Manhattan,SoHo,40.72368,-74.00409,Entire home/apt,1700,30,16,1,179,0
22663674,3889408,Manhattan,Upper West Side,40.78322,-73.98095,Entire home/apt,679,2,149,1,289,54
22811128,44278310,Brooklyn,Crown Heights,40.67369,-73.93864,Private room,40,30,0,1,0,0
22812324,33822427,Brooklyn,Bedford-Stuyvesant,40.69408,-73.94929,Entire home/apt,95,30,48,1,0,0
22946348,127545011,Brooklyn,East Flatbush,40.65221,-73.95197,Private room,20,30,5,1,0,0
22665286,4976277,Queens,Sunnyside,40.74742,-73.91877,Entire home/apt,150,30,34,1,134,4
22665392,6787261,Brooklyn,Williamsburg,40.71087,-73.95533,Entire home/apt,189,30,52,2,0,0
22667815,22550357,Brooklyn,Cobble Hill,40.68847,-73.99383,Private room,318,3,19,1,0,0
22671517,3428456,Brooklyn,DUMBO,40.70149,-73.98886,Private room,51,30,0,1,0,0
22951923,17478161,Brooklyn,Bedford-Stuyvesant,40.68922,-73.95238,Entire home/apt,175,4,110,1,4,26
22953136,4383475,Brooklyn,Bushwick,40.70428,-73.92902,Entire home/apt,125,30,0,1,0,0
22683699,42082112,Manhattan,Harlem,40.82908,-73.94687,Entire home/apt,128,30,53,1,58,0
22683799,3218951,Brooklyn,Prospect-Lefferts Gardens,40.65642,-73.95762,Private room,20,30,8,1,0,0
22818498,168660624,Brooklyn,Williamsburg,40.72008,-73.96252,Private room,41,30,0,1,0,0
22955342,25533198,Brooklyn,Williamsburg,40.72024,-73.96018,Private room,37,30,1,1,0,0
22842124,869794,Brooklyn,Williamsburg,40.7161,-73.94695,Entire home/apt,140,30,5,1,0,0
22843793,6762247,Brooklyn,Bushwick,40.68999,-73.92125,Entire home/apt,75,1,2,2,0,0
22846744,168946125,Manhattan,Chinatown,40.71397,-73.99708,Entire home/apt,150,30,4,1,0,0
22847975,95014144,Queens,Astoria,40.76219,-73.91272,Private room,35,30,0,1,0,0
22683927,167188752,Manhattan,Chelsea,40.74131,-74.00009,Private room,125,30,2,1,0,0
23100862,142447586,Bronx,Williamsbridge,40.88105,-73.86026,Private room,40,30,1,4,0,0
23100931,6309691,Brooklyn,Greenpoint,40.732658,-73.958946,Entire home/apt,145,8,10,1,11,2
23102299,142447586,Bronx,Williamsbridge,40.87901,-73.86221,Private room,45,30,1,4,0,0
23103116,171629811,Manhattan,East Harlem,40.79643,-73.93869,Private room,40,30,3,1,0,0
23105516,82889379,Bronx,Woodlawn,40.89866,-73.8627,Private room,51,1,225,6,0,15
23105764,156948703,Queens,East Elmhurst,40.76905,-73.87366,Entire home/apt,154,1,318,5,341,75
22956955,169587048,Brooklyn,Cypress Hills,40.6823,-73.87753,Private room,50,30,16,1,0,0
23106361,171660157,Manhattan,Harlem,40.82626,-73.9501,Private room,45,30,10,1,0,0
22957090,27070336,Brooklyn,Bushwick,40.68575,-73.91441,Private room,60,30,0,1,0,0
22850413,114418657,Manhattan,Upper West Side,40.80038,-73.96592,Private room,52,90,0,1,0,0
22958051,6600911,Brooklyn,Bensonhurst,40.61287,-73.98448,Private room,55,3,61,5,315,24
22958680,170092307,Brooklyn,Williamsburg,40.7135,-73.96383,Entire home/apt,151,2,166,1,14,54
22851242,17719708,Manhattan,East Harlem,40.80059,-73.9452,Private room,118,3,55,1,81,26
23107316,171678641,Manhattan,West Village,40.73577,-73.99909,Entire home/apt,298,30,13,1,283,0
22961758,80331757,Brooklyn,Sheepshead Bay,40.60389,-73.95141,Private room,79,30,16,1,0,0
22852435,169012324,Brooklyn,East Flatbush,40.63955,-73.93938,Entire home/apt,80,90,23,1,75,0
22858455,14117835,Manhattan,Lower East Side,40.72088,-73.98245,Entire home/apt,190,30,17,1,0,0
22969068,52525871,Brooklyn,Clinton Hill,40.69546,-73.96758,Entire home/apt,125,5,0,1,0,0
22862793,102841376,Manhattan,East Village,40.7236,-73.98731,Private room,72,4,3,1,0,0
22862864,138706642,Manhattan,Nolita,40.72096,-73.99616,Private room,125,30,1,1,0,0
22862877,8997485,Brooklyn,Midwood,40.62508,-73.96255,Entire home/apt,106,2,172,5,323,38
22862882,29574418,Manhattan,Washington Heights,40.85289,-73.93798,Entire home/apt,100,30,41,1,0,1
23108652,56517774,Brooklyn,Williamsburg,40.71284,-73.95815,Entire home/apt,350,30,7,3,0,0
23108981,171697479,Manhattan,Kips Bay,40.74503,-73.98067,Private room,112,28,0,26,347,0
23109329,1577803,Brooklyn,Clinton Hill,40.6897,-73.96526,Private room,110,3,49,1,248,8
23109351,171697479,Manhattan,Midtown,40.74557,-73.98239,Private room,109,30,5,26,335,0
22969403,52949531,Manhattan,East Village,40.72143,-73.98074,Entire home/apt,170,30,0,1,0,0
22863062,1678861,Brooklyn,Williamsburg,40.71884,-73.95405,Entire home/apt,275,30,7,1,0,0
22970376,24600315,Queens,Sunnyside,40.74304,-73.92466,Private room,89,1,0,1,0,0
22868847,12624093,Manhattan,Upper West Side,40.79945,-73.96151,Entire home/apt,75,30,3,1,0,0
22869229,23254432,Manhattan,Financial District,40.70456,-74.01453,Entire home/apt,175,30,27,1,0,0
22869573,17631246,Manhattan,East Village,40.72992,-73.98826,Entire home/apt,250,2,49,1,0,9
22878070,26500272,Brooklyn,Fort Greene,40.69221,-73.9738,Entire home/apt,320,30,0,1,0,0
22878715,126407919,Brooklyn,Prospect-Lefferts Gardens,40.65638,-73.95738,Entire home/apt,73,30,14,1,222,2
23116453,121379512,Bronx,East Morrisania,40.82871,-73.8873,Private room,100,30,7,2,365,0
22972328,110966607,Queens,Astoria,40.75994,-73.91966,Private room,55,30,24,1,0,0
23120142,133602911,Bronx,Mount Hope,40.85071,-73.90241,Private room,70,30,35,2,72,4
22881110,120981856,Manhattan,Upper West Side,40.7874,-73.97152,Entire home/apt,292,9,41,1,63,13
22885310,103745233,Brooklyn,Crown Heights,40.67197,-73.93375,Private room,125,30,61,1,0,0
22886125,15377827,Brooklyn,Williamsburg,40.71799,-73.95749,Private room,62,10,5,1,0,0
22904809,24466431,Brooklyn,Bushwick,40.68523,-73.91345,Private room,33,30,0,1,0,0
22906559,2076284,Queens,Ridgewood,40.70789,-73.90761,Private room,50,30,0,1,0,0
22907591,16682397,Manhattan,East Village,40.72755,-73.98471,Entire home/apt,225,30,5,1,0,0
22907753,16006049,Brooklyn,Flatbush,40.65063,-73.96482,Private room,30,30,0,1,0,0
22911635,80479138,Manhattan,Upper East Side,40.76164,-73.96639,Entire home/apt,199,30,10,6,52,3
22972357,158456362,Manhattan,Washington Heights,40.83782,-73.94169,Private room,45,30,3,1,0,0
22972832,161899037,Queens,Flushing,40.75838,-73.83306,Entire home/apt,156,2,182,7,55,43
22919133,169686676,Brooklyn,Crown Heights,40.67751,-73.96162,Private room,75,30,22,1,0,0
22921200,5165317,Manhattan,Upper East Side,40.77233,-73.95462,Entire home/apt,170,30,0,1,0,0
22923312,20413013,Queens,Long Island City,40.74785,-73.94651,Entire home/apt,150,2,82,1,0,0
23340718,131476075,Brooklyn,Bushwick,40.68753,-73.91335,Private room,88,1,69,8,72,22
23344243,62745867,Manhattan,Chelsea,40.74084,-74.00032,Entire home/apt,285,30,3,2,364,0
23344293,156505456,Brooklyn,East New York,40.66274,-73.88879,Private room,62,3,32,32,84,3
23351120,2730883,Manhattan,Washington Heights,40.85371,-73.932182,Private room,43,31,4,2,345,0
23352462,38121779,Brooklyn,Gravesend,40.60726,-73.98296,Private room,50,1,0,1,0,0
23120678,4757826,Manhattan,East Harlem,40.79034,-73.9446,Entire home/apt,99,30,4,1,0,0
23122597,79305630,Brooklyn,Gravesend,40.59882,-73.99027,Entire home/apt,99,30,49,2,92,2
22975958,9250609,Brooklyn,Greenpoint,40.7249,-73.95062,Private room,70,30,0,1,0,0
23354992,101618737,Brooklyn,Bushwick,40.69224,-73.90867,Private room,61,3,21,2,0,0
22978756,169541552,Manhattan,Chelsea,40.74152,-73.99969,Entire home/apt,199,30,0,1,0,0
23357738,173987923,Manhattan,East Village,40.73204,-73.98921,Entire home/apt,600,6,14,1,38,4
23124338,171830071,Bronx,Fordham,40.85534,-73.89733,Private room,66,30,5,1,0,0
22979825,10826049,Brooklyn,Greenpoint,40.719,-73.95275,Private room,75,30,0,1,0,0
23126553,171854639,Queens,Ditmars Steinway,40.77382,-73.9201,Entire home/apt,100,3,17,1,0,0
23358691,44951851,Brooklyn,Crown Heights,40.66643,-73.95511,Private room,40,30,1,1,0,0
22980907,29241227,Brooklyn,Kensington,40.64401,-73.97218,Entire home/apt,81,3,185,2,147,46
22981126,170387293,Brooklyn,Crown Heights,40.66407,-73.93685,Private room,75,30,0,1,0,0
22984370,1300215,Brooklyn,Bushwick,40.70013,-73.91272,Private room,75,3,12,1,0,0
23359083,20443939,Manhattan,Washington Heights,40.84324,-73.93596,Entire home/apt,300,3,1,2,0,0
23359277,14719992,Brooklyn,Cypress Hills,40.67958,-73.89034,Private room,35,1,17,4,0,0
23128067,22313730,Brooklyn,Bushwick,40.70366,-73.92511,Private room,150,30,11,1,88,0
23128247,140293912,Brooklyn,Kensington,40.64691,-73.97722,Entire home/apt,84,30,38,3,0,0
22985354,4181378,Brooklyn,Bedford-Stuyvesant,40.68944,-73.93711,Entire home/apt,486,4,99,3,303,28
22985419,170445076,Queens,Queens Village,40.72128,-73.75642,Entire home/apt,230,2,132,1,144,30
23129919,171888683,Brooklyn,Park Slope,40.67201,-73.97322,Entire home/apt,105,30,12,1,0,0
23130144,11696537,Manhattan,Upper East Side,40.77975,-73.94967,Private room,102,1,88,1,172,58
23360409,3478341,Brooklyn,Bedford-Stuyvesant,40.68182,-73.92459,Entire home/apt,199,30,36,1,91,0
22986248,170457264,Brooklyn,South Slope,40.66899,-73.98598,Entire home/apt,200,2,8,1,0,1
23369991,174180669,Manhattan,Harlem,40.81925,-73.94074,Entire home/apt,155,30,57,1,365,4
23131011,127586030,Brooklyn,Prospect-Lefferts Gardens,40.66223,-73.95109,Private room,100,3,80,1,0,2
23131033,137292249,Brooklyn,Flatbush,40.64122,-73.95485,Entire home/apt,60,30,8,1,0,0
23131496,99683151,Manhattan,Kips Bay,40.73775,-73.97818,Entire home/apt,420,30,80,1,120,2
23139647,11305944,Bronx,Allerton,40.86384,-73.86364,Entire home/apt,285,30,25,4,354,0
22986841,34304490,Brooklyn,Bedford-Stuyvesant,40.6861,-73.95126,Entire home/apt,241,2,34,1,4,34
23144059,7990635,Manhattan,Upper West Side,40.79215,-73.97295,Private room,92,30,0,1,0,0
23147603,12233355,Brooklyn,Greenpoint,40.72417,-73.93988,Entire home/apt,150,2,0,2,0,0
22986908,28811902,Queens,Long Island City,40.74299,-73.95884,Entire home/apt,135,2,3,1,0,0
23150033,172067924,Brooklyn,Midwood,40.61282,-73.95417,Entire home/apt,70,30,0,1,0,0
22987769,13878635,Manhattan,Hell's Kitchen,40.766079033727,-73.99503345481027,Private room,110,15,31,3,305,11
22994960,96317547,Manhattan,Murray Hill,40.74826,-73.97695,Private room,120,30,0,1,0,0
23154138,3202437,Manhattan,Lower East Side,40.72296,-73.99126,Entire home/apt,99,30,8,1,0,0
23372015,17314413,Manhattan,Washington Heights,40.84088,-73.93539,Entire home/apt,120,2,16,1,0,0
22997928,170574337,Brooklyn,Williamsburg,40.71872,-73.96258,Entire home/apt,301,3,45,1,5,12
23372850,11844979,Brooklyn,Williamsburg,40.71619,-73.96365,Entire home/apt,2000,1,0,2,1,0
23373090,11844979,Brooklyn,Williamsburg,40.71799,-73.96153,Entire home/apt,2500,1,0,2,1,0
23376196,3806282,Brooklyn,Bedford-Stuyvesant,40.68419,-73.93065,Entire home/apt,136,3,112,1,83,31
23158770,172145021,Queens,Woodhaven,40.69373,-73.84972,Entire home/apt,44,30,0,1,0,0
22998748,71852500,Manhattan,Kips Bay,40.74202,-73.97765,Entire home/apt,120,30,6,3,270,5
23001611,129782365,Manhattan,East Village,40.72966,-73.98081,Entire home/apt,250,30,0,1,0,0
23376943,77938412,Brooklyn,Crown Heights,40.67455,-73.95584,Private room,40,30,1,1,0,0
23002312,42677381,Manhattan,Murray Hill,40.75082,-73.97944,Entire home/apt,150,3,13,1,0,0
23377365,11274299,Manhattan,East Village,40.72622,-73.98507,Private room,99,30,5,2,0,0
23161806,45921092,Brooklyn,Bedford-Stuyvesant,40.69139,-73.9454,Private room,80,30,5,1,0,0
23166556,625092,Manhattan,Chelsea,40.75115,-73.9974,Private room,76,30,4,1,23,0
23169146,51260506,Queens,Long Island City,40.74706,-73.94803,Shared room,1250,1,1,1,0,0
23170592,40317143,Queens,Maspeth,40.72112,-73.90475,Private room,46,30,3,6,93,1
23002904,61849126,Manhattan,Upper East Side,40.77584,-73.95205,Entire home/apt,650,3,20,1,53,5
23177964,56276728,Brooklyn,Flatbush,40.6455,-73.96102,Private room,70,30,5,1,0,0
23183557,40511631,Brooklyn,Bedford-Stuyvesant,40.6833,-73.9376,Private room,33,2,130,2,0,0
23188573,132883674,Manhattan,Washington Heights,40.8465,-73.94176,Private room,79,30,0,3,0,0
23188871,132883674,Manhattan,Washington Heights,40.84588,-73.9421,Private room,70,30,0,3,0,0
23377713,54241,Brooklyn,Sunset Park,40.66095,-73.99687,Private room,80,30,0,1,0,0
23004107,37184114,Brooklyn,Bushwick,40.70067,-73.92367,Entire home/apt,113,30,3,1,311,3
23005685,51536620,Manhattan,Tribeca,40.71379,-74.01092,Private room,110,30,1,1,0,0
23200628,3792602,Manhattan,Harlem,40.82886,-73.93929,Private room,62,30,54,1,268,3
23006397,14328715,Manhattan,East Village,40.72975,-73.98534,Entire home/apt,120,30,6,1,0,0
23377781,174255459,Manhattan,Washington Heights,40.83948,-73.94533,Entire home/apt,115,2,44,1,0,0
23006437,89391604,Queens,Ridgewood,40.70659,-73.90734,Private room,35,30,0,1,0,0
23378281,160721088,Brooklyn,East Flatbush,40.63558,-73.92404,Private room,60,30,1,1,0,0
23202549,152595606,Manhattan,Kips Bay,40.74315,-73.98137,Entire home/apt,160,31,18,1,264,6
23017828,1466422,Brooklyn,Crown Heights,40.67576,-73.93941,Entire home/apt,60,133,12,2,0,0
23208314,172592986,Bronx,Norwood,40.87469,-73.88456,Entire home/apt,142,3,3,1,112,3
23216187,8260418,Brooklyn,Crown Heights,40.67481,-73.95094,Private room,26,30,0,1,0,0
23388053,6542295,Manhattan,SoHo,40.72603,-74.00268,Private room,69,4,105,2,0,0
23018280,10836962,Bronx,Pelham Bay,40.8524,-73.83435,Entire home/apt,70,30,98,1,71,6
23019675,30704814,Manhattan,Inwood,40.86239,-73.92867,Entire home/apt,75,30,2,1,0,0
23392375,23625464,Brooklyn,Bushwick,40.68823,-73.91696,Private room,28,30,1,1,0,0
23393043,59089906,Brooklyn,East New York,40.67054,-73.87742,Entire home/apt,129,30,39,4,254,3
23411775,21768449,Brooklyn,Bay Ridge,40.63612,-74.0262,Private room,45,30,0,1,0,0
23219361,59966705,Staten Island,Arrochar,40.59273,-74.07552,Entire home/apt,82,2,72,1,315,12
23219660,172703338,Bronx,Concourse Village,40.83029606181912,-73.91861729316344,Private room,57,1,89,2,120,12
23019746,168988812,Queens,Ridgewood,40.70047,-73.9094,Entire home/apt,74,14,3,1,0,0
23221495,172736191,Queens,Briarwood,40.71451,-73.80813,Entire home/apt,70,30,78,1,0,1
23221581,41398005,Brooklyn,Sunset Park,40.64212,-74.00567,Entire home/apt,67,30,23,3,29,5
23222680,100829279,Manhattan,Midtown,40.76188,-73.97085,Entire home/apt,239,1,166,3,276,1
23230395,84529,Queens,Elmhurst,40.74668,-73.88779,Entire home/apt,140,30,5,1,76,0
23413509,152877297,Brooklyn,Bedford-Stuyvesant,40.67996,-73.91059,Private room,98,2,121,2,130,18
23020466,8663057,Manhattan,East Harlem,40.80375,-73.93604,Entire home/apt,128,3,117,2,43,26
23425584,31825530,Manhattan,Washington Heights,40.83229,-73.94425,Entire home/apt,66,30,8,1,0,0
23021271,9388460,Queens,Elmhurst,40.74505,-73.88255,Entire home/apt,139,5,134,1,117,24
23023423,74805133,Queens,Kew Gardens,40.707,-73.82733,Private room,80,30,0,1,0,0
23427160,19400984,Brooklyn,Bedford-Stuyvesant,40.68924,-73.95695,Entire home/apt,300,6,4,1,0,0
23235101,172885803,Brooklyn,Bedford-Stuyvesant,40.6882,-73.93636,Entire home/apt,193,4,96,1,193,35
23235768,172889902,Queens,Elmhurst,40.73628,-73.86644,Private room,42,1,16,1,25,16
23024065,105758386,Brooklyn,Williamsburg,40.70442,-73.93433,Entire home/apt,90,30,2,1,0,0
23024146,64247710,Brooklyn,Prospect-Lefferts Gardens,40.65484,-73.96066,Private room,65,30,0,1,0,0
23430085,75003580,Brooklyn,Bedford-Stuyvesant,40.68553,-73.92871,Private room,50,30,0,1,0,0
23027004,162432541,Brooklyn,Williamsburg,40.71223,-73.96135,Private room,55,30,57,2,186,3
23034152,168465501,Manhattan,Upper West Side,40.78547,-73.97488,Entire home/apt,165,30,17,3,341,2
23037039,25001097,Brooklyn,Bedford-Stuyvesant,40.68218,-73.92005,Entire home/apt,250,8,9,1,0,0
23040115,22246427,Brooklyn,Bedford-Stuyvesant,40.68725,-73.95242,Entire home/apt,155,14,116,1,294,10
23432542,56283770,Manhattan,Upper East Side,40.76417,-73.96743,Entire home/apt,176,75,4,5,73,0
23247442,499896,Staten Island,Tompkinsville,40.63575,-74.08098,Entire home/apt,525,4,94,2,11,18
23041312,40811074,Manhattan,Hell's Kitchen,40.76173,-73.99992,Entire home/apt,500,30,0,1,0,0
23252265,4220920,Manhattan,West Village,40.73925,-74.00162,Entire home/apt,116,30,15,1,0,0
23433516,174785774,Brooklyn,Crown Heights,40.67373,-73.94164,Entire home/apt,258,30,2,1,0,0
23045873,135141630,Brooklyn,Bedford-Stuyvesant,40.67721,-73.91763,Entire home/apt,245,2,15,1,60,15
23252443,100238132,Manhattan,Midtown,40.75212,-73.97331,Entire home/apt,353,5,41,12,0,0
23052180,9864136,Brooklyn,Bedford-Stuyvesant,40.68448,-73.91342,Private room,45,30,2,28,250,1
23052964,9864136,Brooklyn,Bedford-Stuyvesant,40.68468,-73.91527,Private room,55,30,5,28,151,1
23053827,171107511,Queens,East Elmhurst,40.76529,-73.86361,Private room,45,30,1,1,0,0
23256023,123578077,Brooklyn,Prospect Heights,40.68056,-73.97427,Private room,55,30,2,1,0,0
23256828,63943922,Brooklyn,Bushwick,40.68647,-73.91263,Private room,50,30,4,1,0,0
23434788,56636906,Brooklyn,Bushwick,40.70244,-73.92837,Private room,50,30,0,1,0,0
23054077,1655982,Brooklyn,Greenpoint,40.72891,-73.95414,Entire home/apt,175,30,0,1,0,0
23256946,3732261,Brooklyn,Prospect-Lefferts Gardens,40.66183,-73.95818,Entire home/apt,75,30,2,1,0,0
23054855,7216788,Brooklyn,Williamsburg,40.71653,-73.93939,Entire home/apt,130,6,48,1,14,11
23258404,173123452,Brooklyn,East New York,40.67276,-73.87862,Entire home/apt,98,1,39,1,90,39
23258602,72196680,Manhattan,Civic Center,40.71236,-74.00497,Private room,50,30,0,1,0,0
23264421,107434423,Manhattan,Murray Hill,40.748405,-73.979865,Entire home/apt,423,31,0,453,0,0
23265699,5962328,Queens,Flushing,40.75987,-73.82287,Entire home/apt,100,30,7,7,323,2
23269735,149047,Brooklyn,Bedford-Stuyvesant,40.68955,-73.96005,Entire home/apt,275,3,21,1,0,12
23271535,122726779,Brooklyn,Williamsburg,40.71216,-73.95155,Entire home/apt,140,30,187,3,62,7
23435040,57292550,Brooklyn,Sheepshead Bay,40.5877,-73.94979,Entire home/apt,70,30,1,1,0,0
23054891,78814486,Manhattan,Theater District,40.75826,-73.98763,Private room,230,3,14,1,284,3
23435772,14235061,Brooklyn,Flatbush,40.65249,-73.96424,Private room,61,30,13,1,0,0
23435916,174780742,Brooklyn,Windsor Terrace,40.65839,-73.9858,Entire home/apt,160,2,22,1,83,1
23272588,91571876,Manhattan,Upper West Side,40.7728,-73.98583,Entire home/apt,295,30,3,4,151,2
23055816,169704873,Manhattan,Morningside Heights,40.81049,-73.95902,Private room,125,30,6,1,0,0
23273907,173249074,Brooklyn,Bath Beach,40.60551,-74.01662,Private room,50,30,50,2,113,1
23274386,123736313,Manhattan,East Harlem,40.78761,-73.94253,Entire home/apt,90,3,15,1,0,0
23275013,756577,Brooklyn,Williamsburg,40.71728,-73.95081,Entire home/apt,100,90,0,1,0,0
23275777,113905011,Queens,Rego Park,40.73139,-73.86639,Entire home/apt,256,3,135,1,161,32
23277230,128579948,Manhattan,Upper East Side,40.76572,-73.96769,Entire home/apt,450,30,142,4,238,42
23056508,56242694,Manhattan,East Village,40.72501,-73.97801,Private room,85,30,1,1,65,0
23058456,171154086,Brooklyn,Bedford-Stuyvesant,40.69245,-73.9599,Private room,42,30,0,1,0,0
23281484,173325979,Queens,Kew Gardens,40.70691,-73.83365,Private room,60,2,1,2,0,0
23286377,88799471,Brooklyn,Williamsburg,40.71019,-73.94513,Private room,99,30,0,1,38,0
23436576,174816758,Manhattan,Hell's Kitchen,40.75669,-73.99331,Entire home/apt,299,3,254,2,239,64
23437204,347953,Manhattan,Lower East Side,40.71856,-73.98826,Entire home/apt,150,30,29,1,0,0
23437788,56283770,Manhattan,Upper East Side,40.76417,-73.96743,Entire home/apt,149,31,4,5,0,1
23437793,11581619,Queens,Long Island City,40.76247,-73.92676,Entire home/apt,134,1,152,1,170,48
23059611,12502207,Brooklyn,Vinegar Hill,40.7021,-73.98202,Entire home/apt,140,30,10,1,280,2
23438247,174838471,Brooklyn,Williamsburg,40.7051,-73.94055,Private room,111,1,242,1,33,100
23287403,173362161,Brooklyn,Flatbush,40.64358,-73.96941,Private room,81,3,143,5,48,22
23060192,19930911,Brooklyn,Crown Heights,40.67308,-73.94051,Entire home/apt,119,2,343,1,147,94
23288667,173373234,Brooklyn,Bensonhurst,40.60829,-73.99467,Entire home/apt,250,30,19,2,179,0
23289674,29219991,Brooklyn,Williamsburg,40.71678,-73.96321,Private room,186,7,60,3,137,18
23290179,75982141,Brooklyn,Bushwick,40.69153,-73.9205,Entire home/apt,60,30,9,1,0,0
23290339,173325979,Queens,Kew Gardens,40.70509,-73.83484,Private room,78,2,1,2,76,1
23449282,33438197,Brooklyn,Greenpoint,40.72216,-73.9408,Entire home/apt,90,30,3,1,0,0
23451337,83786650,Manhattan,Midtown,40.75985,-73.96277,Entire home/apt,150,30,10,16,0,1
23061070,49831860,Brooklyn,Canarsie,40.64206,-73.91113,Private room,153,2,259,2,170,49
23072308,92192182,Manhattan,Washington Heights,40.84681,-73.9363,Entire home/apt,68,30,11,1,0,0
23073608,14235190,Brooklyn,Bedford-Stuyvesant,40.68883,-73.957,Entire home/apt,120,1,51,1,0,0
23454165,174986751,Manhattan,Washington Heights,40.8505,-73.94082,Private room,175,3,30,3,177,0
23292216,173406651,Manhattan,Lower East Side,40.71953,-73.98284,Entire home/apt,283,3,55,2,20,6
23301706,173249074,Brooklyn,Bath Beach,40.60551,-74.01662,Private room,45,30,39,2,126,2
23076745,131476068,Queens,Richmond Hill,40.68728,-73.82887,Private room,75,30,1,2,0,0
23076968,64206316,Queens,Flushing,40.76786,-73.83001,Private room,70,30,28,1,0,0
23307503,165607672,Bronx,Fordham,40.85604,-73.90403,Private room,59,4,107,2,72,23
23456621,175019394,Queens,Jamaica,40.67162,-73.77911,Private room,80,1,107,6,23,0
23077115,158625100,Queens,Richmond Hill,40.68601,-73.82941,Private room,83,30,12,2,0,0
23078904,334485,Brooklyn,Windsor Terrace,40.65718,-73.9822,Entire home/apt,95,30,0,1,0,0
23463017,9241743,Manhattan,Harlem,40.80736,-73.94196,Private room,80,30,1,1,325,0
23310309,173290675,Queens,Woodhaven,40.69736,-73.85206,Shared room,39,30,63,1,0,0
23311374,1119739,Brooklyn,Williamsburg,40.71761,-73.95772,Entire home/apt,125,30,12,1,0,0
23312524,75748625,Brooklyn,Bedford-Stuyvesant,40.6897,-73.95327,Private room,45,30,2,1,0,0
23322737,169589888,Manhattan,Washington Heights,40.83576,-73.94424,Private room,175,3,66,1,339,22
23327138,10826173,Queens,Long Island City,40.74815,-73.94077,Private room,80,30,3,1,0,0
23084751,67375976,Manhattan,Midtown,40.75549,-73.96849,Entire home/apt,180,30,0,1,0,0
23336877,173823383,Staten Island,Shore Acres,40.60827,-74.07139,Entire home/apt,150,30,51,1,0,0
23465912,175116422,Staten Island,Grant City,40.57955,-74.11109,Entire home/apt,129,5,118,2,344,9
23088947,50266813,Brooklyn,Williamsburg,40.71214,-73.95175,Private room,89,2,45,4,33,34
23466034,28316764,Brooklyn,Williamsburg,40.71933,-73.94427,Private room,45,30,4,1,0,0
23466099,18458368,Brooklyn,Crown Heights,40.67278,-73.95686,Entire home/apt,88,30,39,1,0,0
23597076,176279414,Bronx,Williamsbridge,40.87157,-73.86017,Entire home/apt,126,2,166,1,340,17
23090887,116365995,Queens,Woodside,40.74567,-73.90873,Entire home/apt,289,5,69,1,263,27
23597323,99270668,Staten Island,New Dorp,40.56853,-74.11843,Entire home/apt,40,30,0,1,0,0
23598012,60163700,Manhattan,Harlem,40.82188,-73.95328,Private room,46,7,12,2,35,1
23605182,76939238,Manhattan,Roosevelt Island,40.7601,-73.95235,Private room,66,30,1,2,308,0
23466360,111782745,Brooklyn,Williamsburg,40.70478,-73.93221,Shared room,20,30,8,1,0,0
23091135,5117805,Queens,Woodside,40.74274,-73.90296,Entire home/apt,60,3,17,1,0,0
23092823,23898129,Bronx,Concourse,40.82299,-73.92656,Private room,160,5,44,2,343,4
23093320,171522181,Brooklyn,Bedford-Stuyvesant,40.69612,-73.94763,Private room,45,30,11,1,0,0
23469535,175152359,Bronx,Westchester Square,40.84518,-73.84677,Private room,78,2,45,4,170,20
23606804,5225104,Brooklyn,Bedford-Stuyvesant,40.67808,-73.90986,Entire home/apt,115,2,48,1,14,11
23609559,1699871,Brooklyn,Bushwick,40.68322,-73.90764,Private room,128,3,3,4,360,1
23610557,2251176,Brooklyn,Bushwick,40.70333,-73.92454,Private room,55,30,17,1,0,0
23097802,142447586,Bronx,Williamsbridge,40.88093,-73.86187,Private room,60,30,0,4,0,0
23772336,27974352,Brooklyn,Williamsburg,40.70806,-73.95211,Entire home/apt,65,30,0,1,0,0
23611312,19922549,Manhattan,Two Bridges,40.71075,-73.99374,Entire home/apt,341,4,97,1,151,31
23469548,39147880,Manhattan,Chinatown,40.71518,-73.99094,Entire home/apt,130,30,17,1,0,0
23772767,151084261,Brooklyn,Williamsburg,40.71909,-73.94935,Private room,125,30,16,7,315,2
23780896,45845050,Queens,Jackson Heights,40.75199,-73.88882,Private room,80,5,3,2,281,0
23480048,64076428,Brooklyn,Bushwick,40.69718,-73.93237,Entire home/apt,214,6,12,1,38,1
23484328,6047516,Brooklyn,Bushwick,40.68653,-73.91025,Private room,25,30,0,1,0,0
23612811,19789539,Bronx,Fordham,40.869,-73.89349,Private room,70,7,24,1,123,2
23612855,99256824,Manhattan,Harlem,40.82185,-73.9505,Entire home/apt,250,30,0,1,0,0
23613174,3741154,Brooklyn,Bushwick,40.68893,-73.90676,Private room,55,30,1,1,0,0
23622168,12968185,Brooklyn,Fort Greene,40.68697,-73.97306,Entire home/apt,150,30,0,1,0,0
23781939,22866437,Manhattan,Upper West Side,40.77716,-73.98029,Entire home/apt,250,30,2,1,0,0
23784498,1302843,Brooklyn,Bedford-Stuyvesant,40.68929,-73.93735,Entire home/apt,150,30,53,1,0,0
23485307,170477315,Manhattan,Financial District,40.703,-74.01019,Private room,159,2,123,1,163,3
23488488,166262295,Queens,Long Island City,40.75547,-73.93557,Entire home/apt,155,30,0,2,162,0
23489726,9864136,Brooklyn,Bedford-Stuyvesant,40.68462,-73.91482,Entire home/apt,150,30,7,28,249,0
23506770,5977578,Brooklyn,Crown Heights,40.67839,-73.9616,Entire home/apt,350,3,12,1,8,3
23785875,137916804,Manhattan,Washington Heights,40.85383,-73.93323,Entire home/apt,300,4,86,1,265,28
23623267,24648109,Manhattan,Battery Park City,40.70489,-74.01844,Entire home/apt,180,30,0,1,0,0
23789480,37401126,Brooklyn,East Flatbush,40.64141,-73.94054,Private room,59,1,110,3,228,20
23624930,176763105,Queens,Jamaica,40.67298,-73.78466,Private room,73,30,42,1,0,0
23507660,12009770,Manhattan,Lower East Side,40.72079,-73.99153,Entire home/apt,200,30,0,1,0,0
23515323,1687425,Brooklyn,Greenpoint,40.73031,-73.95869,Private room,75,30,0,1,0,0
23520855,23667219,Brooklyn,Williamsburg,40.71073,-73.95894,Private room,65,30,6,2,0,0
23521858,51282128,Brooklyn,Boerum Hill,40.68916,-73.99184,Private room,50,5,5,1,0,0
23792656,176001804,Brooklyn,Prospect-Lefferts Gardens,40.65987,-73.95028,Entire home/apt,160,2,201,1,306,47
23525066,45239300,Manhattan,East Village,40.72152,-73.9822,Entire home/apt,125,2,124,1,152,44
23529395,175778475,Brooklyn,Crown Heights,40.67711,-73.94861,Entire home/apt,145,2,177,1,266,28
23625998,176780491,Brooklyn,Crown Heights,40.67071,-73.9381,Entire home/apt,220,30,3,1,0,0
23801381,3481977,Brooklyn,Flatbush,40.65316,-73.96038,Entire home/apt,60,30,14,1,0,0
23627589,170444830,Manhattan,Chelsea,40.74977,-73.99857,Entire home/apt,443,30,2,1,0,0
23536265,159598333,Manhattan,Upper East Side,40.7816,-73.94505,Entire home/apt,89,30,11,12,283,1
23538486,107434423,Manhattan,Murray Hill,40.74841,-73.97987,Entire home/apt,569,31,1,453,355,0
23539037,173362161,Brooklyn,Flatbush,40.6427,-73.96863,Private room,81,3,148,5,45,29
23803836,55339775,Brooklyn,East Flatbush,40.65207,-73.95095,Entire home/apt,30,30,0,1,0,0
23541451,5047156,Brooklyn,East New York,40.66011,-73.87821,Entire home/apt,60,30,48,1,0,0
23545346,168429942,Bronx,Norwood,40.87858,-73.87154,Private room,54,3,43,2,310,13
23629119,32130349,Brooklyn,Williamsburg,40.72019,-73.94443,Private room,70,30,0,1,0,0
23629364,133288905,Manhattan,Midtown,40.75323,-73.97362,Entire home/apt,187,3,30,4,0,11
23630510,101736132,Brooklyn,Bushwick,40.69277,-73.91597,Private room,53,1,11,3,46,0
23804690,40381599,Manhattan,Upper West Side,40.76808,-73.98275,Private room,540,30,0,1,263,0
23630582,26557574,Brooklyn,Prospect Heights,40.67874,-73.97188,Entire home/apt,100,30,1,1,0,0
23631288,173406651,Manhattan,Lower East Side,40.72029,-73.98354,Private room,136,3,106,2,28,36
23637645,61042,Manhattan,Harlem,40.82427,-73.95168,Private room,37,5,11,7,0,3
23545793,163621622,Brooklyn,Canarsie,40.64769,-73.90473,Entire home/apt,251,3,97,1,176,12
23804783,178473107,Manhattan,Harlem,40.82942,-73.94755,Private room,155,1,18,6,0,2
23560164,38202756,Manhattan,Chelsea,40.74773,-73.98939,Entire home/apt,186,3,4,1,0,0
23642287,270404,Brooklyn,Crown Heights,40.67165,-73.93626,Entire home/apt,114,5,27,1,13,4
23644644,52549310,Queens,Ditmars Steinway,40.77332,-73.90978,Private room,33,30,6,1,0,0
23807257,8662157,Manhattan,Harlem,40.80367,-73.94741,Entire home/apt,221,30,45,1,0,0
23646070,6977848,Queens,Long Island City,40.75031,-73.93961,Entire home/apt,150,5,22,1,10,0
23560187,57549945,Brooklyn,Canarsie,40.63214,-73.90716,Private room,75,30,33,1,0,0
23807788,178473107,Manhattan,Harlem,40.82965,-73.94666,Private room,83,1,12,6,0,0
23808650,178675800,Manhattan,East Harlem,40.79643,-73.93429,Private room,80,6,45,1,25,22
23565616,40078965,Queens,Elmhurst,40.73319,-73.87552,Entire home/apt,106,6,44,1,28,11
23565676,161899037,Queens,Flushing,40.75639,-73.83165,Entire home/apt,253,2,116,7,64,33
23572577,20302754,Brooklyn,Bushwick,40.69502,-73.91315,Private room,81,30,18,3,328,1
23647298,142765455,Manhattan,Upper East Side,40.7842,-73.94968,Entire home/apt,110,30,2,1,0,0
23648504,133288905,Manhattan,Midtown,40.75332,-73.97163,Entire home/apt,374,3,19,4,0,5
23649906,177036542,Brooklyn,Bedford-Stuyvesant,40.68438,-73.95832,Entire home/apt,170,2,145,1,323,42
23650008,123453141,Brooklyn,Bedford-Stuyvesant,40.6937,-73.94089,Private room,40,30,8,1,0,0
23808895,178654047,Brooklyn,Williamsburg,40.71467,-73.94402,Entire home/apt,190,30,0,1,0,0
23650259,176983812,Manhattan,East Village,40.72144,-73.98244,Private room,350,30,2,1,0,0
23650568,24771677,Queens,Bayside,40.76383,-73.77133,Entire home/apt,150,30,74,6,136,3
23651443,32772480,Brooklyn,Prospect-Lefferts Gardens,40.6579,-73.96099,Entire home/apt,175,5,60,3,94,19
23574142,176185168,Queens,Laurelton,40.68201,-73.73843,Private room,55,30,118,1,0,0
23581183,52763343,Brooklyn,Williamsburg,40.70744,-73.94403,Entire home/apt,275,30,0,1,0,0
23810123,23340570,Queens,Woodside,40.75496,-73.90209,Entire home/apt,225,30,2,1,141,2
23810398,178696800,Brooklyn,Bedford-Stuyvesant,40.6802,-73.94813,Entire home/apt,70,30,59,2,0,0
23582566,109327526,Queens,Astoria,40.76374,-73.90884,Entire home/apt,160,4,146,1,154,27
23586315,76939238,Manhattan,Roosevelt Island,40.75876,-73.952,Entire home/apt,133,30,3,2,261,0
23593409,12881634,Brooklyn,Bedford-Stuyvesant,40.68245,-73.92683,Entire home/apt,103,30,65,1,5,0
23656206,15954950,Brooklyn,Crown Heights,40.671108,-73.95401,Private room,68,2,6,1,184,6
23660051,173362161,Brooklyn,Flatbush,40.64435,-73.96878,Private room,76,3,174,5,47,38
23819961,791011,Manhattan,West Village,40.7368,-74.00543,Entire home/apt,599,30,0,1,90,0
23820465,116839989,Queens,Astoria,40.76109,-73.92391,Entire home/apt,135,30,125,3,307,49
23821848,14934881,Brooklyn,Williamsburg,40.7197,-73.96024,Entire home/apt,286,6,19,1,0,3
23661533,102367981,Queens,Flushing,40.72729,-73.79598,Private room,55,2,5,2,164,5
23826739,34404232,Queens,Astoria,40.76141,-73.92235,Private room,64,1,24,1,0,0
23661749,24595687,Brooklyn,Clinton Hill,40.68187,-73.96431,Private room,55,30,1,1,0,0
23593582,111262060,Brooklyn,Flatbush,40.63938,-73.959,Private room,75,30,67,1,0,0
23838400,72142281,Manhattan,East Village,40.72747,-73.9844,Entire home/apt,125,30,73,1,0,0
23663629,43821705,Brooklyn,Crown Heights,40.675103083352624,-73.93114446120461,Private room,143,1,0,1,329,0
23664916,8993896,Brooklyn,Fort Greene,40.68827,-73.96977,Entire home/apt,195,4,45,1,5,15
23666777,82889379,Bronx,Woodlawn,40.9002,-73.86447,Private room,43,1,281,6,0,20
23838734,94219511,Manhattan,Harlem,40.80098,-73.95543,Private room,65,6,12,2,0,0
23839013,148130073,Staten Island,Grymes Hill,40.61887,-74.09107,Entire home/apt,119,5,143,1,117,22
23839337,55302128,Queens,Long Island City,40.74341,-73.95568,Private room,122,30,27,1,0,0
23667137,115151548,Queens,Jamaica Estates,40.7157,-73.77634,Private room,72,30,6,1,0,0
23667332,107040079,Brooklyn,Crown Heights,40.666,-73.94163,Private room,60,6,91,2,284,18
23668754,29918034,Brooklyn,Park Slope,40.67011,-73.98162,Entire home/apt,108,18,31,1,0,3
23668975,130804,Manhattan,Washington Heights,40.83306,-73.9447,Private room,65,30,0,1,0,0
23669006,2965556,Bronx,Spuyten Duyvil,40.88236,-73.91129,Entire home/apt,425,30,8,1,0,0
23593710,17494958,Manhattan,SoHo,40.72178,-74.00427,Entire home/apt,275,5,6,2,0,0
23594177,25096301,Brooklyn,Fort Greene,40.68507,-73.97618,Entire home/apt,120,30,10,2,0,1
23595013,5709606,Manhattan,Upper East Side,40.77292,-73.95446,Entire home/apt,175,30,24,1,0,0
23841481,179026754,Brooklyn,Williamsburg,40.71124,-73.96292,Entire home/apt,375,30,10,2,314,1
23596025,43180601,Manhattan,Upper West Side,40.79969,-73.96106,Entire home/apt,100,30,0,1,0,0
24000498,41414774,Queens,Astoria,40.76116,-73.91023,Entire home/apt,105,4,51,2,245,14
23669140,43264429,Manhattan,Morningside Heights,40.80562,-73.96425,Private room,100,31,2,1,0,0
23669201,2438,Brooklyn,Williamsburg,40.71216,-73.94469,Entire home/apt,95,45,1,1,0,0
23842204,38615080,Brooklyn,Crown Heights,40.6712,-73.95388,Private room,70,3,71,1,0,33
23671775,129483977,Brooklyn,Williamsburg,40.71223,-73.96063,Private room,60,30,0,1,0,0
24016145,41561905,Brooklyn,Crown Heights,40.67634,-73.94399,Entire home/apt,150,30,2,1,0,0
23842721,12387523,Brooklyn,Bedford-Stuyvesant,40.6795,-73.94367,Private room,79,2,77,2,323,26
24016962,180744564,Brooklyn,Brighton Beach,40.57916,-73.95424,Entire home/apt,150,30,54,1,246,0
23683924,6238348,Manhattan,Two Bridges,40.71265,-73.99728,Entire home/apt,162,30,7,1,0,0
23844034,2478424,Queens,Elmhurst,40.74554,-73.87677,Entire home/apt,140,180,33,1,327,0
23685538,37286422,Queens,Briarwood,40.70946,-73.81331,Private room,40,30,22,1,0,0
23855079,29100568,Manhattan,Theater District,40.76131,-73.98264,Entire home/apt,175,30,1,4,0,0
23686606,4810688,Manhattan,Harlem,40.80459,-73.95685,Entire home/apt,213,30,74,1,108,4
23692933,170534355,Manhattan,West Village,40.72942,-74.00426,Entire home/apt,745,5,146,1,189,33
24017521,117675375,Manhattan,East Harlem,40.80057,-73.93934,Private room,47,28,50,2,24,8
23855529,101568108,Manhattan,Harlem,40.80126,-73.95554,Entire home/apt,250,30,4,1,0,0
24019698,100965471,Manhattan,Midtown,40.75382,-73.96942,Entire home/apt,135,30,3,1,0,0
24019880,9263105,Staten Island,New Brighton,40.6438,-74.09177,Private room,38,30,4,1,54,3
24022943,20805,Brooklyn,Crown Heights,40.67123,-73.95563,Entire home/apt,85,7,5,1,0,1
24024721,175019394,Queens,Jamaica,40.67162,-73.77911,Private room,50,1,179,6,55,1
23702317,177562935,Manhattan,Harlem,40.81267,-73.94504,Private room,115,1,99,1,31,35
23710983,5192686,Brooklyn,Prospect-Lefferts Gardens,40.65777,-73.95729,Private room,90,30,8,2,0,0
23712143,161081229,Bronx,Melrose,40.82274,-73.91353,Private room,54,2,196,2,235,45
23714854,48911266,Manhattan,Two Bridges,40.71185,-73.99559,Private room,112,30,20,2,0,0
23856189,61298005,Brooklyn,Bedford-Stuyvesant,40.68459,-73.92879,Entire home/apt,214,3,31,1,7,31
23714915,177714844,Brooklyn,Flatbush,40.64073,-73.96758,Private room,38,30,1,1,0,0
23857515,64060155,Brooklyn,South Slope,40.66681,-73.98319,Private room,65,30,0,1,0,0
24033132,8852676,Brooklyn,Clinton Hill,40.69566,-73.9691,Entire home/apt,164,2,173,1,271,55
24034953,25096301,Brooklyn,Fort Greene,40.6867,-73.97444,Private room,90,30,10,2,0,0
24038899,10828579,Manhattan,East Harlem,40.79971,-73.93785,Entire home/apt,85,30,7,2,0,0
23858353,154302755,Brooklyn,Bedford-Stuyvesant,40.68797,-73.928,Private room,110,10,77,5,347,10
23859834,11274299,Manhattan,East Village,40.72584,-73.98375,Private room,159,30,1,2,0,0
23869761,29326392,Brooklyn,Bushwick,40.69954,-73.93636,Private room,22,2,1,1,0,0
24040279,4365496,Brooklyn,Williamsburg,40.70984,-73.96247,Private room,75,3,58,1,0,0
24042606,91427536,Brooklyn,Bushwick,40.69497,-73.9244,Private room,38,30,5,2,0,0
24042844,143052745,Bronx,Mott Haven,40.81015,-73.92025,Private room,63,1,131,5,241,48
24043603,4181378,Brooklyn,Bedford-Stuyvesant,40.69079,-73.93494,Entire home/apt,210,5,54,3,229,13
24057278,161899037,Queens,Flushing,40.75792,-73.83175,Entire home/apt,160,2,157,7,48,44
23715974,3635762,Manhattan,Harlem,40.8039,-73.95725,Entire home/apt,100,30,0,1,0,0
23718065,177761074,Queens,Astoria,40.75546,-73.91757,Private room,70,1,17,1,310,15
23870093,6570552,Brooklyn,Bedford-Stuyvesant,40.68327,-73.93979,Entire home/apt,155,5,6,1,129,1
23873057,13754273,Brooklyn,Greenpoint,40.72058,-73.94117,Private room,60,2,6,1,0,0
23723970,10331194,Brooklyn,Bedford-Stuyvesant,40.68802,-73.92406,Private room,45,30,0,1,0,0
24057583,181108819,Staten Island,Clifton,40.61989,-74.08581,Private room,69,2,85,1,361,5
24059751,137129564,Queens,Flushing,40.75373,-73.81579,Private room,46,1,82,6,350,27
24065918,35996743,Brooklyn,Boerum Hill,40.68975,-73.99184,Entire home/apt,100,30,3,1,0,0
23875454,179376942,Manhattan,Washington Heights,40.84559,-73.93952,Private room,85,1,4,1,31,2
24075491,8185223,Brooklyn,Bushwick,40.69572,-73.92762,Private room,42,90,0,1,0,0
24077483,116482644,Manhattan,Hell's Kitchen,40.76611,-73.98813,Private room,79,14,67,2,0,0
23726935,63486878,Brooklyn,Flatbush,40.64062,-73.9581,Entire home/apt,120,2,27,1,102,27
23727037,127345864,Brooklyn,East Flatbush,40.64236,-73.93066,Entire home/apt,116,5,105,2,60,21
23876355,16597520,Queens,Astoria,40.76491,-73.91843,Private room,58,3,7,1,53,1
23876927,146326976,Queens,Astoria,40.75834,-73.91619,Private room,71,2,112,1,330,33
24077570,22923979,Brooklyn,Bedford-Stuyvesant,40.68299,-73.93457,Entire home/apt,135,30,30,1,0,0
24082591,44303500,Manhattan,Washington Heights,40.84835,-73.93902,Entire home/apt,199,2,7,2,0,0
24083125,163362268,Manhattan,Gramercy,40.736,-73.98488,Private room,59,30,6,6,311,4
24083340,13460416,Manhattan,Little Italy,40.72037,-73.998,Entire home/apt,139,7,7,1,0,0
23877781,8610441,Brooklyn,Carroll Gardens,40.6782,-73.99627,Entire home/apt,220,30,122,1,282,5
24083686,181344112,Manhattan,Kips Bay,40.74323,-73.98003,Entire home/apt,199,30,7,1,0,0
24083746,32434287,Manhattan,Harlem,40.81812,-73.94287,Private room,65,30,1,1,0,0
24086178,6523823,Queens,Ditmars Steinway,40.77484,-73.91823,Entire home/apt,100,30,1,1,0,0
23727923,116067987,Queens,Astoria,40.75419,-73.92314,Entire home/apt,140,30,39,2,311,3
23728057,15681707,Brooklyn,Crown Heights,40.67492,-73.91262,Entire home/apt,151,2,110,2,216,30
23728069,83899060,Brooklyn,Flatbush,40.64229,-73.96565,Entire home/apt,100,4,60,1,214,24
23881522,179442361,Brooklyn,Midwood,40.61913,-73.96315,Private room,70,30,8,1,0,0
23736259,6077446,Manhattan,Harlem,40.81543,-73.95059,Entire home/apt,54,30,2,1,0,2
23742000,50003794,Queens,Elmhurst,40.74201,-73.88428,Entire home/apt,100,1,32,1,0,1
23744762,8159536,Bronx,Concourse,40.83273,-73.922,Private room,49,3,30,4,312,8
23746579,124357,Brooklyn,Williamsburg,40.71729,-73.95381,Entire home/apt,364,1,196,3,330,55
24086457,181372846,Manhattan,Chinatown,40.71642,-73.99908,Entire home/apt,628,30,65,2,168,0
24097816,2163683,Manhattan,Upper East Side,40.78013,-73.9496,Entire home/apt,250,50,0,1,0,0
24103912,19303369,Queens,Woodside,40.74298,-73.90452,Private room,41,31,1,175,0,0
24104871,178473107,Manhattan,Harlem,40.83054,-73.94692,Private room,99,2,18,6,0,2
24105640,178473107,Manhattan,Harlem,40.83054,-73.94692,Private room,155,1,45,6,70,8
24115562,55948559,Bronx,Pelham Gardens,40.8667,-73.84154,Private room,35,30,6,5,1,0
24118031,4924711,Bronx,Concourse,40.82054,-73.92798,Entire home/apt,225,3,70,1,0,2
23894317,479432,Brooklyn,Bedford-Stuyvesant,40.67795,-73.91061,Private room,75,30,44,1,0,0
23900717,100238132,Manhattan,Midtown,40.75218,-73.97137,Entire home/apt,353,5,34,12,0,0
23901030,100238132,Manhattan,Midtown,40.75173,-73.97275,Entire home/apt,353,5,36,12,0,0
23901252,100238132,Manhattan,Midtown,40.75189,-73.97148,Entire home/apt,286,5,6,12,0,0
23901420,100238132,Manhattan,Midtown,40.75366,-73.9735,Entire home/apt,286,5,5,12,0,0
23901526,100238132,Manhattan,Midtown,40.75233,-73.97328,Entire home/apt,286,5,6,12,0,0
23901779,51501835,Manhattan,Upper East Side,40.78148,-73.95198,Entire home/apt,120,30,11,109,318,6
23901908,179634496,Manhattan,East Harlem,40.79974,-73.94327,Entire home/apt,300,30,0,1,0,0
24119328,8612450,Brooklyn,Midwood,40.61395,-73.96756,Private room,51,3,4,1,65,0
24119876,181679481,Queens,Arverne,40.59855,-73.79418,Entire home/apt,246,3,46,1,144,12
24120812,180914900,Manhattan,Financial District,40.70879,-74.0138,Private room,199,30,32,1,364,0
24121036,24591977,Brooklyn,Bedford-Stuyvesant,40.67947,-73.91008,Private room,70,30,26,1,0,0
23746794,97659986,Brooklyn,South Slope,40.66849,-73.98489,Entire home/apt,125,30,32,1,0,0
23747870,174838527,Queens,Richmond Hill,40.69294,-73.82745,Shared room,100,30,0,1,0,0
23901975,43275413,Manhattan,Murray Hill,40.74601,-73.97764,Entire home/apt,164,30,22,1,0,0
23747957,36052067,Manhattan,East Harlem,40.80111,-73.94488,Entire home/apt,317,3,146,1,37,53
23748179,6854910,Manhattan,East Harlem,40.80831,-73.94079,Private room,150,30,0,1,0,0
23749162,6989615,Manhattan,West Village,40.74079,-74.00556,Entire home/apt,175,30,23,1,84,0
23749862,20447869,Manhattan,Kips Bay,40.74476,-73.97837,Private room,90,14,1,2,0,0
23903645,105699183,Manhattan,Harlem,40.8256,-73.94945,Entire home/apt,196,7,5,1,1,1
24122836,181710793,Queens,Flushing,40.76398,-73.83029,Private room,45,30,146,3,166,2
24129287,163703392,Brooklyn,Bushwick,40.69313,-73.90613,Private room,29,4,19,2,0,0
23905542,1630247,Brooklyn,Park Slope,40.67718,-73.98071,Entire home/apt,185,30,9,1,0,0
24130728,11542546,Manhattan,Hell's Kitchen,40.7599,-73.9973,Entire home/apt,200,30,2,1,0,0
23750601,3605048,Brooklyn,Bedford-Stuyvesant,40.68248,-73.92833,Entire home/apt,151,2,187,2,39,69
23916900,83967077,Queens,Long Island City,40.75892,-73.93303,Entire home/apt,94,30,4,1,0,0
23753775,2250865,Manhattan,SoHo,40.72828,-74.00521,Entire home/apt,170,30,0,1,0,0
23756498,74033494,Brooklyn,Flatbush,40.64183,-73.95179,Entire home/apt,141,3,73,1,64,18
23760365,105310740,Brooklyn,Bedford-Stuyvesant,40.68278,-73.95301,Entire home/apt,78,30,11,3,19,7
23761645,16851857,Bronx,Wakefield,40.89638,-73.85118,Entire home/apt,185,7,22,10,365,0
23917760,179778880,Brooklyn,Sunset Park,40.66188,-73.9914,Private room,50,30,82,3,264,2
23761707,178229322,Bronx,Concourse,40.83206,-73.92134,Private room,64,1,117,1,32,23
23763367,178237936,Queens,Astoria,40.77238,-73.92517,Entire home/apt,109,1,178,1,287,35
24131843,155101453,Manhattan,Upper West Side,40.80253,-73.96372,Private room,55,30,3,1,0,0
24136172,1844352,Brooklyn,Williamsburg,40.71148,-73.94249,Private room,124,15,20,2,13,5
24136557,177353847,Manhattan,East Village,40.72564,-73.99044,Entire home/apt,300,30,11,1,325,0
23918586,22710535,Brooklyn,Bedford-Stuyvesant,40.6885,-73.93008,Private room,150,30,1,1,0,0
24137748,181858292,Manhattan,Upper West Side,40.77939,-73.98518,Entire home/apt,185,30,44,1,0,0
24137869,1261480,Manhattan,Harlem,40.80721,-73.95062,Private room,1200,3,0,8,117,0
24140198,85506502,Manhattan,Nolita,40.72245,-73.99505,Entire home/apt,117,30,4,1,0,0
24140556,36818639,Manhattan,Upper East Side,40.77025,-73.95234,Entire home/apt,79,30,6,1,0,0
24149436,6792120,Manhattan,Upper East Side,40.76776,-73.96174,Entire home/apt,150,30,42,2,0,0
23763873,178244787,Brooklyn,Greenpoint,40.72276,-73.9499,Private room,90,30,13,2,0,0
23768711,161899037,Queens,Flushing,40.7581,-73.83184,Entire home/apt,157,2,98,7,49,45
23769218,161899037,Queens,Flushing,40.75616,-73.83157,Entire home/apt,158,2,112,7,70,34
23921536,57192926,Manhattan,Financial District,40.70697,-74.00514,Entire home/apt,185,4,60,1,0,4
23771352,25705033,Brooklyn,Williamsburg,40.70469,-73.93802,Entire home/apt,190,30,1,1,0,0
24260247,14759766,Brooklyn,Flatbush,40.64394,-73.96057,Entire home/apt,600,4,7,2,40,6
24151123,25468672,Brooklyn,Prospect-Lefferts Gardens,40.65768,-73.95381,Private room,40,10,4,1,0,0
24151237,167986279,Queens,Ozone Park,40.67928,-73.83203,Entire home/apt,150,1,10,1,124,10
24153268,2675644,Staten Island,Randall Manor,40.640959490425445,-74.0964743895197,Private room,50,30,0,5,340,0
23922304,163362268,Manhattan,Gramercy,40.73556,-73.9853,Private room,64,30,5,6,309,1
23924234,40636399,Brooklyn,Flatbush,40.63046,-73.96432,Entire home/apt,168,30,28,2,0,0
23926532,171198420,Brooklyn,East Flatbush,40.65455,-73.94843,Private room,70,3,82,1,17,20
24154729,37995238,Brooklyn,Williamsburg,40.71521,-73.93585,Entire home/apt,70,30,18,1,0,0
24260404,182940016,Queens,Far Rockaway,40.5952,-73.76356,Private room,500,1,0,1,90,0
23935141,282655,Brooklyn,Flatbush,40.64706,-73.96962,Entire home/apt,315,3,154,4,283,45
24267706,21074914,Brooklyn,Bedford-Stuyvesant,40.68258,-73.91264,Private room,54,1,200,4,63,9
24269100,181710793,Queens,Flushing,40.76554,-73.83042,Private room,60,30,152,3,258,1
24156857,3156480,Brooklyn,Boerum Hill,40.68862,-73.98324,Entire home/apt,127,5,7,1,0,0
24157013,182039779,Brooklyn,Carroll Gardens,40.68041,-73.9923,Entire home/apt,121,30,7,1,0,0
24157110,28422,Manhattan,Upper East Side,40.77324,-73.94924,Entire home/apt,80,181,0,1,0,0
23937502,17772042,Brooklyn,Downtown Brooklyn,40.69285,-73.98696,Entire home/apt,195,3,0,1,0,0
24158806,142426920,Brooklyn,Prospect Heights,40.68059,-73.9703,Private room,225,30,14,1,0,0
24269196,183024421,Brooklyn,East Flatbush,40.63564,-73.94428,Entire home/apt,215,4,18,1,334,18
23943945,97964040,Brooklyn,Boerum Hill,40.6839,-73.9819,Entire home/apt,130,30,3,1,0,0
24276835,26459329,Brooklyn,Carroll Gardens,40.67546,-73.99936,Private room,80,3,88,1,136,28
24162064,182092241,Manhattan,Midtown,40.75337,-73.9688,Entire home/apt,160,3,91,1,0,0
24162261,83377687,Queens,Jackson Heights,40.75414,-73.85671,Entire home/apt,166,2,141,2,114,48
24171777,6489789,Brooklyn,Boerum Hill,40.68228,-73.98008,Entire home/apt,507,30,4,1,0,0
24175236,13929249,Brooklyn,Bedford-Stuyvesant,40.69175,-73.95283,Private room,72,30,2,1,0,0
24177410,112901574,Brooklyn,Bedford-Stuyvesant,40.68945,-73.93274,Entire home/apt,106,3,77,7,107,55
24178083,179778880,Brooklyn,Sunset Park,40.66231,-73.99206,Private room,52,30,62,3,307,3
24181763,182260692,Brooklyn,Cypress Hills,40.68365,-73.87822,Private room,99,2,168,1,120,50
24182137,100238132,Manhattan,Midtown,40.75289,-73.97356,Entire home/apt,353,5,28,12,0,0
24183293,48182426,Queens,Ridgewood,40.70015,-73.90735,Private room,50,30,3,1,0,0
24186326,10915812,Manhattan,Battery Park City,40.70898,-74.01569,Entire home/apt,295,30,24,1,78,0
23943948,18598201,Manhattan,Lower East Side,40.72198,-73.98706,Entire home/apt,2900,3,65,1,72,2
24186601,20367358,Manhattan,Upper East Side,40.77463,-73.9458,Entire home/apt,115,30,9,1,301,4
24282118,155935757,Manhattan,Financial District,40.70501,-74.0082,Entire home/apt,102,90,8,2,167,3
23946797,65059624,Manhattan,East Harlem,40.8094,-73.93796,Entire home/apt,150,3,123,2,0,0
24283298,105159,Brooklyn,Bedford-Stuyvesant,40.69094,-73.9576,Entire home/apt,150,30,7,1,64,0
24284162,80793056,Brooklyn,Fort Greene,40.69399,-73.97019,Private room,40,30,2,1,0,0
24284744,123362684,Manhattan,Hell's Kitchen,40.76678,-73.98604,Entire home/apt,160,3,18,1,0,0
24186775,17183013,Brooklyn,Bedford-Stuyvesant,40.68074,-73.91969,Private room,81,2,103,1,292,24
24188354,49704571,Brooklyn,Williamsburg,40.71967,-73.94458,Private room,80,30,9,9,75,0
23952207,44381804,Brooklyn,Downtown Brooklyn,40.68923419868422,-73.98681782876008,Entire home/apt,375,30,0,1,300,0
24199249,182411776,Manhattan,East Village,40.7297,-73.98012,Private room,115,2,52,1,65,0
24199400,70162513,Manhattan,Washington Heights,40.83864,-73.94255,Private room,55,30,3,1,0,0
24200751,47424665,Queens,Ridgewood,40.70484,-73.90951,Entire home/apt,384,2,155,2,301,37
24203680,9756051,Manhattan,Harlem,40.82618,-73.9444,Entire home/apt,100,30,7,1,0,0
24205351,100238132,Manhattan,Midtown,40.7532,-73.97133,Entire home/apt,353,5,30,12,0,0
24206044,12986426,Manhattan,Harlem,40.82537,-73.94857,Entire home/apt,306,5,18,2,83,11
24226175,27655941,Brooklyn,Williamsburg,40.71211,-73.95857,Entire home/apt,115,30,23,1,0,0
24229203,4391922,Brooklyn,Clinton Hill,40.69665,-73.96415,Entire home/apt,118,30,19,1,0,0
24230591,24175837,Manhattan,Kips Bay,40.74372,-73.97745,Private room,81,30,6,2,0,0
24287062,71188253,Queens,Elmhurst,40.74488,-73.88974,Entire home/apt,125,4,88,1,114,29
24287261,16574437,Manhattan,Harlem,40.81555,-73.94704,Entire home/apt,100,3,82,1,0,0
23952724,121379512,Bronx,Longwood,40.8241,-73.88877,Private room,54,30,0,2,0,0
23957636,19640594,Manhattan,Battery Park City,40.70969,-74.01715,Entire home/apt,267,60,0,1,0,0
23958542,180154611,Brooklyn,Canarsie,40.63787,-73.89813,Private room,59,2,35,3,341,14
24287286,32617252,Queens,Jamaica,40.66723,-73.78854,Entire home/apt,198,3,164,2,67,42
24234359,2560891,Brooklyn,Fort Greene,40.69682,-73.97161,Entire home/apt,145,30,7,1,0,0
24239222,74874485,Queens,Ditmars Steinway,40.77351,-73.90793,Entire home/apt,70,30,2,1,0,0
24246039,106309624,Manhattan,Upper West Side,40.78595,-73.97066,Entire home/apt,215,2,6,1,0,0
23959939,10606156,Brooklyn,Greenpoint,40.72491,-73.9543,Entire home/apt,175,222,0,1,0,0
24251237,180329864,Manhattan,Greenwich Village,40.73204,-73.99595,Entire home/apt,159,2,7,1,0,0
24287367,102896902,Bronx,Concourse Village,40.8308,-73.9162,Private room,70,3,25,2,166,21
24288869,25414207,Queens,Ridgewood,40.70096,-73.90739,Private room,72,1,212,4,186,44
24289926,149324749,Manhattan,Midtown,40.75768,-73.96767,Private room,130,30,2,1,0,0
24299542,25093840,Manhattan,Murray Hill,40.7472,-73.97443,Private room,135,30,3,1,0,0
23961938,180186230,Queens,Fresh Meadows,40.74814,-73.78201,Private room,140,1,12,1,365,1
24303775,170817628,Brooklyn,Bay Ridge,40.62528,-74.03101,Private room,47,30,0,1,0,0
24306539,16257970,Manhattan,Lower East Side,40.71255,-73.98564,Private room,91,2,211,2,165,64
24307110,43321,Manhattan,Chinatown,40.71421,-73.99152,Entire home/apt,200,7,8,1,62,1
24308988,5717334,Brooklyn,Bedford-Stuyvesant,40.68902,-73.95219,Private room,195,6,1,3,190,0
24538110,12156706,Manhattan,Greenwich Village,40.72921,-74.00215,Entire home/apt,300,30,3,2,0,0
23964830,180219381,Manhattan,East Harlem,40.7881,-73.95155,Private room,80,2,133,1,260,20
24540842,6524762,Manhattan,Midtown,40.76527,-73.97744,Entire home/apt,343,1,17,3,75,7
24540935,51068857,Brooklyn,Bedford-Stuyvesant,40.6834,-73.95332,Entire home/apt,125,6,1,1,0,0
24541153,30895980,Brooklyn,Brighton Beach,40.5768,-73.95472,Entire home/apt,200,30,25,2,72,0
24312253,172851546,Manhattan,Upper West Side,40.798267,-73.964378,Private room,238,29,20,3,285,13
24312535,172851546,Manhattan,Upper West Side,40.79827,-73.96438,Private room,212,29,55,3,311,48
24313701,16851857,Bronx,Wakefield,40.89833,-73.84949,Entire home/apt,66,3,34,10,175,10
24323953,34643568,Manhattan,East Harlem,40.79289,-73.94124,Private room,82,900,18,7,365,0
23965055,79298323,Queens,Maspeth,40.73299,-73.89365,Private room,38,14,19,3,64,1
23965460,157141199,Manhattan,Inwood,40.86179,-73.92542,Private room,106,30,6,2,0,0
24324891,19557813,Brooklyn,Bedford-Stuyvesant,40.68196,-73.91972,Private room,136,2,74,1,65,10
24326705,178244787,Brooklyn,Greenpoint,40.72425,-73.95167,Entire home/apt,130,30,2,2,0,0
24331953,10459727,Manhattan,Upper West Side,40.78052,-73.97559,Private room,150,3,33,1,99,21
24553427,49505120,Brooklyn,Park Slope,40.68085,-73.97514,Private room,30,30,0,1,0,0
24560314,19703783,Manhattan,Hell's Kitchen,40.76284,-73.98878,Entire home/apt,445,100,6,1,88,0
23973305,88394152,Manhattan,Upper East Side,40.77767,-73.9463,Entire home/apt,180,2,28,1,87,2
24561311,17345576,Manhattan,Harlem,40.80188,-73.94656,Shared room,100,30,1,1,364,0
24335248,183610844,Queens,Flushing,40.72663,-73.79293,Private room,80,30,8,2,67,0
24350254,123472158,Manhattan,West Village,40.73371,-74.00787,Entire home/apt,260,30,3,4,127,0
23976566,105124052,Queens,Rosedale,40.65844,-73.73218,Private room,50,1,52,1,139,6
23978220,180347935,Queens,Queens Village,40.72658,-73.74218,Shared room,26,30,0,1,0,0
24351719,87585422,Manhattan,East Village,40.72198,-73.98404,Entire home/apt,1475,5,25,1,269,5
24352967,182989977,Brooklyn,East Flatbush,40.6562,-73.93877,Private room,211,30,5,3,0,0
24561322,37580284,Manhattan,Lower East Side,40.71525,-73.98866,Entire home/apt,85,35,0,1,0,0
24572398,10679309,Brooklyn,Williamsburg,40.71034,-73.96729,Entire home/apt,386,3,14,1,67,2
23979192,15538912,Brooklyn,Crown Heights,40.67262,-73.95039,Entire home/apt,70,30,4,1,0,0
24572885,156298,Manhattan,East Village,40.72406,-73.97627,Entire home/apt,268,30,2,1,0,0
23979686,3894475,Brooklyn,South Slope,40.66554,-73.98116,Entire home/apt,150,2,2,3,0,0
23980153,180378787,Brooklyn,Bushwick,40.70513,-73.92211,Private room,30,30,1,1,0,0
24355927,16586817,Brooklyn,Bedford-Stuyvesant,40.68409,-73.91581,Entire home/apt,125,3,38,1,0,14
24356861,6517654,Manhattan,Washington Heights,40.83851,-73.94251,Entire home/apt,115,30,6,1,0,0
24357562,19940836,Manhattan,Lower East Side,40.71843,-73.98604,Private room,69,30,27,1,0,0
23990128,82834850,Queens,Long Island City,40.75496,-73.93591,Private room,48,30,2,1,0,0
24366897,183886601,Manhattan,Inwood,40.86882,-73.92374,Entire home/apt,100,30,9,2,261,1
24575257,146182000,Manhattan,Midtown,40.75902,-73.98098,Private room,120,30,25,1,0,0
23992829,20855056,Queens,Ditmars Steinway,40.77563,-73.90936,Private room,35,30,5,1,0,0
24580129,143070465,Brooklyn,Bedford-Stuyvesant,40.69591,-73.94833,Private room,24,30,10,1,0,0
24369797,251588030,Manhattan,East Harlem,40.79054,-73.94602,Entire home/apt,240,3,168,1,0,35
24756139,1805238,Brooklyn,Prospect-Lefferts Gardens,40.65579,-73.9581,Private room,59,1,133,2,0,46
24757844,39074591,Queens,Woodside,40.74572,-73.90814,Private room,38,1,2,1,0,0
24369857,2790890,Brooklyn,Bedford-Stuyvesant,40.69369,-73.94971,Entire home/apt,131,3,136,2,291,40
24370001,8961407,Manhattan,Harlem,40.80541,-73.94635,Entire home/apt,425,30,81,3,311,3
24757848,187182730,Manhattan,Washington Heights,40.8575,-73.93269,Private room,93,3,21,2,348,18
24370692,8973065,Brooklyn,Williamsburg,40.70228,-73.93555,Private room,45,30,6,1,0,0
24372429,10197436,Brooklyn,Bushwick,40.68612,-73.9141,Entire home/apt,435,3,151,1,244,28
24580422,10574166,Manhattan,Murray Hill,40.74723,-73.97832,Entire home/apt,150,30,17,1,0,0
24580806,174986751,Manhattan,Washington Heights,40.85207,-73.94134,Private room,175,3,16,3,64,0
24580943,174986751,Manhattan,Washington Heights,40.85234,-73.93992,Private room,300,3,7,3,177,0
24582124,102287990,Brooklyn,Sunset Park,40.64508,-74.02328,Private room,75,30,0,1,0,0
24583029,75302217,Manhattan,Upper East Side,40.77709,-73.95517,Entire home/apt,153,30,16,2,0,0
24757849,187182730,Manhattan,Washington Heights,40.85598,-73.93094,Entire home/apt,176,5,0,2,3,0
24757985,5832321,Queens,Glendale,40.69513,-73.89574,Entire home/apt,200,4,7,1,208,0
24374487,33587458,Brooklyn,Bedford-Stuyvesant,40.69093,-73.92587,Entire home/apt,115,30,14,1,0,0
24376374,3436710,Manhattan,East Village,40.72583,-73.97619,Private room,180,28,37,4,161,2
24377683,21410546,Manhattan,Chelsea,40.73832,-73.99355,Private room,85,30,4,1,0,0
24380012,73592174,Brooklyn,Midwood,40.612,-73.9568,Private room,44,1,6,1,0,2
24758512,60975812,Manhattan,Hell's Kitchen,40.75502,-73.99611,Private room,70,30,0,1,0,0
24583519,7939437,Brooklyn,Bedford-Stuyvesant,40.68906,-73.95706,Private room,153,2,137,2,0,58
24758664,187190679,Brooklyn,Bushwick,40.70106,-73.92457,Entire home/apt,175,3,47,1,283,3
24594184,185850609,Bronx,Mott Haven,40.81059,-73.91966,Entire home/apt,140,3,113,1,24,24
24380794,184009385,Brooklyn,Williamsburg,40.71311,-73.94337,Entire home/apt,211,2,142,2,42,35
24758883,15838559,Queens,Forest Hills,40.7135,-73.85117,Private room,59,30,9,3,0,0
24765844,479986,Brooklyn,Williamsburg,40.70714,-73.95312,Entire home/apt,150,30,117,1,64,0
24776834,34643568,Manhattan,East Harlem,40.79275,-73.93961,Private room,72,900,25,7,88,0
24779271,65119217,Manhattan,East Village,40.72599,-73.98559,Private room,200,30,1,1,0,0
24392338,160356,Manhattan,East Village,40.72504,-73.98314,Entire home/apt,170,1,499,2,232,107
24395202,184130293,Manhattan,Inwood,40.86436,-73.92236,Private room,45,30,4,2,0,0
24397824,72423116,Manhattan,Morningside Heights,40.80546,-73.96396,Private room,88,30,23,1,0,0
24599452,185889529,Queens,St. Albans,40.70474,-73.75667,Private room,80,3,106,4,354,20
24600833,12156706,Manhattan,Greenwich Village,40.72963,-73.99989,Private room,115,30,2,2,0,0
24783060,187388261,Brooklyn,Bedford-Stuyvesant,40.67952,-73.93801,Entire home/apt,200,30,1,1,0,0
24601752,185908506,Bronx,Edenwald,40.88677,-73.83542,Private room,91,30,20,3,0,0
24398061,53163551,Brooklyn,Bushwick,40.70204,-73.91626,Private room,40,30,4,1,0,0
24784400,24373940,Queens,East Elmhurst,40.75505,-73.8964,Entire home/apt,100,60,0,1,365,0
24398725,110907551,Manhattan,Midtown,40.74693,-73.98284,Private room,120,6,59,1,0,0
24602796,52395622,Manhattan,Upper East Side,40.77961,-73.94856,Entire home/apt,160,30,16,1,0,0
24792114,3405917,Queens,Sunnyside,40.74456,-73.91609,Private room,80,4,50,1,0,11
24604281,185683441,Manhattan,Harlem,40.81657,-73.94184,Private room,83,30,80,3,118,4
24799677,25109819,Queens,Astoria,40.7601,-73.91679,Private room,50,30,5,1,0,0
24412104,91034542,Manhattan,Kips Bay,40.74404,-73.97804,Private room,65,3,59,1,0,0
24799807,120762452,Manhattan,Murray Hill,40.74838,-73.97734,Entire home/apt,240,30,3,83,365,0
24801589,3082771,Brooklyn,Park Slope,40.67162,-73.9762,Entire home/apt,93,30,11,1,0,0
24607287,160614820,Queens,Ditmars Steinway,40.77478,-73.91078,Private room,65,30,12,1,0,0
24804386,1092203,Manhattan,Upper West Side,40.7846,-73.97483,Entire home/apt,135,30,12,1,0,0
24412681,184233409,Staten Island,Port Richmond,40.63241,-74.13834,Entire home/apt,39,2,24,1,0,0
24414462,156505456,Brooklyn,East New York,40.66088,-73.88709,Private room,76,3,23,32,358,2
24805086,26602392,Queens,Springfield Gardens,40.66275,-73.76796,Private room,70,1,71,2,353,13
24805249,3494371,Brooklyn,Williamsburg,40.71555,-73.95347,Entire home/apt,525,30,15,1,182,2
24424840,148272313,Manhattan,Kips Bay,40.74513,-73.97754,Entire home/apt,470,1,167,1,174,49
24426631,165884816,Brooklyn,Williamsburg,40.71904,-73.95971,Entire home/apt,161,91,11,1,0,0
24427558,171697479,Manhattan,Kips Bay,40.74415,-73.98099,Private room,99,28,22,26,283,11
24607763,118029044,Brooklyn,Midwood,40.61022,-73.97112,Entire home/apt,400,4,48,2,152,11
24608922,84862540,Manhattan,Battery Park City,40.70879,-74.01584,Private room,99,30,6,1,0,0
24806098,75981937,Queens,Astoria,40.76217,-73.92205,Entire home/apt,115,30,4,3,66,0
24806110,187536544,Brooklyn,Brighton Beach,40.57809,-73.9626,Entire home/apt,200,3,35,2,351,10
24609263,43803591,Brooklyn,Fort Hamilton,40.61386,-74.03435,Entire home/apt,113,30,44,1,181,2
24611661,185683441,Manhattan,Harlem,40.81798,-73.94235,Private room,83,30,63,3,163,4
24618397,29100568,Manhattan,Theater District,40.76247,-73.98337,Entire home/apt,162,30,0,4,0,0
24431407,184496160,Queens,Astoria,40.76039,-73.91846,Private room,80,30,0,1,0,0
24438437,53781263,Queens,Ridgewood,40.70065,-73.90352,Private room,90,2,26,2,51,6
24438564,53781263,Queens,Ridgewood,40.70227,-73.90411,Entire home/apt,215,5,51,2,140,17
24441912,9949215,Manhattan,Harlem,40.81738,-73.94317,Entire home/apt,188,30,60,2,154,4
24448560,76409499,Manhattan,Harlem,40.82378,-73.95197,Private room,45,30,1,1,0,0
24453838,184694715,Brooklyn,Williamsburg,40.71623,-73.94067,Entire home/apt,200,5,71,1,60,21
24454304,141765510,Queens,Astoria,40.7618,-73.92419,Private room,77,5,4,1,0,0
24468390,21965282,Brooklyn,Bay Ridge,40.63276,-74.03097,Private room,71,30,7,4,337,0
24806141,186679495,Manhattan,Washington Heights,40.84537,-73.93744,Entire home/apt,100,3,230,1,270,38
24473230,184853043,Brooklyn,Kensington,40.64612,-73.97119,Entire home/apt,319,2,81,1,73,12
24480789,184928600,Queens,Flushing,40.76887,-73.79994,Private room,100,30,26,1,0,0
24491450,4831440,Brooklyn,Greenpoint,40.72156,-73.94822,Entire home/apt,100,30,19,1,0,0
24491524,185008425,Manhattan,Hell's Kitchen,40.76205,-73.99141,Entire home/apt,265,30,51,1,0,0
24626439,5922211,Manhattan,Tribeca,40.71579,-74.00587,Private room,90,30,2,1,0,0
24806529,113890236,Brooklyn,Bensonhurst,40.60961,-73.9787,Private room,45,30,2,1,0,0
24493475,185022050,Brooklyn,Bensonhurst,40.61334,-73.98714,Entire home/apt,108,30,18,2,174,5
24497080,61391963,Manhattan,Midtown,40.75394,-73.96534,Entire home/apt,150,30,13,116,311,2
24497152,61391963,Manhattan,Midtown,40.75446,-73.96535,Entire home/apt,175,30,5,116,250,3
24497202,61391963,Manhattan,Midtown,40.74636,-73.98014,Entire home/apt,150,30,17,116,334,6
24497265,61391963,Manhattan,Midtown,40.74618,-73.98083,Entire home/apt,150,30,10,116,338,1
24497815,162280872,Manhattan,Upper East Side,40.7738,-73.94934,Entire home/apt,170,30,2,98,30,0
24509757,1273890,Manhattan,Washington Heights,40.85066,-73.93683,Entire home/apt,181,30,1,2,0,0
24512493,175152359,Bronx,Westchester Square,40.84449,-73.84875,Private room,93,2,33,4,162,10
24514490,258674,Brooklyn,Windsor Terrace,40.65733,-73.98038,Entire home/apt,150,4,35,1,24,6
24808312,15787004,Brooklyn,Bushwick,40.6946,-73.92497,Private room,28,30,2,5,0,0
24821651,187648135,Bronx,Allerton,40.86754,-73.85472,Private room,60,5,77,1,88,2
24626621,186100463,Brooklyn,Crown Heights,40.67483,-73.95463,Private room,119,3,121,1,124,36
24825809,135502033,Queens,Rockaway Beach,40.58443,-73.81251,Private room,143,2,110,1,353,13
24630272,23971160,Manhattan,Financial District,40.7117,-74.0053,Private room,90,30,3,1,0,0
24632456,186148178,Queens,Rockaway Beach,40.5861,-73.81523,Entire home/apt,270,3,107,1,258,36
24632516,79322329,Brooklyn,Bushwick,40.70137,-73.92012,Private room,96,3,99,1,117,34
24515198,185189643,Queens,Sunnyside,40.74524,-73.92005,Private room,85,5,160,1,98,30
24518005,4576234,Brooklyn,Crown Heights,40.67435,-73.95122,Private room,65,30,1,1,0,0
24521630,83921231,Manhattan,Hell's Kitchen,40.76349,-73.98949,Entire home/apt,290,1,161,1,281,44
24833117,7834073,Manhattan,East Harlem,40.78766,-73.94785,Entire home/apt,275,3,89,1,159,24
24833279,156716488,Queens,South Ozone Park,40.669598,-73.793243,Private room,70,1,8,2,180,2
24524252,296491,Brooklyn,Midwood,40.61595,-73.96623,Entire home/apt,100,30,40,1,90,0
24525886,22577148,Brooklyn,Bedford-Stuyvesant,40.69599,-73.93435,Private room,135,4,79,4,44,30
24535218,107434423,Manhattan,Tribeca,40.713833,-74.010242,Entire home/apt,634,31,1,453,340,0
24633702,163843832,Brooklyn,Midwood,40.61604,-73.95226,Private room,75,2,44,1,45,18
24633966,161268152,Manhattan,Nolita,40.72285,-73.99344,Entire home/apt,800,3,35,2,71,22
24834058,156716488,Queens,South Ozone Park,40.67044,-73.7936,Private room,100,1,19,2,365,1
24836464,175019394,Queens,Jamaica,40.67162,-73.77911,Entire home/apt,529,1,5,6,86,0
24851371,187861161,Brooklyn,Crown Heights,40.67343,-73.93119,Private room,32,30,1,1,0,0
24635041,186178785,Brooklyn,Bushwick,40.69549,-73.90848,Private room,55,14,1,1,0,0
24635095,179657707,Manhattan,Hell's Kitchen,40.75573,-73.99452,Private room,200,30,52,2,83,0
24635506,171825960,Queens,Ditmars Steinway,40.77993,-73.9194,Private room,75,30,1,2,0,0
24644837,9864136,Brooklyn,Bedford-Stuyvesant,40.68471,-73.91517,Entire home/apt,125,30,2,28,0,0
24645434,9864136,Manhattan,Kips Bay,40.74292,-73.9797,Private room,78,30,3,28,0,0
24945710,169940010,Queens,Ridgewood,40.70118,-73.90108,Private room,340,30,4,1,0,0
24852364,95051172,Manhattan,Midtown,40.75348,-73.9716,Private room,52,30,0,1,0,0
24946477,188494770,Manhattan,Hell's Kitchen,40.76511,-73.98504,Private room,75,30,2,1,0,0
24852797,8330049,Brooklyn,Bushwick,40.70307,-73.91742,Entire home/apt,75,30,7,1,0,0
24852836,77243829,Manhattan,Upper East Side,40.77727,-73.94818,Entire home/apt,375,30,0,1,0,0
24946871,6636303,Queens,Astoria,40.75849,-73.92426,Entire home/apt,91,4,7,1,0,2
24947076,17344471,Brooklyn,Williamsburg,40.71719,-73.94198,Entire home/apt,168,6,0,2,0,0
24948017,185683441,Manhattan,Harlem,40.81824,-73.9419,Entire home/apt,179,30,6,3,118,2
24653197,104497453,Brooklyn,Midwood,40.62423,-73.97318,Private room,200,30,1,1,0,0
24653322,131482216,Queens,Ridgewood,40.70863,-73.90773,Entire home/apt,177,3,46,1,19,25
24853936,175019394,Queens,Jamaica,40.67162,-73.77911,Private room,85,1,123,6,177,24
24855025,187889772,Queens,Ditmars Steinway,40.77723,-73.9189,Entire home/apt,104,30,4,1,0,0
24653572,171590575,Staten Island,Randall Manor,40.64174,-74.09864,Private room,109,30,2,1,0,0
24856606,175019394,Queens,Jamaica,40.67162,-73.77911,Private room,75,1,138,6,82,24
24857436,187914509,Manhattan,Upper West Side,40.80086,-73.96299,Private room,48,5,4,1,0,0
24656108,4794638,Brooklyn,Williamsburg,40.71625,-73.95504,Entire home/apt,170,6,154,1,218,61
24955805,21911709,Queens,Astoria,40.76589,-73.91856,Entire home/apt,109,30,1,1,0,0
24959295,34184387,Brooklyn,Prospect-Lefferts Gardens,40.66094,-73.94743,Private room,79,30,1,2,0,0
24857723,32844422,Manhattan,East Village,40.72886,-73.98515,Entire home/apt,299,30,0,1,0,0
24959305,3440653,Brooklyn,Bushwick,40.69605,-73.92438,Entire home/apt,149,3,112,2,43,26
24960138,107434423,Manhattan,Tribeca,40.71579,-74.00587,Entire home/apt,305,31,0,453,327,0
24656865,186029613,Manhattan,Harlem,40.82305,-73.94074,Entire home/apt,126,2,56,1,4,10
24657328,173373234,Manhattan,Midtown,40.75842,-73.9718,Entire home/apt,199,365,7,2,364,0
24866378,69469129,Brooklyn,Flatbush,40.65336,-73.96231,Private room,125,30,22,2,355,8
24667053,159482696,Manhattan,East Village,40.72324,-73.97968,Private room,79,30,3,1,0,0
24961967,104684975,Brooklyn,Canarsie,40.64248,-73.90425,Entire home/apt,293,30,5,1,88,0
24867995,78823148,Manhattan,Kips Bay,40.74032,-73.97819,Private room,150,30,1,1,0,0
24962583,18767788,Manhattan,Gramercy,40.73757,-73.98061,Entire home/apt,185,3,71,1,3,23
24670846,186362905,Brooklyn,Canarsie,40.63259,-73.89117,Private room,88,2,92,1,159,20
24871506,3480784,Manhattan,SoHo,40.7186,-73.9996,Private room,192,2,129,1,64,33
24872073,19046961,Brooklyn,Bedford-Stuyvesant,40.68909,-73.92844,Private room,40,7,5,1,0,0
24879207,173852911,Queens,Far Rockaway,40.59483,-73.73861,Entire home/apt,178,3,98,1,6,29
24676594,186501476,Manhattan,Greenwich Village,40.7289,-74.00046,Entire home/apt,250,30,6,1,0,0
24883987,70505953,Brooklyn,Prospect-Lefferts Gardens,40.66158,-73.95125,Private room,64,30,27,2,0,0
24677926,11305249,Manhattan,East Village,40.72483,-73.98865,Entire home/apt,639,2,162,1,107,52
24692025,163421878,Queens,Sunnyside,40.74204,-73.91174,Private room,130,1,123,3,340,36
24962971,27493716,Brooklyn,Sunset Park,40.64947,-73.99945,Private room,60,30,26,2,35,0
24887028,15139808,Manhattan,Washington Heights,40.83327,-73.93979,Private room,115,30,1,1,0,0
24889024,83978022,Brooklyn,Fort Greene,40.69348,-73.97038,Entire home/apt,135,60,8,2,131,1
24963166,94860592,Brooklyn,Bushwick,40.69852,-73.92433,Private room,62,30,5,1,0,0
24964123,13486673,Brooklyn,Prospect Heights,40.67678,-73.97183,Private room,99,2,2,3,0,0
24965929,1180925,Brooklyn,Fort Greene,40.69483,-73.97141,Entire home/apt,88,30,13,1,28,0
24696044,43184079,Manhattan,Stuyvesant Town,40.7309,-73.98023,Private room,100,30,2,1,0,0
24889615,188169807,Manhattan,Morningside Heights,40.80468,-73.96761,Entire home/apt,105,2,28,1,0,0
24698043,14710145,Manhattan,East Village,40.72457,-73.98847,Private room,100,30,3,1,0,0
24699301,20912691,Queens,Jamaica,40.70913,-73.78349,Entire home/apt,329,3,41,5,12,1
24889922,177560095,Queens,Glendale,40.70201,-73.88957,Private room,50,30,18,1,0,0
24966197,28808740,Manhattan,Hell's Kitchen,40.76461,-73.98751,Private room,99,30,11,2,0,0
24968131,7989399,Queens,Sunnyside,40.73684,-73.9251,Private room,65,7,27,2,340,10
24968926,22010249,Brooklyn,Bushwick,40.69284,-73.91872,Private room,93,2,100,5,29,34
24891549,40237342,Brooklyn,Bedford-Stuyvesant,40.69148,-73.94687,Private room,90,5,50,1,291,29
24699443,186668589,Queens,Sunnyside,40.74435,-73.91615,Private room,83,30,3,2,0,0
24699739,48410883,Brooklyn,Gowanus,40.66781,-73.99132,Private room,40,5,8,2,0,0
24699891,45416627,Queens,Astoria,40.76825,-73.92464,Private room,60,2,15,10,336,7
24700123,45416627,Queens,Astoria,40.76933,-73.92317,Private room,59,3,90,10,333,12
24891651,108302188,Queens,Long Island City,40.75838,-73.92869,Private room,75,2,43,1,70,15
24700919,185724116,Brooklyn,Bushwick,40.68178,-73.90575,Entire home/apt,117,3,93,2,34,27
24970711,188783370,Queens,Flushing,40.73833,-73.80764,Private room,50,30,8,1,0,0
24970982,4303181,Brooklyn,Carroll Gardens,40.68344,-73.99846,Entire home/apt,190,3,74,1,27,3
24973698,2424887,Queens,Ditmars Steinway,40.76736,-73.89303,Private room,95,21,121,1,160,42
24983084,5719667,Manhattan,West Village,40.73757,-74.00295,Entire home/apt,2750,3,56,1,99,11
24984762,1752434,Brooklyn,Park Slope,40.67001,-73.97905,Entire home/apt,195,10,3,1,0,0
24985440,463061,Queens,Woodhaven,40.69662,-73.85019,Private room,84,30,7,3,365,2
24987685,94713722,Queens,St. Albans,40.69084,-73.75454,Entire home/apt,135,2,30,2,339,13
24990534,3530446,Brooklyn,Crown Heights,40.67578,-73.95267,Entire home/apt,185,30,53,3,361,4
24892670,58964906,Manhattan,Harlem,40.82384,-73.94601,Private room,50,30,1,1,0,0
24700984,52575889,Brooklyn,Bedford-Stuyvesant,40.69111,-73.94499,Entire home/apt,85,30,9,1,0,0
24893488,48418910,Queens,Ridgewood,40.70162,-73.91107,Private room,75,30,0,2,0,0
24893756,16308032,Queens,East Elmhurst,40.75909,-73.87839,Entire home/apt,82,1,157,1,179,46
24709525,17923141,Manhattan,Morningside Heights,40.80753,-73.95774,Entire home/apt,135,30,21,1,0,0
24992558,12633660,Brooklyn,Carroll Gardens,40.67912,-74.0004,Entire home/apt,50,30,5,1,0,0
24992683,35558078,Brooklyn,Williamsburg,40.7119,-73.94156,Private room,99,3,11,1,62,4
24894476,15940253,Manhattan,Harlem,40.82792,-73.94452,Private room,72,30,4,2,0,0
24992835,157402346,Manhattan,Hell's Kitchen,40.76234,-73.98896,Entire home/apt,469,30,113,1,237,8
24993467,143739618,Brooklyn,Williamsburg,40.71832,-73.95602,Entire home/apt,415,30,1,1,0,0
24896472,116460196,Brooklyn,Williamsburg,40.70696,-73.93047,Private room,75,30,0,1,0,0
24906413,84453766,Brooklyn,Williamsburg,40.70376,-73.93789,Private room,72,30,1,1,0,0
24993470,187870198,Queens,Rockaway Beach,40.58542,-73.81791,Private room,53,1,87,2,142,26
24996332,129743937,Queens,East Elmhurst,40.758,-73.86991,Private room,70,1,376,4,123,135
25004276,189022543,Bronx,Parkchester,40.83718,-73.85631,Private room,25,30,6,1,0,0
24714137,186798498,Manhattan,Lower East Side,40.71712,-73.98898,Entire home/apt,120,30,62,1,0,0
24714264,46594096,Brooklyn,Greenpoint,40.72742,-73.94129,Shared room,125,30,4,1,0,0
24714830,28584269,Brooklyn,Crown Heights,40.67498,-73.96007,Private room,50,3,12,2,69,9
24907355,39190931,Brooklyn,Bushwick,40.70072,-73.92806,Entire home/apt,279,30,0,1,0,0
24715838,5861197,Manhattan,Chelsea,40.75223,-73.99667,Entire home/apt,190,30,2,1,0,0
24910361,188328775,Queens,Neponsit,40.56948,-73.85941,Entire home/apt,295,2,26,1,69,6
24727745,129585378,Manhattan,Murray Hill,40.7486,-73.97238,Private room,99,30,3,1,0,0
24728012,77534743,Brooklyn,Bedford-Stuyvesant,40.68599,-73.93893,Private room,50,30,4,1,0,0
24729169,13269546,Manhattan,SoHo,40.72516,-74.00125,Entire home/apt,130,30,13,1,0,0
25006193,189036764,Brooklyn,Boerum Hill,40.68386,-73.9788,Entire home/apt,300,30,0,1,0,0
24911227,17005953,Queens,Long Island City,40.74696,-73.94918,Entire home/apt,80,30,3,1,0,0
25007110,79651295,Queens,Jamaica,40.67695,-73.78901,Private room,60,1,44,5,164,38
25010171,159027993,Queens,Flushing,40.75992,-73.81072,Private room,48,30,15,2,173,0
25012767,161659518,Manhattan,Kips Bay,40.7434,-73.97963,Private room,73,30,3,1,0,0
25015511,159009468,Manhattan,Harlem,40.81458,-73.94304,Private room,110,3,17,1,0,4
24730752,1784813,Manhattan,Upper East Side,40.78395,-73.95274,Private room,157,1,69,1,149,17
24913510,28823649,Manhattan,SoHo,40.72605,-74.00243,Entire home/apt,194,30,10,2,0,0
24733275,127764617,Manhattan,Financial District,40.70837,-74.00503,Private room,240,1,54,1,0,3
25017424,189075482,Brooklyn,Cypress Hills,40.68121,-73.89163,Private room,85,1,28,2,70,3
24915585,7072861,Manhattan,Gramercy,40.7366,-73.98675,Entire home/apt,210,30,9,1,268,2
24915761,2642222,Brooklyn,Prospect Heights,40.68268,-73.97435,Entire home/apt,139,2,19,1,0,0
24734680,186985759,Brooklyn,Flatbush,40.65219,-73.96119,Private room,62,30,26,2,20,6
24734792,15940253,Manhattan,Harlem,40.82781,-73.94619,Private room,74,30,1,2,0,0
24916202,95343073,Brooklyn,Gravesend,40.58684,-73.96795,Entire home/apt,150,30,0,1,0,0
24735722,43825074,Brooklyn,Cypress Hills,40.68408,-73.87889,Private room,30,30,18,5,191,4
25018204,172611460,Manhattan,Harlem,40.82321,-73.95058,Entire home/apt,925,30,34,1,94,1
25029794,17145227,Manhattan,East Village,40.7261,-73.98855,Entire home/apt,200,30,4,1,0,0
24916571,6919899,Brooklyn,Greenpoint,40.72733,-73.94706,Entire home/apt,180,2,116,1,4,33
25029982,4246574,Manhattan,SoHo,40.7276,-74.0021,Entire home/apt,164,30,0,1,0,0
25031182,2830216,Manhattan,Lower East Side,40.71776,-73.99164,Private room,50,30,9,1,0,0
24736254,14577537,Brooklyn,Bedford-Stuyvesant,40.68995,-73.92854,Entire home/apt,130,30,8,2,32,4
24917120,50296004,Manhattan,West Village,40.73492,-73.99944,Entire home/apt,250,2,22,1,0,1
24736896,186680487,Manhattan,Lower East Side,40.71138,-73.99156,Private room,45,30,113,1,218,0
24743196,130074377,Queens,Ridgewood,40.70021,-73.90814,Private room,75,30,43,1,193,0
25031840,37178114,Manhattan,Gramercy,40.73329,-73.98647,Entire home/apt,1295,30,15,1,144,3
25033659,64542737,Brooklyn,East New York,40.67214,-73.8763,Entire home/apt,168,7,20,1,182,6
24919398,43954564,Brooklyn,Bushwick,40.70702,-73.92227,Private room,853,30,1,1,0,0
25033991,189249070,Brooklyn,Bedford-Stuyvesant,40.68173,-73.93768,Entire home/apt,249,30,44,1,33,1
25034086,156505456,Brooklyn,East New York,40.66147,-73.88917,Private room,57,2,20,32,168,1
24746840,63671528,Brooklyn,Bedford-Stuyvesant,40.69666,-73.93559,Private room,40,30,1,1,0,0
24919725,159154462,Manhattan,Midtown,40.75736,-73.98114,Shared room,89,30,6,2,0,0
24919742,134122415,Brooklyn,Windsor Terrace,40.66029,-73.98374,Entire home/apt,210,6,7,1,0,1
24919764,169882061,Brooklyn,Bedford-Stuyvesant,40.68626,-73.9382,Entire home/apt,190,3,69,1,221,20
24748187,7656338,Manhattan,East Village,40.72155,-73.98103,Private room,56,30,9,1,0,0
24750367,76396985,Brooklyn,Crown Heights,40.67658,-73.93175,Private room,43,30,10,3,140,0
24752128,5383703,Manhattan,Upper East Side,40.76663,-73.95663,Entire home/apt,250,5,54,1,93,6
25034108,179014177,Manhattan,Kips Bay,40.74351,-73.97464,Entire home/apt,299,4,6,1,0,1
25036166,187103481,Brooklyn,Park Slope,40.68052,-73.9749,Entire home/apt,161,2,113,1,276,39
24920771,188362851,Queens,Flushing,40.75944,-73.81366,Private room,65,1,5,5,322,5
25042316,112142263,Brooklyn,Canarsie,40.63628,-73.91489,Entire home/apt,144,1,492,1,80,121
24754074,4285260,Brooklyn,Bedford-Stuyvesant,40.68678,-73.9373,Entire home/apt,200,30,6,1,0,0
25140559,45416627,Queens,Astoria,40.7696,-73.92498,Private room,49,3,75,10,316,15
25140787,45416627,Queens,Astoria,40.7677,-73.92275,Private room,50,3,68,10,312,20
25141552,40636399,Brooklyn,Midwood,40.6305,-73.96639,Private room,58,30,34,2,0,0
24921526,79651295,Queens,Jamaica,40.67829,-73.78754,Private room,58,1,113,5,173,51
24921584,34184387,Brooklyn,Prospect-Lefferts Gardens,40.66002,-73.94911,Private room,45,30,3,2,0,0
24921735,79651295,Queens,Jamaica,40.67877,-73.78803,Private room,58,1,39,5,161,33
24922519,25347213,Brooklyn,Bedford-Stuyvesant,40.6829,-73.95133,Entire home/apt,120,30,3,1,0,0
25155302,46200692,Brooklyn,East Flatbush,40.6529,-73.95151,Entire home/apt,45,2,8,1,0,0
25157160,4876817,Brooklyn,Crown Heights,40.67566,-73.95331,Private room,38,30,1,1,0,0
24930848,188486925,Queens,Forest Hills,40.7234,-73.85157,Private room,95,30,0,1,0,0
25157795,4294646,Manhattan,Midtown,40.75526,-73.96588,Entire home/apt,162,30,12,1,77,3
25163519,40875021,Manhattan,East Harlem,40.79384,-73.93365,Entire home/apt,170,4,49,4,332,18
25167819,148130354,Brooklyn,Bedford-Stuyvesant,40.68607,-73.9243,Entire home/apt,169,30,11,2,0,0
25168678,22029264,Manhattan,Upper West Side,40.77434,-73.98757,Private room,85,30,1,1,0,0
25047693,189356812,Queens,Richmond Hill,40.68806,-73.82671,Entire home/apt,97,7,52,1,314,5
24936179,137255181,Manhattan,Hell's Kitchen,40.76468,-73.98713,Private room,125,30,1,1,0,0
25048250,95038818,Brooklyn,Prospect Heights,40.67686,-73.97059,Private room,99,1,102,1,142,37
25180572,119609345,Manhattan,Upper West Side,40.77831,-73.97538,Entire home/apt,150,30,0,1,0,0
25182363,151084261,Brooklyn,Greenpoint,40.71917,-73.9497,Private room,80,30,11,7,361,2
24939648,177156643,Queens,Flushing,40.76912,-73.82782,Private room,65,30,36,1,0,0
25054951,70120241,Manhattan,Upper West Side,40.79483,-73.96385,Entire home/apt,225,59,0,1,0,0
24940507,10777921,Brooklyn,Williamsburg,40.71409,-73.94598,Entire home/apt,130,5,22,3,0,10
24943768,168465501,Manhattan,Murray Hill,40.74947,-73.97855,Entire home/apt,175,30,11,3,281,0
24943903,29100568,Manhattan,Theater District,40.76155,-73.9815,Entire home/apt,145,30,1,4,0,0
24945253,187383058,Queens,Arverne,40.58717,-73.79453,Entire home/apt,585,30,36,2,311,1
24945431,14176488,Bronx,Fordham,40.86873,-73.88584,Shared room,55,30,0,2,363,0
25369739,16523946,Brooklyn,Gowanus,40.6685,-73.99177,Entire home/apt,180,2,139,1,221,49
25055293,189421403,Queens,Ridgewood,40.70393,-73.90234,Entire home/apt,164,3,98,3,75,13
25055498,173362161,Brooklyn,Flatbush,40.64439,-73.96869,Private room,81,3,133,5,49,33
25056252,189432700,Brooklyn,Bushwick,40.69661,-73.91036,Private room,40,200,0,1,0,0
25183213,14722881,Manhattan,Chinatown,40.71675,-73.99039,Entire home/apt,143,30,10,1,0,0
25187461,96712147,Manhattan,Financial District,40.70502,-74.00749,Entire home/apt,138,30,7,2,0,0
25371790,89106916,Brooklyn,Red Hook,40.67887,-74.00785,Entire home/apt,250,5,85,1,284,18
25187576,23479368,Queens,South Ozone Park,40.67424,-73.81921,Private room,102,1,120,1,90,1
25056684,129823499,Manhattan,Harlem,40.82037,-73.95474,Entire home/apt,106,30,0,1,0,0
25057198,16205855,Manhattan,Upper West Side,40.79178,-73.97397,Entire home/apt,250,30,0,1,0,0
25061086,5942292,Brooklyn,Bedford-Stuyvesant,40.68318,-73.94095,Entire home/apt,386,1,3,3,142,0
25069823,69866875,Manhattan,Harlem,40.83323,-73.9496,Private room,100,30,1,1,0,0
25071113,104921994,Manhattan,East Village,40.72639,-73.98351,Entire home/apt,195,31,20,1,182,5
25371837,1475015,Manhattan,Midtown,40.75042,-73.97153,Entire home/apt,125,30,5,6,97,1
25373994,68571592,Brooklyn,Midwood,40.62223,-73.95626,Private room,64,2,13,1,123,13
25374003,191577969,Queens,Ditmars Steinway,40.78148,-73.918,Private room,110,30,5,1,0,0
25071168,150440720,Brooklyn,Park Slope,40.67397,-73.97733,Entire home/apt,199,1,177,1,287,71
25074072,49950511,Brooklyn,Flatbush,40.64409,-73.95183,Entire home/apt,540,3,90,2,89,19
25188064,11501956,Brooklyn,Bedford-Stuyvesant,40.68267,-73.91672,Entire home/apt,184,3,72,1,0,5
25188424,3261533,Brooklyn,Bedford-Stuyvesant,40.68091,-73.94887,Entire home/apt,90,30,7,3,0,0
25193004,6387541,Brooklyn,Flatbush,40.65058,-73.96199,Entire home/apt,99,12,20,1,23,6
25205044,180154611,Brooklyn,Canarsie,40.63632,-73.89824,Private room,69,2,16,3,339,6
25205768,15560695,Manhattan,Hell's Kitchen,40.75711,-73.99161,Entire home/apt,220,30,3,1,0,0
25378614,141122152,Queens,East Elmhurst,40.76174,-73.88769,Private room,78,1,184,1,338,0
25206790,41762539,Brooklyn,Fort Hamilton,40.62121,-74.0305,Entire home/apt,99,30,1,1,0,0
25212748,1798193,Brooklyn,Prospect Heights,40.6824,-73.97253,Private room,129,30,48,2,0,0
25075529,164668733,Manhattan,East Village,40.72347,-73.98453,Entire home/apt,90,30,3,1,0,0
25076765,168180986,Brooklyn,Williamsburg,40.71899,-73.94336,Private room,100,30,8,1,0,0
25097211,28229044,Queens,Astoria,40.76845,-73.92301,Private room,69,30,0,1,0,0
25098068,134601877,Manhattan,Harlem,40.80082,-73.94738,Entire home/apt,257,2,108,2,38,40
25379703,191618352,Manhattan,West Village,40.73208,-74.00562,Entire home/apt,310,30,77,1,0,0
25101744,26555925,Brooklyn,Bedford-Stuyvesant,40.67901,-73.95178,Entire home/apt,113,6,24,3,0,0
25213872,5789204,Brooklyn,Bensonhurst,40.60979,-73.99848,Private room,45,6,83,1,0,7
25221993,3952200,Brooklyn,Williamsburg,40.71896,-73.9427,Entire home/apt,250,30,30,2,343,3
25223269,960248,Manhattan,East Harlem,40.79674,-73.93732,Private room,125,2,19,3,51,1
25224218,960248,Manhattan,East Harlem,40.79516,-73.93534,Private room,110,2,32,3,51,9
25224320,4224480,Brooklyn,Bushwick,40.6913,-73.92484,Private room,104,2,72,1,310,15
25407116,191804394,Bronx,Longwood,40.81512,-73.90035,Entire home/apt,59,30,9,2,280,0
25416257,26490270,Brooklyn,Prospect-Lefferts Gardens,40.66072,-73.94742,Entire home/apt,1125,30,1,1,0,0
25226807,8250822,Brooklyn,Clinton Hill,40.69197,-73.96093,Entire home/apt,130,2,16,1,0,6
25108878,32361189,Brooklyn,Bushwick,40.68341,-73.9084,Entire home/apt,151,2,162,1,120,47
25110301,41783072,Queens,Sunnyside,40.7447,-73.92314,Private room,80,30,0,1,0,0
25416424,24549757,Manhattan,Harlem,40.81678,-73.93978,Entire home/apt,65,86,4,1,0,1
25227326,75452286,Brooklyn,Williamsburg,40.71957,-73.95963,Entire home/apt,139,30,18,1,0,0
25421873,191892665,Brooklyn,Williamsburg,40.71555,-73.94481,Private room,72,30,0,1,0,0
25229392,222192521,Manhattan,Harlem,40.80072,-73.94837,Private room,199,3,78,1,68,3
25422338,191913119,Manhattan,Civic Center,40.71238,-74.00713,Entire home/apt,236,30,0,1,0,0
25231230,190629348,Manhattan,Upper West Side,40.80255,-73.96325,Private room,45,30,7,1,0,0
25232008,47100454,Manhattan,Midtown,40.76395,-73.97526,Entire home/apt,149,90,1,1,173,0
25235760,3250450,Queens,Astoria,40.77221,-73.92885,Private room,43,30,1,18,341,0
25251220,133123832,Manhattan,Upper West Side,40.78645,-73.97054,Entire home/apt,129,30,3,4,7,0
25112819,12104046,Manhattan,Harlem,40.83023,-73.9421,Entire home/apt,307,3,64,2,13,11
25113126,6801469,Queens,College Point,40.78969,-73.84144,Entire home/apt,75,4,72,1,52,14
25113440,189829767,Queens,Rego Park,40.73444,-73.86132,Entire home/apt,85,30,2,1,0,0
25124293,1546476,Brooklyn,Park Slope,40.67646,-73.98163,Entire home/apt,135,5,15,1,0,0
25125914,16437254,Brooklyn,Bedford-Stuyvesant,40.68333,-73.95833,Entire home/apt,337,30,7,14,361,0
25424961,2695451,Manhattan,SoHo,40.72467,-74.00284,Private room,115,2,17,2,3,11
25425106,5522547,Brooklyn,Crown Heights,40.67211,-73.92631,Private room,80,30,4,1,141,0
25127253,38844508,Manhattan,Hell's Kitchen,40.75891,-73.98936,Entire home/apt,159,2,35,1,0,0
25134311,189962349,Manhattan,East Harlem,40.78484,-73.94756,Entire home/apt,188,30,71,2,231,4
25134894,189961241,Manhattan,Chinatown,40.71631,-73.99946,Entire home/apt,713,30,80,2,262,1
25135206,945063,Brooklyn,Williamsburg,40.71821,-73.95141,Entire home/apt,475,30,0,1,0,0
25255024,159495469,Bronx,Pelham Gardens,40.86673,-73.84074,Entire home/apt,157,2,131,1,70,32
25426781,17581024,Brooklyn,Park Slope,40.67761,-73.98155,Private room,125,1,129,3,0,31
25135607,31612339,Brooklyn,Greenpoint,40.73821,-73.95288,Entire home/apt,150,30,6,1,0,0
25443451,64660747,Manhattan,Tribeca,40.71745,-74.00385,Entire home/apt,230,21,13,3,133,7
25446811,1844352,Brooklyn,Williamsburg,40.71001,-73.94365,Private room,95,5,46,2,0,0
25448433,192085313,Queens,Rego Park,40.73057174682617,-73.86692810058594,Private room,50,31,43,1,176,4
25255214,849248,Brooklyn,Sunset Park,40.65958,-73.99903,Entire home/apt,260,30,2,1,71,0
25262795,102888703,Brooklyn,Gravesend,40.59979,-73.98251,Entire home/apt,100,30,2,1,0,0
25263845,22825646,Manhattan,Washington Heights,40.85137,-73.94066,Private room,60,30,4,1,0,0
25456714,13006166,Manhattan,Lower East Side,40.7187,-73.98566,Entire home/apt,196,30,6,2,285,5
25264664,27953442,Manhattan,Civic Center,40.7167,-74.00226,Entire home/apt,999,30,4,1,5,1
25274961,37842947,Queens,Woodside,40.75407,-73.9019,Private room,125,1,4,1,66,0
25135694,1494472,Brooklyn,Fort Greene,40.69703,-73.97332,Entire home/apt,325,30,0,5,365,0
25135765,23454048,Manhattan,Harlem,40.81256,-73.9378,Entire home/apt,225,3,18,1,0,0
25137887,187383058,Queens,Arverne,40.58783,-73.79603,Entire home/apt,650,30,39,2,311,0
25138442,189981848,Manhattan,East Harlem,40.79573,-73.9361,Entire home/apt,146,1,245,1,91,64
25138975,81754218,Queens,Rockaway Beach,40.58614,-73.8164,Entire home/apt,92,30,36,1,0,0
25458048,9582456,Brooklyn,Greenpoint,40.72257,-73.94247,Entire home/apt,170,30,14,1,0,0
25458237,3173002,Brooklyn,Crown Heights,40.67094,-73.94989,Entire home/apt,225,6,8,2,17,8
25277640,190962476,Brooklyn,Sunset Park,40.6639,-73.99688,Entire home/apt,136,13,49,1,197,11
25468554,9864136,Brooklyn,Bushwick,40.686,-73.91567,Private room,36,30,7,28,249,0
25471574,40711894,Queens,Elmhurst,40.74011,-73.88734,Private room,85,1,29,3,136,27
25475518,192276715,Manhattan,East Harlem,40.7882,-73.94741,Entire home/apt,99,7,96,1,1,15
25277702,88465311,Manhattan,Midtown,40.75889,-73.96084,Entire home/apt,275,7,0,1,138,0
25475944,191804394,Bronx,Longwood,40.81541,-73.90144,Private room,30,30,62,2,251,0
25476838,78289814,Bronx,North Riverdale,40.90341,-73.90199,Entire home/apt,132,3,37,1,29,5
25278248,13060798,Brooklyn,Bushwick,40.69,-73.9209,Private room,63,14,27,1,0,0
25719557,102799406,Queens,Maspeth,40.71461,-73.9063,Entire home/apt,129,30,14,2,0,0
25477650,182084079,Brooklyn,Bedford-Stuyvesant,40.68454,-73.95887,Entire home/apt,80,20,5,1,0,3
25719757,1741498,Manhattan,Gramercy,40.73708,-73.98481,Entire home/apt,185,30,3,1,0,0
25727611,21020951,Brooklyn,Bedford-Stuyvesant,40.69492,-73.93883,Private room,105,2,13,4,249,3
25734018,34758216,Brooklyn,Park Slope,40.67707,-73.97505,Entire home/apt,479,3,201,1,278,53
25280641,10240682,Manhattan,Greenwich Village,40.73088,-74.00028,Entire home/apt,197,30,6,1,0,0
25483095,113146341,Manhattan,Hell's Kitchen,40.76881,-73.98585,Private room,80,30,1,1,0,0
25484398,8063576,Brooklyn,Greenpoint,40.72561,-73.94929,Entire home/apt,100,30,3,1,0,0
25281618,117341696,Brooklyn,Williamsburg,40.71465,-73.96025,Entire home/apt,300,2,25,1,0,0
25745070,2792179,Manhattan,West Village,40.7321,-74.00884,Private room,120,30,5,1,0,0
25484515,192335868,Bronx,Edenwald,40.89124,-73.84144,Private room,125,30,11,1,365,0
25486302,61391963,Manhattan,Midtown,40.74625,-73.98065,Entire home/apt,150,30,8,116,313,3
25488542,80926401,Manhattan,Washington Heights,40.84567,-73.93805,Private room,40,30,6,1,0,0
25489369,4129805,Manhattan,West Village,40.73088,-74.00328,Entire home/apt,380,3,2,6,5,0
25491908,6778614,Brooklyn,Williamsburg,40.70891,-73.92296,Shared room,30,30,8,2,0,0
25492095,144193172,Brooklyn,Crown Heights,40.67221,-73.93435,Private room,50,30,0,1,0,0
25745372,193558362,Manhattan,East Village,40.72565,-73.97934,Entire home/apt,145,30,15,1,0,0
25284006,10671495,Brooklyn,Williamsburg,40.70641,-73.93754,Entire home/apt,229,3,48,1,1,21
25492295,8067740,Manhattan,Harlem,40.8041,-73.95428,Entire home/apt,219,30,53,1,0,0
25503835,192464234,Brooklyn,Canarsie,40.64558,-73.89528,Private room,71,30,172,1,0,0
25745458,2483350,Brooklyn,Greenpoint,40.73509,-73.95443,Entire home/apt,200,30,1,1,0,0
25508055,20480059,Brooklyn,Fort Greene,40.69409,-73.97072,Entire home/apt,120,5,8,1,0,7
25510480,38863621,Manhattan,Harlem,40.79967,-73.95265,Private room,85,30,3,1,0,0
25746584,15584115,Manhattan,Midtown,40.75019190237178,-73.98676324205145,Entire home/apt,300,4,11,1,76,3
25284335,82111391,Queens,Long Island City,40.749435,-73.94783,Shared room,70,1,49,5,302,29
25285159,3734323,Brooklyn,Bushwick,40.68862,-73.91215,Private room,50,30,5,2,0,0
25511717,75110137,Brooklyn,Carroll Gardens,40.6846,-73.99069,Private room,1333,50,0,1,0,0
25512622,184130293,Manhattan,Inwood,40.86573,-73.92314,Private room,40,30,2,2,0,0
25513772,2633594,Brooklyn,Bushwick,40.70162,-73.92326,Private room,100,2,3,1,0,0
25765042,1290870,Brooklyn,Bushwick,40.69911,-73.91277,Entire home/apt,236,2,149,1,144,28
25767363,2152359,Brooklyn,Bushwick,40.6985,-73.92579,Entire home/apt,190,30,0,1,0,0
25515856,8304377,Manhattan,Upper West Side,40.78184,-73.98199,Entire home/apt,150,30,1,1,0,0
25517197,50249843,Manhattan,SoHo,40.7239,-74.00521,Entire home/apt,495,30,11,1,0,0
25517202,5342802,Brooklyn,Bedford-Stuyvesant,40.68621,-73.92027,Private room,35,3,3,2,0,0
25517407,1034976,Brooklyn,Williamsburg,40.71717,-73.9571,Private room,80,30,25,2,0,1
25518572,8997485,Brooklyn,Midwood,40.62441,-73.96072,Entire home/apt,111,2,30,5,325,13
25519328,66711742,Manhattan,Harlem,40.80959,-73.94377,Shared room,2250,30,8,1,0,0
25288200,70007560,Manhattan,East Harlem,40.79412,-73.94731,Private room,100,3,35,3,0,0
25519971,192583202,Brooklyn,Brownsville,40.65686,-73.90311,Private room,65,30,1,1,0,0
25289848,785940,Brooklyn,Bedford-Stuyvesant,40.6845,-73.95537,Entire home/apt,170,30,4,1,0,0
25290572,100238132,Manhattan,Midtown,40.75186,-73.97198,Entire home/apt,353,5,18,12,0,0
25771285,8124038,Manhattan,Harlem,40.8284,-73.93931,Private room,50,30,35,2,157,6
25774787,61981690,Manhattan,Upper East Side,40.77573,-73.95349,Entire home/apt,159,5,36,1,0,0
25531848,192649658,Queens,Long Island City,40.74975,-73.94185,Entire home/apt,150,30,1,1,339,1
25775079,6089213,Manhattan,East Harlem,40.80247,-73.94498,Entire home/apt,300,3,9,1,5,9
25290749,17988586,Manhattan,Hell's Kitchen,40.76254,-73.98755,Entire home/apt,179,4,13,1,0,0
25290969,100238132,Manhattan,Midtown,40.75312,-73.97336,Entire home/apt,353,5,15,12,0,0
25534630,17581024,Brooklyn,Gowanus,40.67793,-73.98318,Entire home/apt,230,7,18,3,0,6
25535697,7710878,Manhattan,Harlem,40.81021,-73.94729,Entire home/apt,114,30,0,1,0,0
25537456,56283770,Manhattan,Upper East Side,40.76418,-73.96742,Entire home/apt,138,31,7,5,84,1
25538397,156557516,Queens,Long Island City,40.76133,-73.92961,Entire home/apt,201,2,92,1,290,31
25293702,110191144,Manhattan,Harlem,40.82188,-73.95509,Private room,75,30,21,1,0,0
25293994,44539148,Manhattan,Upper East Side,40.76775,-73.95436,Entire home/apt,140,30,6,1,0,0
25294851,82921923,Brooklyn,Bushwick,40.68736,-73.91445,Entire home/apt,102,2,15,1,15,15
25775969,18886157,Manhattan,Harlem,40.80207,-73.95202,Private room,65,30,3,2,0,0
25779464,137358866,Manhattan,Harlem,40.81283,-73.94194,Private room,67,30,9,111,326,1
25779937,137358866,Manhattan,Harlem,40.81306,-73.94232,Private room,67,30,9,111,312,1
25781295,58234433,Queens,Sunnyside,40.73517,-73.92008,Private room,59,1,50,6,0,25
25781535,58234433,Queens,Sunnyside,40.73492,-73.91991,Private room,50,1,59,6,344,21
25782818,7834371,Manhattan,West Village,40.73825,-74.00835,Entire home/apt,185,1,5,1,3,5
25784618,3353295,Bronx,Mott Haven,40.80999,-73.91171,Entire home/apt,150,2,6,1,0,6
25798517,6726656,Brooklyn,Bushwick,40.70145,-73.92539,Private room,50,30,79,4,0,0
25798995,850526,Brooklyn,Bushwick,40.69165,-73.90554,Private room,45,30,6,1,0,0
25802121,4264890,Manhattan,Midtown,40.76612,-73.98273,Entire home/apt,125,30,10,3,235,4
25540851,1418307,Brooklyn,Park Slope,40.67269,-73.98567,Entire home/apt,200,30,1,1,0,0
25543393,192723267,Brooklyn,Williamsburg,40.70794,-73.93511,Entire home/apt,314,2,50,1,60,16
25804387,106783508,Brooklyn,Flatbush,40.65154,-73.96187,Private room,35,60,0,1,0,0
25804768,193910244,Brooklyn,Crown Heights,40.67749,-73.95139,Entire home/apt,250,30,20,1,0,0
25296394,191085997,Bronx,Pelham Bay,40.85496,-73.82958,Entire home/apt,195,2,5,3,320,0
25296589,960248,Manhattan,East Harlem,40.79474,-73.93721,Private room,190,2,7,3,51,2
25308386,5119817,Brooklyn,Greenpoint,40.72883,-73.96002,Entire home/apt,190,30,2,1,104,1
25308697,15807180,Manhattan,Upper West Side,40.78577,-73.97204,Entire home/apt,450,3,107,1,0,50
25313204,8792814,Brooklyn,Bedford-Stuyvesant,40.6927,-73.94513,Entire home/apt,82,1,159,7,297,57
25544940,192729578,Brooklyn,Bedford-Stuyvesant,40.68806,-73.95336,Private room,157,2,5,2,44,5
25313748,10106740,Manhattan,Hell's Kitchen,40.75778,-73.99327,Entire home/apt,512,6,22,1,188,7
25805422,37684272,Brooklyn,Borough Park,40.64533,-73.99868,Private room,79,3,114,1,0,0
25805430,32252422,Brooklyn,East Flatbush,40.63764,-73.93239,Entire home/apt,125,5,107,1,350,10
25545177,189421403,Queens,Ridgewood,40.70524,-73.90222,Entire home/apt,159,3,21,3,90,2
25548071,36579046,Manhattan,SoHo,40.72151,-74.00019,Private room,116,1,116,1,0,0
25552076,184009385,Brooklyn,Williamsburg,40.71397,-73.94185,Entire home/apt,250,2,135,2,61,28
25554120,192793716,Manhattan,Upper East Side,40.77611,-73.95152,Entire home/apt,160,30,30,1,0,0
25315154,188225740,Bronx,Pelham Gardens,40.8605,-73.83927,Entire home/apt,128,2,218,1,155,59
25315860,179661186,Brooklyn,Sheepshead Bay,40.60078,-73.95111,Private room,65,30,8,2,0,0
25316571,29700603,Brooklyn,Greenpoint,40.7268,-73.95183,Entire home/apt,250,7,2,1,0,0
25571627,192874460,Brooklyn,Flatlands,40.62979,-73.91918,Entire home/apt,140,3,121,1,1,0
25812700,33290222,Brooklyn,Bedford-Stuyvesant,40.68261,-73.91896,Entire home/apt,1100,30,85,1,365,3
25812971,186084,Manhattan,Chinatown,40.71535,-73.9921,Entire home/apt,200,8,12,2,56,0
25813279,1538023,Manhattan,Upper West Side,40.78071,-73.97944,Shared room,74,1,57,1,310,17
25580113,192915666,Brooklyn,Williamsburg,40.71618,-73.94071,Entire home/apt,619,3,98,1,18,48
25813322,170771014,Brooklyn,Prospect-Lefferts Gardens,40.66135,-73.94381,Private room,80,2,138,1,9,0
25813796,131777975,Brooklyn,Brownsville,40.66513,-73.91682,Private room,60,4,31,4,350,17
25814039,193983914,Manhattan,Upper West Side,40.79289,-73.97665,Entire home/apt,165,3,201,1,8,73
25317793,136406167,Queens,Sunnyside,40.74104,-73.92636,Private room,65,30,47,1,95,5
25582365,4463195,Manhattan,Washington Heights,40.85178,-73.93654,Entire home/apt,100,30,1,1,0,0
25587778,46979077,Queens,Woodside,40.74068,-73.89156,Private room,50,30,100,2,0,0
25589726,75569180,Brooklyn,Bedford-Stuyvesant,40.68604,-73.92723,Entire home/apt,99,4,2,1,0,0
25614818,77108752,Manhattan,Morningside Heights,40.80208,-73.95968,Entire home/apt,200,30,0,1,0,0
25319136,4399103,Manhattan,SoHo,40.72644,-74.0006,Entire home/apt,256,30,76,2,75,7
25323446,70774951,Queens,East Elmhurst,40.76874,-73.87813,Entire home/apt,129,1,390,3,0,55
25323809,61699814,Bronx,Kingsbridge,40.879,-73.90223,Private room,45,7,3,2,159,0
25616450,193054505,Bronx,Morrisania,40.8292,-73.9093,Entire home/apt,163,1,99,1,160,29
25325029,24327574,Brooklyn,Bushwick,40.69761,-73.92179,Private room,59,30,20,1,0,0
25618970,249006,Brooklyn,Williamsburg,40.71911,-73.95978,Entire home/apt,175,7,20,1,0,0
25619849,3436710,Manhattan,East Village,40.72598,-73.97582,Private room,180,28,24,4,151,1
25620379,42329946,Brooklyn,Bushwick,40.69226,-73.92261,Entire home/apt,120,30,15,3,155,5
25622377,180154611,Brooklyn,Canarsie,40.63782,-73.90037,Private room,68,2,24,3,347,9
25626152,147972663,Brooklyn,East Flatbush,40.64962,-73.93692,Private room,72,3,99,3,252,28
25638322,106018910,Queens,Elmhurst,40.73705,-73.87849,Private room,88,30,2,1,0,0
25328184,1417893,Brooklyn,Bedford-Stuyvesant,40.68786,-73.92713,Entire home/apt,200,5,127,1,11,35
25336605,69825290,Queens,Long Island City,40.75168,-73.94023,Entire home/apt,275,1,4,1,0,0
25340516,128579948,Manhattan,Upper East Side,40.76599,-73.96752,Entire home/apt,750,30,28,4,0,0
25815036,44123062,Brooklyn,Bushwick,40.68934,-73.90619,Private room,45,3,93,4,0,1
25665981,151421618,Queens,Ozone Park,40.68307,-73.84392,Entire home/apt,120,30,22,4,2,1
25340524,2053735,Manhattan,Gramercy,40.73655,-73.98787,Entire home/apt,280,2,65,1,0,17
25669472,121851703,Queens,Queens Village,40.72183,-73.73607,Entire home/apt,99,30,65,3,0,6
25820809,194031970,Manhattan,Hell's Kitchen,40.76473,-73.98896,Shared room,69,30,29,1,0,0
25823670,107434423,Manhattan,Upper East Side,40.77595,-73.95559,Entire home/apt,312,31,1,453,217,0
25672362,50190,Brooklyn,Bedford-Stuyvesant,40.69189,-73.9331,Entire home/apt,150,30,0,1,35,0
25673898,10373779,Brooklyn,Bedford-Stuyvesant,40.68819,-73.94712,Private room,60,30,4,1,0,0
25342124,7249636,Manhattan,Upper West Side,40.76937,-73.98579,Private room,60,30,203,1,0,0
25674371,53440969,Queens,Queens Village,40.71136,-73.74145,Entire home/apt,129,1,177,1,80,70
25346963,51601657,Manhattan,Upper East Side,40.77741,-73.96258,Entire home/apt,471,3,180,1,172,53
25829582,117543014,Queens,Rego Park,40.72728,-73.85563,Private room,40,30,43,1,64,0
25677480,9726872,Manhattan,Upper East Side,40.76743,-73.95328,Shared room,70,30,7,1,0,0
25677571,345956,Queens,Long Island City,40.74581,-73.95336,Entire home/apt,600,3,7,1,281,3
25830323,193485559,Queens,Sunnyside,40.74291,-73.9158,Private room,39,2,3,1,14,2
25834338,1034976,Brooklyn,Williamsburg,40.71768,-73.95878,Entire home/apt,99,30,20,2,0,0
25834425,10387797,Manhattan,Gramercy,40.73818,-73.98375,Entire home/apt,195,30,2,1,0,0
25347359,189792874,Brooklyn,Canarsie,40.63328,-73.90796,Entire home/apt,140,2,34,1,186,0
25348369,702103,Brooklyn,South Slope,40.66611,-73.98536,Private room,40,30,0,1,0,0
25348802,23121862,Manhattan,Midtown,40.75847,-73.96579,Shared room,165,30,1,1,0,0
25677687,6787261,Brooklyn,Williamsburg,40.70852,-73.95416,Private room,79,2,6,2,0,0
25678522,660723,Manhattan,West Village,40.73254,-74.00371,Entire home/apt,216,30,30,1,281,2
25350452,3388542,Brooklyn,Bushwick,40.6971,-73.90892,Entire home/apt,110,3,59,1,9,15
25837024,56488633,Manhattan,Harlem,40.79918,-73.95279,Private room,70,3,11,1,255,9
25689024,127345864,Brooklyn,East Flatbush,40.6418,-73.93255,Entire home/apt,144,5,77,2,137,12
25710052,45859780,Brooklyn,Bushwick,40.68758,-73.9136,Private room,40,30,5,1,0,0
25971027,195049060,Manhattan,Kips Bay,40.74455,-73.97955,Entire home/apt,90,30,2,1,0,0
25972171,90689056,Manhattan,Washington Heights,40.84594,-73.94244,Private room,80,30,1,1,0,0
25838887,33867639,Manhattan,Two Bridges,40.71269,-73.99513,Private room,125,1,144,8,74,49
25838923,33867639,Manhattan,Chinatown,40.71488,-73.99535,Private room,115,1,218,8,94,53
25972861,195219725,Queens,Kew Gardens Hills,40.72388,-73.81677,Entire home/apt,92,1,189,1,3,38
25839759,167570251,Brooklyn,Sunset Park,40.66221,-73.99437,Entire home/apt,180,30,15,1,0,0
25841637,33867639,Manhattan,Two Bridges,40.7127,-73.99711,Private room,145,1,187,8,0,49
25842433,48183551,Queens,Elmhurst,40.74362,-73.88171,Private room,55,6,94,5,282,28
25350875,7772526,Brooklyn,Bushwick,40.68714,-73.91556,Entire home/apt,173,3,130,2,246,37
25354678,107437866,Bronx,Edenwald,40.89077,-73.83536,Entire home/apt,150,2,119,1,0,1
25355282,26996515,Brooklyn,Bedford-Stuyvesant,40.68918,-73.9288,Shared room,30,30,21,2,0,0
25356602,123506305,Queens,Springfield Gardens,40.66574,-73.77794,Private room,80,30,7,1,0,0
25365916,161314694,Brooklyn,Crown Heights,40.67665,-73.91814,Entire home/apt,160,1,2,1,0,0
25974812,44123062,Brooklyn,Bushwick,40.68765,-73.90816,Private room,65,3,99,4,0,21
25979705,8881505,Manhattan,SoHo,40.72668,-74.00484,Private room,288,3,50,1,44,15
26190193,13414796,Brooklyn,Williamsburg,40.71556,-73.95432,Entire home/apt,165,10,26,1,0,0
25980294,195279731,Manhattan,Upper East Side,40.76953,-73.95466,Entire home/apt,200,30,30,1,0,0
26190559,196838948,Queens,Kew Gardens Hills,40.72206,-73.82188,Entire home/apt,160,30,0,1,0,0
26190785,144119993,Bronx,Belmont,40.85774,-73.88451,Private room,20,30,9,2,0,0
25860068,23827868,Manhattan,Upper East Side,40.77497,-73.94784,Private room,68,30,4,2,310,0
25982839,121392618,Brooklyn,Williamsburg,40.71949,-73.94029,Entire home/apt,185,30,95,1,0,0
25867636,194349000,Brooklyn,Gowanus,40.68489,-73.98863,Entire home/apt,200,30,0,1,0,0
25868383,137358866,Manhattan,East Harlem,40.79277,-73.94161,Private room,67,30,7,111,268,2
25870448,5368201,Brooklyn,Bedford-Stuyvesant,40.68392,-73.92609,Entire home/apt,195,30,0,1,0,0
25870840,48414103,Manhattan,Upper East Side,40.7829,-73.95364,Entire home/apt,110,30,6,1,0,0
25997748,57257950,Brooklyn,Greenpoint,40.73263,-73.95918,Entire home/apt,396,3,22,2,326,16
25871075,17170106,Manhattan,Chelsea,40.73581,-73.99304,Entire home/apt,1499,30,3,1,0,0
25871304,137358866,Manhattan,Harlem,40.81091,-73.9416,Private room,66,30,8,111,247,5
26196660,196872053,Brooklyn,Brighton Beach,40.57681,-73.95989,Private room,65,3,37,2,0,5
25997937,57257950,Brooklyn,Greenpoint,40.73216,-73.95881,Entire home/apt,499,3,12,2,337,7
25998042,5597411,Brooklyn,Kensington,40.63779,-73.97216,Entire home/apt,104,30,0,2,0,0
26198112,196900738,Manhattan,Upper West Side,40.7973,-73.97386,Entire home/apt,400,30,0,1,0,0
26200203,5726293,Queens,Woodside,40.74423,-73.90886,Entire home/apt,109,30,24,1,0,4
25998057,195403895,Manhattan,Harlem,40.82207,-73.95492,Entire home/apt,135,31,0,1,0,0
26200249,102410496,Queens,Richmond Hill,40.6962,-73.82682,Entire home/apt,350,3,2,2,358,0
25883016,56663545,Queens,Elmhurst,40.72529,-73.88374,Entire home/apt,2000,4,0,1,90,0
25885278,193497177,Bronx,Throgs Neck,40.8215,-73.83645,Entire home/apt,100,30,25,1,89,0
26000019,195419830,Manhattan,Washington Heights,40.83666,-73.9403,Private room,86,2,84,1,153,18
26002246,83786650,Manhattan,Upper East Side,40.75934,-73.96075,Entire home/apt,75,30,8,16,0,0
26002676,15570509,Brooklyn,Williamsburg,40.70636,-73.95463,Entire home/apt,280,30,11,2,69,2
26004664,4876826,Manhattan,Midtown,40.76618,-73.97886,Entire home/apt,699,30,3,1,0,0
26005975,12758686,Manhattan,Washington Heights,40.84812,-73.93588,Private room,50,30,0,1,89,0
25887684,194520886,Queens,Jamaica Estates,40.71258,-73.78952,Entire home/apt,150,30,27,1,334,2
25887818,12150056,Manhattan,East Harlem,40.79456,-73.94354,Entire home/apt,160,4,11,2,0,6
25887913,44123062,Brooklyn,Bushwick,40.68926,-73.90803,Private room,45,3,135,4,2,30
25892653,12938371,Brooklyn,Bushwick,40.68869,-73.9091,Entire home/apt,85,30,6,1,0,0
26201913,1260391,Brooklyn,Crown Heights,40.66852,-73.92438,Entire home/apt,175,8,21,1,18,8
26010424,195497710,Manhattan,Inwood,40.86839,-73.92015,Entire home/apt,104,3,109,1,270,47
26221423,62701284,Queens,Long Island City,40.74355,-73.95154,Entire home/apt,239,30,83,1,0,3
26013177,195520304,Brooklyn,Canarsie,40.64033,-73.89385,Entire home/apt,118,2,220,1,244,62
26224538,53621,Brooklyn,Bedford-Stuyvesant,40.69243,-73.93878,Entire home/apt,300,7,52,2,0,3
25892765,161448479,Bronx,Country Club,40.84121,-73.82513,Entire home/apt,98,4,13,1,148,13
25895132,17221402,Manhattan,Morningside Heights,40.81453,-73.96016,Private room,76,30,22,1,0,0
26025308,159608581,Brooklyn,Bushwick,40.68775,-73.9113,Private room,35,30,1,1,0,0
25904988,175408,Brooklyn,Bedford-Stuyvesant,40.68282,-73.92604,Entire home/apt,275,10,2,1,250,0
26225021,156255637,Brooklyn,Bedford-Stuyvesant,40.68866,-73.94845,Private room,80,30,49,2,0,0
26025770,4392159,Manhattan,Upper West Side,40.80196,-73.96674,Entire home/apt,229,30,0,2,0,0
26229979,150482926,Manhattan,Harlem,40.81087,-73.94673,Entire home/apt,295,30,3,1,0,0
25905070,86400677,Manhattan,Upper East Side,40.78139,-73.94857,Entire home/apt,274,2,1,1,37,1
25905991,148546760,Queens,Forest Hills,40.72005,-73.85377,Entire home/apt,325,30,9,1,0,0
25909160,144119993,Bronx,Belmont,40.85612,-73.88255,Private room,20,30,9,2,0,0
26026904,195517789,Brooklyn,Sunset Park,40.6515,-74.00535,Private room,77,2,109,2,126,45
25909161,32605338,Manhattan,Upper East Side,40.76922,-73.95263,Shared room,125,1,37,1,1,1
25911322,144002200,Brooklyn,Gowanus,40.67226,-73.99271,Entire home/apt,85,2,20,1,0,0
26029326,95459395,Manhattan,Upper East Side,40.76366,-73.958603,Entire home/apt,487,30,0,56,319,0
26032155,23024846,Manhattan,East Village,40.72369,-73.9853,Entire home/apt,89,30,17,1,0,0
26232008,28071093,Manhattan,Upper West Side,40.80204,-73.96642,Private room,60,30,5,1,0,0
26033190,16638733,Brooklyn,Williamsburg,40.71794,-73.94353,Entire home/apt,169,30,0,1,292,0
26035069,68327820,Manhattan,Harlem,40.82124,-73.94256,Private room,87,30,26,2,0,0
25912647,193716904,Manhattan,Midtown,40.75545,-73.96402,Private room,140,30,4,1,0,0
26036438,40653297,Manhattan,Upper West Side,40.78792,-73.96838,Entire home/apt,550,30,30,1,0,0
25914515,194554070,Queens,Ridgewood,40.7088,-73.9147,Private room,55,30,1,1,0,0
25917853,94363111,Brooklyn,Prospect-Lefferts Gardens,40.66156,-73.95902,Entire home/apt,109,30,87,1,136,5
25938492,194958383,Manhattan,East Harlem,40.78966,-73.94649,Private room,80,3,45,1,0,0
26235873,197169969,Queens,Jamaica,40.68981,-73.80105,Entire home/apt,81,30,28,1,365,1
26238688,6141162,Queens,Woodside,40.7418,-73.89558,Entire home/apt,80,7,9,1,106,5
26038458,195691349,Brooklyn,Bedford-Stuyvesant,40.68125,-73.94837,Private room,140,2,217,2,68,24
26240434,38969811,Manhattan,Upper East Side,40.78206,-73.95315,Private room,150,30,0,1,0,0
26249544,22577148,Brooklyn,Bedford-Stuyvesant,40.6957,-73.93488,Private room,128,4,56,4,62,25
26250476,102228163,Brooklyn,Carroll Gardens,40.67839,-74.00162,Entire home/apt,100,30,3,1,0,0
25940097,6654682,Manhattan,Harlem,40.80752,-73.95279,Entire home/apt,1200,5,23,2,91,5
25943177,58234433,Queens,Sunnyside,40.73498,-73.91854,Private room,83,1,61,6,329,26
25943635,10304316,Queens,Astoria,40.76543,-73.91657,Private room,60,50,0,1,0,0
26038825,195693063,Manhattan,Harlem,40.82127,-73.94875,Private room,219,1,127,1,310,28
25944038,195005674,Manhattan,Upper East Side,40.76121,-73.95962,Private room,69,30,11,1,24,0
25946015,195021790,Manhattan,West Village,40.73294,-74.00321,Entire home/apt,179,30,3,1,0,0
26251173,71742050,Brooklyn,Bushwick,40.70067,-73.91395,Private room,22,3,0,1,0,0
26251408,17673366,Brooklyn,Bushwick,40.69486,-73.93135,Private room,50,30,1,1,0,0
26038936,6918093,Manhattan,Upper West Side,40.78816,-73.9804,Private room,100,30,8,1,0,0
25946142,195024069,Queens,Forest Hills,40.7243,-73.8474,Entire home/apt,130,21,0,2,138,0
26039252,195689083,Manhattan,Financial District,40.70699,-74.00598,Entire home/apt,150,30,92,1,88,1
26254270,138734174,Queens,Ridgewood,40.70593,-73.90662,Entire home/apt,44,30,3,1,0,0
26040453,195691349,Brooklyn,Bedford-Stuyvesant,40.67987,-73.94863,Entire home/apt,140,2,265,2,82,48
26043558,31410976,Brooklyn,Bedford-Stuyvesant,40.68721,-73.93367,Entire home/apt,201,3,38,1,68,2
25946924,42998647,Manhattan,Hell's Kitchen,40.75727,-73.98994,Private room,123,3,212,2,28,37
25947689,195034974,Brooklyn,Bushwick,40.69808,-73.92776,Entire home/apt,500,30,15,5,0,0
25948697,3163428,Brooklyn,Sheepshead Bay,40.60054,-73.94412,Private room,71,30,0,1,0,0
25949359,46976642,Brooklyn,Midwood,40.61618,-73.94523,Entire home/apt,99,30,2,1,0,0
25961778,697560,Brooklyn,East Flatbush,40.65145,-73.94476,Entire home/apt,120,30,0,1,0,0
25963570,52403444,Brooklyn,Bedford-Stuyvesant,40.68966,-73.94624,Entire home/apt,127,1,279,5,37,45
26050704,17452999,Brooklyn,Greenpoint,40.73789,-73.9556,Private room,80,30,0,1,0,0
25967331,152442590,Manhattan,Washington Heights,40.84963,-73.93758,Private room,60,30,8,1,0,0
25970374,9293730,Manhattan,Upper East Side,40.769516,-73.956444,Entire home/apt,149,30,19,37,285,4
26452047,3375455,Staten Island,Mariners Harbor,40.62935,-74.16225,Private room,60,30,3,2,365,1
26053340,18824752,Brooklyn,Williamsburg,40.70804,-73.95342,Entire home/apt,71,60,56,1,0,0
26455688,158922261,Queens,Astoria,40.75601,-73.91337,Private room,69,2,84,3,283,22
26456925,137358866,Queens,Woodside,40.74191,-73.89255,Private room,65,30,5,111,349,3
26255072,157295347,Queens,Woodside,40.74456,-73.90574,Private room,43,7,64,1,271,12
26257823,186110692,Brooklyn,Bushwick,40.68818,-73.91933,Private room,48,2,44,1,1,11
26054275,23486811,Brooklyn,Sunset Park,40.64315,-74.01656,Private room,73,1,43,1,320,17
26258306,22090713,Manhattan,Washington Heights,40.85239,-73.93763,Entire home/apt,66,2,4,1,0,0
26270554,28186801,Brooklyn,Williamsburg,40.71714,-73.95052,Entire home/apt,230,30,1,1,0,0
26458835,7970340,Manhattan,Stuyvesant Town,40.73349,-73.97775,Private room,50,30,1,1,0,0
26464045,83978022,Brooklyn,Fort Greene,40.69352,-73.97051,Entire home/apt,800,60,0,2,33,0
26465413,199014573,Manhattan,Midtown,40.75563,-73.97106,Private room,125,30,8,1,0,0
26055709,46201715,Brooklyn,Crown Heights,40.66726,-73.93059,Private room,101,1,186,1,235,38
26470188,55240477,Manhattan,Greenwich Village,40.73163,-73.99199,Entire home/apt,226,30,1,1,0,0
26271462,197487133,Brooklyn,Windsor Terrace,40.65163,-73.97435,Entire home/apt,225,30,2,1,0,0
26271688,137358866,Queens,Sunnyside,40.7365,-73.92049,Private room,65,30,12,111,293,3
26272421,197294267,Manhattan,Upper East Side,40.76169,-73.96114,Entire home/apt,101,30,2,1,0,0
26057365,63481165,Queens,Cambria Heights,40.701292353802046,-73.74177963863274,Private room,40,30,0,4,347,0
26272989,19562,Brooklyn,Prospect Heights,40.67904,-73.96453,Entire home/apt,220,30,2,1,0,0
26471867,4291088,Brooklyn,Clinton Hill,40.69525,-73.96545,Entire home/apt,95,2,51,1,0,0
26473275,749126,Brooklyn,South Slope,40.66473,-73.98143,Entire home/apt,105,30,10,1,0,0
26473576,161446130,Brooklyn,Greenpoint,40.73508,-73.95391,Private room,80,30,7,1,0,0
26057878,389684,Manhattan,SoHo,40.72425,-73.99797,Entire home/apt,550,4,31,1,0,1
26058634,195831428,Manhattan,Chelsea,40.74496,-74.0035,Entire home/apt,900,6,6,1,357,0
26474402,174458184,Bronx,Baychester,40.87232,-73.84146,Entire home/apt,121,2,32,1,348,26
26274490,197516314,Staten Island,Port Richmond,40.63552,-74.13363,Private room,50,5,26,1,347,2
26277801,187960424,Manhattan,Upper West Side,40.79041,-73.96958,Entire home/apt,230,30,1,1,0,0
26278372,17084566,Brooklyn,Flatbush,40.63061,-73.96193,Entire home/apt,125,60,13,1,0,0
26060534,17867234,Queens,Ridgewood,40.70828,-73.89458,Private room,120,2,14,1,249,3
26475612,73570025,Brooklyn,Williamsburg,40.71821,-73.94442,Entire home/apt,135,1,209,13,87,62
26063230,1409262,Brooklyn,Flatbush,40.64046,-73.95391,Entire home/apt,252,2,145,2,341,47
26476238,157506473,Queens,Flushing,40.75804,-73.81857,Private room,40,30,6,1,0,0
26280662,30613046,Brooklyn,Park Slope,40.68156,-73.97888,Private room,95,30,3,1,0,0
26283982,20030974,Manhattan,Upper East Side,40.77156,-73.95157,Entire home/apt,129,30,4,1,0,0
26064779,94669,Brooklyn,Bedford-Stuyvesant,40.68441,-73.93886,Private room,38,30,83,2,9,4
26074006,137358866,Manhattan,Harlem,40.81076,-73.94354,Private room,68,30,7,111,326,3
26080646,196017028,Manhattan,West Village,40.7294,-74.00259,Entire home/apt,200,30,25,1,0,0
26085355,37001535,Brooklyn,Fort Greene,40.69295,-73.98212,Entire home/apt,130,30,1,1,0,0
26086126,152708570,Queens,College Point,40.78086,-73.84665,Private room,62,2,75,2,67,23
26291721,197675041,Manhattan,Midtown,40.7427,-73.98334,Entire home/apt,149,30,7,1,0,0
26476892,199118646,Brooklyn,East Flatbush,40.64738,-73.95091,Private room,82,1,114,2,227,32
26093497,93752700,Brooklyn,Flatbush,40.63558,-73.96543,Entire home/apt,950,6,4,1,110,0
26294354,22899202,Brooklyn,Bedford-Stuyvesant,40.68757,-73.92117,Private room,69,1,117,1,1,38
26106086,17011664,Staten Island,St. George,40.64728,-74.08572,Private room,55,30,0,1,154,0
26487650,169278872,Brooklyn,Fort Greene,40.68856,-73.97129,Entire home/apt,150,5,6,1,24,3
26107318,99268393,Queens,Long Island City,40.74462,-73.95128,Entire home/apt,175,30,71,1,0,0
26108084,11121151,Manhattan,Upper West Side,40.79536,-73.96968,Private room,65,30,0,1,0,0
26110466,175019394,Queens,Jamaica,40.67162,-73.77911,Private room,70,1,143,6,167,53
26119005,102410496,Queens,Richmond Hill,40.69747,-73.82682,Entire home/apt,281,3,36,2,350,7
26121109,33592161,Brooklyn,Bushwick,40.69881,-73.92187,Entire home/apt,110,30,7,1,0,0
26125053,196373534,Brooklyn,Greenpoint,40.72776,-73.9501,Private room,50,30,1,1,0,0
26125349,502897,Brooklyn,Greenpoint,40.72986,-73.95562,Entire home/apt,150,5,0,1,0,0
26126894,17444700,Manhattan,Morningside Heights,40.80702,-73.96511,Entire home/apt,300,30,4,1,0,0
26127726,4965751,Manhattan,Upper East Side,40.77198,-73.95531,Entire home/apt,206,30,8,1,0,0
26129308,107712560,Brooklyn,Bedford-Stuyvesant,40.67981,-73.94623,Private room,43,30,15,1,0,0
26131183,128774557,Queens,Kew Gardens,40.70977,-73.8285,Private room,52,21,11,1,0,0
26488707,65093286,Manhattan,Harlem,40.81619,-73.94548,Private room,72,30,23,1,0,0
26489146,519554,Manhattan,Lower East Side,40.71924,-73.98992,Private room,89,1,5,3,0,2
26131606,61391963,Manhattan,Murray Hill,40.75072,-73.9767,Entire home/apt,175,30,3,116,0,0
26131794,61391963,Manhattan,Murray Hill,40.75107,-73.9781,Entire home/apt,175,30,12,116,281,4
26134638,20659309,Brooklyn,Williamsburg,40.70987,-73.95409,Entire home/apt,168,30,5,1,0,0
26489955,197400421,Manhattan,Chinatown,40.71375,-73.99905,Private room,107,30,42,3,121,3
26494242,10577999,Manhattan,Lower East Side,40.71973,-73.98504,Entire home/apt,175,30,8,1,0,0
26494942,35746135,Brooklyn,Kensington,40.62954,-73.97472,Private room,49,30,36,2,0,0
26295433,49202674,Brooklyn,Williamsburg,40.71173,-73.95909,Entire home/apt,92,30,0,1,0,0
26295450,96712147,Manhattan,Financial District,40.7067,-74.00781,Private room,75,30,3,2,0,0
26297631,1409262,Brooklyn,Flatbush,40.64045,-73.9534,Entire home/apt,110,30,95,2,261,2
26301165,50366054,Manhattan,Upper West Side,40.80108,-73.96195,Entire home/apt,110,4,8,2,37,5
26301985,197736479,Brooklyn,Cypress Hills,40.67819,-73.89364,Entire home/apt,168,3,59,1,229,9
26304163,65672074,Brooklyn,South Slope,40.66607,-73.98931,Entire home/apt,160,30,3,1,0,0
26135659,96664487,Brooklyn,Bushwick,40.68773,-73.91614,Entire home/apt,199,3,76,3,303,31
26135711,76237449,Queens,Jamaica,40.70815,-73.79803,Entire home/apt,99,30,0,1,0,0
26304188,32543699,Brooklyn,Williamsburg,40.7154,-73.95712,Entire home/apt,160,30,3,2,0,0
26306276,32543699,Brooklyn,Williamsburg,40.71561,-73.95664,Private room,75,30,2,2,0,0
26313558,24013611,Manhattan,Upper West Side,40.77364,-73.99009,Entire home/apt,300,30,20,1,0,0
26136583,6171984,Queens,Jackson Heights,40.74878,-73.89577,Entire home/apt,156,30,2,1,0,0
26137379,196476281,Bronx,Concourse Village,40.83053,-73.92059,Private room,80,1,47,2,348,5
26496330,24079691,Brooklyn,Crown Heights,40.67895,-73.95699,Private room,70,30,2,1,0,0
26138483,20630497,Manhattan,Hell's Kitchen,40.76534,-73.99385,Private room,95,30,2,1,0,0
26138542,896708,Brooklyn,Carroll Gardens,40.68214,-73.99643,Private room,200,2,7,2,37,0
26138702,18260424,Queens,Sunnyside,40.74499,-73.91666,Private room,73,30,1,1,0,0
26139590,15838559,Queens,Forest Hills,40.71344,-73.85122,Private room,59,30,4,3,0,0
26140709,9864136,Brooklyn,Bushwick,40.68585,-73.91564,Private room,36,30,3,28,249,0
26149494,196557649,Queens,Edgemere,40.59618,-73.76897,Entire home/apt,250,1,38,2,357,17
26496505,38920716,Queens,Queens Village,40.70635,-73.74056,Entire home/apt,1800,31,223,1,89,0
26320074,118619861,Brooklyn,Prospect Heights,40.67857,-73.97314,Entire home/apt,500,3,102,1,287,35
26324904,167568754,Queens,Middle Village,40.71105,-73.87394,Entire home/apt,100,30,4,1,0,0
26327452,24802960,Brooklyn,Crown Heights,40.67667,-73.95273,Private room,75,30,5,1,0,0
26151366,119787924,Brooklyn,Brooklyn Heights,40.69888,-73.99384,Private room,80,150,1,1,0,0
26327565,155152907,Queens,St. Albans,40.70453,-73.76203,Private room,55,2,59,2,265,13
26153609,196580929,Queens,Jackson Heights,40.75232,-73.88695,Private room,49,1,13,1,33,9
26327970,1290628,Bronx,City Island,40.84791,-73.78833,Entire home/apt,119,2,108,1,98,34
26331103,32060911,Staten Island,West Brighton,40.63414,-74.1135,Private room,45,27,11,6,306,3
26500063,127891176,Queens,Elmhurst,40.73699,-73.87393,Private room,75,3,71,1,28,41
26500082,137358866,Queens,Woodside,40.74221,-73.90223,Private room,89,30,2,111,252,1
26157426,26556695,Manhattan,Midtown,40.76043,-73.97403,Entire home/apt,1199,2,14,6,361,3
26159891,10995888,Brooklyn,Brooklyn Heights,40.69122,-73.99423,Entire home/apt,310,30,5,1,0,0
26160959,142096180,Queens,Astoria,40.76661,-73.91456,Shared room,45,1,8,1,0,0
26163413,163362268,Manhattan,Gramercy,40.73453,-73.98353,Private room,75,30,3,6,334,2
26164606,196660011,Manhattan,Harlem,40.81874,-73.95651,Entire home/apt,170,30,28,1,0,0
26501791,199315923,Queens,Glendale,40.70118,-73.87892,Entire home/apt,111,7,92,1,241,14
26516462,295128,Bronx,Clason Point,40.81323,-73.85321,Private room,68,1,8,6,249,0
26518547,295128,Bronx,Clason Point,40.81185,-73.85336,Private room,71,30,4,6,249,0
26332468,4694251,Brooklyn,Park Slope,40.6726,-73.98226,Entire home/apt,385,2,233,1,253,66
26166987,5161217,Manhattan,SoHo,40.72409,-74.00706,Entire home/apt,345,4,5,2,0,0
26167034,31230100,Brooklyn,Crown Heights,40.67367,-73.95474,Private room,120,3,5,3,0,0
26182768,21146326,Manhattan,Chinatown,40.71836,-73.99654,Entire home/apt,109,30,17,1,0,0
26333975,2033628,Brooklyn,Crown Heights,40.67463,-73.95926,Entire home/apt,249,10,4,1,109,2
26518779,6072790,Manhattan,East Village,40.72581,-73.97642,Entire home/apt,260,5,10,1,0,5
26183173,99658452,Manhattan,Midtown,40.76086,-73.96598,Entire home/apt,100,30,1,1,0,0
26520216,11541034,Manhattan,Midtown,40.75319,-73.99068,Entire home/apt,210,30,7,1,0,0
26344667,129168532,Manhattan,Harlem,40.8205,-73.95645,Private room,41,30,5,1,0,0
26350983,39456887,Brooklyn,Williamsburg,40.71262,-73.96577,Entire home/apt,125,30,1,1,0,0
26351621,4292600,Brooklyn,Fort Greene,40.68822,-73.97298,Entire home/apt,124,7,12,1,0,0
26352096,115424426,Queens,Elmhurst,40.7392,-73.87449,Private room,74,30,11,1,0,0
26357145,120762452,Manhattan,Murray Hill,40.7483,-73.9775,Entire home/apt,220,30,2,83,365,1
26357357,44927221,Manhattan,East Harlem,40.78999,-73.95021,Entire home/apt,225,30,66,1,0,0
26357377,120762452,Manhattan,Murray Hill,40.74826,-73.97709,Entire home/apt,220,30,5,83,365,1
26186295,196701166,Queens,Rosedale,40.65252,-73.74051,Private room,70,30,1,1,0,0
26357960,117086989,Manhattan,SoHo,40.72254,-74.00556,Entire home/apt,300,30,0,1,0,0
26358694,10763733,Brooklyn,Crown Heights,40.67468,-73.95664,Entire home/apt,65,30,16,1,0,0
26362898,37072476,Brooklyn,Bushwick,40.70153,-73.9261,Private room,60,30,0,1,0,0
26370425,52529356,Manhattan,Midtown,40.74664,-73.98323,Entire home/apt,179,30,2,1,0,0
26374486,198340695,Manhattan,East Harlem,40.78794,-73.94322,Entire home/apt,50,30,2,1,0,0
26385422,58071546,Manhattan,Midtown,40.76137,-73.97886,Entire home/apt,634,3,6,1,0,2
26522949,47151333,Brooklyn,Boerum Hill,40.69042,-73.9911,Entire home/apt,180,30,12,1,0,0
26717141,65671256,Queens,Jackson Heights,40.75744,-73.85988,Private room,62,1,217,4,12,76
26717498,51278311,Brooklyn,Gowanus,40.66867,-73.99133,Entire home/apt,55,9,0,1,0,0
26718451,184646204,Manhattan,Upper West Side,40.8020043311758,-73.9633199110722,Entire home/apt,111,1,0,1,252,0
26524625,199147185,Brooklyn,Sunset Park,40.66168,-73.99426,Private room,85,30,4,3,0,0
26387184,24378438,Manhattan,Harlem,40.80816,-73.95091,Entire home/apt,80,2,10,1,0,0
26741585,62587696,Brooklyn,Gowanus,40.66978,-73.99045,Private room,90,2,210,2,20,71
26741642,3073952,Brooklyn,Bedford-Stuyvesant,40.68269,-73.91188,Entire home/apt,248,30,55,2,262,0
26743587,201083646,Brooklyn,Flatbush,40.64157,-73.96677,Entire home/apt,155,30,36,1,0,1
26387674,37274021,Brooklyn,Bedford-Stuyvesant,40.68446,-73.95535,Private room,140,3,96,1,112,17
26388810,424656,Brooklyn,Williamsburg,40.7161,-73.95328,Entire home/apt,259,30,0,1,0,0
26526269,41655831,Manhattan,Roosevelt Island,40.76467,-73.94856,Private room,150,30,2,1,0,0
26743923,164291123,Manhattan,Flatiron District,40.7403,-73.98599,Hotel room,479,1,271,5,349,167
26744053,200933726,Bronx,Allerton,40.86697,-73.86696,Private room,34,30,0,1,0,0
26528032,68285811,Manhattan,Midtown,40.75165,-73.98461,Shared room,85,30,1,1,0,0
26391060,68074387,Manhattan,East Harlem,40.81005,-73.93566,Private room,139,3,24,1,0,10
26395296,198482796,Manhattan,Upper East Side,40.78067,-73.95019,Shared room,125,30,18,1,67,0
26747129,201116493,Brooklyn,Clinton Hill,40.6815,-73.96288,Entire home/apt,100,21,5,1,0,1
26398257,198206886,Queens,East Elmhurst,40.76595,-73.88185,Entire home/apt,145,3,10,1,348,10
26398428,4492236,Brooklyn,Bushwick,40.69581,-73.93262,Private room,70,30,0,2,0,0
26398894,20912691,Queens,Jamaica,40.71107,-73.78388,Entire home/apt,264,3,31,5,0,0
26416651,152032831,Brooklyn,Bushwick,40.69024,-73.92165,Private room,75,30,4,1,0,0
26420017,66757117,Manhattan,Stuyvesant Town,40.73499,-73.97913,Entire home/apt,150,30,1,1,0,0
26533797,13639385,Brooklyn,Crown Heights,40.67762,-73.94153,Private room,120,30,4,3,179,0
26534838,5225042,Manhattan,West Village,40.73473,-74.00582,Entire home/apt,149,30,6,1,0,0
26747248,3830753,Brooklyn,Red Hook,40.67617,-74.01191,Entire home/apt,120,4,65,1,53,6
26747409,28413263,Brooklyn,Flatbush,40.63345,-73.96022,Private room,93,30,0,1,0,0
26421624,198666761,Queens,Long Island City,40.75288,-73.93555,Entire home/apt,71,30,58,1,0,0
26422113,34991003,Brooklyn,East Flatbush,40.64559,-73.92388,Private room,32,30,13,2,220,3
26749031,200621725,Brooklyn,Williamsburg,40.71214,-73.94006,Private room,45,5,146,2,0,18
26425943,50361964,Brooklyn,Williamsburg,40.70909,-73.96338,Entire home/apt,232,3,5,1,0,0
26538433,70781731,Brooklyn,Bushwick,40.70275,-73.92773,Entire home/apt,390,2,4,1,95,4
26750461,40643524,Queens,Sunnyside,40.7369,-73.92856,Shared room,85,30,1,1,0,0
26550322,179483216,Manhattan,Washington Heights,40.85506,-73.93194,Entire home/apt,239,4,71,1,286,21
26552832,137358866,Manhattan,East Harlem,40.79446,-73.94185,Private room,75,30,9,111,185,5
26554937,10457300,Queens,Arverne,40.59263,-73.7964,Entire home/apt,270,2,78,2,95,17
26754032,138086216,Brooklyn,Bergen Beach,40.62719,-73.91315,Entire home/apt,211,4,71,5,266,12
26555992,552288,Brooklyn,Bushwick,40.69924,-73.92324,Entire home/apt,70,30,9,1,0,0
26557266,152047633,Brooklyn,Williamsburg,40.71421,-73.96079,Private room,91,30,0,1,0,0
26430182,140096210,Manhattan,East Harlem,40.78957,-73.95,Entire home/apt,100,30,0,1,0,0
26447954,244444,Brooklyn,Vinegar Hill,40.70221,-73.98461,Entire home/apt,165,30,0,1,0,0
26755702,137358866,Queens,Woodside,40.74315,-73.91167,Private room,65,30,2,111,335,0
26756446,201203968,Brooklyn,Williamsburg,40.71137,-73.94194,Private room,39,4,141,1,32,15
26448665,38713773,Queens,Sunnyside,40.74347,-73.91396,Private room,70,30,1,1,0,0
26449881,17263833,Brooklyn,Williamsburg,40.71157,-73.94953,Entire home/apt,310,2,8,1,119,8
26558970,143979755,Bronx,Pelham Gardens,40.86105,-73.84443,Entire home/apt,82,30,108,2,310,0
26560159,16782911,Brooklyn,East Flatbush,40.6636,-73.93941,Entire home/apt,100,30,15,1,0,4
26570316,15175378,Brooklyn,Crown Heights,40.67492,-73.94729,Entire home/apt,200,10,75,2,0,10
26770455,46844755,Manhattan,Midtown,40.76302,-73.97783,Private room,250,30,1,1,0,0
26771366,5853457,Brooklyn,Borough Park,40.64072,-73.99787,Private room,65,30,1,7,215,1
26774653,27742407,Brooklyn,Fort Greene,40.68515,-73.96835,Entire home/apt,160,40,8,1,0,1
26450631,198890291,Queens,Woodside,40.74173,-73.90586,Entire home/apt,306,5,185,1,104,48
26894687,19899115,Brooklyn,Crown Heights,40.67524,-73.95071,Private room,60,30,12,2,0,0
26778845,2478942,Brooklyn,Williamsburg,40.71275,-73.96051,Private room,360,30,12,1,0,0
26779818,201369441,Manhattan,West Village,40.73799,-74.00045,Entire home/apt,325,30,8,1,0,0
26895166,202318295,Manhattan,East Harlem,40.7953,-73.94249,Private room,101,30,19,1,39,3
26896131,2685092,Brooklyn,Prospect Heights,40.67316,-73.965,Entire home/apt,175,30,6,1,0,1
26571486,151714821,Bronx,Morris Heights,40.84819,-73.91414,Entire home/apt,149,30,1,1,0,0
26780625,58857346,Brooklyn,Kensington,40.6447,-73.97082,Entire home/apt,117,3,64,1,26,21
26571706,199808815,Manhattan,Hell's Kitchen,40.76007,-73.99838,Entire home/apt,240,30,3,1,0,0
26782162,27558716,Queens,Queens Village,40.70765,-73.74777,Private room,76,1,124,2,360,25
26584254,199887038,Queens,Ditmars Steinway,40.76977,-73.90849,Private room,72,3,23,2,66,6
26590931,181710793,Queens,Flushing,40.76429,-73.82869,Entire home/apt,65,30,4,3,113,2
26594677,46555645,Manhattan,Midtown,40.75367,-73.9719,Hotel room,265,3,2,1,0,0
26784985,135739716,Brooklyn,Red Hook,40.67689,-74.01462,Entire home/apt,89,30,31,1,0,0
26786964,900186,Brooklyn,Kensington,40.64318,-73.98247,Entire home/apt,134,2,88,1,126,41
26596388,199956234,Manhattan,Harlem,40.80436,-73.95555,Entire home/apt,139,30,83,1,1,0
26597692,199147185,Brooklyn,Sunset Park,40.66217,-73.99455,Private room,92,30,4,3,0,0
26897328,72339782,Brooklyn,Windsor Terrace,40.65071,-73.98062,Entire home/apt,213,5,2,1,219,2
26788437,201447930,Manhattan,East Village,40.72664,-73.98652,Private room,200,4,34,2,0,10
26598239,168815258,Brooklyn,Clinton Hill,40.69449,-73.96598,Private room,55,30,2,1,0,0
26803556,801975,Brooklyn,Crown Heights,40.6777,-73.94611,Entire home/apt,144,7,44,2,289,16
26803876,2052361,Brooklyn,Prospect-Lefferts Gardens,40.65644,-73.9587,Entire home/apt,70,4,7,3,0,5
26805201,6726656,Brooklyn,Bushwick,40.70276,-73.92534,Private room,70,30,7,4,0,0
26805586,147710243,Queens,Bayswater,40.60631,-73.75924,Entire home/apt,138,30,11,1,155,2
26598477,56338076,Manhattan,Harlem,40.81575,-73.93828,Entire home/apt,375,2,34,2,306,7
26599244,199147185,Brooklyn,Sunset Park,40.66347,-73.99604,Private room,75,30,0,3,0,0
26600090,158922261,Queens,Astoria,40.7568,-73.91448,Private room,69,2,79,3,288,19
26602263,21816318,Manhattan,Harlem,40.80116,-73.95043,Private room,64,3,96,1,6,31
26602878,56338076,Manhattan,Harlem,40.81536,-73.93919,Private room,150,2,8,2,309,4
26604019,40398107,Brooklyn,Midwood,40.61748,-73.96091,Entire home/apt,80,30,1,1,0,0
26897453,135093573,Queens,Long Island City,40.75673,-73.93386,Private room,80,4,143,1,252,35
26897821,111816745,Manhattan,Upper East Side,40.76899,-73.94868,Entire home/apt,140,30,14,1,0,0
26898028,19303369,Queens,Woodside,40.74256,-73.90277,Private room,47,30,6,175,22,1
26808322,54640485,Queens,Long Island City,40.75339,-73.9343,Private room,55,30,65,1,0,0
26607493,73269245,Manhattan,Chinatown,40.71408,-73.99203,Private room,55,30,1,1,0,0
26809805,19955930,Manhattan,Kips Bay,40.74013,-73.98321,Shared room,150,58,4,1,0,0
26900640,200239515,Queens,Woodside,40.74249,-73.89317,Private room,40,30,6,158,0,1
26902983,10744485,Manhattan,Upper East Side,40.7772,-73.95134,Entire home/apt,229,28,11,1,121,4
26810466,53883793,Manhattan,Midtown,40.76023,-73.96672,Entire home/apt,175,30,2,1,0,0
26914676,62792657,Brooklyn,Boerum Hill,40.68513,-73.98348,Entire home/apt,250,3,7,1,0,0
26812324,47596725,Manhattan,Gramercy,40.73807,-73.98354,Entire home/apt,100,30,15,1,0,0
26607691,200047329,Queens,Richmond Hill,40.7033,-73.82993,Private room,100,1,27,3,354,8
26608302,137358866,Queens,Woodside,40.74679,-73.9066,Private room,75,30,3,111,312,0
26609429,199584723,Manhattan,Upper West Side,40.79431,-73.97542,Private room,60,30,6,1,0,0
26812606,6720254,Manhattan,Chelsea,40.74384,-73.99569,Entire home/apt,200,30,22,1,0,0
26632496,85852354,Brooklyn,Downtown Brooklyn,40.69014,-73.98604,Private room,85,30,26,1,0,0
26916664,50116095,Manhattan,Harlem,40.83131,-73.943,Private room,95,2,43,1,192,28
26916746,193502084,Brooklyn,Borough Park,40.64045,-74.00404,Private room,40,30,26,8,0,0
26813575,13885459,Manhattan,Hell's Kitchen,40.76477,-73.99287,Entire home/apt,250,30,2,1,0,0
26632930,6058163,Brooklyn,Fort Greene,40.68614,-73.97269,Entire home/apt,150,30,19,3,0,0
26813610,19303369,Queens,Woodside,40.74409,-73.90497,Private room,55,30,9,175,0,2
26814509,176951326,Manhattan,Midtown,40.75848,-73.96376,Entire home/apt,414,1,0,10,352,0
26923846,149296850,Brooklyn,Bedford-Stuyvesant,40.69495,-73.93736,Private room,80,2,3,3,249,1
26924532,71725161,Brooklyn,Sunset Park,40.64358,-74.02155,Entire home/apt,114,7,49,2,0,0
26924800,149296850,Brooklyn,Bedford-Stuyvesant,40.69279,-73.93884,Private room,75,2,10,3,265,6
26925980,38593087,Brooklyn,Williamsburg,40.7082,-73.96636,Private room,65,1,131,2,57,53
26814523,176951326,Manhattan,Midtown,40.75696,-73.96395,Entire home/apt,460,30,1,10,249,0
26814584,176951326,Manhattan,Midtown,40.75863,-73.96549,Entire home/apt,620,1,0,10,249,0
26814602,176951326,Manhattan,Midtown,40.75704,-73.96573,Entire home/apt,500,1,0,10,250,0
26814616,176951326,Manhattan,Midtown,40.75732,-73.96542,Entire home/apt,450,30,2,10,357,1
26814637,176951326,Manhattan,Midtown,40.75731,-73.96346,Entire home/apt,730,1,0,10,249,0
26814729,176951326,Manhattan,Midtown,40.75682,-73.96536,Entire home/apt,1020,1,0,10,250,0
26814741,176951326,Manhattan,Midtown,40.75889,-73.96553,Entire home/apt,918,30,0,10,337,0
26814842,176951326,Manhattan,Midtown,40.7587,-73.96376,Entire home/apt,895,1,1,10,250,0
26814854,176951326,Manhattan,Midtown,40.75683,-73.96341,Entire home/apt,806,30,0,10,357,0
26815201,93339222,Brooklyn,Carroll Gardens,40.68084,-73.99287,Entire home/apt,130,5,64,2,19,47
26817803,12129877,Brooklyn,Crown Heights,40.67382,-73.94108,Entire home/apt,115,30,35,2,69,0
26821551,17840677,Brooklyn,Flatbush,40.6440429452996,-73.95566040199883,Private room,45,2,5,2,0,5
26939323,141362503,Brooklyn,Williamsburg,40.70813,-73.93279,Private room,90,2,109,4,337,31
26939557,141362503,Brooklyn,Williamsburg,40.7047,-73.93676,Private room,88,2,104,4,337,32
26635476,57322447,Manhattan,Washington Heights,40.86058,-73.92593,Entire home/apt,95,1,6,1,0,0
26639925,141615596,Bronx,Parkchester,40.83674,-73.85827,Private room,55,1,60,2,328,19
26835960,10839658,Manhattan,Hell's Kitchen,40.76241,-73.99148,Entire home/apt,149,30,29,1,264,2
26641779,182152235,Brooklyn,Bedford-Stuyvesant,40.68834,-73.95842,Entire home/apt,350,2,98,2,5,29
26943105,38162443,Manhattan,Gramercy,40.73696,-73.98783,Entire home/apt,125,30,10,1,0,0
26837124,8325079,Brooklyn,Williamsburg,40.71476,-73.94612,Entire home/apt,115,30,1,1,0,0
26948562,202766548,Manhattan,Chelsea,40.74705,-74.006,Entire home/apt,395,30,9,1,0,0
26949336,176971425,Manhattan,Chinatown,40.71774,-73.99695,Private room,140,31,0,1,0,0
26645876,88576580,Queens,Flushing,40.75446,-73.82234,Private room,60,30,3,2,0,0
26654670,44123062,Brooklyn,Bushwick,40.68761,-73.90847,Private room,50,3,112,4,0,30
26655705,24195130,Bronx,Pelham Gardens,40.8615,-73.83775,Entire home/apt,200,1,116,1,341,32
26659521,197400421,Manhattan,Chinatown,40.71585,-73.99961,Private room,100,30,0,3,306,0
26660828,19739033,Manhattan,Harlem,40.81262,-73.95326,Entire home/apt,210,30,4,2,1,0
26837834,6105036,Manhattan,Harlem,40.80521,-73.95026,Private room,475,30,45,3,301,5
26839660,5668544,Manhattan,Upper East Side,40.77443,-73.95013,Entire home/apt,343,31,0,1,178,0
26662711,104117770,Manhattan,Hell's Kitchen,40.7671,-73.99098,Entire home/apt,121,30,7,1,0,0
26663094,107579819,Brooklyn,Bushwick,40.69491,-73.92699,Private room,50,30,6,1,0,0
26949866,89158311,Brooklyn,Crown Heights,40.67586058866017,-73.95610325038433,Private room,96,1,6,2,286,6
26841647,201859106,Manhattan,Hell's Kitchen,40.76138,-73.98998,Entire home/apt,186,30,3,1,0,0
26842735,201868461,Manhattan,West Village,40.73395,-74.00721,Entire home/apt,129,2,180,1,2,40
26953399,176950781,Manhattan,Midtown,40.75595,-73.98326,Entire home/apt,595,7,1,5,359,1
26953727,176950781,Manhattan,Theater District,40.7557,-73.98375,Entire home/apt,465,7,18,5,361,10
26953759,176950781,Manhattan,Theater District,40.75776,-73.98352,Entire home/apt,445,7,3,5,350,0
26954041,176950781,Manhattan,Theater District,40.75745,-73.98309,Entire home/apt,625,7,42,5,357,36
26664229,200439496,Queens,Elmhurst,40.73832,-73.87247,Entire home/apt,198,30,20,1,330,1
26845561,78643953,Brooklyn,Bushwick,40.68831,-73.91589,Entire home/apt,215,4,106,3,282,32
26954900,3935522,Brooklyn,Gowanus,40.66691,-73.99211,Entire home/apt,148,2,6,1,0,0
26980415,184669674,Queens,Middle Village,40.71009,-73.89344,Private room,99,4,29,1,6,0
26982403,107434423,Manhattan,Theater District,40.7607614,-73.98610550000001,Entire home/apt,316,31,3,453,306,0
26983183,12512629,Queens,Long Island City,40.74403,-73.95671,Entire home/apt,142,30,2,1,0,0
26983743,141362503,Brooklyn,Williamsburg,40.70518,-73.93911,Private room,92,2,84,4,335,20
26984054,141362503,Brooklyn,Williamsburg,40.70598,-73.9406,Private room,87,2,102,4,350,30
26846867,69527,Brooklyn,Bushwick,40.69058,-73.90518,Private room,94,5,41,1,125,15
26846907,201909387,Brooklyn,Downtown Brooklyn,40.69759,-73.98417,Private room,70,30,1,1,0,0
26984883,121771546,Brooklyn,Williamsburg,40.71111,-73.96482,Private room,112,3,114,1,333,34
26987448,1110208,Brooklyn,Bushwick,40.7033,-73.91709,Entire home/apt,100,2,19,1,0,4
26988903,1459377,Brooklyn,Greenpoint,40.72152,-73.94067,Entire home/apt,155,30,3,1,0,0
26989176,2822805,Brooklyn,Bedford-Stuyvesant,40.68741,-73.94946,Private room,78,30,12,10,247,1
26991755,176950173,Manhattan,Midtown,40.76363,-73.97452,Entire home/apt,476,7,6,14,358,3
26991807,176950173,Manhattan,Midtown,40.76326,-73.97474,Entire home/apt,688,7,2,14,351,2
26993244,132883657,Brooklyn,Gowanus,40.67023,-73.98924,Entire home/apt,250,30,9,1,0,0
26669199,200483536,Manhattan,East Village,40.72353,-73.98594,Private room,158,1,49,1,138,19
26670812,88576580,Queens,Flushing,40.75484,-73.82081,Private room,60,30,1,2,0,0
26863858,18523979,Queens,Sunnyside,40.74504,-73.91311,Private room,75,1,20,1,349,14
26679556,4231845,Manhattan,Morningside Heights,40.8051,-73.96428,Entire home/apt,95,30,2,1,0,0
26682755,161899037,Queens,Flushing,40.7565,-73.83356,Entire home/apt,157,2,104,7,70,40
26683178,13093738,Brooklyn,Boerum Hill,40.68698,-73.99008,Entire home/apt,165,4,2,1,0,0
26685314,200621725,Brooklyn,Williamsburg,40.71333,-73.93998,Private room,33,10,112,2,0,4
26688045,137358866,Queens,Woodside,40.74444,-73.90843,Private room,70,30,7,111,342,3
26690336,137358866,Queens,Sunnyside,40.73696,-73.9205,Private room,73,30,6,111,333,2
26691677,56616801,Brooklyn,Greenpoint,40.72452,-73.93833,Private room,15,30,4,1,0,0
26693195,200697707,Brooklyn,Bushwick,40.68825,-73.91354,Private room,50,30,105,1,0,0
27137651,10113487,Manhattan,Kips Bay,40.73961,-73.97991,Entire home/apt,179,30,27,1,252,3
27140472,2163625,Brooklyn,Windsor Terrace,40.65116,-73.97882,Private room,65,30,0,2,0,0
26865836,196609694,Manhattan,Midtown,40.75634,-73.98222,Entire home/apt,220,30,2,3,104,0
27141013,204346423,Brooklyn,Flatlands,40.61955,-73.91772,Entire home/apt,75,5,69,1,249,0
27141191,19303369,Queens,Elmhurst,40.73862,-73.87707,Private room,38,30,3,175,4,2
27157649,22264156,Brooklyn,Clinton Hill,40.69535,-73.96389,Private room,120,30,3,1,0,0
26996408,13983184,Bronx,Concourse,40.82053,-73.92701,Entire home/apt,100,3,63,1,0,1
26996673,2163625,Brooklyn,Windsor Terrace,40.6527,-73.97829,Entire home/apt,150,30,0,2,0,0
27000837,149296850,Brooklyn,Bedford-Stuyvesant,40.69494,-73.93709,Shared room,75,2,10,3,13,7
27002075,194843581,Manhattan,Upper West Side,40.79917,-73.9622,Private room,72,30,16,3,0,0
27015594,176950173,Manhattan,Midtown,40.7648,-73.9767,Entire home/apt,486,7,4,14,360,2
26866997,201893473,Bronx,Concourse,40.8321,-73.92295,Private room,40,5,6,1,242,0
27016931,203266238,Bronx,Morris Park,40.85408,-73.85034,Private room,55,15,11,6,0,2
27018851,39371342,Brooklyn,Bay Ridge,40.63535,-74.01942,Entire home/apt,126,1,148,2,107,49
27019732,11614416,Brooklyn,Sunset Park,40.66309,-73.992958,Entire home/apt,229,1,46,1,35,43
27159664,53365451,Brooklyn,Bedford-Stuyvesant,40.69413,-73.93429,Private room,50,30,2,1,0,0
27160354,18320031,Brooklyn,Greenpoint,40.72741,-73.95582,Entire home/apt,115,30,7,1,0,0
26867170,196609694,Manhattan,Midtown,40.75634,-73.98222,Entire home/apt,375,30,0,3,180,0
26867635,196609694,Manhattan,Theater District,40.75727,-73.98298,Entire home/apt,1000,30,0,3,365,0
26871230,2304932,Manhattan,Chelsea,40.74604,-74.00365,Entire home/apt,1225,30,16,1,0,0
26871281,440022,Manhattan,SoHo,40.728,-74.00549,Entire home/apt,110,60,1,1,0,0
26874133,2280048,Brooklyn,East Flatbush,40.66182,-73.93187,Entire home/apt,97,4,36,2,78,5
26874326,113295877,Staten Island,New Brighton,40.63601,-74.09102,Private room,48,3,9,3,124,9
27023307,3399151,Manhattan,Lower East Side,40.72297,-73.99271,Entire home/apt,150,30,13,1,0,0
27029402,194843581,Manhattan,Upper West Side,40.80108,-73.96154,Private room,87,30,14,3,0,0
27029508,1892281,Brooklyn,East Flatbush,40.65775,-73.91892,Private room,225,3,74,2,346,17
27029894,194843581,Manhattan,Upper West Side,40.80128,-73.96296,Private room,79,30,59,3,0,0
27030076,54658419,Brooklyn,Williamsburg,40.71278,-73.9606,Private room,106,30,8,2,0,0
26874462,1339545,Brooklyn,Park Slope,40.66995,-73.97994,Entire home/apt,182,3,170,8,43,56
26874727,129596284,Brooklyn,Bushwick,40.7024,-73.92263,Private room,40,3,5,1,0,0
26876289,47424665,Queens,Ridgewood,40.70641,-73.90935,Entire home/apt,384,2,149,2,311,36
26877222,137358866,Manhattan,Harlem,40.81606,-73.94209,Private room,67,30,10,111,341,2
26877276,64540550,Brooklyn,Bushwick,40.69129,-73.91516,Private room,31,30,10,1,0,0
26884320,141204556,Brooklyn,Williamsburg,40.70963,-73.96484,Private room,122,3,116,6,317,29
27161183,204495302,Brooklyn,Bedford-Stuyvesant,40.6795,-73.9173,Entire home/apt,109,30,17,1,0,0
26884438,141204841,Brooklyn,Williamsburg,40.71087,-73.9647,Private room,120,1,112,2,315,34
27164116,204527519,Manhattan,Harlem,40.80255,-73.95282,Entire home/apt,100,30,16,1,0,0
27166833,204545471,Queens,Ozone Park,40.67698,-73.84091,Entire home/apt,159,30,0,1,362,0
27032162,203397896,Brooklyn,Brownsville,40.66539,-73.91393,Entire home/apt,109,3,114,1,142,24
26886071,5073548,Manhattan,East Village,40.72652,-73.97985,Entire home/apt,175,7,8,1,0,0
26887521,8534610,Manhattan,Harlem,40.8108,-73.93952,Private room,125,2,54,1,87,16
27048562,21881605,Brooklyn,Crown Heights,40.67608,-73.94642,Private room,120,2,0,1,0,0
27052657,162171692,Manhattan,Upper East Side,40.779522,-73.951111,Entire home/apt,151,30,42,3,88,3
27053726,33526253,Brooklyn,Windsor Terrace,40.65678,-73.98103,Entire home/apt,150,30,2,1,0,0
27054756,146271052,Brooklyn,Williamsburg,40.72045,-73.96012,Entire home/apt,168,30,21,1,132,9
27166904,94832914,Manhattan,Financial District,40.70408,-74.00687,Entire home/apt,199,30,1,1,0,0
27168097,54541149,Brooklyn,Williamsburg,40.71399,-73.95945,Private room,75,30,1,1,0,0
27173512,23371413,Brooklyn,Crown Heights,40.66539,-73.9583,Entire home/apt,200,7,8,1,0,3
26889078,199535935,Staten Island,St. George,40.646,-74.08647,Entire home/apt,89,30,91,1,0,0
27190005,204733512,Queens,East Elmhurst,40.75902,-73.88238,Private room,42,30,19,2,1,0
26890426,41556599,Brooklyn,Red Hook,40.67851,-74.01005,Entire home/apt,170,3,14,1,162,7
27055058,13412408,Manhattan,SoHo,40.72677,-74.00026,Private room,120,1,5,1,0,0
27056608,17322419,Manhattan,Kips Bay,40.74066,-73.98275,Entire home/apt,750,31,0,1,0,0
27057790,19303369,Queens,Woodside,40.74304,-73.90301,Private room,45,30,5,175,10,2
27061752,7498832,Brooklyn,Williamsburg,40.70727,-73.95337,Private room,60,30,3,1,0,0
27061785,48539240,Manhattan,Gramercy,40.73559,-73.98472,Private room,120,1,1,1,0,0
26890649,125059640,Brooklyn,Bedford-Stuyvesant,40.69663,-73.93652,Entire home/apt,125,30,2,1,0,0
27195600,204773816,Queens,Flushing,40.75814,-73.8205,Entire home/apt,96,3,65,2,62,25
26891909,199887038,Queens,Ditmars Steinway,40.76959,-73.9078,Private room,51,3,0,2,0,0
26892245,3552356,Brooklyn,Bushwick,40.70142,-73.91841,Private room,35,30,2,1,0,0
26893530,187008191,Bronx,Concourse,40.83056,-73.92105,Private room,61,2,130,1,299,40
27197193,163482759,Manhattan,SoHo,40.72532,-74.00037,Private room,75,30,14,1,0,0
27061895,12460642,Brooklyn,Bedford-Stuyvesant,40.68509,-73.9391,Entire home/apt,120,6,6,1,0,0
27064423,1330116,Manhattan,Greenwich Village,40.73188,-73.99146,Private room,156,30,1,1,0,0
26894016,5778935,Brooklyn,Clinton Hill,40.69237,-73.96721,Entire home/apt,150,3,10,1,0,1
26894086,28971565,Brooklyn,Williamsburg,40.72049,-73.96038,Entire home/apt,225,2,4,1,249,0
27065834,83856521,Manhattan,West Village,40.73339,-74.00609,Entire home/apt,281,30,3,1,0,0
27067463,2688409,Brooklyn,Borough Park,40.6431,-74.00045,Private room,55,10,5,1,290,4
27200105,416361,Brooklyn,Bedford-Stuyvesant,40.68039,-73.94368,Entire home/apt,411,3,12,1,163,9
27406558,8245652,Brooklyn,Bushwick,40.69511,-73.90778,Entire home/apt,90,30,6,3,0,0
27409329,203982404,Manhattan,East Harlem,40.80722,-73.93871,Private room,100,30,64,6,146,2
27201242,1837068,Brooklyn,Bushwick,40.69336,-73.91265,Entire home/apt,185,3,65,1,33,18
27203333,29510402,Bronx,Longwood,40.82495,-73.90309,Private room,150,12,2,3,0,0
27082137,10194134,Brooklyn,Williamsburg,40.71994,-73.94323,Private room,70,30,0,1,341,0
27416658,203982404,Manhattan,East Harlem,40.80912,-73.9388,Entire home/apt,200,30,3,6,64,1
27422570,34643568,Manhattan,East Harlem,40.79116,-73.94165,Private room,70,900,16,7,89,0
27424610,2948064,Brooklyn,Williamsburg,40.70938,-73.93518,Private room,52,3,96,2,96,19
27083112,203793342,Brooklyn,Bedford-Stuyvesant,40.69787,-73.9372,Private room,40,28,28,1,0,0
27425011,10428298,Manhattan,Chelsea,40.73777,-73.99639,Entire home/apt,125,30,0,2,0,0
27085643,349596,Brooklyn,Clinton Hill,40.68599,-73.96782,Entire home/apt,179,2,5,1,0,0
27086130,185908506,Bronx,Edenwald,40.88686,-73.83516,Entire home/apt,91,30,5,3,0,0
27087566,579017,Brooklyn,Greenpoint,40.73405,-73.95727,Entire home/apt,190,30,4,1,0,0
27088022,103450258,Staten Island,Willowbrook,40.59919,-74.13389,Entire home/apt,329,4,39,3,249,14
27088254,3191371,Manhattan,East Harlem,40.80825,-73.93708,Private room,86,2,119,2,184,59
27088944,2102205,Manhattan,West Village,40.73913,-74.00124,Entire home/apt,250,30,15,1,0,0
27203413,204810113,Staten Island,New Brighton,40.63847,-74.09229,Private room,79,3,145,1,252,29
27205234,928165,Brooklyn,Bushwick,40.69709,-73.91013,Private room,53,2,12,1,0,0
27426650,2948064,Brooklyn,Williamsburg,40.70865,-73.93649,Private room,60,7,111,2,66,34
27426767,5699385,Manhattan,Kips Bay,40.73921,-73.97766,Entire home/apt,140,30,30,1,0,0
27211525,204915695,Brooklyn,Sunset Park,40.63894,-74.0088,Private room,60,3,50,2,5,16
27089135,57336940,Manhattan,Harlem,40.81727,-73.93786,Entire home/apt,140,3,9,1,0,0
27089541,144008701,Manhattan,Harlem,40.82429,-73.94602,Private room,61,30,7,4,256,1
27090376,154037433,Queens,Jamaica,40.67045,-73.77414,Private room,76,1,24,3,90,6
27427289,6456799,Brooklyn,Bedford-Stuyvesant,40.68587,-73.94104,Entire home/apt,110,30,2,1,311,0
27103176,132475953,Bronx,Morrisania,40.83038,-73.90071,Private room,54,2,4,1,0,0
27429253,200239515,Queens,Woodside,40.74121,-73.89288,Private room,35,30,4,158,0,0
27429817,161899037,Queens,Flushing,40.75631,-73.83327,Private room,158,2,109,7,71,43
27430644,206714649,Queens,Jamaica,40.67424,-73.7971,Private room,65,2,177,3,63,33
27107124,204018218,Manhattan,Hell's Kitchen,40.76855,-73.99599,Entire home/apt,121,3,67,1,0,12
27221468,189625025,Brooklyn,Williamsburg,40.70772,-73.94269,Private room,107,2,89,5,347,23
27431313,205594437,Brooklyn,Williamsburg,40.70889,-73.96751,Entire home/apt,150,30,5,1,0,0
27110090,75385686,Manhattan,Washington Heights,40.83808,-73.94486,Private room,37,13,2,1,0,0
27131400,4314926,Manhattan,Upper West Side,40.79125,-73.97329,Entire home/apt,1000,30,1,2,0,0
27132347,4314926,Manhattan,Upper West Side,40.78981,-73.97251,Entire home/apt,1200,30,4,2,0,0
27133412,36444228,Brooklyn,Williamsburg,40.71661,-73.94292,Private room,80,28,4,1,12,0
27434658,11158514,Brooklyn,Flatbush,40.64495,-73.9643,Private room,42,30,1,1,0,0
27436322,84155085,Brooklyn,Bay Ridge,40.63254,-74.02365,Private room,49,30,1,1,0,0
27134625,31619241,Brooklyn,Fort Greene,40.6902,-73.97312,Entire home/apt,240,5,70,1,25,23
27579844,100238132,Manhattan,Midtown,40.75332,-73.97166,Entire home/apt,353,5,4,12,0,0
27222697,16367071,Brooklyn,Williamsburg,40.71591,-73.94287,Private room,130,5,5,1,20,4
27225628,23619449,Manhattan,Morningside Heights,40.81487,-73.96111,Private room,45,31,2,1,0,0
27225643,187870198,Queens,Rockaway Beach,40.5834,-73.81674,Private room,50,30,13,2,285,2
27225784,10573806,Manhattan,Upper East Side,40.77303,-73.9547,Entire home/apt,140,30,5,1,0,0
27227103,122044895,Bronx,Wakefield,40.89177,-73.84769,Entire home/apt,84,25,14,2,281,2
27437662,206774126,Manhattan,Harlem,40.82784,-73.93925,Entire home/apt,60,30,0,1,0,0
27227269,28449397,Manhattan,Harlem,40.82767,-73.94201,Private room,85,30,7,2,0,0
27230758,31882405,Brooklyn,Williamsburg,40.70848,-73.96668,Entire home/apt,115,30,18,1,0,0
27235864,28449397,Manhattan,Harlem,40.8279,-73.94158,Private room,70,30,16,2,0,0
27580964,208106618,Manhattan,Harlem,40.80292,-73.95503,Private room,79,30,7,1,0,0
27581016,23884430,Brooklyn,Bushwick,40.69646,-73.92491,Private room,75,30,81,1,0,0
27583185,32993072,Manhattan,Harlem,40.81764,-73.9441,Private room,59,3,7,1,0,0
27453970,57002433,Manhattan,East Harlem,40.79852,-73.94128,Private room,60,1,29,2,0,0
27454904,206195782,Manhattan,Harlem,40.81009,-73.95471,Entire home/apt,210,2,37,1,292,10
27583483,4565786,Manhattan,Upper East Side,40.77361,-73.94499,Entire home/apt,120,30,1,1,196,0
27584915,204704622,Queens,Elmhurst,40.73861,-73.87629,Private room,59,30,1,157,0,0
27237325,205144781,Brooklyn,Crown Heights,40.67445,-73.92151,Entire home/apt,85,2,130,1,0,12
27244093,189625025,Brooklyn,Williamsburg,40.70942,-73.94403,Private room,99,2,102,5,342,25
27246943,16397094,Queens,Arverne,40.5947,-73.79973,Private room,40,2,3,1,95,3
27250227,134521683,Manhattan,East Village,40.72556,-73.98099,Private room,48,30,10,2,0,0
27262079,119826595,Bronx,Mott Haven,40.81358,-73.91887,Entire home/apt,155,4,158,1,15,40
27455308,206889476,Queens,Jamaica,40.68267,-73.79305,Entire home/apt,85,30,107,1,0,0
27458304,56283770,Manhattan,Upper East Side,40.76418,-73.96742,Entire home/apt,155,31,5,5,50,2
27461602,3125234,Manhattan,Little Italy,40.71946,-73.99616,Entire home/apt,513,2,29,1,1,7
27464651,97170205,Manhattan,Upper West Side,40.78952,-73.96798,Entire home/apt,66,30,9,1,0,0
27263672,26302195,Brooklyn,Williamsburg,40.70651,-73.926,Private room,65,30,2,1,0,0
27264926,158181451,Queens,Flushing,40.75012,-73.82915,Private room,38,30,1,8,0,0
27466647,6485,Brooklyn,Bedford-Stuyvesant,40.68137,-73.93262,Entire home/apt,180,5,8,1,119,3
27584957,207777872,Brooklyn,East Flatbush,40.65224,-73.91804,Private room,70,30,2,3,172,0
27585318,204704622,Queens,Elmhurst,40.73877,-73.87713,Private room,50,30,9,157,0,4
27585912,207777872,Brooklyn,East Flatbush,40.65218,-73.91817,Private room,60,30,4,3,172,0
27593335,6067124,Brooklyn,Carroll Gardens,40.68333,-73.9909,Entire home/apt,150,6,4,1,0,0
27598707,164291123,Manhattan,Flatiron District,40.7403,-73.98599,Hotel room,400,1,261,5,351,41
27600437,7245581,Manhattan,Chelsea,40.74954,-73.9964,Entire home/apt,105,180,7,19,10,2
27602987,24909331,Brooklyn,Greenpoint,40.73423,-73.95624,Private room,69,30,0,1,55,0
27603561,1864338,Brooklyn,Crown Heights,40.67115,-73.93545,Entire home/apt,125,30,5,1,93,0
27604639,5466113,Manhattan,Washington Heights,40.85303,-73.92897,Entire home/apt,75,30,69,1,0,0
27467940,207000645,Manhattan,Lower East Side,40.72265,-73.98955,Private room,300,2,9,1,356,5
27606552,521819,Brooklyn,Williamsburg,40.71224,-73.93976,Entire home/apt,192,31,25,1,95,2
27266217,167422704,Bronx,Edenwald,40.8832,-73.84352,Private room,225,30,0,1,0,0
27273414,158181451,Queens,Flushing,40.74858,-73.82934,Private room,38,30,0,8,0,0
27278546,34745760,Manhattan,Upper West Side,40.77601,-73.98028,Entire home/apt,170,30,11,1,0,0
27278924,136273956,Manhattan,Greenwich Village,40.72932,-73.99989,Private room,1550,30,0,1,0,0
27468927,206778021,Manhattan,Harlem,40.8243,-73.95547,Private room,79,20,123,7,31,31
27279139,3662122,Brooklyn,Bushwick,40.70758,-73.92234,Entire home/apt,250,5,28,2,0,3
27287501,205564408,Manhattan,East Village,40.72706,-73.97759,Private room,60,30,5,1,0,0
27290448,158181451,Queens,Flushing,40.74983,-73.82738,Private room,38,30,3,8,0,1
27606720,16356851,Brooklyn,Greenpoint,40.73316,-73.95692,Private room,200,5,25,1,72,12
27608063,6388234,Queens,Forest Hills,40.71901,-73.84461,Private room,120,30,0,1,53,0
27470574,35328956,Brooklyn,Bedford-Stuyvesant,40.69045,-73.95904,Private room,40,2,2,1,0,0
27470676,56283770,Manhattan,Upper East Side,40.76418,-73.96742,Entire home/apt,119,30,3,5,20,3
27477710,157337532,Queens,College Point,40.77873,-73.84257,Entire home/apt,181,2,196,4,77,43
27609132,207213839,Brooklyn,Sunset Park,40.64138,-74.01831,Entire home/apt,110,30,0,1,0,0
27609355,30532557,Brooklyn,Bedford-Stuyvesant,40.68987,-73.92695,Private room,38,30,1,26,200,0
27609929,27808478,Manhattan,West Village,40.7339,-74.00713,Entire home/apt,152,5,4,1,0,4
27291497,194684765,Brooklyn,Bedford-Stuyvesant,40.68762,-73.94259,Entire home/apt,365,30,71,1,11,20
27292217,57724903,Manhattan,Theater District,40.76044,-73.98221,Entire home/apt,120,30,0,1,0,0
27295492,203982404,Manhattan,East Harlem,40.80732,-73.94025,Private room,100,30,69,6,64,0
27299275,158181451,Queens,Flushing,40.74857,-73.82952,Private room,45,30,0,8,0,0
27301758,205684793,Queens,Woodhaven,40.69097,-73.84858,Entire home/apt,135,30,1,2,0,0
27308432,14297465,Brooklyn,Crown Heights,40.6732,-73.95531,Entire home/apt,139,30,73,1,67,5
27312147,200239515,Queens,Woodside,40.74644,-73.89335,Private room,37,30,5,158,45,1
27480436,52676179,Manhattan,Hell's Kitchen,40.76164,-73.9996,Entire home/apt,185,30,2,1,0,0
27312914,205745676,Queens,Flushing,40.75951,-73.82139,Private room,91,1,145,9,320,76
27610245,59765638,Queens,Douglaston,40.76741,-73.74617,Entire home/apt,130,5,54,1,110,11
27482124,20398684,Manhattan,Midtown,40.75278,-73.97219,Entire home/apt,140,30,6,1,0,0
27610367,85202871,Queens,Rosedale,40.65272,-73.72614,Entire home/apt,109,2,14,2,271,10
27612876,205745676,Queens,Flushing,40.75922,-73.81958,Private room,98,2,89,9,355,36
27314650,205745676,Queens,Flushing,40.7577,-73.81925,Private room,98,1,129,9,312,50
27326744,25459,Manhattan,Harlem,40.82639,-73.93917,Private room,75,2,65,1,96,15
27328415,17866326,Brooklyn,Bushwick,40.68489,-73.90786,Private room,80,30,3,2,0,0
27329048,137358866,Queens,Woodside,40.74378,-73.91098,Private room,75,30,5,111,156,1
27329928,137358866,Queens,Woodside,40.74654,-73.90825,Private room,89,30,12,111,310,4
27482592,52644225,Queens,Sunnyside,40.74185,-73.92569,Entire home/apt,85,30,3,1,0,0
27483961,2822805,Brooklyn,Bedford-Stuyvesant,40.68628,-73.95076,Private room,80,30,5,10,341,2
27489188,27336207,Manhattan,Kips Bay,40.73712,-73.97885,Entire home/apt,175,30,6,2,0,0
27489247,12841127,Manhattan,East Harlem,40.79146,-73.94839,Entire home/apt,100,90,8,1,0,0
27620424,112963302,Queens,Jamaica Estates,40.71261,-73.78967,Entire home/apt,150,30,33,1,178,0
27623260,17898332,Manhattan,East Harlem,40.78705,-73.9505,Entire home/apt,150,4,7,1,0,0
27623360,95642648,Manhattan,Upper East Side,40.77713,-73.95348,Entire home/apt,101,30,3,1,0,0
27624539,46935284,Manhattan,Gramercy,40.73809,-73.98812,Entire home/apt,400,30,2,1,0,0
27491393,207195903,Brooklyn,Bay Ridge,40.62747,-74.02212,Private room,100,1,79,5,9,24
27332332,205952285,Brooklyn,Bedford-Stuyvesant,40.68692,-73.94952,Private room,85,2,72,1,79,15
27491585,193502084,Brooklyn,Borough Park,40.6385,-74.0022,Private room,45,30,8,8,0,0
27498398,194047658,Manhattan,East Harlem,40.80764,-73.94039,Entire home/apt,406,5,85,1,241,36
27333008,18884557,Manhattan,West Village,40.73565,-74.0052,Entire home/apt,150,45,5,1,100,0
27333579,205969507,Manhattan,Chelsea,40.75151,-74.00158,Private room,100,30,5,1,0,0
27334148,205684793,Queens,Woodhaven,40.68926,-73.84916,Entire home/apt,135,30,4,2,0,0
27336179,30585124,Bronx,Longwood,40.81856,-73.90617,Private room,50,30,20,3,122,4
27627627,3250725,Manhattan,SoHo,40.72062,-74.00282,Entire home/apt,1250,4,18,1,143,5
27628195,144699715,Brooklyn,Bedford-Stuyvesant,40.69382,-73.95294,Entire home/apt,63,30,1,1,0,0
27499097,185889529,Queens,St. Albans,40.70602,-73.75861,Private room,65,3,145,4,358,28
27501755,557166,Manhattan,Upper West Side,40.79486,-73.97424,Entire home/apt,125,30,2,1,0,0
27503062,5810195,Manhattan,Inwood,40.86337,-73.92705,Private room,49,7,20,1,250,18
27504048,63199008,Queens,Woodside,40.74418,-73.89154,Private room,39,30,1,1,0,0
27338033,206009618,Brooklyn,Bushwick,40.69875,-73.93016,Private room,61,30,39,1,0,0
27506090,140312311,Manhattan,Hell's Kitchen,40.75533,-73.99602,Private room,90,30,0,1,0,0
27506095,38635971,Brooklyn,Bedford-Stuyvesant,40.68247,-73.92757,Private room,60,30,4,1,0,0
27628754,68907781,Queens,Astoria,40.76865,-73.92744,Entire home/apt,160,5,13,2,0,1
27635012,26825592,Manhattan,East Village,40.72914,-73.98174,Entire home/apt,140,30,30,1,0,0
27637065,13462855,Brooklyn,Bedford-Stuyvesant,40.67992,-73.93789,Entire home/apt,244,5,139,3,217,51
27653304,46176891,Brooklyn,Williamsburg,40.70585,-73.92807,Entire home/apt,160,30,0,1,0,0
27654819,44140036,Brooklyn,East Flatbush,40.65103,-73.93378,Private room,70,2,0,2,365,0
27657926,21785798,Manhattan,Harlem,40.81491,-73.94128,Entire home/apt,176,30,2,1,0,0
27658203,195517789,Brooklyn,Sunset Park,40.6524,-74.00387,Private room,75,2,114,2,105,39
27662837,205745676,Queens,Flushing,40.75954,-73.81981,Private room,91,2,71,9,351,30
27506113,41950627,Manhattan,Harlem,40.82126,-73.9491,Entire home/apt,175,30,0,1,0,0
27506443,52190465,Brooklyn,Bushwick,40.70474,-73.91575,Entire home/apt,100,30,1,1,0,0
27507561,6344971,Manhattan,Chelsea,40.74461,-73.99618,Entire home/apt,175,30,9,1,0,0
27508803,11381575,Brooklyn,Williamsburg,40.70686,-73.92658,Private room,65,3,8,1,0,0
27509562,207418547,Brooklyn,Brownsville,40.6584,-73.90449,Private room,50,30,9,1,57,0
27338569,59880594,Manhattan,East Harlem,40.79848,-73.94188,Private room,146,3,45,1,125,13
27509983,6146050,Brooklyn,Williamsburg,40.71391,-73.96034,Private room,101,30,0,2,0,0
27517686,3116204,Brooklyn,Bedford-Stuyvesant,40.68379928027718,-73.93959267616835,Entire home/apt,190,6,47,1,113,1
27672277,208856601,Brooklyn,Bay Ridge,40.63378,-74.02085,Entire home/apt,350,3,12,1,146,2
27518599,207523208,Manhattan,East Village,40.73148,-73.98309,Entire home/apt,200,31,114,1,246,22
27674973,86574608,Queens,Woodside,40.7444,-73.90805,Private room,30,30,3,1,0,0
27675173,18763685,Manhattan,East Village,40.73116,-73.98844,Entire home/apt,220,30,11,1,0,0
27676268,205745676,Queens,Flushing,40.75898,-73.82139,Private room,98,2,131,9,351,42
27678012,56546581,Brooklyn,Williamsburg,40.7209,-73.95972,Private room,66,30,2,1,0,0
27678632,87093714,Manhattan,Morningside Heights,40.80526,-73.96658,Entire home/apt,65,30,1,1,0,0
27681714,208946050,Queens,Jamaica,40.69737,-73.78869,Entire home/apt,62,30,68,1,0,0
27341015,133298502,Queens,Ozone Park,40.68295,-73.85432,Private room,90,1,5,1,362,3
27343189,204036615,Bronx,Allerton,40.8693,-73.85644,Entire home/apt,92,4,112,1,121,23
27357537,28380119,Brooklyn,Williamsburg,40.71104,-73.96892,Entire home/apt,250,30,5,1,0,0
27359696,47782497,Brooklyn,East New York,40.66963,-73.87714,Private room,99,30,44,5,313,12
27359897,47782497,Brooklyn,East New York,40.66974,-73.87707,Private room,62,30,66,5,351,17
27361377,19805631,Manhattan,Hell's Kitchen,40.75941,-73.99837,Private room,139,30,0,4,87,0
27361805,3508047,Brooklyn,Bushwick,40.69991,-73.92511,Private room,45,30,2,2,0,0
27362309,14621589,Brooklyn,Bedford-Stuyvesant,40.69979,-73.94469,Private room,26,400,0,1,89,0
27362417,13639385,Brooklyn,Crown Heights,40.67707,-73.9395,Private room,125,30,0,3,179,0
27369599,45241930,Manhattan,Murray Hill,40.74427,-73.97149,Entire home/apt,2000,30,8,3,363,0
27519196,50909051,Queens,Bayside,40.76753,-73.76249,Entire home/apt,95,30,16,1,139,0
27682112,22733486,Manhattan,Upper East Side,40.78077,-73.95357,Private room,374,2,4,5,81,0
27521122,203610908,Manhattan,Washington Heights,40.85039,-73.94112,Private room,44,30,2,1,0,0
27684910,85113502,Queens,St. Albans,40.70462,-73.77069,Entire home/apt,110,30,0,1,0,0
27686998,137358866,Queens,Woodside,40.74138,-73.8921,Private room,59,30,5,111,341,3
27693410,36425865,Brooklyn,Bushwick,40.69453,-73.93008,Private room,84,2,108,1,41,39
27693532,1423082,Manhattan,Lower East Side,40.72187,-73.99331,Entire home/apt,195,5,40,1,0,4
27371581,201654234,Queens,Rockaway Beach,40.58866,-73.81553,Entire home/apt,315,2,89,1,259,32
27373231,196557649,Queens,Edgemere,40.59643,-73.76932,Entire home/apt,250,1,96,2,354,15
27523631,34992043,Queens,Flushing,40.73859,-73.8292,Private room,55,1,21,2,1,0
27526504,207573589,Queens,Astoria,40.77042,-73.92613,Entire home/apt,75,1,26,1,0,0
27375052,206313609,Brooklyn,Bensonhurst,40.60515,-73.99818,Entire home/apt,166,4,99,2,161,31
27389647,119531605,Manhattan,Upper West Side,40.77482,-73.9904,Private room,99,30,7,1,0,0
27696888,6187527,Brooklyn,Park Slope,40.67809,-73.98157,Entire home/apt,150,30,3,1,257,0
27697284,875439,Queens,Jackson Heights,40.75141,-73.8804,Entire home/apt,192,3,120,1,31,41
27697402,21020951,Brooklyn,Bedford-Stuyvesant,40.69448,-73.93722,Private room,96,2,13,4,342,9
27699052,8855004,Brooklyn,Bedford-Stuyvesant,40.68853,-73.95212,Private room,60,30,1,1,0,0
27700366,89332421,Manhattan,Kips Bay,40.74465,-73.97783,Entire home/apt,149,30,4,1,0,0
27527118,1911615,Manhattan,Chelsea,40.74751,-74.00395,Private room,77,30,4,2,0,0
27527506,204704622,Queens,Woodside,40.74783,-73.89976,Private room,39,30,2,157,0,0
27527902,101144679,Brooklyn,Bushwick,40.69498,-73.92258,Entire home/apt,112,5,107,1,16,30
27528267,17518954,Brooklyn,Bedford-Stuyvesant,40.68914,-73.93234,Private room,89,2,81,1,1,0
27700747,145245549,Staten Island,New Dorp Beach,40.56614,-74.10312,Private room,65,3,36,1,163,6
27393151,143084679,Queens,Flushing,40.74628,-73.83513,Private room,30,30,4,2,0,0
27394897,206313609,Brooklyn,Bensonhurst,40.60735,-73.99923,Entire home/apt,156,4,41,2,161,6
27395171,205745676,Queens,Flushing,40.7593,-73.8199,Private room,91,2,85,9,345,40
27398972,2685910,Brooklyn,Bedford-Stuyvesant,40.68823,-73.95677,Private room,100,30,0,1,0,0
27528305,7985095,Manhattan,Hell's Kitchen,40.76397,-73.98833,Entire home/apt,345,9,107,3,125,4
27528620,193502084,Brooklyn,Borough Park,40.63846,-74.00323,Private room,45,30,8,8,0,0
27528935,193502084,Brooklyn,Borough Park,40.63851,-74.00231,Private room,40,30,12,8,0,0
27529129,193502084,Brooklyn,Borough Park,40.63835,-74.00202,Private room,40,30,9,8,0,0
27529325,193502084,Brooklyn,Borough Park,40.63862,-74.00353,Private room,40,30,11,8,0,0
27529655,205745676,Queens,Flushing,40.75792,-73.8193,Private room,98,1,73,9,353,5
27538237,7136700,Brooklyn,Crown Heights,40.67103,-73.94604,Entire home/apt,107,3,111,2,0,5
27540102,206972453,Manhattan,Nolita,40.72166,-73.99554,Entire home/apt,250,30,17,1,0,0
27401585,2420988,Queens,Ridgewood,40.7065,-73.8989,Entire home/apt,90,14,3,1,120,0
27703016,157209452,Manhattan,Nolita,40.72052,-73.99548,Private room,175,30,9,1,0,0
27542205,5159449,Brooklyn,Greenpoint,40.72631,-73.95375,Entire home/apt,154,30,41,2,0,0
27542642,207777872,Brooklyn,East Flatbush,40.65233,-73.91676,Entire home/apt,130,180,54,3,352,0
27544905,2775685,Brooklyn,Greenpoint,40.72139,-73.942,Entire home/apt,120,7,15,1,0,0
27551715,14049772,Brooklyn,Dyker Heights,40.61792,-74.00731,Entire home/apt,160,30,24,1,285,2
27405246,34755288,Bronx,Longwood,40.81933,-73.89993,Entire home/apt,82,30,0,1,0,0
27784070,173362161,Brooklyn,Flatbush,40.64435,-73.96865,Private room,68,3,108,5,44,34
27784542,2248626,Brooklyn,Columbia St,40.68374,-74.0028,Entire home/apt,221,7,18,1,0,0
27785672,3635302,Brooklyn,Bushwick,40.70351,-73.91852,Entire home/apt,300,7,27,1,0,0
27552868,21963202,Queens,Jamaica Estates,40.71888,-73.78828,Entire home/apt,357,1,1,2,98,0
27557992,3662122,Brooklyn,Bushwick,40.7075,-73.92257,Private room,69,3,36,2,0,19
27567414,13322259,Brooklyn,Prospect Heights,40.68292,-73.97511,Entire home/apt,125,30,0,1,0,0
27569729,245881,Manhattan,Harlem,40.80408,-73.95311,Private room,94,3,47,1,12,31
27788826,11376647,Manhattan,Upper East Side,40.76785,-73.95344,Entire home/apt,123,30,3,1,0,0
27795695,24589216,Brooklyn,Williamsburg,40.70786,-73.96191,Entire home/apt,150,30,13,2,0,0
27807509,209979150,Brooklyn,Crown Heights,40.67086,-73.92105,Entire home/apt,75,30,102,1,0,0
27807645,1192672,Brooklyn,Williamsburg,40.71633,-73.94,Private room,60,30,1,3,0,0
27809602,30209683,Manhattan,Upper East Side,40.77927,-73.95195,Entire home/apt,175,30,1,1,0,0
27703666,27610676,Queens,Bayside,40.7623,-73.77426,Entire home/apt,129,30,50,2,327,4
27703756,32126880,Queens,Laurelton,40.67388,-73.74679,Entire home/apt,250,4,9,1,359,2
27705293,12104046,Manhattan,Harlem,40.829,-73.93897,Entire home/apt,125,3,116,2,117,43
27706737,106763705,Brooklyn,Bedford-Stuyvesant,40.68176,-73.94784,Private room,130,30,0,1,89,0
27569888,146660704,Manhattan,Washington Heights,40.85167,-73.9371,Private room,113,7,59,1,133,13
27710264,209202426,Brooklyn,Bushwick,40.70112,-73.93734,Entire home/apt,80,30,5,1,0,0
27712922,69476664,Brooklyn,Bay Ridge,40.63745,-74.02606,Entire home/apt,180,2,86,1,225,26
27811797,15197291,Brooklyn,Bedford-Stuyvesant,40.68567,-73.92404,Entire home/apt,252,2,11,1,246,11
27823763,10017420,Brooklyn,Cobble Hill,40.68644,-73.99917,Entire home/apt,350,3,113,1,197,53
27827110,141400974,Manhattan,Harlem,40.8084,-73.94479,Private room,39,30,5,1,0,0
27570074,1898675,Brooklyn,Prospect-Lefferts Gardens,40.6626,-73.95608,Entire home/apt,295,4,129,1,244,40
27714862,5354200,Brooklyn,Bedford-Stuyvesant,40.68767,-73.93675,Entire home/apt,215,1,388,1,306,116
27570295,61391963,Manhattan,Kips Bay,40.74003,-73.97957,Entire home/apt,150,30,10,116,311,1
27570485,61391963,Manhattan,Upper West Side,40.7854,-73.97465,Entire home/apt,175,30,9,116,250,2
27574050,3313681,Manhattan,Upper West Side,40.78679,-73.97273,Entire home/apt,400,7,6,1,0,0
27576958,70089330,Manhattan,Hell's Kitchen,40.76613,-73.98873,Entire home/apt,250,5,2,1,0,2
27578298,506194,Manhattan,Kips Bay,40.73924,-73.9836,Entire home/apt,234,4,13,1,0,2
27579255,16725437,Brooklyn,Bushwick,40.70433,-73.91699,Private room,79,5,14,2,0,0
27579698,100238132,Manhattan,Midtown,40.75151,-73.97154,Entire home/apt,353,5,7,12,0,0
27579796,169567256,Staten Island,Tompkinsville,40.63204,-74.09195,Private room,90,2,1,1,0,0
27829177,210147522,Brooklyn,Dyker Heights,40.63058,-74.01451,Private room,99,1,17,1,346,11
28021392,211212649,Queens,St. Albans,40.69486,-73.77415,Private room,60,30,1,1,0,0
27831402,110674731,Brooklyn,Williamsburg,40.71094,-73.94576,Private room,80,30,2,1,0,0
27831763,25308624,Brooklyn,Bedford-Stuyvesant,40.68155,-73.93504,Entire home/apt,89,30,1,3,90,1
28031322,196770644,Staten Island,Stapleton,40.63652,-74.07553,Entire home/apt,181,2,116,2,265,33
27835546,143952234,Brooklyn,Crown Heights,40.67197,-73.94434,Entire home/apt,75,30,5,1,0,0
27836864,45155504,Queens,St. Albans,40.69825,-73.74865,Entire home/apt,147,2,72,1,354,26
27722209,209291543,Manhattan,Midtown,40.75314,-73.9716,Private room,743,3,5,1,243,2
28032779,32092125,Queens,Springfield Gardens,40.66251,-73.74994,Private room,113,2,57,1,87,2
27724217,209306758,Bronx,Edenwald,40.87941,-73.84292,Private room,58,30,18,2,250,4
28033814,199203455,Queens,Ridgewood,40.70395,-73.91051,Private room,76,30,3,1,0,0
27839683,210218941,Queens,Woodhaven,40.69634,-73.84872,Entire home/apt,51,30,3,1,0,0
27840206,46595030,Queens,Maspeth,40.71967,-73.91307,Private room,70,30,2,1,0,0
28041818,206714649,Queens,South Ozone Park,40.67286,-73.79686,Private room,55,2,184,3,62,31
28042014,206714649,Queens,South Ozone Park,40.67194,-73.79526,Private room,55,30,132,3,87,0
28042224,211821054,Manhattan,Hell's Kitchen,40.765057,-73.989037,Private room,190,4,60,1,2,32
27850382,32866463,Brooklyn,Bay Ridge,40.63339,-74.0182,Entire home/apt,134,1,157,1,109,55
27854483,5130514,Queens,Elmhurst,40.73325,-73.87611,Entire home/apt,349,30,3,1,0,0
27728230,37163418,Queens,Long Island City,40.76077402425643,-73.92808577290131,Private room,71,3,1,1,344,1
27730757,7087709,Brooklyn,Boerum Hill,40.68918,-73.98771,Entire home/apt,250,30,47,1,0,0
27731269,172113555,Brooklyn,Bedford-Stuyvesant,40.68579,-73.94151,Entire home/apt,159,5,117,2,203,37
28045230,133792790,Manhattan,Upper West Side,40.7786,-73.97959,Entire home/apt,150,1,103,1,214,0
27732746,125177157,Manhattan,West Village,40.73421,-74.00119,Entire home/apt,190,2,0,1,0,0
27733195,35662746,Manhattan,Harlem,40.82401,-73.94613,Private room,60,30,7,1,0,0
27866657,101498908,Brooklyn,East Flatbush,40.65062,-73.95227,Private room,60,1,203,2,21,76
27871248,106063627,Brooklyn,Park Slope,40.68133,-73.98027,Entire home/apt,130,120,0,1,0,0
27874237,42273,Brooklyn,South Slope,40.66807,-73.98729,Entire home/apt,150,31,3,3,1,0
27875571,2141626,Brooklyn,Williamsburg,40.71341,-73.96064,Entire home/apt,350,4,12,1,2,10
28046416,193502084,Brooklyn,Borough Park,40.64049,-74.00199,Private room,45,30,7,8,0,0
28047046,16204937,Manhattan,West Village,40.73836,-74.00293,Entire home/apt,200,90,11,1,16,0
27875757,210578372,Brooklyn,Carroll Gardens,40.68291,-73.99284,Entire home/apt,150,9,10,1,11,1
27876238,75287595,Brooklyn,Park Slope,40.67866,-73.97586,Private room,69,30,13,1,0,0
27876346,4336107,Brooklyn,Crown Heights,40.67226,-73.95483,Private room,200,30,10,1,0,0
28049432,144687306,Brooklyn,Prospect-Lefferts Gardens,40.65732,-73.95285,Entire home/apt,150,2,81,5,218,0
28049456,8179150,Brooklyn,Williamsburg,40.71178,-73.94233,Private room,90,31,0,1,0,0
28050441,211893857,Brooklyn,East Flatbush,40.65922,-73.92051,Entire home/apt,105,2,112,1,123,22
27734596,209395806,Manhattan,SoHo,40.72306,-73.99689,Entire home/apt,350,30,1,1,179,1
27736140,209406241,Queens,Forest Hills,40.716,-73.8568,Entire home/apt,300,30,0,1,0,0
28050688,45000778,Brooklyn,Bushwick,40.70474,-73.92784,Private room,75,30,7,1,0,0
27746387,27780735,Brooklyn,Bushwick,40.69854,-73.9303,Entire home/apt,200,30,2,1,0,0
27891791,205188960,Brooklyn,East Flatbush,40.65106,-73.92469,Entire home/apt,134,3,52,1,153,17
27893211,6842719,Brooklyn,Williamsburg,40.71627,-73.94013,Entire home/apt,197,30,4,1,120,0
27903031,7580102,Manhattan,Midtown,40.76465,-73.98174,Private room,304,2,5,3,31,0
28053065,211682646,Queens,Astoria,40.77273,-73.92838,Private room,60,1,141,2,111,64
27905233,97976772,Brooklyn,Greenpoint,40.72302,-73.94778,Private room,80,30,0,1,0,0
27906043,8441265,Queens,Ridgewood,40.70639,-73.91171,Private room,55,30,3,2,0,0
27906346,27071572,Manhattan,Upper West Side,40.79278,-73.97445,Entire home/apt,140,30,4,1,0,0
27906875,1358304,Manhattan,Hell's Kitchen,40.76488,-73.99076,Entire home/apt,350,60,0,1,177,0
27909345,20843936,Bronx,Mott Haven,40.80971,-73.92542,Private room,145,3,29,2,280,12
27754773,209549523,Manhattan,Midtown,40.7476,-73.98491,Private room,150,30,62,3,0,0
27756639,209306758,Bronx,Baychester,40.87751,-73.84343,Private room,55,30,23,2,287,3
27758562,209549523,Manhattan,Midtown,40.74755,-73.9828,Private room,135,30,79,3,0,0
27759146,209549523,Manhattan,Midtown,40.74726,-73.98492,Shared room,62,30,122,3,0,0
27763793,15485954,Manhattan,Hell's Kitchen,40.76298,-73.99315,Entire home/apt,85,30,29,1,0,0
28053907,10043726,Manhattan,Lower East Side,40.72202,-73.9867,Entire home/apt,175,30,33,1,0,0
28055277,24614094,Brooklyn,Bedford-Stuyvesant,40.68886,-73.94479,Private room,61,1,103,2,328,20
27773847,129263359,Manhattan,Hell's Kitchen,40.7635,-73.99055,Entire home/apt,289,30,2,2,0,0
27774740,60928518,Brooklyn,Carroll Gardens,40.67765,-74.00127,Entire home/apt,257,2,136,1,2,45
27776926,43044876,Queens,Sunnyside,40.73809,-73.92769,Private room,25,31,4,5,0,0
27779367,5744362,Brooklyn,Park Slope,40.67949,-73.98062,Private room,60,30,2,1,0,0
27910595,210843289,Staten Island,Mariners Harbor,40.63206,-74.15362,Private room,96,2,206,1,82,33
27911463,23370431,Queens,Hollis,40.71663,-73.75731,Private room,50,30,19,2,0,0
27919104,219313,Manhattan,Harlem,40.8099,-73.94421,Entire home/apt,163,30,25,1,137,5
27920036,32604201,Queens,Long Island City,40.75054,-73.93619,Entire home/apt,125,30,4,1,0,0
28063951,55293300,Manhattan,Midtown,40.76537,-73.98199,Entire home/apt,147,7,0,1,15,0
27922561,176415826,Manhattan,Hell's Kitchen,40.76117,-73.99376,Shared room,50,30,32,1,0,0
27923071,137358866,Manhattan,Harlem,40.81253,-73.94372,Private room,67,30,11,111,353,3
27923577,20912691,Queens,Jamaica,40.71094,-73.78254,Entire home/apt,644,3,79,5,136,26
27924639,11305944,Bronx,Williamsbridge,40.86971,-73.85816,Entire home/apt,175,30,5,4,0,0
27925378,31296185,Brooklyn,Williamsburg,40.71271,-73.96198,Entire home/apt,259,2,51,1,69,28
27781833,134170699,Queens,Elmhurst,40.73745,-73.87925,Private room,72,3,36,2,149,2
27783586,20448671,Brooklyn,Williamsburg,40.70957,-73.94176,Private room,79,2,152,1,71,71
28067870,135580412,Brooklyn,Bedford-Stuyvesant,40.69172,-73.94304,Private room,50,30,0,1,0,0
28070872,212047415,Queens,East Elmhurst,40.75863,-73.86342,Private room,650,31,0,1,0,0
28075828,117354500,Manhattan,Flatiron District,40.74043,-73.98528,Private room,2500,30,6,1,177,0
28197084,34590955,Manhattan,Washington Heights,40.853,-73.9361,Entire home/apt,180,30,5,1,0,0
27926695,209242667,Manhattan,Upper West Side,40.78375,-73.97347,Entire home/apt,400,7,5,1,43,5
28076544,1494472,Brooklyn,Navy Yard,40.69862,-73.97398,Entire home/apt,325,30,1,5,195,0
28078505,122849679,Brooklyn,Sheepshead Bay,40.58933,-73.9561,Private room,60,30,2,1,0,0
27928809,183400278,Brooklyn,Williamsburg,40.71119,-73.94634,Entire home/apt,303,3,13,1,90,0
27933214,138086216,Brooklyn,Bergen Beach,40.62223,-73.90559,Entire home/apt,150,2,149,5,61,29
28200288,211549023,Manhattan,Midtown,40.74707,-73.98785,Entire home/apt,304,2,51,16,292,9
28081224,33906660,Manhattan,Harlem,40.82232,-73.94303,Private room,91,2,32,2,334,17
27933429,35335572,Brooklyn,Williamsburg,40.71668,-73.9573,Entire home/apt,110,30,5,1,91,1
27933916,204704622,Queens,Woodside,40.7413,-73.89735,Private room,37,30,4,157,0,1
28081782,205745676,Queens,Flushing,40.75874,-73.82131,Private room,98,1,113,9,334,58
28082095,135412962,Bronx,Mott Haven,40.80656,-73.91654,Entire home/apt,178,1,111,1,192,30
27935275,211024051,Brooklyn,Crown Heights,40.67155,-73.95016,Entire home/apt,450,31,42,1,294,0
27935369,2510754,Brooklyn,Crown Heights,40.67636,-73.94048,Private room,44,20,2,1,0,0
28201587,73048575,Manhattan,Hell's Kitchen,40.7629765,-73.98805759999999,Shared room,79,30,0,1,342,0
28202752,156505456,Brooklyn,East New York,40.66265,-73.88857,Private room,59,3,24,32,73,8
28202825,213014559,Queens,East Elmhurst,40.768,-73.87898,Entire home/apt,146,30,96,2,0,0
28206135,203266238,Bronx,Morris Park,40.85322,-73.85232,Private room,55,15,18,6,34,3
28208166,30045574,Manhattan,Upper West Side,40.77675,-73.98136,Entire home/apt,135,30,7,5,278,2
28216267,11543355,Manhattan,Hell's Kitchen,40.76002,-73.99708,Entire home/apt,250,30,0,1,0,0
28082234,33432369,Brooklyn,Bedford-Stuyvesant,40.69526,-73.93564,Private room,90,30,1,2,0,0
28084157,205745676,Queens,Flushing,40.75909,-73.82141,Private room,98,1,137,9,349,42
28085121,212147885,Staten Island,Tompkinsville,40.63629,-74.07918,Entire home/apt,99,7,5,4,69,0
27936288,211034625,Manhattan,Two Bridges,40.71198,-73.99656,Entire home/apt,155,30,30,1,0,0
27941636,211069875,Brooklyn,Borough Park,40.6448,-73.99437,Private room,70,30,0,1,0,0
28089652,23156390,Brooklyn,Williamsburg,40.71115,-73.95702,Entire home/apt,201,30,30,4,31,10
28096425,155702726,Brooklyn,Crown Heights,40.67377,-73.94034,Entire home/apt,97,30,5,1,136,0
27949503,52310314,Manhattan,Midtown,40.74861,-73.98237,Private room,89,30,14,1,0,0
28100131,212262028,Brooklyn,Fort Greene,40.69028027060466,-73.9782959698127,Entire home/apt,325,30,54,2,291,6
28217921,9130040,Brooklyn,East Flatbush,40.66256,-73.93451,Private room,159,1,9,6,365,3
28219460,6928558,Brooklyn,Bedford-Stuyvesant,40.68915,-73.95301,Entire home/apt,146,4,132,1,5,29
28100549,9917136,Brooklyn,Bedford-Stuyvesant,40.678,-73.92298,Private room,48,31,4,3,90,2
28101132,44174247,Brooklyn,Clinton Hill,40.69382,-73.96254,Entire home/apt,119,30,3,1,0,0
28220182,35387196,Brooklyn,Prospect-Lefferts Gardens,40.6613,-73.95365,Entire home/apt,110,7,12,1,216,5
27952742,211136294,Bronx,Schuylerville,40.83603,-73.83328,Private room,75,1,82,6,343,33
28102752,14909147,Brooklyn,Bushwick,40.69583,-73.92958,Private room,36,30,14,1,0,0
28105430,48167507,Queens,Jackson Heights,40.74852,-73.89162,Private room,200,30,3,1,0,0
28108773,212332349,Manhattan,Upper West Side,40.78061,-73.97527,Entire home/apt,150,30,3,1,187,1
27955820,58905707,Manhattan,Hell's Kitchen,40.76304,-74.00097,Entire home/apt,204,30,14,1,0,0
27956689,71149842,Manhattan,East Village,40.72891,-73.9777,Private room,75,30,6,2,0,0
27958130,25710035,Brooklyn,Bushwick,40.69779,-73.92212,Private room,38,28,1,1,0,0
28221379,183604908,Brooklyn,Crown Heights,40.66946,-73.92865,Private room,74,2,65,2,145,15
28221653,160611440,Manhattan,Upper West Side,40.7972,-73.97016,Private room,99,30,11,1,0,0
28109059,103411445,Brooklyn,Crown Heights,40.67635,-73.94533,Private room,70,2,48,1,1,9
28223260,15717497,Manhattan,Upper West Side,40.77001,-73.98355,Entire home/apt,179,30,0,1,0,0
28223771,213181307,Queens,Middle Village,40.70642,-73.88141,Entire home/apt,127,60,22,2,155,22
27960021,167636238,Brooklyn,Cypress Hills,40.67992,-73.88301,Private room,125,2,15,3,358,8
28121595,301836,Staten Island,Midland Beach,40.57552,-74.09086,Entire home/apt,187,3,15,1,150,10
27961870,86892036,Brooklyn,Bushwick,40.70796,-73.92129,Private room,39,3,13,1,0,0
28224871,187148732,Manhattan,Washington Heights,40.83969,-73.93861,Entire home/apt,164,30,8,1,0,0
28230753,6542295,Manhattan,Greenwich Village,40.7279,-74.00154,Private room,69,7,12,2,0,0
28240916,20568490,Manhattan,SoHo,40.72325,-74.0068,Private room,149,30,25,2,0,0
28250925,73640551,Brooklyn,Prospect Heights,40.67859,-73.97183,Private room,55,30,17,2,0,0
28253864,14933692,Queens,Astoria,40.76617,-73.91496,Entire home/apt,105,30,8,1,0,0
28123818,42998647,Manhattan,Hell's Kitchen,40.7592,-73.99125,Private room,109,3,198,2,45,42
28125509,191106696,Manhattan,Upper West Side,40.78919,-73.97602,Private room,111,3,162,1,55,56
28256958,78817833,Brooklyn,Boerum Hill,40.68854,-73.98623,Private room,80,21,0,1,0,0
28270998,647528,Brooklyn,Bedford-Stuyvesant,40.69563,-73.94927,Entire home/apt,130,30,16,1,8,4
27963195,189404055,Queens,Long Island City,40.75267,-73.93123,Private room,60,30,44,1,47,0
27965166,137358866,Queens,Sunnyside,40.73756,-73.92176,Private room,80,30,4,111,339,1
27965586,160927474,Manhattan,Harlem,40.81331,-73.95007,Private room,100,1,3,1,0,0
27965802,154678310,Queens,Elmhurst,40.74096,-73.87153,Private room,30,30,24,1,0,0
28129565,212473045,Brooklyn,Prospect-Lefferts Gardens,40.66142,-73.95158,Private room,77,30,31,1,0,0
27966667,211022699,Brooklyn,Carroll Gardens,40.6792,-73.99297,Entire home/apt,275,3,41,1,112,8
27967580,137358866,Queens,Sunnyside,40.73733,-73.92165,Private room,67,30,8,111,272,3
27967600,137358866,Queens,Sunnyside,40.73901,-73.91975,Private room,70,30,9,111,326,2
27967621,13974626,Staten Island,Randall Manor,40.63607,-74.09631,Entire home/apt,103,2,124,1,286,36
27978240,4290578,Manhattan,Inwood,40.86479,-73.92009,Private room,45,30,13,1,0,0
27981955,203271555,Manhattan,East Harlem,40.79913,-73.93895,Entire home/apt,200,30,8,1,0,0
27982303,70007560,Manhattan,East Harlem,40.79336,-73.94524,Entire home/apt,150,3,8,3,0,0
28272634,8554637,Manhattan,East Village,40.72442,-73.97692,Private room,171,3,62,1,0,0
28277122,82083094,Brooklyn,Canarsie,40.64045,-73.88231,Private room,95,30,2,2,0,0
28129768,10009047,Queens,Astoria,40.76527,-73.9066,Private room,57,30,15,1,0,0
28130502,28992997,Manhattan,Greenwich Village,40.73377,-73.99252,Private room,99,1,106,1,298,44
28277212,184122908,Queens,Flushing,40.76768,-73.82448,Private room,35,30,50,1,64,3
28277480,26045887,Manhattan,Murray Hill,40.74869,-73.9753,Private room,105,30,51,2,0,0
28279502,138770550,Brooklyn,Crown Heights,40.67227,-73.93549,Entire home/apt,300,4,43,3,77,16
28284019,10828579,Manhattan,East Harlem,40.79965,-73.93905,Entire home/apt,125,30,5,2,0,0
27984123,57484031,Brooklyn,Crown Heights,40.66446,-73.92927,Private room,95,30,3,1,0,0
27987152,182989977,Brooklyn,East Flatbush,40.65552,-73.9401,Private room,211,30,7,3,0,0
27988990,211393353,Brooklyn,Prospect Heights,40.677,-73.96608,Entire home/apt,150,30,2,1,0,0
28131065,86622957,Queens,Flushing,40.72666,-73.79265,Private room,80,3,106,1,11,27
28001559,131379802,Queens,Sunnyside,40.74441,-73.92341,Entire home/apt,166,3,151,1,149,30
28004429,57287101,Manhattan,East Village,40.72493,-73.982,Entire home/apt,150,30,5,1,0,0
28131704,30476503,Brooklyn,Bushwick,40.70066,-73.92708,Entire home/apt,65,14,6,1,0,0
28132020,212484716,Manhattan,Midtown,40.75824,-73.96368,Private room,469,1,0,10,77,0
28285760,213615269,Brooklyn,Bedford-Stuyvesant,40.68896,-73.92585,Entire home/apt,201,2,141,1,350,40
28285795,46374641,Brooklyn,Bedford-Stuyvesant,40.68723,-73.94388,Entire home/apt,150,30,7,2,156,1
28132057,212484716,Manhattan,Midtown,40.75697,-73.96508,Private room,2099,1,0,10,73,0
28132121,212484716,Manhattan,Midtown,40.75864,-73.96528,Private room,1309,1,0,10,81,0
28132190,212484716,Manhattan,Tribeca,40.7159,-74.0085,Private room,969,1,0,10,61,0
28132224,212484716,Manhattan,Midtown,40.75729,-73.96349,Private room,259,1,1,10,105,0
28132251,212484716,Manhattan,Midtown,40.757,-73.96424,Private room,299,1,0,10,66,0
28132293,212484716,Manhattan,Midtown,40.75735,-73.96555,Private room,199,1,0,10,87,0
28132314,212484716,Manhattan,Midtown,40.7568,-73.9648,Private room,219,1,1,10,98,0
28133007,66744439,Manhattan,Gramercy,40.73624,-73.99082,Entire home/apt,200,30,0,1,0,0
28286395,36800887,Manhattan,Midtown,40.7662,-73.98279,Private room,85,4,31,1,0,0
28009721,51992385,Manhattan,Washington Heights,40.85263075378556,-73.93500651829162,Private room,106,7,14,1,340,7
28011594,29582232,Brooklyn,Flatbush,40.641239166259766,-73.96507263183594,Private room,93,2,140,5,98,53
28011840,70774951,Queens,East Elmhurst,40.76713,-73.87817,Entire home/apt,125,1,301,3,0,69
28133596,3638277,Manhattan,SoHo,40.72616,-74.00491,Entire home/apt,199,30,19,1,0,0
28133914,137562994,Brooklyn,Bedford-Stuyvesant,40.68109,-73.94972,Private room,85,2,30,1,0,0
28286952,92769975,Manhattan,Upper West Side,40.78886,-73.96855,Entire home/apt,199,30,6,1,0,0
28287653,193296202,Queens,Long Island City,40.74523,-73.95324,Entire home/apt,600,30,5,1,338,0
28135177,22508819,Manhattan,West Village,40.73062,-74.0032,Private room,100,30,4,1,0,0
28290447,213650814,Manhattan,Harlem,40.80637,-73.94267,Entire home/apt,119,5,17,1,0,0
28012756,159757254,Brooklyn,Williamsburg,40.70352,-73.93342,Private room,250,30,0,1,0,0
28136160,17101801,Manhattan,Hell's Kitchen,40.76017,-73.99202,Entire home/apt,105,30,7,1,281,1
28298437,14430349,Brooklyn,Bushwick,40.69596,-73.90791,Private room,75,30,10,1,0,0
28137157,157393936,Queens,Springfield Gardens,40.66986,-73.75155,Private room,70,30,4,2,0,0
28309196,45519906,Brooklyn,Williamsburg,40.70761,-73.95133,Private room,214,30,5,1,90,0
28309641,93339222,Brooklyn,Gowanus,40.67884,-73.99149,Entire home/apt,295,6,1,2,207,1
28137623,157393936,Queens,Springfield Gardens,40.6679,-73.7509,Private room,68,30,3,2,0,0
28138470,42085952,Brooklyn,Flatbush,40.63295,-73.96094,Entire home/apt,125,3,55,1,125,21
28310699,79499558,Queens,Jackson Heights,40.75156,-73.88298,Private room,55,2,113,4,10,35
28012942,211385563,Manhattan,Upper East Side,40.77899,-73.95243,Entire home/apt,220,30,81,1,325,4
28147454,205140335,Brooklyn,Bushwick,40.6887611,-73.9163066,Private room,76,2,5,1,296,5
28312177,213803787,Brooklyn,Crown Heights,40.66743,-73.94282,Entire home/apt,125,1,94,1,47,31
28312557,46594996,Brooklyn,East Flatbush,40.63462,-73.94276,Entire home/apt,98,2,8,1,0,0
28313356,66711185,Brooklyn,Williamsburg,40.70991,-73.94359,Private room,44,30,1,1,0,0
28314565,79499558,Queens,Jackson Heights,40.75179,-73.88517,Private room,55,2,78,4,10,3
28314777,44924379,Queens,Jamaica,40.69934,-73.78676,Private room,62,2,86,3,347,25
28151027,24614094,Brooklyn,Bedford-Stuyvesant,40.68716,-73.94579,Private room,50,1,70,2,325,24
28152851,19303369,Queens,Woodside,40.74409,-73.90479,Private room,43,30,2,175,0,0
28155197,208079253,Brooklyn,Crown Heights,40.67591,-73.93908,Entire home/apt,100,30,79,1,304,6
28316936,80509710,Brooklyn,Williamsburg,40.70822,-73.95101,Private room,49,30,33,1,0,0
28014366,37697640,Brooklyn,Crown Heights,40.67718,-73.95071,Entire home/apt,85,30,5,1,0,0
28014733,137358866,Queens,Sunnyside,40.73879,-73.91973,Private room,65,30,10,111,281,4
28014842,137358866,Manhattan,East Harlem,40.79465,-73.9437,Entire home/apt,113,30,18,111,346,3
28015516,131777975,Brooklyn,Brownsville,40.66549,-73.91764,Private room,60,4,19,4,250,8
28158237,212689019,Brooklyn,Bedford-Stuyvesant,40.68695,-73.92164,Private room,109,3,30,2,30,1
28418722,214424497,Queens,St. Albans,40.7052,-73.76556,Entire home/apt,85,1,44,1,0,0
28426648,214416012,Manhattan,SoHo,40.72294,-74.00084,Entire home/apt,886,3,142,1,191,45
28324221,875830,Manhattan,Midtown,40.75355,-73.97169,Entire home/apt,225,30,24,1,328,4
28329004,213907821,Queens,Rosedale,40.66281,-73.7294,Entire home/apt,177,3,17,1,360,17
28159221,212689019,Brooklyn,Bedford-Stuyvesant,40.68698,-73.91975,Private room,109,3,33,2,30,0
28161643,28408861,Manhattan,East Harlem,40.78878,-73.94722,Private room,59,30,0,1,0,0
28333941,199245226,Brooklyn,Crown Heights,40.67744,-73.94846,Private room,100,30,4,1,0,0
28427324,214141672,Queens,Astoria,40.7655,-73.92776,Private room,120,30,3,1,0,0
28162058,4562182,Manhattan,Harlem,40.81175,-73.94555,Entire home/apt,240,30,32,3,341,3
28164678,212741420,Manhattan,Inwood,40.86222,-73.9286,Entire home/apt,70,30,13,1,0,0
28430186,76232256,Brooklyn,Williamsburg,40.71653,-73.95464,Private room,134,3,60,1,226,25
28430639,66837596,Brooklyn,Williamsburg,40.71873,-73.96205,Private room,203,3,41,3,232,1
28334760,6770631,Brooklyn,Boerum Hill,40.68624,-73.98586,Private room,120,2,140,3,19,48
28165121,47050813,Brooklyn,Flatbush,40.65003,-73.96403,Private room,88,2,95,2,59,31
28177443,19791955,Manhattan,East Village,40.72883,-73.98753,Entire home/apt,189,30,3,1,305,3
28335031,11050667,Manhattan,Chelsea,40.73737,-73.99504,Entire home/apt,185,30,7,1,0,0
28431690,157703622,Manhattan,Lower East Side,40.71774,-73.98931,Entire home/apt,195,30,2,2,0,0
28431924,33749897,Brooklyn,Sunset Park,40.6541,-74.00969,Entire home/apt,400,30,1,1,311,1
28180748,3849776,Manhattan,East Village,40.72762,-73.98601,Entire home/apt,152,30,5,1,6,5
28181243,15529083,Brooklyn,Crown Heights,40.66864,-73.93578,Entire home/apt,170,30,2,1,0,0
28181575,39523758,Brooklyn,Vinegar Hill,40.7026,-73.98155,Entire home/apt,120,21,1,1,0,0
28432725,5309991,Manhattan,East Village,40.73032,-73.98995,Entire home/apt,80,30,1,1,0,0
28339611,25300542,Brooklyn,Williamsburg,40.71167,-73.959,Entire home/apt,140,30,2,1,0,0
28181827,57024509,Brooklyn,Bushwick,40.69506,-73.90788,Entire home/apt,135,4,11,1,0,0
28339747,213111794,Queens,Springfield Gardens,40.66533,-73.75701,Private room,180,30,1,3,0,0
28340136,213111794,Queens,Laurelton,40.67925,-73.74827,Private room,180,30,4,3,0,0
28340434,213111794,Queens,Springfield Gardens,40.6633,-73.75727,Private room,180,30,3,3,0,0
28340606,696141,Manhattan,Financial District,40.70588,-74.0078,Private room,129,30,4,1,0,0
28343300,4492236,Brooklyn,Williamsburg,40.7063,-73.94738,Entire home/apt,150,30,1,2,0,0
28433202,147762665,Bronx,Wakefield,40.88825,-73.85908,Private room,59,1,58,7,364,16
28184001,212160752,Queens,Astoria,40.76902,-73.92191,Private room,68,30,24,1,55,2
28436441,150142253,Queens,Ditmars Steinway,40.76984,-73.91134,Entire home/apt,80,30,7,1,0,0
28437669,3964276,Manhattan,East Village,40.72602,-73.98801,Entire home/apt,285,30,6,1,0,0
28184199,212871974,Brooklyn,Prospect-Lefferts Gardens,40.65985,-73.94791,Private room,100,3,3,1,0,1
28438004,214683117,Manhattan,Harlem,40.81318,-73.95119,Entire home/apt,332,2,2,1,0,0
28438216,214347105,Manhattan,Midtown,40.7534,-73.96617,Entire home/apt,759,3,14,7,360,6
28438408,18007776,Brooklyn,Prospect-Lefferts Gardens,40.65553,-73.95574,Private room,40,3,13,1,0,0
28438751,10164435,Queens,Astoria,40.75708,-73.92599,Private room,64,1,196,5,45,64
28344992,76479685,Manhattan,Washington Heights,40.83495,-73.94018,Entire home/apt,149,30,70,1,246,0
28346019,43044876,Queens,Elmhurst,40.74503,-73.87131,Private room,20,30,2,5,0,0
28346829,143052745,Bronx,Mott Haven,40.80964,-73.92174,Private room,59,1,129,5,227,50
28358001,11026665,Brooklyn,Williamsburg,40.71454,-73.96169,Entire home/apt,400,3,22,1,0,3
28185576,7028737,Queens,Ditmars Steinway,40.77443,-73.91462,Private room,150,30,2,2,365,0
28359897,207808113,Queens,East Elmhurst,40.76017,-73.88227,Entire home/apt,150,30,139,1,34,0
28188131,28840396,Manhattan,East Harlem,40.79841,-73.93463,Private room,86,5,58,1,11,30
28195740,212898110,Brooklyn,Sunset Park,40.66538,-73.99355,Entire home/apt,130,30,17,1,0,0
28450441,56420582,Manhattan,Upper West Side,40.79699,-73.9632,Private room,89,2,44,1,132,10
28196106,1512565,Manhattan,East Harlem,40.78766,-73.95476,Private room,150,30,33,2,38,0
28454118,29452152,Brooklyn,Williamsburg,40.70934,-73.95683,Entire home/apt,140,30,6,1,0,0
28459635,3771945,Brooklyn,Bedford-Stuyvesant,40.69644,-73.93516,Private room,60,30,3,1,0,0
28461316,82736848,Manhattan,Morningside Heights,40.81061,-73.96492,Entire home/apt,250,30,2,1,0,0
28360016,2298141,Queens,Jamaica,40.68072,-73.77932,Entire home/apt,85,30,76,1,0,0
28360654,55718379,Manhattan,Hell's Kitchen,40.76389,-73.98873,Entire home/apt,179,30,0,2,0,0
28361483,214135354,Manhattan,Upper East Side,40.77513,-73.95399,Private room,96,1,31,3,277,11
28660068,216235179,Brooklyn,Bushwick,40.70048,-73.91977,Private room,57,35,2,4,259,1
28663593,216091157,Brooklyn,Williamsburg,40.7214,-73.95391,Entire home/apt,240,30,5,1,0,0
28664899,216277741,Manhattan,Greenwich Village,40.73079,-73.99282,Entire home/apt,200,1,39,1,0,25
28667823,4440548,Brooklyn,Williamsburg,40.71715,-73.94666,Private room,77,3,37,2,184,15
28668546,65511189,Brooklyn,East Flatbush,40.65263,-73.94349,Private room,43,30,18,1,271,0
28462811,214859918,Bronx,Concourse,40.82372,-73.92623,Private room,79,1,162,1,172,47
28670390,26377263,Brooklyn,East Flatbush,40.65247,-73.93629,Private room,65,6,0,53,82,0
28671495,26377263,Brooklyn,East Flatbush,40.65399,-73.93633,Private room,60,6,2,53,231,1
28680576,216375039,Manhattan,East Harlem,40.79346,-73.9344,Private room,87,1,170,2,64,58
28463327,214863971,Brooklyn,Flatlands,40.61973,-73.92633,Private room,35,30,42,2,35,2
28466730,214888995,Bronx,Belmont,40.85431,-73.88679,Private room,71,2,110,1,327,24
28483571,153988027,Queens,Woodside,40.74121,-73.89965,Entire home/apt,230,4,83,6,312,21
28364513,206459807,Brooklyn,Cypress Hills,40.68302,-73.88035,Entire home/apt,119,3,45,1,43,0
28366887,170810121,Queens,Jamaica,40.68048,-73.79305,Private room,90,1,24,2,125,9
28367520,214171931,Queens,St. Albans,40.69742,-73.77689,Private room,50,1,216,3,99,18
28368678,6770631,Brooklyn,Boerum Hill,40.68624,-73.98586,Private room,121,2,151,3,17,49
28680995,208610094,Brooklyn,Flatlands,40.62976,-73.92427,Private room,46,1,85,2,326,42
28369307,4128972,Manhattan,East Harlem,40.79321,-73.94637,Private room,90,1,56,1,0,0
28369552,6770631,Brooklyn,Boerum Hill,40.68624,-73.98586,Private room,239,2,30,3,15,15
28369648,19303369,Queens,Elmhurst,40.74489,-73.87291,Private room,33,30,1,175,0,0
28682647,216392786,Brooklyn,Bushwick,40.69669,-73.9297,Private room,75,30,61,1,46,1
28684892,107434423,Manhattan,Tribeca,40.71579,-74.00587,Entire home/apt,305,31,0,453,335,0
28690074,214135354,Manhattan,Upper East Side,40.77703,-73.95106,Private room,110,1,213,3,305,58
28692232,216456504,Bronx,Edenwald,40.89216,-73.84247,Private room,90,2,92,3,363,8
28489062,20104851,Brooklyn,Park Slope,40.66588,-73.97945,Entire home/apt,299,5,87,1,19,28
28692626,23370431,Queens,Hollis,40.7166,-73.75841,Private room,55,3,26,2,0,0
28379264,93294060,Brooklyn,Bedford-Stuyvesant,40.69243,-73.94843,Entire home/apt,144,2,148,1,11,39
28697997,26377263,Brooklyn,East Flatbush,40.65263,-73.93608,Private room,60,6,4,53,312,2
28699232,26377263,Brooklyn,East Flatbush,40.65421,-73.93796,Private room,65,6,3,53,231,2
28699654,26377263,Brooklyn,East Flatbush,40.65428,-73.93636,Private room,65,6,1,53,152,1
28699887,44338944,Brooklyn,Sunset Park,40.64366,-74.02152,Entire home/apt,97,24,6,1,218,2
28385105,49804236,Queens,Long Island City,40.74753,-73.92138,Entire home/apt,127,30,15,1,223,7
28387362,22685487,Queens,Elmhurst,40.72841,-73.8818,Private room,50,30,4,2,0,0
28389715,203564743,Queens,Long Island City,40.75503,-73.93505,Private room,98,4,80,1,259,13
28490526,39477098,Brooklyn,Crown Heights,40.67413,-73.94875,Entire home/apt,375,3,122,1,79,37
28491645,114249746,Queens,Woodside,40.75053,-73.90108,Private room,41,30,55,1,0,0
28493404,117027456,Brooklyn,East New York,40.66946,-73.88289,Entire home/apt,79,30,57,1,102,3
28494807,5970733,Manhattan,Upper West Side,40.77749,-73.98407,Shared room,84,30,23,1,134,0
28497028,9130040,Brooklyn,East Flatbush,40.66141,-73.9343,Private room,159,1,10,6,365,1
28500619,215127571,Brooklyn,Williamsburg,40.71767,-73.95329,Entire home/apt,305,7,55,1,43,14
28505925,21142803,Brooklyn,Gowanus,40.68373,-73.98719,Entire home/apt,183,6,4,1,0,4
28703204,216519008,Manhattan,Chelsea,40.74194,-74.00606,Private room,99,30,3,1,0,0
28506359,215161436,Manhattan,Upper West Side,40.8001,-73.96052,Entire home/apt,345,30,37,1,364,0
28389772,214332639,Queens,Ditmars Steinway,40.78247,-73.91362,Entire home/apt,90,1,47,1,0,0
28711792,865148,Manhattan,East Village,40.72967,-73.97973,Private room,120,2,98,1,103,28
28713390,216586341,Brooklyn,Crown Heights,40.67092,-73.94985,Entire home/apt,50,30,3,1,0,0
28390400,2907609,Brooklyn,Williamsburg,40.71583,-73.95042,Private room,60,30,0,1,0,0
28391441,214347105,Manhattan,Midtown,40.7534,-73.96617,Entire home/apt,413,3,46,7,271,19
28391512,185889529,Queens,St. Albans,40.70094,-73.75531,Private room,69,3,110,4,362,11
28506595,8834412,Bronx,Longwood,40.81276,-73.90272,Private room,100,3,0,1,0,0
28513774,108249932,Brooklyn,East New York,40.67559,-73.89027,Entire home/apt,168,3,121,3,286,40
28514974,12715154,Brooklyn,Greenpoint,40.72106,-73.94702,Private room,95,4,5,2,0,0
28713500,173685298,Manhattan,Midtown,40.75591,-73.97157,Hotel room,422,1,23,7,351,6
28517278,215239210,Brooklyn,Williamsburg,40.7143,-73.94394,Entire home/apt,120,4,28,1,0,1
28518077,47595754,Manhattan,Washington Heights,40.84398,-73.93749,Private room,75,30,10,1,30,0
28406990,214464499,Manhattan,Financial District,40.70581,-74.00975,Entire home/apt,120,30,9,1,0,0
28408938,17760140,Brooklyn,Williamsburg,40.71749,-73.95529,Entire home/apt,195,6,11,1,10,4
28715332,39243102,Manhattan,SoHo,40.72054,-74.00198,Entire home/apt,885,2,59,1,254,41
28519623,215257373,Brooklyn,Williamsburg,40.7165,-73.93957,Private room,60,30,126,1,0,0
28715589,38579823,Manhattan,Chelsea,40.75125,-73.9957,Private room,125,30,16,1,0,0
28408961,214480354,Manhattan,Upper West Side,40.80099,-73.96113,Private room,109,30,2,1,0,0
28411594,22685487,Queens,Elmhurst,40.72841,-73.88205,Private room,50,30,3,2,0,0
28716187,216611306,Queens,Briarwood,40.71335,-73.81022,Private room,50,30,15,1,0,0
28519821,214184351,Brooklyn,Bushwick,40.69715,-73.9131,Private room,60,30,3,1,365,0
28719621,179387847,Brooklyn,Crown Heights,40.67702,-73.92377,Entire home/apt,145,4,8,1,101,4
28520183,1755123,Brooklyn,Williamsburg,40.71473,-73.95489,Entire home/apt,300,4,58,1,171,38
28721676,272775635,Manhattan,Hell's Kitchen,40.7597,-73.98957,Private room,116,2,20,6,1,16
28721911,156505456,Brooklyn,East New York,40.66565,-73.87373,Private room,71,2,12,32,355,3
28722807,3017533,Brooklyn,Sunset Park,40.66468,-73.9955,Entire home/apt,164,30,57,1,0,0
28730126,13092234,Manhattan,West Village,40.73261,-74.00895,Private room,215,30,0,1,0,0
28412322,20161085,Queens,St. Albans,40.68751,-73.76205,Private room,97,5,92,4,126,14
28417682,58234433,Queens,Sunnyside,40.73695,-73.91876,Private room,62,1,45,6,351,24
28730408,171433016,Brooklyn,Clinton Hill,40.68437,-73.96584,Entire home/apt,275,5,104,1,33,30
28730581,188212054,Brooklyn,Bay Ridge,40.62203,-74.02396,Entire home/apt,178,3,56,3,62,14
28901091,171212377,Brooklyn,Fort Greene,40.68844,-73.97865,Entire home/apt,255,3,137,1,175,34
28521841,120378725,Manhattan,Kips Bay,40.73997,-73.9803,Entire home/apt,109,30,2,1,0,0
28522394,215277711,Bronx,Van Nest,40.84053,-73.86985,Entire home/apt,300,1,0,1,365,0
28731208,2260289,Brooklyn,Flatbush,40.63906,-73.96532,Entire home/apt,185,30,4,1,0,0
28733777,214119114,Manhattan,East Harlem,40.78594,-73.94551,Private room,75,30,0,1,0,0
28526676,28740462,Brooklyn,Borough Park,40.64396,-73.99293,Private room,36,30,75,1,0,0
28532378,156505456,Brooklyn,East New York,40.66643,-73.87546,Private room,184,2,28,32,173,6
28901111,209768607,Brooklyn,Bensonhurst,40.61228,-74.00691,Entire home/apt,80,30,0,1,0,0
28908658,204704622,Queens,Elmhurst,40.74004,-73.87755,Private room,29,30,2,157,0,0
28734298,6137695,Brooklyn,Bedford-Stuyvesant,40.68482213400332,-73.95303164529916,Entire home/apt,200,2,0,1,339,0
28910248,217844544,Brooklyn,Bushwick,40.69236,-73.92596,Private room,125,5,235,2,225,54
28910899,153154549,Manhattan,Nolita,40.72314,-73.99321,Private room,140,30,2,1,0,0
28911830,191085997,Bronx,Pelham Bay,40.85587,-73.83041,Entire home/apt,450,3,2,3,310,0
28911924,40245658,Manhattan,Hell's Kitchen,40.76191,-73.98911,Private room,142,2,92,2,172,28
28912358,41062475,Manhattan,Upper East Side,40.76258,-73.9604,Private room,119,2,63,1,289,42
28534405,2891643,Manhattan,Harlem,40.82193,-73.94449,Private room,50,30,0,1,0,0
28536037,19303369,Queens,Woodside,40.74481,-73.90439,Private room,47,30,1,175,0,0
28536219,3690070,Brooklyn,Prospect Heights,40.68013,-73.96754,Entire home/apt,96,30,8,1,0,0
28538516,156064588,Brooklyn,Crown Heights,40.67482,-73.91139,Private room,41,1,11,1,0,0
28539464,214347105,Manhattan,Midtown,40.7534,-73.96617,Entire home/apt,761,3,18,7,359,5
28736904,4443863,Manhattan,Hell's Kitchen,40.76456,-73.98939,Entire home/apt,355,3,289,1,165,77
28559951,67395042,Manhattan,Harlem,40.82269,-73.94142,Private room,66,1,89,2,0,0
28560837,92523072,Queens,Rockaway Beach,40.59007,-73.81407,Entire home/apt,165,3,170,1,106,43
28912768,10448306,Brooklyn,Williamsburg,40.71749,-73.95374,Entire home/apt,175,30,5,1,0,0
28751496,36391065,Queens,Astoria,40.76089,-73.92046,Entire home/apt,120,30,11,1,0,0
28913606,49128620,Manhattan,Midtown,40.75322,-73.97186,Private room,175,3,11,2,16,6
28931117,13027278,Manhattan,Hell's Kitchen,40.75789,-73.99403,Entire home/apt,140,30,3,1,0,0
28561195,10410631,Brooklyn,Brooklyn Heights,40.69686,-73.99636,Entire home/apt,200,30,1,1,0,0
28561620,26045887,Manhattan,Murray Hill,40.74824,-73.97472,Private room,100,30,44,2,0,0
28754650,216891728,Manhattan,Chelsea,40.74457,-73.99588,Entire home/apt,140,32,32,1,0,0
28561904,1119058,Brooklyn,Bushwick,40.70296,-73.9267,Entire home/apt,180,30,37,1,2,5
28932466,146821560,Manhattan,Harlem,40.82295,-73.94977,Private room,120,30,9,1,83,0
28936557,70394670,Manhattan,Harlem,40.82432,-73.93939,Private room,93,30,16,1,0,0
28936795,200239515,Queens,Woodside,40.7446,-73.89291,Private room,39,30,4,158,0,1
28937377,5162192,Manhattan,Upper West Side,40.79863,-73.96085,Entire home/apt,100,30,2,20,72,1
28938342,217844544,Brooklyn,Bushwick,40.69233,-73.9244,Private room,95,5,190,2,258,56
28757780,216917414,Manhattan,Washington Heights,40.85012,-73.94081,Private room,56,31,12,2,0,0
28565170,48303314,Queens,Woodside,40.74899,-73.90968,Private room,40,2,46,1,0,0
28567040,203266238,Bronx,Morris Park,40.8522,-73.85009,Private room,55,15,4,6,249,4
28574888,15617507,Bronx,Morris Park,40.85025,-73.86089,Entire home/apt,80,3,85,6,290,30
28578651,1521811,Brooklyn,Greenpoint,40.72539,-73.95155,Private room,53,45,2,1,6,0
28757927,64898741,Queens,Long Island City,40.75882,-73.9297,Private room,250,30,7,2,0,0
28581130,18887576,Brooklyn,Williamsburg,40.70438,-73.93654,Entire home/apt,199,30,4,1,0,0
28940025,2780938,Bronx,City Island,40.84825,-73.79012,Entire home/apt,96,2,54,1,353,9
28760070,7365834,Brooklyn,Sheepshead Bay,40.5841,-73.95735,Entire home/apt,111,30,4,5,335,2
28760189,3094662,Brooklyn,Fort Hamilton,40.62277,-74.03194,Private room,85,1,28,1,34,0
28940279,40742174,Brooklyn,Williamsburg,40.71122,-73.95769,Entire home/apt,250,30,1,1,0,0
28940952,8518665,Brooklyn,Bedford-Stuyvesant,40.69216,-73.95845,Private room,90,21,120,2,3,9
28583186,2646237,Brooklyn,Bedford-Stuyvesant,40.69057,-73.92781,Entire home/apt,161,4,76,1,101,25
28584877,92733485,Brooklyn,Downtown Brooklyn,40.69062,-73.99009,Private room,75,30,5,1,0,0
28760750,216943992,Manhattan,Hell's Kitchen,40.75763,-73.98968,Private room,200,30,0,1,0,0
28585982,102180676,Brooklyn,Greenpoint,40.72378,-73.93832,Private room,150,30,0,1,0,0
28941589,42226482,Bronx,Williamsbridge,40.87816,-73.86414,Entire home/apt,290,30,0,1,0,0
28941614,8518665,Brooklyn,Bedford-Stuyvesant,40.69171,-73.9587,Private room,89,2,95,2,3,8
28950019,43044876,Queens,Elmhurst,40.73538,-73.87935,Private room,30,28,2,5,0,0
28952183,19899115,Brooklyn,Crown Heights,40.67554,-73.9527,Private room,50,30,6,2,0,0
28762323,2300366,Brooklyn,Williamsburg,40.70989,-73.94212,Entire home/apt,224,2,25,1,0,16
28763093,27815282,Manhattan,Theater District,40.7621,-73.98446,Entire home/apt,100,30,10,1,0,0
28778214,148152874,Manhattan,East Harlem,40.80008,-73.93762,Entire home/apt,135,14,17,1,45,1
28779353,128300825,Brooklyn,Bushwick,40.69401,-73.92842,Private room,68,25,103,3,127,8
28952972,91757655,Manhattan,Midtown,40.76419,-73.98048,Private room,629,3,5,1,350,2
28959854,16851857,Bronx,Wakefield,40.89399,-73.85224,Entire home/apt,95,5,26,10,352,10
28779900,216304678,Brooklyn,East Flatbush,40.65376,-73.94161,Private room,46,30,13,4,272,1
28961919,218301609,Queens,Hollis,40.70753,-73.7673,Private room,80,5,15,1,163,3
28963068,218311373,Bronx,Port Morris,40.80912,-73.93095,Entire home/apt,86,1,213,1,287,37
28964081,216586866,Manhattan,Chelsea,40.74351,-73.9974,Entire home/apt,200,30,1,2,0,0
28964397,216586866,Manhattan,Chelsea,40.74375,-73.99887,Private room,116,30,15,2,0,0
28965064,1093167,Brooklyn,Prospect Heights,40.6793,-73.96512,Entire home/apt,179,1,3,1,0,0
28965609,96479013,Brooklyn,Bedford-Stuyvesant,40.69381,-73.94767,Entire home/apt,205,8,35,2,21,12
28587071,215759678,Queens,Jamaica Estates,40.721,-73.79767,Private room,46,5,95,12,305,21
28600360,36383387,Queens,Far Rockaway,40.60103,-73.75244,Entire home/apt,77,1,117,2,351,24
28782669,216411482,Queens,East Elmhurst,40.76339,-73.88675,Private room,40,30,44,1,0,0
28602842,215869827,Manhattan,East Village,40.73201,-73.98728,Entire home/apt,499,30,0,1,178,0
28606263,22154340,Brooklyn,Fort Greene,40.68951,-73.97382,Entire home/apt,185,30,1,1,0,0
28966707,142059543,Brooklyn,Williamsburg,40.71872,-73.94377,Private room,70,30,6,1,330,0
28972637,2802223,Manhattan,Harlem,40.82938,-73.93846,Entire home/apt,111,30,4,1,0,0
28782697,215488365,Brooklyn,Crown Heights,40.67628,-73.9292,Private room,71,1,13,5,302,13
28976484,46220101,Brooklyn,Williamsburg,40.71213980557101,-73.9610444606683,Private room,151,3,2,1,196,2
28978328,43531190,Manhattan,East Harlem,40.79602,-73.93865,Private room,45,240,0,1,0,0
28979690,218428676,Manhattan,Washington Heights,40.83964,-73.94287,Private room,125,30,0,1,0,0
28606376,215897007,Manhattan,Kips Bay,40.744,-73.97511,Private room,480,30,16,1,365,0
28607153,19303369,Queens,Jackson Heights,40.74908,-73.8938,Entire home/apt,35,1,4,175,0,0
28608920,141300,Manhattan,Upper West Side,40.78684,-73.9706,Entire home/apt,190,30,23,1,15,1
28784319,176406553,Queens,Jackson Heights,40.74818,-73.88576,Private room,80,30,0,1,0,0
28784880,65671256,Queens,East Elmhurst,40.75791,-73.8601,Entire home/apt,113,1,270,4,9,87
28785091,216304678,Brooklyn,East Flatbush,40.65405,-73.94332,Private room,85,30,2,4,362,1
28785361,214347105,Manhattan,Midtown,40.7534,-73.96617,Entire home/apt,641,3,21,7,360,4
28786315,216304678,Brooklyn,East Flatbush,40.65245,-73.94206,Private room,47,30,15,4,345,1
28786900,216304678,Brooklyn,East Flatbush,40.65239,-73.94354,Private room,65,30,3,4,341,1
28801976,1171704,Brooklyn,Williamsburg,40.70425,-73.93417,Entire home/apt,215,2,67,1,312,20
28609762,135150441,Brooklyn,Bedford-Stuyvesant,40.68838,-73.94467,Private room,75,30,1,1,0,0
28985708,218474205,Manhattan,Nolita,40.72137,-73.99477,Entire home/apt,170,2,48,1,0,0
28803718,62776991,Brooklyn,Sunset Park,40.66366,-73.99451,Private room,65,30,7,1,0,0
28809045,46857976,Manhattan,Financial District,40.71023,-74.00735,Private room,75,30,0,1,0,0
28811035,217293060,Manhattan,Greenwich Village,40.73271,-73.99617,Entire home/apt,150,90,0,3,0,0
28985951,140671636,Brooklyn,Bedford-Stuyvesant,40.68281,-73.94969,Private room,40,2,5,1,0,0
28986683,137358866,Queens,Astoria,40.76845,-73.9224,Private room,81,30,6,111,339,3
28986807,137358866,Queens,Astoria,40.76834,-73.9242,Private room,79,30,4,111,326,1
28811363,42561290,Brooklyn,East New York,40.6631,-73.86601,Private room,38,3,21,3,349,10
28812837,21376165,Brooklyn,Flatbush,40.63879,-73.96578,Entire home/apt,150,30,1,1,0,0
28817364,107516522,Queens,Woodside,40.74534,-73.90923,Entire home/apt,151,3,96,2,74,25
28987503,218458746,Queens,Woodside,40.74653,-73.90847,Private room,80,30,4,1,0,0
28989914,218505786,Manhattan,East Village,40.72264,-73.98447,Private room,130,2,44,1,0,1
28991221,11837926,Manhattan,Midtown,40.76301,-73.98005,Private room,140,7,5,2,229,4
28992518,218526982,Manhattan,Lower East Side,40.72122,-73.98829,Entire home/apt,175,30,11,2,0,0
29008272,43194941,Queens,Astoria,40.76551,-73.91267,Private room,80,28,16,2,41,0
29008767,35594087,Brooklyn,Fort Greene,40.68464,-73.97519,Entire home/apt,217,5,47,1,262,8
29012259,8925493,Brooklyn,Bedford-Stuyvesant,40.68261,-73.91058,Private room,70,30,5,2,179,1
28610383,131085087,Manhattan,Harlem,40.828121,-73.946968,Entire home/apt,170,30,10,1,67,3
28611271,150439529,Queens,Astoria,40.76656,-73.91183,Entire home/apt,75,5,41,1,0,10
28831635,46641887,Manhattan,Upper East Side,40.76696,-73.9563,Entire home/apt,97,180,6,1,0,0
28614707,20745804,Manhattan,East Village,40.72851,-73.98491,Entire home/apt,200,2,4,1,0,0
29015079,218689235,Brooklyn,Williamsburg,40.71557,-73.95039,Entire home/apt,180,30,50,1,93,7
28833807,1593922,Manhattan,Greenwich Village,40.73011,-73.99855,Entire home/apt,140,30,9,1,266,4
28834703,217432173,Brooklyn,Bedford-Stuyvesant,40.68169,-73.94342,Entire home/apt,216,2,300,1,255,87
28631715,216061803,Brooklyn,Williamsburg,40.7174,-73.95587,Entire home/apt,240,30,7,1,0,0
28632837,137358866,Queens,Astoria,40.76658,-73.92267,Private room,87,30,3,111,310,1
28835678,94395484,Manhattan,Morningside Heights,40.81487,-73.95873,Entire home/apt,110,30,5,1,0,0
28635035,88111418,Queens,St. Albans,40.69107,-73.75468,Entire home/apt,76,3,49,1,329,17
29016112,216641760,Queens,Jackson Heights,40.75337,-73.87612,Entire home/apt,128,3,133,2,311,46
28838614,73638523,Queens,Queens Village,40.72122,-73.75003,Entire home/apt,80,30,60,1,327,0
28838673,290055,Brooklyn,Bedford-Stuyvesant,40.68501,-73.93801,Entire home/apt,329,4,172,1,36,58
29016146,218680572,Manhattan,Harlem,40.80797,-73.94865,Entire home/apt,149,30,25,1,214,6
29016907,155152907,Queens,St. Albans,40.70609,-73.76185,Private room,55,2,27,2,267,8
29025649,57699301,Brooklyn,Sunset Park,40.63915,-74.01859,Entire home/apt,90,30,8,1,76,3
29025777,5563142,Brooklyn,Bedford-Stuyvesant,40.67864,-73.9497,Entire home/apt,130,30,4,1,0,0
28635863,6332730,Manhattan,Greenwich Village,40.73454,-73.99824,Entire home/apt,400,90,0,1,365,0
28838875,1228328,Brooklyn,Vinegar Hill,40.6988,-73.98518,Entire home/apt,257,30,9,1,0,0
28840281,66231678,Brooklyn,Bensonhurst,40.6073,-73.99184,Private room,68,30,1,1,0,0
28638376,22098752,Brooklyn,Bushwick,40.682,-73.90746,Entire home/apt,110,2,71,1,141,16
28843143,216917414,Manhattan,Washington Heights,40.84957,-73.94124,Private room,56,31,16,2,0,0
28849818,107434423,Manhattan,East Village,40.72209,-73.98487,Entire home/apt,493,31,0,453,67,0
28859648,217591735,Brooklyn,Williamsburg,40.70786,-73.93756,Private room,115,7,4,2,55,0
28641018,214923987,Queens,Ditmars Steinway,40.77625,-73.91227,Private room,55,6,59,1,0,8
28641288,63953718,Queens,Rego Park,40.72964,-73.8705,Private room,59,30,3,1,0,0
29031435,6564232,Manhattan,Harlem,40.8167,-73.93746,Private room,70,30,3,1,0,0
29031768,203231204,Queens,Astoria,40.76476,-73.91302,Private room,105,30,2,1,0,0
28867268,26880156,Brooklyn,Bushwick,40.7052,-73.92736,Private room,50,30,5,1,0,0
29034966,145002203,Brooklyn,Brighton Beach,40.5785,-73.96345,Entire home/apt,140,1,231,3,85,38
28644822,162974717,Brooklyn,Prospect-Lefferts Gardens,40.65663,-73.95916,Private room,85,3,29,1,146,7
28647979,26377263,Brooklyn,East Flatbush,40.65284,-73.93788,Private room,65,6,3,53,187,0
28658731,216235179,Brooklyn,Bushwick,40.70048,-73.91977,Private room,54,35,1,4,312,0
28659175,216235179,Brooklyn,Bushwick,40.70048,-73.91977,Private room,57,35,1,4,326,0
28659894,216235179,Brooklyn,Bushwick,40.70048,-73.91977,Private room,55,35,11,4,314,2
28867577,216734225,Manhattan,Harlem,40.81296,-73.94804,Entire home/apt,149,5,87,1,81,24
29036763,147269347,Queens,Long Island City,40.75431,-73.91886,Private room,58,30,2,1,298,0
28872377,32164030,Bronx,Hunts Point,40.81197,-73.88926,Private room,45,30,10,6,337,2
28888147,43825799,Manhattan,Upper East Side,40.76076,-73.9621,Entire home/apt,235,30,65,1,101,0
29037588,212697613,Manhattan,Upper West Side,40.78811,-73.96874,Entire home/apt,175,30,34,1,0,0
29119411,56648414,Manhattan,East Village,40.72774,-73.98792,Entire home/apt,93,30,14,1,0,0
28891043,19303369,Queens,Jackson Heights,40.74908,-73.89389,Entire home/apt,218,1,32,175,134,19
28891434,217793924,Brooklyn,Crown Heights,40.67364,-73.93575,Entire home/apt,156,3,146,1,134,46
29038532,182306283,Brooklyn,Williamsburg,40.71206,-73.95125,Entire home/apt,90,2,89,1,0,0
29038655,6586697,Queens,Astoria,40.76678,-73.91058,Private room,80,7,27,3,60,12
29039647,143052745,Bronx,Mott Haven,40.80983,-73.92184,Entire home/apt,216,1,59,5,355,9
29041626,27084741,Queens,Woodside,40.74589,-73.91132,Private room,90,30,3,2,179,0
29054423,79499558,Queens,Jackson Heights,40.75278,-73.88267,Private room,73,4,61,4,11,15
29054576,30895980,Brooklyn,Brighton Beach,40.57476,-73.9562,Entire home/apt,160,30,24,2,341,0
28891558,19303369,Queens,Woodside,40.74465,-73.905,Private room,55,30,6,175,0,0
28896237,96379938,Brooklyn,East Flatbush,40.6525,-73.94806,Private room,119,2,23,2,0,0
29054973,188741104,Manhattan,Harlem,40.80826,-73.9416,Entire home/apt,150,31,57,2,338,0
29124414,19864547,Brooklyn,Crown Heights,40.66509,-73.95076,Entire home/apt,125,21,17,1,101,4
29124476,20825054,Manhattan,Inwood,40.86616,-73.92336,Private room,47,2,150,1,185,39
28897533,204704622,Queens,Elmhurst,40.74068,-73.87688,Private room,42,30,3,157,1,1
28901045,2065453,Brooklyn,Crown Heights,40.67598,-73.95483,Private room,65,2,10,1,0,0
29327591,107434423,Manhattan,Chelsea,40.7383733,-73.9967525,Entire home/apt,544,31,0,453,0,0
29331191,107434423,Manhattan,Upper West Side,40.777553,-73.9834589,Entire home/apt,329,31,1,453,300,0
29331513,69545272,Manhattan,Financial District,40.70996,-74.00694,Private room,57,20,16,2,242,2
29332188,439827,Brooklyn,Greenpoint,40.72952,-73.95362,Entire home/apt,250,30,0,1,0,0
29333330,7389707,Manhattan,Washington Heights,40.84734,-73.94021,Shared room,39,30,15,2,0,0
29336346,15872365,Queens,Astoria,40.76469,-73.91728,Entire home/apt,138,4,71,1,12,29
29125444,52083976,Manhattan,Murray Hill,40.74467,-73.97461,Entire home/apt,100,30,0,1,0,0
29126674,5759665,Brooklyn,Bushwick,40.70748,-73.92192,Entire home/apt,200,3,13,1,0,3
29131447,216944902,Manhattan,East Harlem,40.79065,-73.94699,Private room,89,30,6,1,0,0
29135220,32830245,Brooklyn,Prospect Heights,40.67907,-73.97312,Entire home/apt,180,30,10,1,0,0
29144832,214270886,Manhattan,Midtown,40.75096,-73.98123,Entire home/apt,300,30,10,1,0,0
29056566,169467786,Brooklyn,Williamsburg,40.7106,-73.96082,Entire home/apt,221,1,35,1,0,0
29058075,1609077,Queens,Forest Hills,40.71257,-73.84309,Private room,168,2,3,5,365,0
29058736,142833006,Brooklyn,Bushwick,40.70579,-73.92039,Private room,55,2,27,1,85,25
29074233,49745989,Brooklyn,Crown Heights,40.67174,-73.94406,Entire home/apt,79,1,200,1,23,47
29336922,217568399,Brooklyn,Bath Beach,40.60182,-73.99774,Entire home/apt,120,30,13,1,0,0
29076107,167007852,Queens,Ditmars Steinway,40.77874,-73.91045,Private room,50,30,0,1,246,0
29077027,13832446,Brooklyn,Bushwick,40.70568,-73.92542,Entire home/apt,135,4,5,1,0,0
29148293,11021180,Manhattan,East Village,40.72927,-73.98584,Entire home/apt,150,4,25,1,23,21
29148550,61391963,Manhattan,Kips Bay,40.74427,-73.98084,Entire home/apt,150,30,11,116,281,1
29149377,7117383,Manhattan,East Village,40.72545,-73.97975,Entire home/apt,250,30,2,1,96,0
29338253,221022609,Brooklyn,Flatlands,40.6326,-73.93195,Private room,45,30,0,1,0,0
29149612,21030441,Queens,Astoria,40.76677,-73.91385,Private room,55,3,43,1,0,0
29152320,219347424,Brooklyn,East New York,40.66657,-73.87338,Entire home/apt,107,2,32,2,84,6
29153170,219678120,Brooklyn,Crown Heights,40.67495,-73.92084,Entire home/apt,180,365,35,1,0,0
29155895,219700887,Manhattan,East Village,40.72324,-73.98283,Entire home/apt,235,2,108,1,75,33
29079293,48806776,Brooklyn,Carroll Gardens,40.67931,-73.99323,Entire home/apt,300,2,137,1,294,56
29082734,104351616,Brooklyn,Bushwick,40.70045,-73.92945,Private room,50,30,0,1,0,0
29338399,102542851,Manhattan,SoHo,40.72541,-74.00541,Private room,109,30,0,1,0,0
29083751,26860800,Manhattan,SoHo,40.72739,-74.00166,Private room,271,30,33,1,0,0
29093302,41939513,Manhattan,Harlem,40.79908,-73.95426,Private room,88,30,3,1,0,0
29095078,10220753,Brooklyn,Sunset Park,40.65163,-74.01279,Private room,65,30,9,2,0,0
29338559,4666670,Queens,Astoria,40.77108,-73.92052,Private room,60,30,16,2,331,1
29340028,14804867,Manhattan,Upper East Side,40.76755,-73.9541,Private room,115,7,5,3,0,3
29158689,41209536,Brooklyn,Bedford-Stuyvesant,40.69735,-73.93714,Entire home/apt,300,4,51,1,160,9
29165823,219785279,Brooklyn,Bedford-Stuyvesant,40.68263,-73.95307,Private room,102,2,43,1,0,7
29341918,218272490,Manhattan,Upper West Side,40.78084,-73.98099,Private room,145,30,33,1,0,0
29351570,1810885,Manhattan,East Village,40.7266,-73.97914,Shared room,160,30,10,3,305,0
29356679,134170699,Queens,Elmhurst,40.73572,-73.87828,Private room,71,3,34,2,340,21
29359092,217159080,Queens,Elmhurst,40.74257,-73.88363,Private room,48,30,94,1,0,1
29167257,203123161,Bronx,Concourse,40.82124,-73.92913,Entire home/apt,175,3,122,1,284,40
29168569,26377263,Brooklyn,East Flatbush,40.65374,-73.93608,Private room,60,6,4,53,299,3
29170235,26377263,Brooklyn,East Flatbush,40.65211,-73.93761,Private room,60,6,3,53,285,3
29170953,137358866,Brooklyn,Bushwick,40.69207,-73.91186,Private room,71,30,5,111,341,1
29095217,24738407,Brooklyn,East Flatbush,40.63711,-73.94912,Entire home/apt,96,30,68,2,136,3
29096400,2330907,Brooklyn,Clinton Hill,40.68758,-73.95983,Entire home/apt,145,7,10,1,12,2
29364445,220479551,Queens,Astoria,40.75612,-73.91653,Private room,129,30,10,1,66,0
29097472,157397904,Brooklyn,Williamsburg,40.71682,-73.96493,Entire home/apt,325,30,7,1,56,1
29176205,63896964,Manhattan,Midtown,40.753,-73.97065,Entire home/apt,148,30,0,1,0,0
29367388,17272284,Manhattan,Upper East Side,40.76536,-73.95851,Private room,98,1,12,2,0,0
29381358,221343982,Manhattan,Chelsea,40.75208,-73.9968,Private room,165,45,0,1,0,0
29180542,219879114,Manhattan,Harlem,40.81309,-73.94357,Entire home/apt,290,2,72,1,165,15
29181179,37736307,Manhattan,East Harlem,40.78666,-73.9488,Private room,150,4,22,1,1,4
29181449,186349150,Brooklyn,Bedford-Stuyvesant,40.68888,-73.95248,Private room,53,30,3,1,0,0
29100541,22175061,Queens,Forest Hills,40.7196,-73.85427,Entire home/apt,127,2,193,2,39,57
29384622,221366300,Manhattan,Chelsea,40.74282,-73.99835,Entire home/apt,100,30,57,1,0,0
29385308,221371129,Brooklyn,Carroll Gardens,40.67771,-74.00006,Entire home/apt,170,30,10,1,132,0
29102760,219333557,Queens,East Elmhurst,40.76088,-73.86886,Private room,62,2,73,3,140,15
29385994,20170845,Manhattan,East Village,40.72275,-73.97972,Private room,86,1,32,3,11,18
29391852,131305000,Brooklyn,Bushwick,40.69536,-73.91166,Private room,75,5,56,1,96,21
29183581,116976293,Manhattan,Little Italy,40.71959,-73.99794,Entire home/apt,204,30,0,1,0,0
29184419,492457,Queens,Woodside,40.74483,-73.90221,Private room,80,30,26,4,364,0
29393371,221434490,Queens,Jackson Heights,40.75446,-73.86927,Private room,70,2,46,2,8,2
29184626,89680730,Brooklyn,Brownsville,40.66213,-73.91827,Private room,80,2,133,3,121,38
29103450,59204717,Brooklyn,Bedford-Stuyvesant,40.68943,-73.95109,Private room,77,30,3,1,0,0
29104053,219347424,Brooklyn,East New York,40.66578,-73.87536,Private room,89,2,1,2,359,0
29105563,24738407,Brooklyn,East Flatbush,40.63753,-73.95038,Entire home/apt,85,30,42,2,144,5
29393808,17218010,Manhattan,Chelsea,40.7423,-73.99782,Entire home/apt,175,30,17,1,0,0
29107308,67186748,Manhattan,Hell's Kitchen,40.7592,-73.99409,Private room,195,1,4,1,0,0
29189777,219924114,Brooklyn,Bushwick,40.69506,-73.92691,Entire home/apt,150,3,189,2,249,49
29202087,8917825,Brooklyn,Greenpoint,40.71905,-73.95272,Entire home/apt,205,30,11,1,0,0
29203530,24000784,Brooklyn,Sunset Park,40.64564,-74.01245,Entire home/apt,50,30,12,2,0,2
29203845,3849025,Brooklyn,Bedford-Stuyvesant,40.69541,-73.94572,Entire home/apt,206,5,45,1,268,11
29397321,221466739,Manhattan,East Harlem,40.79172,-73.9499,Private room,60,3,79,1,19,29
29205817,220055820,Manhattan,Harlem,40.82599,-73.94217,Private room,66,4,84,1,26,41
29213886,7956889,Brooklyn,Bushwick,40.68873,-73.91524,Entire home/apt,110,30,7,1,0,1
29398819,199349788,Manhattan,Midtown,40.75211,-73.97362,Hotel room,380,2,2,1,0,0
29567201,222600382,Bronx,Clason Point,40.80895,-73.85074,Entire home/apt,176,1,0,1,250,0
29410763,163251048,Manhattan,Hell's Kitchen,40.761532,-73.998779,Entire home/apt,778,30,0,30,334,0
29567482,3472283,Brooklyn,Gowanus,40.66928,-73.99043,Entire home/apt,136,5,21,1,0,0
29570523,222626145,Queens,Kew Gardens Hills,40.72426,-73.81442,Entire home/apt,66,30,40,1,0,0
29214672,7638924,Brooklyn,Bushwick,40.70624,-73.91769,Entire home/apt,130,30,0,1,0,0
29411009,173685298,Manhattan,Midtown,40.75591,-73.97157,Private room,452,1,6,7,97,3
29411649,134167192,Manhattan,Harlem,40.81535,-73.94146,Private room,70,30,3,1,0,0
29215351,220121415,Brooklyn,Williamsburg,40.70754,-73.96556,Entire home/apt,222,3,96,1,74,33
29215541,219502160,Queens,Ozone Park,40.6808,-73.85489,Entire home/apt,135,30,4,1,0,0
29216706,220129825,Queens,Jamaica,40.67265,-73.78085,Entire home/apt,100,1,275,1,164,72
29570883,125627920,Bronx,Belmont,40.84938,-73.88971,Entire home/apt,188,1,28,1,356,28
29572267,137358866,Manhattan,Harlem,40.81186,-73.94309,Private room,78,30,12,111,249,4
29573034,141027957,Brooklyn,Cypress Hills,40.68909,-73.87055,Entire home/apt,119,2,150,4,0,61
29575293,41704832,Brooklyn,Bushwick,40.69692,-73.9118,Private room,93,1,183,1,53,76
29584983,53413881,Brooklyn,Williamsburg,40.70741,-73.95418,Private room,55,30,4,1,0,0
29585551,131476075,Brooklyn,Bushwick,40.68554,-73.91362,Private room,92,1,88,8,166,28
29586511,260537,Manhattan,Harlem,40.8103,-73.94372,Private room,130,5,45,3,24,16
29412276,221434490,Queens,Jackson Heights,40.75646,-73.8706,Private room,60,2,40,2,0,0
29412897,1949282,Brooklyn,Bushwick,40.69246,-73.90952,Private room,60,30,21,3,68,0
29413438,4932876,Brooklyn,Bedford-Stuyvesant,40.6863,-73.94923,Entire home/apt,150,30,1,2,0,0
29414633,221574115,Brooklyn,Bensonhurst,40.61246,-74.00258,Shared room,15,30,0,2,0,0
29590847,164178160,Brooklyn,Bedford-Stuyvesant,40.6902,-73.95829,Private room,56,30,2,1,0,0
29592296,211549023,Manhattan,Midtown,40.74806,-73.98745,Entire home/apt,303,2,136,16,285,45
29220437,213251818,Brooklyn,Crown Heights,40.66898,-73.9232,Entire home/apt,123,3,107,1,156,22
29225417,107434423,Manhattan,Upper West Side,40.78986,-73.97314,Entire home/apt,430,31,1,453,0,0
29416216,65671256,Queens,Jackson Heights,40.75568,-73.85793,Private room,68,1,187,4,16,54
29416543,49664763,Brooklyn,East Flatbush,40.66279,-73.9242,Private room,50,30,1,1,0,0
29422942,221635816,Queens,Sunnyside,40.74169,-73.92099,Entire home/apt,185,30,94,1,0,0
29431457,146363617,Staten Island,Todt Hill,40.58612,-74.10824,Entire home/apt,65,29,16,1,20,2
29230227,1735342,Brooklyn,Bedford-Stuyvesant,40.682545,-73.945061,Entire home/apt,225,3,7,1,130,5
29230470,219738858,Manhattan,East Village,40.73084,-73.98327,Entire home/apt,155,30,113,5,284,57
29231943,7556128,Manhattan,East Village,40.72917,-73.98278,Private room,157,30,3,1,0,0
29232638,167636238,Brooklyn,Cypress Hills,40.68078,-73.88298,Entire home/apt,346,2,1,3,179,0
29234058,169808541,Queens,Astoria,40.76596,-73.91797,Private room,70,30,0,1,0,0
29592768,89351775,Queens,Ditmars Steinway,40.77494,-73.92099,Entire home/apt,99,2,405,1,201,119
29605532,2681144,Brooklyn,Flatbush,40.65124,-73.95678,Entire home/apt,60,10,21,1,0,0
29605631,137358866,Queens,Woodside,40.74327,-73.9094,Private room,67,30,10,111,299,5
29609668,22307859,Brooklyn,Canarsie,40.63841,-73.89383,Entire home/apt,150,3,14,2,155,6
29610742,948095,Manhattan,East Village,40.72301,-73.97972,Entire home/apt,235,14,8,1,59,5
29431738,47125955,Manhattan,East Village,40.72855,-73.97793,Entire home/apt,180,30,11,2,0,0
29435698,3583973,Brooklyn,Williamsburg,40.71246,-73.96253,Entire home/apt,190,30,17,1,0,0
29612693,31683042,Brooklyn,Bushwick,40.70566,-73.91866,Entire home/apt,212,30,0,1,89,0
29615342,29506135,Manhattan,Upper East Side,40.77333,-73.95265,Private room,95,30,3,1,0,0
29621716,29746291,Brooklyn,Prospect-Lefferts Gardens,40.66021,-73.95172,Entire home/apt,110,30,24,1,0,0
29628681,223027077,Manhattan,Upper East Side,40.76158,-73.95884,Entire home/apt,100,30,2,1,0,0
29629048,160050819,Manhattan,East Village,40.727,-73.9793,Entire home/apt,135,30,1,1,0,0
29237220,8354383,Manhattan,West Village,40.73927,-74.00936,Entire home/apt,1230,30,27,1,160,3
29237561,24074596,Manhattan,East Village,40.72915,-73.98015,Entire home/apt,200,30,7,1,0,0
29237692,24000784,Brooklyn,Sunset Park,40.64548,-74.01264,Private room,50,30,10,2,1,0
29237852,219930693,Queens,Woodhaven,40.69177,-73.86238,Private room,120,30,10,2,0,0
29440262,68417473,Brooklyn,Sunset Park,40.63908,-74.01924,Entire home/apt,225,1,5,1,345,5
29242564,93732420,Queens,Astoria,40.76555,-73.92345,Private room,64,30,52,2,0,0
29242599,7138174,Manhattan,Upper East Side,40.78547,-73.95122,Entire home/apt,425,5,23,1,0,8
29630099,57773455,Brooklyn,Columbia St,40.68741,-74.00026,Entire home/apt,115,30,13,1,122,5
29630939,6837618,Brooklyn,Bedford-Stuyvesant,40.68442,-73.94614,Entire home/apt,85,30,3,1,0,0
29631258,23788168,Brooklyn,Bedford-Stuyvesant,40.6832,-73.93836,Private room,53,30,23,2,0,0
29631729,9358058,Brooklyn,Williamsburg,40.71126,-73.95664,Entire home/apt,204,2,37,1,2,23
29452507,977716,Brooklyn,Carroll Gardens,40.67889,-73.99458,Entire home/apt,150,30,2,1,0,0
29634211,9246334,Brooklyn,Crown Heights,40.6753,-73.93859,Entire home/apt,399,3,45,1,172,24
29635253,34075689,Queens,Maspeth,40.72028,-73.90154,Entire home/apt,78,30,44,2,162,3
29635455,141204556,Brooklyn,Williamsburg,40.70889,-73.9658,Private room,121,2,53,6,343,48
29635460,141204556,Brooklyn,Williamsburg,40.71139,-73.96554,Private room,106,2,57,6,332,46
29635607,141204556,Brooklyn,Williamsburg,40.71161,-73.96511,Private room,122,2,54,6,267,30
29243499,7305006,Brooklyn,Bedford-Stuyvesant,40.69184,-73.95787,Private room,89,6,36,1,123,10
29253322,219930693,Queens,Woodhaven,40.69132,-73.86082,Private room,100,30,13,2,0,0
29256134,8730700,Brooklyn,Downtown Brooklyn,40.69851,-73.99134,Entire home/apt,117,30,10,1,0,0
29256229,2715012,Brooklyn,Crown Heights,40.67539,-73.94162,Entire home/apt,178,2,56,3,337,36
29453268,221853540,Manhattan,NoHo,40.72898,-73.99104,Entire home/apt,140,31,0,1,0,0
29256358,141853769,Brooklyn,Borough Park,40.64402,-73.99751,Entire home/apt,98,3,116,3,29,38
29259580,3292437,Manhattan,Midtown,40.75271,-73.97067,Entire home/apt,265,30,26,1,0,0
29260051,187908347,Brooklyn,Crown Heights,40.67426,-73.94673,Entire home/apt,93,4,164,2,174,54
29261640,140640991,Manhattan,Inwood,40.86282,-73.9223,Entire home/apt,143,3,61,1,63,24
29635732,63227531,Staten Island,Castleton Corners,40.62685,-74.12275,Entire home/apt,140,2,58,2,344,16
29453598,221851804,Brooklyn,Crown Heights,40.6694,-73.93959,Entire home/apt,148,3,43,2,0,3
29651529,223180509,Manhattan,East Village,40.72341,-73.9838,Entire home/apt,269,2,227,1,259,69
29653847,223198021,Brooklyn,Prospect-Lefferts Gardens,40.66185,-73.94483,Private room,269,2,35,1,83,10
29455559,221871654,Manhattan,East Village,40.72312,-73.98462,Entire home/apt,242,30,1,1,0,0
29654321,7863991,Brooklyn,Williamsburg,40.71663,-73.94129,Entire home/apt,297,30,67,1,36,0
29654969,58377909,Queens,Ridgewood,40.70018,-73.90729,Private room,600,6,4,1,0,0
29655436,4452717,Brooklyn,Greenpoint,40.71959,-73.95265,Entire home/apt,150,3,0,1,0,0
29657991,16502641,Brooklyn,South Slope,40.66106,-73.98634,Entire home/apt,90,28,16,1,2,1
29658021,16104,Manhattan,East Harlem,40.80059,-73.9422,Private room,60,30,1,2,311,0
29659322,223238601,Brooklyn,Bedford-Stuyvesant,40.69523,-73.93519,Private room,70,2,30,1,189,7
29659392,158181451,Queens,Flushing,40.75017,-73.82886,Private room,55,30,0,8,0,0
29661457,2930482,Queens,Ridgewood,40.69994,-73.89862,Private room,60,1,1,1,0,0
29662414,162938514,Brooklyn,Williamsburg,40.71016,-73.95016,Entire home/apt,257,2,203,1,180,77
29269102,158406020,Brooklyn,East Flatbush,40.64919,-73.93056,Private room,95,3,17,1,146,1
29275537,5123160,Manhattan,Two Bridges,40.71247,-73.99398,Entire home/apt,250,30,7,1,0,0
29278439,34075689,Queens,Maspeth,40.72022,-73.90085,Entire home/apt,128,30,32,2,212,1
29455932,106692652,Queens,Rego Park,40.73062,-73.85911,Private room,33,30,7,1,0,0
29280869,220601248,Manhattan,Lower East Side,40.7183,-73.98903,Private room,70,30,29,2,0,0
29281115,38503320,Brooklyn,Greenpoint,40.72753,-73.95273,Private room,175,2,136,1,134,45
29674246,21610233,Manhattan,Battery Park City,40.71779,-74.01511,Entire home/apt,650,30,0,1,0,0
29457851,53223410,Brooklyn,Williamsburg,40.71162,-73.95575,Entire home/apt,175,30,3,1,0,0
29478604,137358866,Queens,Sunnyside,40.73593,-73.92338,Private room,68,30,7,111,329,1
29480988,10659007,Brooklyn,Williamsburg,40.70911,-73.94168,Private room,124,30,0,1,0,0
29680716,223374565,Manhattan,Midtown,40.74295,-73.98229,Entire home/apt,249,30,24,4,330,0
29681004,15197115,Manhattan,West Village,40.73532,-74.00628,Entire home/apt,500,30,3,1,0,0
29281407,4874700,Brooklyn,Greenpoint,40.72639,-73.94652,Entire home/apt,1656,2,16,1,160,8
29482218,173685298,Manhattan,Midtown,40.75591,-73.97157,Hotel room,422,1,17,7,352,3
29487347,222081034,Brooklyn,Bedford-Stuyvesant,40.68601,-73.93455,Entire home/apt,250,3,79,1,289,5
29283634,172859639,Brooklyn,Williamsburg,40.70371,-73.93326,Entire home/apt,1000,30,4,1,0,0
29488294,70142755,Queens,Sunnyside,40.74068,-73.9248,Private room,65,5,15,3,6,12
29683293,223393782,Brooklyn,Cypress Hills,40.68979,-73.86942,Private room,60,30,13,1,0,0
29683957,18283992,Brooklyn,Williamsburg,40.71913,-73.9638,Entire home/apt,195,30,3,1,0,0
29488512,46296435,Brooklyn,Bushwick,40.70011,-73.93252,Entire home/apt,160,30,6,1,0,0
29684573,31039254,Brooklyn,East Flatbush,40.64904,-73.93517,Private room,75,1,92,1,339,19
29285414,9147223,Manhattan,Harlem,40.79971,-73.94811,Private room,150,7,26,1,310,20
29293564,137358866,Queens,Woodside,40.74368,-73.90908,Private room,69,30,4,111,310,1
29294153,137358866,Queens,Astoria,40.76829,-73.92435,Private room,82,30,2,111,250,0
29489407,61391963,Manhattan,Hell's Kitchen,40.76308,-73.98799,Entire home/apt,142,30,10,116,338,3
29489893,222098649,Queens,Jamaica,40.68511,-73.79123,Entire home/apt,123,1,339,1,75,120
29295665,3053587,Manhattan,Midtown,40.76546,-73.97689,Private room,429,3,1,1,0,0
29298335,120431726,Brooklyn,Williamsburg,40.71942,-73.94046,Private room,119,30,15,1,0,0
29301424,15586309,Brooklyn,Sunset Park,40.66333,-73.99351,Entire home/apt,70,30,9,1,0,0
29301889,105572926,Brooklyn,Crown Heights,40.67663,-73.91751,Private room,102,30,6,1,0,0
29302018,93732420,Queens,Astoria,40.76528,-73.92349,Entire home/apt,90,30,0,2,0,0
29686576,13392472,Manhattan,Lower East Side,40.71893,-73.99049,Entire home/apt,103,30,69,1,0,0
29491140,910677,Brooklyn,Prospect Heights,40.67995,-73.96526,Entire home/apt,175,130,28,1,218,3
29303036,838325,Brooklyn,Bushwick,40.69573,-73.93227,Private room,100,30,6,1,0,0
29303103,20006428,Manhattan,Midtown,40.74719,-73.98954,Entire home/apt,120,30,0,1,0,0
29304787,101499766,Queens,Springfield Gardens,40.68105,-73.7552,Private room,70,2,64,2,249,14
29491529,10323901,Manhattan,Chinatown,40.71399,-73.99157,Entire home/apt,100,30,1,1,0,0
29307957,20976078,Brooklyn,Crown Heights,40.6753,-73.95227,Private room,59,30,14,1,0,0
29308138,173685298,Manhattan,Midtown,40.75591,-73.97157,Private room,492,1,1,7,341,1
29313128,166794407,Queens,Astoria,40.76728,-73.91254,Private room,70,30,1,1,0,0
29686857,223422291,Queens,Ridgewood,40.70417,-73.9036,Entire home/apt,153,7,40,1,48,1
29492316,31994,Manhattan,Upper West Side,40.78728,-73.97381,Entire home/apt,140,30,18,1,0,0
29493581,3864301,Queens,Sunnyside,40.74303,-73.91515,Entire home/apt,121,30,2,3,179,2
29495273,818753,Manhattan,Nolita,40.72458,-73.99458,Private room,260,30,0,1,0,0
29687049,617537,Brooklyn,Bushwick,40.69447,-73.91389,Entire home/apt,235,3,86,1,11,30
29313881,86156456,Manhattan,Tribeca,40.71484,-74.0084,Entire home/apt,120,15,11,1,0,0
29317721,219784095,Brooklyn,Bedford-Stuyvesant,40.6821,-73.95447,Private room,102,2,43,1,0,10
29495933,7985095,Manhattan,Hell's Kitchen,40.76455,-73.99033,Entire home/apt,395,9,100,3,79,10
29501807,77813945,Manhattan,East Village,40.7214,-73.97959,Private room,75,4,24,1,223,17
29504717,29100568,Manhattan,Theater District,40.76248,-73.98353,Entire home/apt,170,30,1,4,0,0
29505792,183707967,Manhattan,Washington Heights,40.85207,-73.9285,Entire home/apt,90,90,21,1,0,0
29320258,89339003,Brooklyn,Bushwick,40.70355,-73.91377,Private room,75,30,6,1,0,0
29320834,9006067,Manhattan,Midtown,40.7579,-73.96783,Entire home/apt,179,30,2,2,0,0
29780863,6458347,Manhattan,Chelsea,40.7464,-74.00024,Entire home/apt,180,2,13,1,92,6
29781403,22464812,Brooklyn,Kensington,40.64196,-73.98302,Entire home/apt,133,2,87,2,250,27
29782186,107161778,Brooklyn,Crown Heights,40.66539,-73.93307,Private room,80,30,0,1,0,0
29791183,1172202,Queens,Ditmars Steinway,40.77138,-73.9076,Private room,51,30,34,4,6,1
29794270,120245209,Brooklyn,Canarsie,40.63557,-73.89422,Private room,99,2,13,3,156,0
29794702,20241112,Brooklyn,Prospect-Lefferts Gardens,40.65643,-73.95884,Entire home/apt,107,30,23,1,0,0
29687597,223426581,Manhattan,East Village,40.72735,-73.98794,Entire home/apt,399,30,46,2,0,0
29698179,324657,Brooklyn,Prospect Heights,40.67981,-73.974,Entire home/apt,100,30,19,1,0,0
29700761,1784096,Brooklyn,South Slope,40.66826,-73.99037,Entire home/apt,275,3,16,1,5,8
29701014,223504937,Staten Island,Randall Manor,40.62912,-74.12839,Entire home/apt,125,4,115,1,267,34
29701465,10843764,Brooklyn,Crown Heights,40.67058,-73.94832,Entire home/apt,250,30,1,2,0,0
29701773,5224789,Manhattan,Hell's Kitchen,40.75943,-73.98865,Entire home/apt,125,4,6,1,0,1
29701921,223511106,Manhattan,Financial District,40.7034,-74.00935,Entire home/apt,129,30,11,1,0,0
29509877,211549023,Manhattan,Midtown,40.74721,-73.98795,Entire home/apt,279,2,74,16,318,24
29512260,198730633,Manhattan,Harlem,40.81039,-73.95398,Entire home/apt,298,1,30,1,292,0
29702007,8533032,Brooklyn,Carroll Gardens,40.67532,-73.99981,Entire home/apt,140,14,22,1,66,6
29513249,222249366,Manhattan,Harlem,40.82126,-73.95265,Entire home/apt,77,30,1,1,0,0
29704561,54377368,Manhattan,Lower East Side,40.72024,-73.99227,Entire home/apt,800,30,24,1,364,5
29797522,213183791,Queens,Corona,40.74601,-73.85865,Private room,100,30,5,1,364,0
29797971,77744317,Bronx,Williamsbridge,40.88309,-73.85824,Private room,60,30,0,1,0,0
29515670,11549342,Manhattan,Harlem,40.80691,-73.95582,Entire home/apt,225,4,11,1,177,10
29798872,224190427,Manhattan,Morningside Heights,40.80378,-73.96455,Private room,79,30,16,1,0,0
29705049,82286,Brooklyn,Bedford-Stuyvesant,40.68741,-73.93711,Entire home/apt,108,3,8,1,40,5
29515916,7268300,Brooklyn,Williamsburg,40.71271,-73.9646,Private room,90,5,11,1,0,0
29516095,37510066,Brooklyn,Fort Greene,40.68701,-73.97434,Entire home/apt,149,1,74,1,0,5
29799125,57146691,Manhattan,Midtown,40.75602,-73.96954,Entire home/apt,300,30,0,1,0,0
29517676,72001588,Staten Island,West Brighton,40.62692,-74.11346,Private room,59,2,71,1,0,2
29800110,49701856,Brooklyn,Bushwick,40.69165,-73.90567,Entire home/apt,168,3,77,1,23,24
29519083,60525649,Manhattan,Hell's Kitchen,40.75535,-73.99446,Entire home/apt,185,30,17,1,0,0
29520126,11923041,Brooklyn,Williamsburg,40.71577,-73.95906,Entire home/apt,250,30,0,1,0,0
29800915,224206042,Bronx,Allerton,40.85995,-73.86234,Entire home/apt,85,5,47,1,363,2
29800927,157703622,Manhattan,Lower East Side,40.7178,-73.9912,Entire home/apt,170,30,0,2,0,0
29705207,22200018,Brooklyn,Bedford-Stuyvesant,40.68376,-73.93333,Entire home/apt,185,5,47,1,52,19
29712188,185908506,Bronx,Edenwald,40.8868,-73.83529,Private room,91,30,2,3,0,0
29712675,222179066,Brooklyn,Bedford-Stuyvesant,40.68722,-73.9239,Entire home/apt,185,1,283,1,315,32
29521683,78339088,Queens,Corona,40.75128,-73.85356,Private room,103,1,143,2,242,40
29522531,14719992,Brooklyn,Cypress Hills,40.67888,-73.89025,Private room,22,30,15,4,0,0
29535295,619942,Brooklyn,Cypress Hills,40.68782,-73.87046,Entire home/apt,73,30,17,6,73,6
29539252,222425618,Bronx,Soundview,40.81965,-73.88004,Private room,50,30,0,1,0,0
29729573,9632197,Brooklyn,Bedford-Stuyvesant,40.68225,-73.94667,Private room,95,2,42,1,36,1
29802895,194377255,Queens,East Elmhurst,40.76164,-73.88269,Private room,56,1,80,3,247,18
29804246,42676520,Manhattan,Harlem,40.80535,-73.94793,Private room,97,2,196,3,7,68
29805732,47721954,Manhattan,Upper East Side,40.7774,-73.95351,Private room,95,1,11,5,79,11
29814549,187908347,Brooklyn,Crown Heights,40.67453,-73.94789,Entire home/apt,94,4,158,2,172,58
29821998,52767716,Queens,Long Island City,40.74956,-73.93836,Private room,85,30,3,1,0,0
29541214,47022650,Manhattan,East Harlem,40.79398,-73.93574,Entire home/apt,170,4,47,5,337,19
29543433,621652,Manhattan,Upper West Side,40.78011,-73.98124,Entire home/apt,179,30,13,1,0,0
29824343,29279378,Manhattan,Harlem,40.82585,-73.94524,Entire home/apt,170,28,9,1,247,5
29546132,13040838,Brooklyn,Bedford-Stuyvesant,40.69041,-73.95449,Entire home/apt,145,3,7,1,0,4
29730504,223667060,Brooklyn,Bushwick,40.69417,-73.90715,Entire home/apt,106,30,5,1,36,0
29731625,30177875,Brooklyn,Crown Heights,40.67533,-73.95742,Entire home/apt,85,14,10,1,0,0
29546402,35944,Brooklyn,Brighton Beach,40.57684,-73.96824,Entire home/apt,170,30,0,1,0,0
29549783,222430446,Manhattan,East Village,40.72295,-73.98712,Entire home/apt,300,30,102,2,0,0
29824401,224340103,Brooklyn,Williamsburg,40.7111,-73.94843,Private room,90,25,9,2,1,0
29825681,1995636,Manhattan,Midtown,40.75868,-73.96602,Entire home/apt,225,30,0,2,0,0
29825825,224350246,Brooklyn,Bedford-Stuyvesant,40.68547,-73.91733,Entire home/apt,150,30,6,1,0,0
29827530,6856247,Brooklyn,Park Slope,40.67275,-73.97541,Entire home/apt,61,3,10,1,0,1
29828333,216634331,Manhattan,Harlem,40.82263,-73.94332,Entire home/apt,230,30,15,1,0,0
29550259,222430446,Manhattan,East Village,40.72351,-73.98864,Private room,45,30,89,2,0,0
29560068,165776960,Manhattan,Midtown,40.76049,-73.96629,Entire home/apt,145,30,0,8,214,0
29828445,19370447,Manhattan,Battery Park City,40.70886,-74.01596,Entire home/apt,120,4,9,2,0,0
29829066,179668570,Brooklyn,Williamsburg,40.71146,-73.94006,Entire home/apt,98,30,69,1,0,0
29733748,220229838,Manhattan,Midtown,40.76387,-73.97573,Hotel room,1000,30,12,11,363,0
29737067,189576498,Brooklyn,Sunset Park,40.6409,-74.01647,Private room,38,30,8,1,0,0
29738513,2219255,Brooklyn,Bergen Beach,40.6308,-73.9114,Entire home/apt,129,5,10,8,165,10
29565064,217293060,Manhattan,Greenwich Village,40.73391,-73.99629,Entire home/apt,500,31,0,3,0,0
29923619,220229838,Manhattan,Midtown,40.76188,-73.97511,Hotel room,1000,30,0,11,363,0
29923634,220229838,Manhattan,Midtown,40.76175,-73.97503,Hotel room,1000,30,1,11,363,0
29923654,220229838,Manhattan,Midtown,40.76231,-73.97467,Hotel room,1000,30,0,11,363,0
29923660,30909338,Brooklyn,Williamsburg,40.72014,-73.95985,Entire home/apt,105,30,8,1,0,0
29923697,220229838,Manhattan,Midtown,40.76208,-73.9765,Hotel room,1000,30,1,11,363,0
29929095,206229239,Queens,Jamaica,40.67761,-73.76363,Entire home/apt,86,30,26,1,6,3
29740134,30240946,Manhattan,Washington Heights,40.85055,-73.92929,Private room,50,30,0,1,0,0
29740171,45618730,Brooklyn,Bedford-Stuyvesant,40.69445,-73.94428,Private room,65,30,12,1,0,0
29754946,76327788,Manhattan,Kips Bay,40.74463,-73.97562,Entire home/apt,100,30,29,1,0,0
29831517,224384517,Brooklyn,Canarsie,40.64438,-73.89096,Private room,66,2,243,1,68,53
29832431,156948111,Brooklyn,Bedford-Stuyvesant,40.69271,-73.95142,Private room,150,30,1,1,0,0
29834597,158781381,Brooklyn,East New York,40.66202,-73.89141,Entire home/apt,100,30,21,2,180,0
29834691,224413673,Manhattan,Harlem,40.80339,-73.95204,Entire home/apt,150,30,4,1,0,0
29835041,224414117,Manhattan,Hell's Kitchen,40.75489,-73.99643,Hotel room,288,1,46,29,209,0
29835159,16398154,Brooklyn,Prospect Heights,40.67968,-73.96859,Entire home/apt,90,30,8,1,0,0
29929702,225033890,Brooklyn,East New York,40.66712,-73.88691,Entire home/apt,141,2,116,1,256,33
29844533,224461227,Manhattan,Chelsea,40.74552,-73.99921,Entire home/apt,220,30,2,1,0,0
29847492,159598333,Manhattan,Upper East Side,40.78335,-73.94685,Entire home/apt,177,30,4,12,344,2
29850004,224498087,Manhattan,Nolita,40.72306,-73.99526,Entire home/apt,130,30,0,1,0,0
29851718,117932348,Manhattan,Stuyvesant Town,40.7338,-73.98055,Entire home/apt,845,31,0,4,177,0
29851985,20491372,Queens,Rego Park,40.72872,-73.8528,Private room,69,30,1,1,0,0
29756137,215041024,Queens,Edgemere,40.5945,-73.77521,Entire home/apt,90,4,12,1,88,7
29758221,42979789,Brooklyn,Williamsburg,40.70705,-73.94063,Private room,85,30,8,1,0,0
29760740,193502084,Brooklyn,Borough Park,40.64032,-74.00412,Private room,40,30,5,8,0,0
29930787,137358866,Queens,Woodside,40.74348,-73.90795,Private room,71,30,0,111,311,0
29935981,1902578,Brooklyn,Greenpoint,40.72699,-73.95574,Entire home/apt,800,4,9,1,336,2
29937451,120245209,Brooklyn,Canarsie,40.63559,-73.89417,Entire home/apt,119,1,29,3,357,16
29939030,42213050,Queens,Long Island City,40.76255,-73.93185,Entire home/apt,280,30,0,1,0,0
29760980,223807986,Brooklyn,Vinegar Hill,40.69998,-73.98287,Entire home/apt,298,30,1,1,365,0
29855428,7849770,Queens,College Point,40.78694,-73.84824,Entire home/apt,199,1,182,1,64,1
29855796,10843764,Brooklyn,Crown Heights,40.66971,-73.94821,Private room,300,30,0,2,0,0
29857392,61649970,Manhattan,Lower East Side,40.72058,-73.98487,Entire home/apt,234,1,115,2,6,36
29942196,224715959,Queens,Jackson Heights,40.75185,-73.89053,Entire home/apt,100,5,53,1,323,23
29858126,149849302,Manhattan,Harlem,40.81195,-73.95138,Entire home/apt,230,30,3,1,0,0
29858182,216456504,Bronx,Wakefield,40.89392,-73.84427,Private room,90,2,53,3,363,5
29858919,612551,Brooklyn,Bedford-Stuyvesant,40.68394,-73.95506,Entire home/apt,190,7,4,1,0,0
29858941,216456504,Bronx,Wakefield,40.89402,-73.84437,Entire home/apt,180,2,30,3,363,7
29942321,6880682,Brooklyn,Williamsburg,40.71088,-73.9654,Entire home/apt,120,7,8,1,0,0
29874717,223620306,Brooklyn,Bushwick,40.69772,-73.91364,Shared room,85,30,0,1,0,0
29943061,81325020,Brooklyn,Bedford-Stuyvesant,40.67744,-73.92331,Entire home/apt,130,3,90,3,133,31
29943455,200239515,Queens,Woodside,40.7447,-73.89453,Private room,43,30,3,158,0,0
29944183,51248302,Manhattan,Financial District,40.70866,-74.00664,Private room,250,30,0,1,0,0
29944408,200239515,Queens,Woodside,40.74638,-73.89332,Private room,37,30,6,158,0,0
29946757,4170464,Brooklyn,Bedford-Stuyvesant,40.68943,-73.92918,Private room,60,60,2,2,363,0
29877195,113274391,Manhattan,Murray Hill,40.74812,-73.97256,Entire home/apt,200,30,0,1,0,0
29877448,162280872,Manhattan,Upper East Side,40.76163,-73.96088,Entire home/apt,180,30,6,98,261,0
29761272,223913025,Queens,Cambria Heights,40.69575,-73.74173,Private room,40,30,1,1,0,0
29775040,149929,Brooklyn,Fort Greene,40.69076,-73.97244,Private room,155,28,93,2,136,30
29776064,51338091,Manhattan,Harlem,40.82702,-73.93835,Entire home/apt,75,7,1,1,0,0
29776313,864766,Brooklyn,Park Slope,40.66897,-73.97613,Entire home/apt,80,30,11,1,0,1
29948187,77103886,Manhattan,Hell's Kitchen,40.76024,-73.9965,Private room,135,5,16,1,72,2
29878723,2494204,Brooklyn,Bedford-Stuyvesant,40.68293,-73.94868,Entire home/apt,307,3,31,1,10,7
29879085,24449433,Manhattan,East Village,40.72407,-73.98204,Entire home/apt,190,30,18,1,0,0
29880813,27494721,Brooklyn,Bedford-Stuyvesant,40.68236,-73.91969,Entire home/apt,150,30,0,1,0,0
29955067,128162460,Brooklyn,East New York,40.6698,-73.86065,Private room,96,7,1,1,180,0
29956865,34514781,Brooklyn,Crown Heights,40.6728,-73.9518,Private room,50,30,1,1,0,0
29881483,224706357,Brooklyn,Sunset Park,40.66013,-74.00207,Entire home/apt,150,3,119,2,30,33
29958350,12784820,Manhattan,West Village,40.73676,-74.00058,Entire home/apt,330,30,6,1,0,0
29881973,223715716,Manhattan,Harlem,40.8238,-73.93884,Private room,33,30,4,1,0,0
29883990,152457143,Brooklyn,Williamsburg,40.70792,-73.95422,Private room,45,30,9,1,0,0
29776797,224029433,Brooklyn,Clinton Hill,40.68304,-73.96479,Entire home/apt,250,30,43,1,124,1
29777340,3783926,Manhattan,East Village,40.72807,-73.98082,Private room,450,1,2,1,0,0
29960000,65319038,Brooklyn,Cobble Hill,40.68736,-73.99224,Entire home/apt,275,4,14,2,16,10
30062040,225912165,Brooklyn,Fort Greene,40.68534,-73.97555,Entire home/apt,195,30,0,1,0,0
30062210,225913497,Brooklyn,Bedford-Stuyvesant,40.68022,-73.90813,Private room,25,30,1,1,0,0
30062478,225913271,Manhattan,Chelsea,40.75009,-74.00176,Entire home/apt,250,5,22,1,149,9
30064021,225926055,Manhattan,Harlem,40.82251,-73.95543,Entire home/apt,115,30,1,1,0,0
30066459,10273945,Manhattan,Morningside Heights,40.80961,-73.96517,Entire home/apt,100,30,1,1,0,0
30068829,224414117,Manhattan,Hell's Kitchen,40.75682,-74.00147,Hotel room,291,1,191,29,209,89
30069021,224414117,Manhattan,Hell's Kitchen,40.75584,-73.99729,Hotel room,307,1,35,29,220,0
29884003,11907194,Manhattan,Midtown,40.74852,-73.98824,Private room,110,30,8,1,0,0
29885196,3393434,Brooklyn,Crown Heights,40.67155,-73.94798,Entire home/apt,216,30,7,1,157,1
29963179,38774068,Manhattan,Upper West Side,40.7956,-73.96276,Entire home/apt,85,365,4,1,365,0
29889800,16152090,Manhattan,Roosevelt Island,40.76422,-73.94773,Private room,125,7,11,1,251,7
29893519,174797199,Manhattan,Lower East Side,40.72128,-73.98897,Entire home/apt,119,30,11,1,0,0
30069091,225963659,Brooklyn,Bushwick,40.6956,-73.92452,Private room,59,30,0,1,0,0
30069635,101367917,Queens,Astoria,40.76718,-73.92253,Private room,120,30,4,1,0,0
30071646,38250051,Brooklyn,Sunset Park,40.6615,-73.99475,Private room,50,30,4,1,0,0
29963540,52357574,Brooklyn,Bushwick,40.69946,-73.91327,Private room,60,30,2,1,0,0
29963575,225283096,Queens,Rosedale,40.65679,-73.72956,Private room,55,30,112,2,280,0
30071972,192181166,Brooklyn,Williamsburg,40.70713,-73.94156,Private room,45,150,2,2,0,0
30082832,226048286,Brooklyn,Clinton Hill,40.69509,-73.96605,Entire home/apt,536,3,148,1,255,50
29897019,224808776,Manhattan,Greenwich Village,40.72956,-74.0004,Entire home/apt,360,4,106,1,204,47
29897123,218959287,Brooklyn,Crown Heights,40.67553,-73.94655,Entire home/apt,83,30,0,1,0,0
29897445,224812047,Queens,Woodhaven,40.69677,-73.85449,Entire home/apt,100,30,0,1,0,0
29897911,224815152,Manhattan,Hell's Kitchen,40.75565,-73.99635,Private room,179,30,22,10,365,0
29898471,224806557,Brooklyn,Greenpoint,40.71922,-73.95386,Entire home/apt,295,30,6,1,0,0
29901044,20220433,Brooklyn,Cobble Hill,40.68566,-73.99917,Entire home/apt,250,30,0,1,280,0
29902392,51746762,Manhattan,Harlem,40.82143,-73.94113,Entire home/apt,75,30,0,1,0,0
29964050,128230715,Brooklyn,Crown Heights,40.67815,-73.94819,Entire home/apt,180,30,4,1,0,0
29964348,2039658,Manhattan,Upper East Side,40.76461,-73.96662,Entire home/apt,3600,31,0,1,358,0
29903897,222581357,Brooklyn,Bushwick,40.69159,-73.91556,Private room,42,31,83,3,319,4
29904305,222581357,Brooklyn,Bushwick,40.69159,-73.91556,Private room,40,31,61,3,281,5
29904478,222581357,Brooklyn,Bushwick,40.69159,-73.91556,Private room,43,31,57,3,229,6
29904741,16677326,Manhattan,Chelsea,40.74865,-73.99565,Private room,89,1,157,22,317,81
29905155,201940587,Brooklyn,Columbia St,40.688892,-73.999565,Entire home/apt,210,2,108,1,1,43
29906233,224874182,Bronx,West Farms,40.83865,-73.87186,Shared room,31,30,0,1,0,0
30082958,73183897,Staten Island,Dongan Hills,40.58389,-74.10492,Entire home/apt,113,3,60,1,26,21
30083825,1688742,Manhattan,Upper East Side,40.77813,-73.95703,Private room,90,30,0,1,0,0
30084665,37401126,Brooklyn,East Flatbush,40.64167,-73.93966,Private room,67,1,136,3,360,49
30086614,3147746,Manhattan,Washington Heights,40.84536,-73.93644,Private room,29,30,2,1,0,1
30087377,14379366,Manhattan,West Village,40.73632,-74.00672,Entire home/apt,427,30,23,1,195,9
30088310,2723489,Manhattan,Upper West Side,40.80211,-73.97015,Private room,130,30,3,1,0,0
30088906,226088610,Manhattan,Upper East Side,40.77011,-73.95208,Entire home/apt,250,30,0,1,0,0
30089134,225616368,Queens,Maspeth,40.73645,-73.90322,Entire home/apt,166,30,32,1,0,0
29964495,4980714,Brooklyn,Sunset Park,40.6602,-73.99297,Entire home/apt,100,30,1,1,0,0
30089412,156481014,Brooklyn,Clinton Hill,40.68377,-73.96093,Entire home/apt,232,2,77,1,121,30
29906282,67480949,Queens,East Elmhurst,40.75667,-73.88904,Entire home/apt,142,2,138,1,262,55
29907089,174976495,Queens,College Point,40.78543,-73.85586,Private room,37,30,11,1,0,0
29907852,224885898,Brooklyn,Bedford-Stuyvesant,40.6831,-73.9198,Entire home/apt,125,30,19,1,0,0
29965041,7898626,Manhattan,Midtown,40.75806,-73.96756,Private room,95,30,15,1,0,0
29908937,141754466,Brooklyn,Sheepshead Bay,40.60751,-73.94463,Entire home/apt,229,1,5,1,65,5
29909077,224892300,Brooklyn,Prospect-Lefferts Gardens,40.66093,-73.94038,Private room,113,30,4,1,0,0
29921568,42295490,Manhattan,Chinatown,40.71617,-73.99406,Private room,64,3,6,2,0,0
29965481,116995217,Queens,Howard Beach,40.65653,-73.832,Entire home/apt,262,2,320,1,283,75
29922930,64802660,Manhattan,Midtown,40.76438,-73.98127,Entire home/apt,150,184,0,2,0,0
29923198,64802660,Manhattan,Midtown,40.76504,-73.98163,Entire home/apt,160,153,0,2,0,0
29923252,43044876,Queens,Woodside,40.7465,-73.89963,Private room,25,28,4,5,0,0
29923522,220229838,Manhattan,Midtown,40.76187,-73.97658,Hotel room,1000,30,1,11,363,0
29923537,220229838,Manhattan,Midtown,40.76174,-73.97564,Hotel room,1000,30,0,11,363,0
29923555,220229838,Manhattan,Midtown,40.76214,-73.97634,Hotel room,1000,30,0,11,363,0
29923582,220229838,Manhattan,Midtown,40.7618,-73.97643,Hotel room,1000,30,0,11,363,0
29923599,220229838,Manhattan,Midtown,40.76176,-73.97659,Hotel room,1000,30,1,11,363,0
30201476,107434423,Manhattan,Tribeca,40.71579,-74.00587,Entire home/apt,348,31,2,453,240,0
30089955,50046186,Manhattan,Midtown,40.74947,-73.98493,Entire home/apt,395,30,1,1,0,0
29966192,221442773,Bronx,Pelham Bay,40.84509,-73.83223,Entire home/apt,98,30,22,1,0,0
29967433,225313172,Manhattan,Washington Heights,40.83129,-73.94183,Private room,55,2,34,1,39,19
30091313,225889604,Queens,Flushing,40.76489,-73.82954,Private room,78,1,34,3,79,11
30091911,16768238,Manhattan,Hell's Kitchen,40.76456,-73.98751,Entire home/apt,250,6,24,1,0,15
30092606,224414117,Manhattan,Hell's Kitchen,40.75494,-73.99649,Hotel room,307,1,38,29,220,1
30205956,16081505,Brooklyn,Williamsburg,40.71645,-73.96364,Entire home/apt,280,2,29,1,0,7
29968478,78110875,Queens,Rego Park,40.72915,-73.85275,Entire home/apt,140,30,10,1,0,0
29981480,225400206,Manhattan,Midtown,40.75564,-73.97173,Private room,175,30,67,3,0,0
30206047,213586067,Manhattan,Upper East Side,40.78434855487936,-73.9539093988887,Entire home/apt,1000,5,2,1,123,2
30208447,214180580,Manhattan,East Village,40.72811,-73.98306,Entire home/apt,180,3,10,1,38,10
30210441,226906712,Manhattan,Harlem,40.80601,-73.95013,Private room,150,30,0,1,0,0
30212188,224414117,Manhattan,Hell's Kitchen,40.75473,-73.9967,Hotel room,291,1,74,29,209,22
30212514,224414117,Manhattan,Hell's Kitchen,40.75546,-73.99669,Hotel room,307,1,16,29,220,0
30212741,19303369,Queens,Jackson Heights,40.74945,-73.89561,Private room,43,30,1,175,0,0
30213232,204704622,Queens,Elmhurst,40.73863,-73.87711,Private room,35,30,5,157,0,0
30213410,204704622,Queens,Elmhurst,40.74064,-73.87626,Private room,39,30,5,157,0,0
30215130,27245607,Manhattan,West Village,40.73352,-74.00306,Entire home/apt,165,30,2,1,0,0
30093843,2286764,Queens,Woodside,40.75517,-73.90595,Entire home/apt,144,1,132,1,7,42
30096719,188896,Brooklyn,Clinton Hill,40.68837,-73.96816,Entire home/apt,124,1,193,1,251,78
30101694,4750332,Manhattan,Hell's Kitchen,40.75916,-73.99344,Entire home/apt,800,180,0,1,0,0
29981728,38392972,Brooklyn,Bushwick,40.70064,-73.91453,Entire home/apt,83,30,4,1,0,0
30227054,50240612,Manhattan,Midtown,40.74929,-73.98528,Entire home/apt,275,30,7,1,0,0
30229561,227021565,Manhattan,Harlem,40.8269,-73.93908,Private room,35,1,28,1,0,0
30229988,73839962,Manhattan,Midtown,40.75437,-73.9681,Entire home/apt,350,30,1,1,0,0
30231026,86171061,Manhattan,Hell's Kitchen,40.7602,-73.99576,Entire home/apt,275,30,5,1,0,0
29981890,224954032,Manhattan,East Harlem,40.80771,-73.9388,Entire home/apt,180,30,54,1,0,0
30104723,226201658,Brooklyn,Williamsburg,40.70811,-73.9503,Entire home/apt,192,30,14,3,41,2
29982192,8246221,Brooklyn,Prospect-Lefferts Gardens,40.6611,-73.94949,Entire home/apt,105,30,1,1,0,0
29982557,197286,Brooklyn,Williamsburg,40.71808,-73.94484,Entire home/apt,189,30,56,1,0,0
29983923,225400206,Manhattan,Midtown,40.75651,-73.96978,Shared room,100,30,24,3,0,0
29984607,225400206,Manhattan,Midtown,40.75563,-73.97147,Private room,135,30,76,3,0,0
29987700,11729215,Manhattan,Lower East Side,40.71287,-73.97723,Entire home/apt,189,30,3,1,0,0
29990120,224711473,Manhattan,Upper West Side,40.78180103372411,-73.98222440880397,Entire home/apt,256,3,0,1,83,0
29990168,9864136,Brooklyn,Bushwick,40.68653,-73.91388,Entire home/apt,89,30,8,28,98,0
29993012,23952383,Brooklyn,Park Slope,40.67123,-73.9779,Entire home/apt,75,30,12,1,173,2
29994675,225489491,Brooklyn,Bedford-Stuyvesant,40.67734,-73.90816,Private room,55,30,11,1,0,0
30105137,226205088,Manhattan,Harlem,40.80255,-73.94731,Entire home/apt,130,14,33,2,135,9
30106162,407922,Manhattan,Tribeca,40.71839,-74.00668,Private room,70,30,2,1,0,0
30106990,224815152,Manhattan,Hell's Kitchen,40.75636,-73.99809,Private room,199,30,24,10,365,0
30107262,226205088,Manhattan,Harlem,40.80437,-73.94878,Entire home/apt,125,30,31,2,77,1
30108247,7285648,Manhattan,Chelsea,40.7445,-74.0056,Private room,130,30,1,3,0,0
30231630,227037845,Queens,Maspeth,40.73852,-73.90696,Entire home/apt,118,2,185,3,274,56
30231880,2647893,Manhattan,Greenwich Village,40.72956,-74.00088,Entire home/apt,325,8,19,1,6,10
29995362,173990320,Queens,Hollis,40.7152,-73.76813,Entire home/apt,100,3,86,1,132,3
30232126,107915864,Queens,Howard Beach,40.6685,-73.85166,Entire home/apt,99,1,67,2,317,12
30232758,6004082,Brooklyn,Bushwick,40.69507,-73.92231,Entire home/apt,147,30,25,1,0,0
30236202,8998154,Brooklyn,Bushwick,40.69232,-73.92412,Entire home/apt,129,3,106,4,50,27
30109916,22694324,Bronx,Allerton,40.87005,-73.84729,Entire home/apt,115,1,191,1,204,105
30112494,225971717,Manhattan,Harlem,40.82394,-73.95342,Entire home/apt,100,30,4,1,0,0
30113594,10082935,Manhattan,Little Italy,40.71782,-73.99935,Entire home/apt,95,30,1,1,0,0
30120427,50319699,Queens,Astoria,40.7707,-73.92178,Entire home/apt,140,30,2,1,0,0
30121473,2356449,Brooklyn,Bedford-Stuyvesant,40.68804,-73.91993,Private room,45,30,1,2,0,0
29995668,8245652,Brooklyn,Bushwick,40.6952,-73.90901,Private room,60,30,6,3,0,0
29995977,2458913,Brooklyn,Bushwick,40.70334,-73.9205,Private room,40,30,1,1,0,0
30122033,38140449,Manhattan,Upper West Side,40.77156,-73.99097,Entire home/apt,375,30,1,1,0,0
30122474,41217631,Manhattan,Chinatown,40.71463,-73.99873,Private room,65,1,39,2,0,0
30244166,225429345,Manhattan,Midtown,40.75203,-73.96991,Entire home/apt,260,30,10,1,0,0
29996581,21641228,Brooklyn,Bushwick,40.69304208551313,-73.90673042227466,Entire home/apt,308,2,12,1,45,12
30246925,24074171,Manhattan,NoHo,40.72481,-73.99242,Entire home/apt,410,3,2,1,252,2
30249168,27126531,Manhattan,Upper West Side,40.77652,-73.97803,Entire home/apt,120,30,3,1,0,0
30251760,29688249,Manhattan,Harlem,40.82679,-73.94317,Private room,122,30,19,1,304,0
30123494,11869986,Brooklyn,Crown Heights,40.67287,-73.9596,Entire home/apt,210,30,1,1,0,0
30124398,4077993,Brooklyn,Crown Heights,40.6771,-73.94228,Entire home/apt,225,7,5,3,0,1
30125523,120762452,Manhattan,Murray Hill,40.74832,-73.97737,Entire home/apt,175,30,7,83,365,2
30125569,114673570,Manhattan,East Harlem,40.80938,-73.93922,Private room,77,30,0,1,0,0
30125704,120762452,Manhattan,Murray Hill,40.74926,-73.97643,Entire home/apt,175,30,4,83,365,3
30126088,178473107,Manhattan,Harlem,40.83054,-73.94692,Private room,155,1,4,6,0,1
30126274,216903925,Manhattan,Washington Heights,40.83873,-73.94163,Entire home/apt,99,30,2,1,0,0
30127231,224706357,Brooklyn,Sunset Park,40.66037,-74.00015,Entire home/apt,150,3,10,2,292,10
29996902,224414117,Manhattan,Hell's Kitchen,40.75672,-73.99691,Hotel room,285,1,57,29,217,1
30003335,225530795,Staten Island,West Brighton,40.6286,-74.11558,Private room,60,30,20,3,194,0
30129734,221844597,Queens,St. Albans,40.68909,-73.76596,Entire home/apt,72,1,232,2,283,72
30129898,45319780,Brooklyn,Williamsburg,40.7082,-73.94094,Entire home/apt,200,30,0,1,0,0
30129959,195452338,Manhattan,Harlem,40.80911,-73.94146,Private room,30,30,2,1,0,0
30131807,226414996,Queens,Ditmars Steinway,40.77157,-73.90621,Entire home/apt,75,3,1,2,0,0
30132508,182990602,Brooklyn,Clinton Hill,40.69249,-73.96755,Entire home/apt,231,2,172,1,146,48
30143717,46068130,Manhattan,Flatiron District,40.74424,-73.99051,Entire home/apt,495,30,6,2,0,0
30152177,217293060,Manhattan,Greenwich Village,40.73294,-73.99795,Entire home/apt,299,30,0,3,0,0
30252034,227179489,Manhattan,Roosevelt Island,40.7633,-73.94992,Private room,95,3,179,2,152,37
30252158,227165163,Brooklyn,Kensington,40.64446,-73.97427,Private room,85,30,1,1,0,0
30003453,218627196,Brooklyn,South Slope,40.66282,-73.98226,Entire home/apt,179,2,84,1,37,45
30006962,107434423,Manhattan,Financial District,40.705579,-74.008378,Entire home/apt,341,31,1,453,324,0
30007128,157410883,Brooklyn,Bushwick,40.69545,-73.92311,Entire home/apt,146,2,158,1,252,55
30254229,3624487,Brooklyn,Crown Heights,40.67211,-73.91404,Entire home/apt,151,3,141,1,133,52
30255625,7340654,Brooklyn,Williamsburg,40.7116,-73.94813,Private room,71,30,9,1,0,0
30154255,19168930,Manhattan,East Village,40.73316,-73.98824,Entire home/apt,495,30,21,1,263,2
30156697,27636707,Manhattan,West Village,40.73275,-74.00549,Entire home/apt,143,30,46,7,251,3
30156908,27636707,Manhattan,West Village,40.73275,-74.00549,Entire home/apt,143,30,38,7,284,3
30158061,8189649,Brooklyn,Williamsburg,40.71918,-73.94428,Private room,90,30,0,1,0,0
30159356,57328653,Manhattan,Midtown,40.75846,-73.96436,Private room,70,60,0,2,0,0
30161160,224414117,Manhattan,Hell's Kitchen,40.75675,-73.99681,Hotel room,307,1,47,29,220,12
30161460,224414117,Manhattan,Hell's Kitchen,40.75666,-73.99856,Hotel room,307,1,57,29,220,12
30161645,224414117,Manhattan,Hell's Kitchen,40.75675,-73.99698,Hotel room,285,1,174,29,217,111
30161866,224414117,Manhattan,Hell's Kitchen,40.75691,-73.99788,Hotel room,291,1,145,29,209,82
30162689,1556814,Manhattan,Harlem,40.81438,-73.94043,Entire home/apt,200,30,0,10,295,0
30169107,41091852,Brooklyn,Bedford-Stuyvesant,40.69116,-73.94356,Private room,115,1,66,1,129,5
30169470,1384016,Manhattan,Lower East Side,40.71623,-73.98541,Private room,196,2,16,1,63,7
30008427,18103903,Manhattan,SoHo,40.72268,-74.00472,Entire home/apt,456,5,8,1,21,3
30171467,226664611,Queens,South Ozone Park,40.67907,-73.81415,Entire home/apt,89,3,77,2,343,11
30173864,49589973,Brooklyn,Fort Greene,40.68879,-73.97262,Private room,70,30,3,1,0,0
30255663,58344344,Brooklyn,Bushwick,40.6988,-73.9377,Private room,27,30,8,1,0,0
30263903,105878573,Brooklyn,East New York,40.66544,-73.88879,Private room,67,1,70,6,153,25
30264393,105878573,Brooklyn,East New York,40.66699,-73.88915,Private room,52,1,130,6,0,29
30264512,105878573,Brooklyn,East New York,40.66575,-73.88905,Private room,68,1,97,6,170,32
30011527,32708211,Brooklyn,Bedford-Stuyvesant,40.68995,-73.95578,Entire home/apt,154,2,198,7,267,56
30012164,30466297,Brooklyn,Clinton Hill,40.68528,-73.96269,Entire home/apt,500,30,13,1,0,0
30265098,3445172,Brooklyn,Prospect-Lefferts Gardens,40.66393,-73.95038,Private room,50,30,2,1,0,0
30012632,87167456,Brooklyn,Williamsburg,40.7187,-73.9492,Private room,55,30,2,1,0,0
30268825,227309215,Manhattan,Nolita,40.72026,-73.99441,Entire home/apt,150,30,11,1,168,4
30274568,157141199,Manhattan,Inwood,40.86158,-73.92563,Private room,100,30,2,2,0,0
30174397,21500972,Bronx,Fordham,40.85565,-73.90143,Private room,103,3,17,3,332,17
30175521,100935364,Brooklyn,Boerum Hill,40.68352,-73.98011,Private room,44,30,3,2,0,0
30175606,9864136,Brooklyn,Bushwick,40.68587,-73.91357,Private room,50,30,0,28,341,0
30182137,61391963,Manhattan,Upper East Side,40.77364,-73.95701,Entire home/apt,142,30,10,116,312,3
30183115,39329047,Manhattan,Hell's Kitchen,40.76238,-73.99805,Entire home/apt,150,30,4,1,0,0
30183428,11547083,Manhattan,Upper West Side,40.7983,-73.96204,Entire home/apt,165,2,35,1,0,13
30184570,188477517,Brooklyn,Williamsburg,40.7106,-73.95883,Private room,150,30,1,1,0,0
30186549,145248567,Brooklyn,Prospect-Lefferts Gardens,40.66333,-73.95191,Entire home/apt,128,3,169,1,125,46
30187850,226772729,Manhattan,Upper West Side,40.79455,-73.96403,Private room,120,30,1,1,0,0
30015658,220601248,Manhattan,Lower East Side,40.7175,-73.98903,Private room,95,30,40,2,0,0
30018946,14482375,Brooklyn,Greenpoint,40.72106,-73.94367,Entire home/apt,147,30,0,3,0,0
30019180,35381438,Manhattan,Harlem,40.8169,-73.94024,Entire home/apt,100,30,11,1,0,0
30019511,17022165,Manhattan,Lower East Side,40.71986,-73.98929,Private room,176,2,83,1,143,16
30198386,226769067,Queens,Flushing,40.75995,-73.80599,Entire home/apt,69,2,265,1,64,70
30020524,36560763,Manhattan,Lower East Side,40.71758,-73.98637,Entire home/apt,300,6,1,1,0,0
30021914,153817,Bronx,Pelham Gardens,40.86347,-73.84128,Entire home/apt,71,2,90,1,349,17
30198546,3612745,Manhattan,Lower East Side,40.71828,-73.99106,Private room,150,30,35,1,57,1
30023607,29217011,Manhattan,Lower East Side,40.72138,-73.98447,Private room,100,30,2,1,0,0
30027892,91851098,Brooklyn,Prospect Heights,40.67976,-73.97109,Entire home/apt,247,3,37,2,80,24
30200473,226838925,Queens,Glendale,40.69589,-73.8976,Private room,36,30,5,1,0,0
30200487,78971832,Manhattan,Upper East Side,40.76804,-73.95945,Private room,73,30,0,1,0,0
30200744,6404225,Brooklyn,Prospect Heights,40.68102,-73.97331,Entire home/apt,150,3,19,1,0,16
30361847,40480205,Brooklyn,Park Slope,40.68245,-73.97713,Entire home/apt,130,90,13,1,142,4
30275273,227385012,Brooklyn,Bedford-Stuyvesant,40.68695,-73.95168,Private room,51,1,3,1,0,0
30031616,107434423,Manhattan,Upper East Side,40.7723353,-73.950981,Entire home/apt,454,31,0,453,340,0
30033284,107434423,Manhattan,Financial District,40.705579,-74.008378,Entire home/apt,323,31,0,453,333,0
30034070,211549023,Manhattan,Midtown,40.74619,-73.9871,Entire home/apt,226,2,49,16,339,14
30035973,160493366,Queens,Ditmars Steinway,40.76923,-73.8961,Entire home/apt,80,30,7,1,0,0
30038208,225706084,Brooklyn,Prospect-Lefferts Gardens,40.65774,-73.95846,Entire home/apt,145,2,91,1,120,7
30279712,225367154,Brooklyn,Brownsville,40.65493,-73.91201,Entire home/apt,98,2,76,1,255,30
30367011,183967887,Brooklyn,Williamsburg,40.71284,-73.93748,Private room,48,30,5,1,0,0
30041537,224315550,Brooklyn,Williamsburg,40.7089,-73.96469,Private room,70,2,80,2,0,0
30043083,225790094,Brooklyn,East Flatbush,40.64994,-73.92874,Private room,48,1,14,3,0,0
30367591,68871239,Manhattan,Hell's Kitchen,40.7579,-73.99125,Private room,250,30,0,1,173,0
30369751,206960083,Manhattan,Upper West Side,40.78482,-73.97704,Private room,150,30,1,1,0,0
30369889,107434423,Manhattan,Theater District,40.7607614,-73.98610550000001,Entire home/apt,323,31,0,453,237,0
30370565,172895347,Queens,Jackson Heights,40.75336,-73.8833,Private room,60,30,2,2,0,0
30371626,76396985,Brooklyn,Crown Heights,40.67613,-73.93323,Private room,47,30,3,3,148,0
30373102,24762196,Manhattan,Washington Heights,40.84713,-73.93926,Private room,50,30,3,1,0,0
30373480,1723475,Manhattan,Lower East Side,40.71869,-73.98434,Entire home/apt,228,4,48,1,0,0
30374290,19868844,Brooklyn,Williamsburg,40.71038,-73.95921,Private room,100,2,17,1,0,0
30374563,228104837,Brooklyn,Williamsburg,40.71126,-73.96263,Entire home/apt,195,30,24,1,0,0
30375487,1907427,Brooklyn,Park Slope,40.6808,-73.97988,Entire home/apt,140,30,0,1,0,0
30376416,143084679,Queens,Flushing,40.74492,-73.83565,Private room,40,30,16,2,0,0
30283940,128721938,Manhattan,Kips Bay,40.74252,-73.97811,Entire home/apt,175,30,4,1,0,0
30284324,214135354,Manhattan,Upper East Side,40.77752,-73.95336,Shared room,70,1,190,3,313,51
30043966,133723890,Brooklyn,Bedford-Stuyvesant,40.68721,-73.92617,Entire home/apt,185,1,69,1,292,29
30378211,200401254,Manhattan,Greenwich Village,40.73152,-74.00052,Shared room,31,999,0,1,0,0
30378982,3042136,Brooklyn,Carroll Gardens,40.68373,-73.98995,Entire home/apt,310,7,90,2,292,22
30046573,3896863,Manhattan,Chelsea,40.74296,-73.99838,Entire home/apt,199,2,140,1,15,55
30383237,20790185,Manhattan,Midtown,40.74718,-73.9847,Private room,113,4,6,1,33,6
30387064,107434423,Manhattan,West Village,40.729222,-74.002791,Entire home/apt,423,31,0,453,275,0
30387132,107434423,Manhattan,Tribeca,40.71579,-74.00587,Entire home/apt,452,31,1,453,355,0
30387196,107434423,Manhattan,Theater District,40.7607614,-73.98610550000001,Entire home/apt,453,31,0,453,0,0
30387218,107434423,Manhattan,Upper East Side,40.7633888,-73.9596248,Entire home/apt,360,31,0,453,36,0
30387263,107434423,Manhattan,Tribeca,40.714,-74.00956,Entire home/apt,456,31,0,453,0,0
30387377,107434423,Manhattan,Chelsea,40.74194,-73.99499,Entire home/apt,675,31,1,453,0,0
30387425,107434423,Manhattan,Chelsea,40.73816889999999,-73.9970633,Entire home/apt,333,31,1,453,230,0
30387445,107434423,Manhattan,Hell's Kitchen,40.76304,-73.98697,Entire home/apt,331,31,0,453,292,0
30387495,107434423,Manhattan,Upper West Side,40.777553,-73.9834589,Entire home/apt,350,31,1,453,205,0
30387553,107434423,Manhattan,Kips Bay,40.74572250000001,-73.9798618,Entire home/apt,641,31,0,453,343,0
30387648,107434423,Manhattan,Tribeca,40.71579,-74.00587,Entire home/apt,402,31,0,453,129,0
30387788,107434423,Manhattan,Theater District,40.7607614,-73.98610550000001,Entire home/apt,383,31,0,453,141,0
30387820,107434423,Manhattan,Chelsea,40.7383733,-73.9967525,Entire home/apt,444,31,1,453,17,0
30387838,107434423,Manhattan,West Village,40.729222,-74.002791,Entire home/apt,398,31,1,453,311,0
30387856,107434423,Manhattan,West Village,40.729222,-74.002791,Entire home/apt,415,31,1,453,238,0
30387885,107434423,Manhattan,Theater District,40.7607614,-73.98610550000001,Entire home/apt,378,31,0,453,117,0
30387916,107434423,Manhattan,Tribeca,40.71579,-74.00587,Entire home/apt,305,31,1,453,333,1
30387983,107434423,Manhattan,Theater District,40.7607614,-73.98610550000001,Entire home/apt,488,31,0,453,272,0
30388011,107434423,Manhattan,Theater District,40.7607614,-73.98610550000001,Entire home/apt,381,31,0,453,270,0
30388079,107434423,Manhattan,Upper West Side,40.78969,-73.9744,Entire home/apt,341,31,1,453,277,0
30388225,107434423,Manhattan,East Village,40.72209,-73.98487,Entire home/apt,610,31,0,453,362,0
30388313,107434423,Manhattan,Kips Bay,40.74572250000001,-73.9798618,Entire home/apt,388,31,0,453,328,0
30388449,107434423,Manhattan,Chelsea,40.7383733,-73.9967525,Entire home/apt,399,31,0,453,332,0
30388528,107434423,Manhattan,Tribeca,40.713833,-74.010242,Entire home/apt,431,31,0,453,351,0
30388552,107434423,Manhattan,Hell's Kitchen,40.76304,-73.98697,Entire home/apt,313,31,0,453,0,0
30388587,107434423,Manhattan,Upper West Side,40.777553,-73.9834589,Entire home/apt,335,31,0,453,233,0
30388750,107434423,Manhattan,Midtown,40.75262,-73.989752,Entire home/apt,296,31,0,453,314,0
30388944,107434423,Manhattan,Theater District,40.7607614,-73.98610550000001,Entire home/apt,426,31,0,453,48,0
30388999,107434423,Manhattan,Chelsea,40.7383733,-73.9967525,Entire home/apt,360,31,0,453,185,0
30389026,107434423,Manhattan,Murray Hill,40.74885,-73.97319,Entire home/apt,315,31,0,453,175,0
30389066,107434423,Manhattan,Chelsea,40.7383733,-73.9967525,Entire home/apt,792,31,0,453,341,0
30389115,107434423,Manhattan,East Village,40.73099089999999,-73.98844360000001,Entire home/apt,555,31,0,453,0,0
30389147,107434423,Manhattan,Chelsea,40.7383733,-73.9967525,Entire home/apt,685,31,1,453,0,0
30389192,107434423,Manhattan,Financial District,40.705579,-74.008378,Entire home/apt,278,31,2,453,264,0
30389263,107434423,Manhattan,Kips Bay,40.74021949999999,-73.9795651,Entire home/apt,350,31,1,453,296,0
30389280,107434423,Manhattan,Financial District,40.705579,-74.008378,Entire home/apt,331,31,0,453,308,0
30389441,107434423,Manhattan,Tribeca,40.71579,-74.00587,Entire home/apt,305,31,0,453,326,0
30285772,5937189,Queens,Ridgewood,40.70262,-73.90328,Private room,150,3,12,1,0,0
30291283,2334794,Manhattan,East Village,40.72752,-73.97655,Entire home/apt,99,30,8,1,128,2
30292232,8120005,Brooklyn,Greenpoint,40.72401,-73.9456,Entire home/apt,100,30,2,1,0,0
30294304,37088780,Brooklyn,Williamsburg,40.71107,-73.95821,Private room,50,10,4,1,0,0
30046737,225813251,Queens,St. Albans,40.69788,-73.76644,Entire home/apt,132,30,100,1,0,0
30296168,3567433,Brooklyn,Bushwick,40.69139,-73.90813,Private room,37,30,66,2,0,0
30307336,137358866,Queens,Woodside,40.74516,-73.90594,Private room,89,30,4,111,355,3
30047371,59240650,Manhattan,Washington Heights,40.85969,-73.92576,Private room,86,30,5,1,0,0
30308289,125508339,Manhattan,Upper West Side,40.80098,-73.96911,Entire home/apt,225,30,48,1,125,5
30311099,220734035,Brooklyn,Williamsburg,40.70199,-73.94338,Private room,60,30,0,1,0,0
30312525,6002231,Manhattan,Harlem,40.81888,-73.93699,Private room,59,90,0,1,89,0
30312807,3390942,Queens,Ditmars Steinway,40.77517,-73.90711,Private room,55,3,11,1,0,0
30313152,163251048,Manhattan,Hell's Kitchen,40.76153,-73.99878,Entire home/apt,755,30,0,30,344,0
30313661,163251048,Manhattan,Hell's Kitchen,40.761532,-73.998779,Entire home/apt,778,30,0,30,334,0
30314104,163251048,Manhattan,Hell's Kitchen,40.761532,-73.998779,Entire home/apt,755,30,0,30,344,0
30314337,163251048,Manhattan,Hell's Kitchen,40.761532,-73.998779,Entire home/apt,545,30,0,30,360,0
30314623,163251048,Manhattan,Hell's Kitchen,40.761532,-73.998779,Entire home/apt,545,30,0,30,360,0
30391955,228213504,Queens,Jamaica,40.69531,-73.80025,Private room,40,30,0,1,0,0
30392543,107434423,Manhattan,Theater District,40.7607614,-73.98610550000001,Entire home/apt,300,31,1,453,326,1
30392649,107434423,Manhattan,Kips Bay,40.740508,-73.9783475,Entire home/apt,417,31,1,453,0,0
30392677,107434423,Manhattan,Theater District,40.7607614,-73.98610550000001,Entire home/apt,325,31,0,453,290,0
30392780,107434423,Manhattan,Midtown,40.75262,-73.989752,Entire home/apt,334,31,0,453,113,0
30392806,107434423,Manhattan,Tribeca,40.713833,-74.010242,Entire home/apt,384,31,0,453,332,0
30392834,107434423,Manhattan,West Village,40.729222,-74.002791,Entire home/apt,310,31,0,453,271,0
30392874,107434423,Manhattan,Theater District,40.7607614,-73.98610550000001,Entire home/apt,312,31,0,453,311,0
30392909,107434423,Manhattan,Murray Hill,40.748405,-73.979865,Entire home/apt,279,31,0,453,323,0
30392930,107434423,Manhattan,Tribeca,40.71579,-74.00587,Entire home/apt,318,31,1,453,323,0
30392986,107434423,Manhattan,Chelsea,40.7383733,-73.9967525,Entire home/apt,440,31,0,453,279,0
30393018,107434423,Manhattan,Tribeca,40.71579,-74.00587,Entire home/apt,318,31,0,453,312,0
30393045,107434423,Manhattan,Kips Bay,40.7407633,-73.9781758,Entire home/apt,409,31,0,453,0,0
30393171,107434423,Manhattan,Financial District,40.70803,-74.014869,Entire home/apt,294,31,1,453,150,0
30393194,107434423,Manhattan,West Village,40.72922,-74.00279,Entire home/apt,519,31,0,453,94,0
30393286,107434423,Manhattan,Hell's Kitchen,40.76116,-73.99774,Entire home/apt,507,31,0,453,325,0
30393322,107434423,Manhattan,Financial District,40.7056,-74.00878,Entire home/apt,394,31,0,453,0,0
30393377,107434423,Manhattan,Theater District,40.7607614,-73.98610550000001,Entire home/apt,345,31,3,453,201,0
30393414,107434423,Manhattan,Upper East Side,40.77595,-73.95559,Entire home/apt,408,31,0,453,176,0
30393427,228223819,Queens,Ridgewood,40.70964,-73.90959,Private room,100,30,3,1,0,0
30393497,107434423,Manhattan,Upper West Side,40.777553,-73.9834589,Entire home/apt,382,31,0,453,131,0
30393555,107434423,Manhattan,Upper West Side,40.777553,-73.9834589,Entire home/apt,812,31,0,453,351,0
30393583,107434423,Manhattan,Chelsea,40.7383733,-73.9967525,Entire home/apt,492,31,0,453,248,0
30393609,107434423,Manhattan,Financial District,40.707902,-74.006161,Entire home/apt,253,31,1,453,330,0
30393638,107434423,Manhattan,Theater District,40.7607614,-73.98610550000001,Entire home/apt,351,31,0,453,161,0
30393689,107434423,Manhattan,East Village,40.72209,-73.98487,Entire home/apt,425,31,0,453,278,0
30393759,107434423,Manhattan,West Village,40.729222,-74.002791,Entire home/apt,333,31,0,453,208,0
30053410,225853788,Brooklyn,Brighton Beach,40.58221,-73.96683,Private room,60,30,1,1,250,0
30393798,16051761,Brooklyn,Downtown Brooklyn,40.69757,-73.98446,Entire home/apt,175,30,0,1,0,0
30393853,49282603,Brooklyn,Bedford-Stuyvesant,40.69023,-73.92589,Entire home/apt,130,30,5,1,0,0
30393882,107434423,Manhattan,Financial District,40.705579,-74.008378,Entire home/apt,270,31,0,453,294,0
30393896,107434423,Manhattan,Tribeca,40.715793,-74.005871,Entire home/apt,348,31,0,453,219,0
30393944,107434423,Manhattan,Upper West Side,40.777553,-73.9834589,Entire home/apt,521,31,0,453,247,0
30393998,107434423,Manhattan,Theater District,40.7607614,-73.98610550000001,Entire home/apt,369,31,1,453,152,0
30394053,107434423,Manhattan,Theater District,40.7607614,-73.98610550000001,Entire home/apt,410,31,0,453,27,0
30394071,107434423,Manhattan,Tribeca,40.71579,-74.00587,Entire home/apt,743,31,1,453,0,0
30394133,107434423,Manhattan,Kips Bay,40.74572250000001,-73.9798618,Entire home/apt,326,31,2,453,101,0
30394203,107434423,Manhattan,Chelsea,40.7383733,-73.9967525,Entire home/apt,459,31,0,453,0,0
30394274,107434423,Manhattan,West Village,40.729222,-74.002791,Entire home/apt,453,31,0,453,199,0
30394340,107434423,Manhattan,Tribeca,40.713833,-74.010242,Entire home/apt,411,31,0,453,365,0
30394380,107434423,Manhattan,Theater District,40.76076126098633,-73.9861068725586,Entire home/apt,386,31,0,453,168,0
30394403,107434423,Manhattan,Financial District,40.705579,-74.008378,Entire home/apt,269,31,0,453,309,0
30394467,107434423,Manhattan,Chelsea,40.7383733,-73.9967525,Entire home/apt,463,31,0,453,0,0
30394494,107434423,Manhattan,Chelsea,40.73816889999999,-73.9970633,Entire home/apt,481,31,0,453,1,0
30394622,107434423,Manhattan,Chelsea,40.7383733,-73.9967525,Entire home/apt,432,31,0,453,309,0
30395433,27698539,Manhattan,Midtown,40.75042,-73.98115,Private room,190,30,23,2,205,0
30396953,34866807,Brooklyn,Sunset Park,40.66161,-73.99049,Entire home/apt,173,2,125,1,106,42
30314761,129158371,Brooklyn,Midwood,40.61665,-73.95545,Private room,72,10,29,1,0,8
30314819,224699779,Brooklyn,Bushwick,40.68919,-73.92109,Private room,110,30,0,1,0,0
30315087,163251048,Manhattan,Hell's Kitchen,40.761532,-73.998779,Entire home/apt,545,30,1,30,360,1
30318594,9329037,Manhattan,East Village,40.7286,-73.97894,Private room,55,35,3,1,0,0
30321542,8441265,Queens,Ridgewood,40.70449,-73.90982,Entire home/apt,190,30,1,2,0,0
30058948,225889604,Queens,Flushing,40.76337,-73.82944,Private room,95,2,32,3,52,13
30059270,225891200,Queens,Ridgewood,40.70783,-73.90029,Private room,75,30,0,1,0,0
30397278,228250502,Manhattan,Gramercy,40.73677,-73.98234,Shared room,91,1,18,1,0,0
30059328,41194120,Manhattan,Greenwich Village,40.72969,-74.00107,Entire home/apt,195,1,6,1,0,0
30060150,129902279,Brooklyn,Sunset Park,40.65896,-73.99163,Private room,45,30,16,1,0,0
30398373,228257645,Manhattan,Midtown,40.7626,-73.97876,Entire home/apt,295,30,13,1,103,4
30398938,211549023,Manhattan,Midtown,40.7478,-73.98865,Entire home/apt,280,2,90,16,307,29
30321732,227705254,Manhattan,Upper East Side,40.76958,-73.95454,Entire home/apt,350,30,9,1,319,0
30322497,137665954,Manhattan,West Village,40.73718,-74.0003,Entire home/apt,138,30,3,1,0,0
30324051,91427536,Brooklyn,Bushwick,40.69678,-73.92373,Entire home/apt,100,30,1,2,0,0
30060926,160940380,Queens,St. Albans,40.7003,-73.75054,Entire home/apt,275,2,26,8,308,2
30507545,201447930,Manhattan,East Village,40.72811,-73.98644,Entire home/apt,315,5,15,2,0,3
30507928,76767234,Manhattan,Lower East Side,40.72061,-73.98768,Shared room,150,30,0,1,0,0
30324225,28613272,Manhattan,East Harlem,40.79802,-73.93602,Private room,65,30,2,1,0,0
30399177,228263278,Manhattan,Harlem,40.82366,-73.94721,Private room,175,3,6,4,175,4
30509757,200239515,Queens,Woodside,40.74202,-73.89964,Private room,32,20,3,158,0,0
30510228,228962859,Manhattan,Greenwich Village,40.729595,-74.000618,Entire home/apt,393,1,6,2,179,6
30400465,1575372,Brooklyn,Bedford-Stuyvesant,40.68571,-73.93478,Entire home/apt,145,3,47,1,94,31
30400542,137358866,Queens,Woodside,40.74436,-73.90178,Private room,72,30,5,111,322,4
30324273,226406882,Brooklyn,East Flatbush,40.65968,-73.93074,Private room,430,31,0,1,365,0
30325586,26671786,Manhattan,East Village,40.72326,-73.98067,Private room,99,30,4,1,0,0
30325639,21495656,Queens,Little Neck,40.76147,-73.72054,Shared room,42,30,1,1,0,0
30326749,1370324,Brooklyn,Flatbush,40.65334,-73.95649,Entire home/apt,120,30,11,1,257,1
30510275,10184093,Brooklyn,Fort Greene,40.6892,-73.97331,Entire home/apt,124,5,3,1,0,0
30330519,159142440,Manhattan,Upper West Side,40.80218,-73.96651,Private room,70,1,7,1,0,0
30400750,37170601,Brooklyn,Flatlands,40.61592,-73.92101,Entire home/apt,71,31,12,1,164,5
30400945,41666301,Brooklyn,Flatbush,40.65233,-73.95866,Private room,85,2,1,1,0,0
30402045,171673961,Brooklyn,Bedford-Stuyvesant,40.67813,-73.90908,Private room,25,30,2,1,0,0
30511096,132784640,Brooklyn,Sunset Park,40.6389,-74.0155,Private room,46,30,33,2,353,0
30415541,33320745,Queens,Long Island City,40.75176,-73.93589,Entire home/apt,225,29,30,7,90,1
30417665,71276635,Manhattan,Washington Heights,40.8353,-73.94369,Shared room,189,1,47,5,345,7
30417877,25077909,Brooklyn,Bedford-Stuyvesant,40.69068,-73.92664,Private room,50,3,64,2,183,28
30418905,35746135,Brooklyn,Kensington,40.62866,-73.97475,Private room,30,30,9,2,0,0
30421561,107434423,Manhattan,Upper East Side,40.7723353,-73.950981,Entire home/apt,348,31,1,453,156,0
30421730,65797727,Manhattan,Tribeca,40.71904,-74.01189,Entire home/apt,300,30,0,1,0,0
30421742,224315550,Brooklyn,Williamsburg,40.71025,-73.96364,Private room,80,2,60,2,0,0
30421981,506779,Manhattan,Nolita,40.72199,-73.99374,Entire home/apt,350,30,2,2,314,1
30422813,158970159,Brooklyn,Williamsburg,40.70054,-73.94681,Entire home/apt,90,30,1,1,0,0
30511114,137358866,Queens,Astoria,40.767,-73.92245,Private room,97,30,3,111,330,1
30511301,13888249,Brooklyn,Williamsburg,40.70719,-73.95392,Entire home/apt,249,30,27,1,251,1
30511773,90034872,Queens,Astoria,40.76631,-73.92545,Private room,90,3,26,1,242,9
30423106,228415932,Queens,Rosedale,40.65602,-73.74246,Private room,49,1,341,6,143,112
30425416,9917136,Brooklyn,Crown Heights,40.67687,-73.92518,Private room,29,31,6,3,324,2
30425770,128580688,Queens,Queens Village,40.7045,-73.7354,Entire home/apt,336,2,138,1,365,21
30337531,227801173,Brooklyn,Brooklyn Heights,40.69277,-73.99832,Entire home/apt,125,30,27,1,159,2
30338113,226833844,Brooklyn,Bedford-Stuyvesant,40.68069,-73.94167,Entire home/apt,225,30,4,1,0,0
30347034,208938947,Brooklyn,Sunset Park,40.6635,-73.99537,Private room,40,31,0,1,0,0
30348216,8563244,Brooklyn,Brooklyn Heights,40.69894633328937,-73.99384821823415,Entire home/apt,150,8,1,1,311,1
30514043,137358866,Brooklyn,Bushwick,40.69271,-73.91299,Private room,62,30,4,111,340,1
30514166,51985960,Brooklyn,Williamsburg,40.70736,-73.92974,Private room,40,30,4,2,0,0
30426001,228437214,Manhattan,Harlem,40.80128,-73.95472,Private room,44,2,92,1,0,0
30429780,224414117,Manhattan,Hell's Kitchen,40.75475,-73.99707,Hotel room,307,1,32,29,220,2
30429970,224414117,Manhattan,Hell's Kitchen,40.7564,-73.99828,Hotel room,307,1,57,29,220,4
30430139,224414117,Manhattan,Hell's Kitchen,40.75552,-73.99871,Hotel room,285,1,33,29,217,5
30430185,224414117,Manhattan,Hell's Kitchen,40.75547,-73.99637,Hotel room,285,1,29,29,217,0
30430235,224414117,Manhattan,Hell's Kitchen,40.75699,-73.99847,Hotel room,285,1,43,29,217,0
30514401,222805048,Manhattan,Washington Heights,40.84924,-73.93879,Private room,50,30,55,1,0,0
30434346,1395530,Brooklyn,Williamsburg,40.71282,-73.96121,Private room,100,30,3,2,89,0
30435549,137358866,Queens,Maspeth,40.74124,-73.90314,Private room,85,30,3,111,77,1
30437094,51220825,Brooklyn,Greenpoint,40.72631,-73.95475,Entire home/apt,150,30,1,1,0,0
30348624,227872371,Queens,Springfield Gardens,40.66202,-73.7686,Entire home/apt,130,1,348,3,334,100
30348707,144687306,Brooklyn,Prospect-Lefferts Gardens,40.65587,-73.95181,Private room,40,1,2,5,57,0
30521015,228691487,Brooklyn,East Flatbush,40.6388,-73.94181,Entire home/apt,100,30,69,1,0,0
30349066,50045329,Brooklyn,Dyker Heights,40.61822,-74.00802,Entire home/apt,150,30,2,2,319,1
30350359,108457539,Brooklyn,Greenpoint,40.72269,-73.94378,Private room,35,30,2,1,0,0
30351170,213020,Manhattan,Upper West Side,40.79361,-73.97177,Private room,75,60,6,2,112,0
30437291,228524640,Manhattan,Roosevelt Island,40.76106,-73.95079,Private room,55,90,1,1,0,0
30522970,22051363,Manhattan,Harlem,40.82115,-73.94955,Private room,60,30,0,1,0,0
30352862,64934891,Manhattan,East Village,40.72047,-73.97699,Private room,70,30,0,1,0,0
30354304,3285978,Brooklyn,Bedford-Stuyvesant,40.69848,-73.94593,Private room,32,30,5,2,0,0
30355532,137358866,Manhattan,East Harlem,40.79574,-73.94557,Entire home/apt,112,30,17,111,340,5
30357870,137358866,Queens,Jackson Heights,40.74887,-73.88027,Private room,73,30,2,111,340,0
30358423,137358866,Queens,Sunnyside,40.74902,-73.91343,Private room,67,30,1,111,160,0
30359944,137358866,Queens,Woodside,40.74845,-73.90011,Private room,73,30,12,111,341,4
30524542,18403410,Brooklyn,Bedford-Stuyvesant,40.67872,-73.94731,Private room,150,1,3,1,0,0
30691484,219449657,Brooklyn,Bushwick,40.68209,-73.90553,Entire home/apt,123,3,120,1,23,30
30691909,1319214,Manhattan,Hell's Kitchen,40.7628,-73.98848,Entire home/apt,175,30,3,1,0,0
30694626,541486,Brooklyn,Bedford-Stuyvesant,40.68689,-73.95596,Entire home/apt,180,30,13,1,0,0
30694693,202144863,Queens,Woodhaven,40.68879,-73.85233,Private room,60,30,10,1,0,0
30694768,188050970,Manhattan,Washington Heights,40.85757,-73.92971,Private room,65,1,54,1,0,0
30695780,2939479,Manhattan,Upper East Side,40.77467,-73.95313,Private room,118,30,18,1,0,0
30437417,1627760,Brooklyn,Clinton Hill,40.68744,-73.96259,Entire home/apt,170,3,4,1,0,1
30438204,137358866,Queens,Sunnyside,40.7489,-73.91197,Private room,70,30,11,111,347,3
30438251,228536894,Manhattan,Greenwich Village,40.73517,-73.99509,Private room,33,30,2,1,0,0
30439073,5732940,Queens,Long Island City,40.74085,-73.95633,Entire home/apt,400,365,1,1,362,0
30439246,228473476,Brooklyn,Bushwick,40.69244,-73.92616,Entire home/apt,126,5,92,1,253,49
30525544,228212001,Manhattan,East Village,40.72846,-73.9866,Entire home/apt,185,30,11,1,0,0
30526468,10674184,Brooklyn,Fort Greene,40.68488,-73.97454,Entire home/apt,185,30,8,1,0,0
30527061,229072295,Brooklyn,Carroll Gardens,40.68337,-73.9915,Entire home/apt,175,3,1,1,0,0
30439398,47152279,Brooklyn,Bedford-Stuyvesant,40.69093,-73.94404,Private room,40,30,6,1,0,0
30441377,200239515,Queens,Woodside,40.74441,-73.89181,Private room,48,30,1,158,1,0
30442257,40204585,Brooklyn,Williamsburg,40.70216,-73.93722,Entire home/apt,180,1,3,1,0,0
30699302,81347848,Brooklyn,Williamsburg,40.71289,-73.96322,Private room,69,5,2,1,68,0
30700892,203982404,Manhattan,East Harlem,40.8084,-73.94071,Private room,90,30,39,6,126,1
30701853,20177190,Brooklyn,Gowanus,40.6712,-73.99168,Private room,79,30,37,1,0,0
30702161,203982404,Manhattan,East Harlem,40.80704,-73.94012,Private room,90,30,48,6,155,2
30702384,203982404,Manhattan,East Harlem,40.80835,-73.94046,Entire home/apt,180,30,2,6,125,1
30527403,12802075,Manhattan,Harlem,40.81974,-73.94318,Entire home/apt,240,30,4,1,0,0
30528541,95575605,Manhattan,Midtown,40.74731,-73.98871,Entire home/apt,250,30,0,1,0,0
30528692,18294695,Manhattan,Upper East Side,40.77417,-73.94994,Entire home/apt,115,30,2,1,0,0
30531163,218526982,Manhattan,Lower East Side,40.72256,-73.98881,Private room,110,30,0,2,0,0
30531246,226201658,Brooklyn,Williamsburg,40.70747,-73.94856,Entire home/apt,244,30,25,3,38,7
30531695,227682707,Queens,Ridgewood,40.70245,-73.9113,Private room,60,30,2,1,0,0
30442333,228567385,Queens,College Point,40.7915,-73.84947,Entire home/apt,189,2,56,1,348,18
30443030,228571016,Manhattan,Harlem,40.82389,-73.94217,Entire home/apt,414,2,15,2,0,0
30443032,10458297,Brooklyn,Williamsburg,40.71226,-73.94969,Entire home/apt,125,14,4,1,0,0
30444003,8144643,Queens,Long Island City,40.74538,-73.95204,Entire home/apt,90,30,0,1,0,0
30444773,1157099,Brooklyn,Crown Heights,40.67824,-73.94755,Entire home/apt,110,30,20,1,0,0
30533385,204326,Brooklyn,Bedford-Stuyvesant,40.68477,-73.93692,Entire home/apt,45,61,7,1,2,4
30444886,10529251,Manhattan,Upper East Side,40.77679671225467,-73.9612786818785,Private room,130,1,107,3,20,46
30705353,229836139,Brooklyn,Bedford-Stuyvesant,40.68783,-73.95501,Entire home/apt,246,6,90,1,37,21
30706240,35179914,Manhattan,Harlem,40.82469,-73.93919,Entire home/apt,200,1,2,1,0,0
30708846,1535115,Manhattan,Chelsea,40.74217,-73.99761,Entire home/apt,98,45,6,1,31,2
30712222,20536731,Manhattan,Harlem,40.82167,-73.95505,Entire home/apt,100,30,4,1,0,0
30534219,13486673,Brooklyn,Prospect Heights,40.67742,-73.97145,Private room,110,7,0,3,156,0
30535905,229124258,Brooklyn,Carroll Gardens,40.67656,-73.99932,Entire home/apt,79,30,1,1,0,0
30712682,133972014,Brooklyn,Bushwick,40.69937,-73.93128,Entire home/apt,120,30,13,1,0,0
30713613,227647873,Queens,Astoria,40.76209,-73.91268,Entire home/apt,250,30,93,2,0,0
30715104,141218191,Brooklyn,Bushwick,40.70028,-73.93465,Entire home/apt,75,30,4,1,0,0
30715688,137358866,Queens,Sunnyside,40.73797,-73.92364,Private room,69,30,4,111,157,2
30716128,137358866,Queens,Sunnyside,40.73757,-73.92335,Private room,70,30,4,111,341,2
30445410,15134458,Manhattan,Upper West Side,40.77557,-73.98062,Entire home/apt,195,4,7,1,1,7
30447204,12461078,Brooklyn,Bushwick,40.69368,-73.92567,Entire home/apt,501,3,49,1,11,27
30449111,227856882,Bronx,Concourse,40.83502,-73.91814,Private room,99,30,8,1,90,0
30536087,224414117,Manhattan,Hell's Kitchen,40.75615,-73.99663,Hotel room,285,1,35,29,217,2
30537134,228879817,Queens,Flushing,40.74289,-73.83475,Private room,73,1,67,6,342,33
30537221,3137237,Manhattan,Morningside Heights,40.81068,-73.95704,Entire home/apt,189,1,1,1,0,0
30537849,21527486,Brooklyn,Park Slope,40.67325,-73.97884,Entire home/apt,250,30,22,1,77,7
30451593,27664722,Brooklyn,Bushwick,40.69491,-73.92316,Private room,38,30,6,2,0,0
30716621,229912004,Brooklyn,Bushwick,40.69901,-73.91375,Private room,55,30,6,1,0,0
30717086,141931484,Brooklyn,Flatlands,40.62804,-73.9303,Private room,50,3,24,5,333,11
30718403,141931484,Brooklyn,Flatlands,40.62783,-73.92838,Private room,61,3,69,5,343,21
30539229,49223549,Manhattan,Little Italy,40.72005,-73.99637,Entire home/apt,200,30,0,1,0,0
30539307,229149668,Brooklyn,Bedford-Stuyvesant,40.68415,-73.9565,Entire home/apt,250,3,55,4,166,10
30718736,23910847,Manhattan,East Village,40.72962,-73.98712,Private room,110,30,2,1,0,0
30720530,137358866,Queens,Astoria,40.76629,-73.92332,Private room,82,30,7,111,263,4
30721883,137358866,Queens,Astoria,40.7661,-73.92465,Private room,75,30,2,111,347,1
30722858,137358866,Queens,Sunnyside,40.74929,-73.91345,Private room,72,30,1,111,328,0
30731674,1995636,Manhattan,Midtown,40.75642,-73.96488,Hotel room,180,30,1,2,0,0
30733474,228263278,Manhattan,Harlem,40.82462,-73.9477,Private room,75,3,29,4,169,18
30459160,84147508,Queens,Ridgewood,40.69966,-73.90962,Entire home/apt,170,30,1,1,0,0
30463419,24552104,Manhattan,Midtown,40.7652,-73.98032,Private room,495,3,1,1,4,0
30541504,21132706,Brooklyn,Bedford-Stuyvesant,40.69327,-73.9494,Private room,49,30,1,1,0,0
30551807,229229020,Brooklyn,Williamsburg,40.7191,-73.9546,Entire home/apt,99,30,6,1,0,0
30735480,229693987,Manhattan,Lower East Side,40.71518,-73.98634,Entire home/apt,600,1,0,1,0,0
30554355,9994745,Manhattan,East Village,40.72356,-73.98226,Entire home/apt,100,30,2,1,0,0
30465758,566838,Manhattan,Harlem,40.81897,-73.94004,Private room,104,1,164,4,343,47
30466053,45731391,Manhattan,Lower East Side,40.72005,-73.991,Entire home/apt,135,30,1,2,0,0
30468550,6407054,Manhattan,Harlem,40.81887,-73.95328,Entire home/apt,71,30,23,2,0,0
30554810,70065270,Manhattan,East Harlem,40.78688,-73.94958,Entire home/apt,96,30,1,1,0,0
30469069,1760610,Manhattan,East Village,40.72499,-73.98437,Entire home/apt,200,3,11,2,13,4
30737182,197082458,Manhattan,Upper West Side,40.77762,-73.97656,Entire home/apt,350,30,22,1,0,0
30555898,12715154,Brooklyn,Greenpoint,40.72105,-73.94616,Private room,90,5,3,2,0,0
30557569,9047774,Manhattan,East Village,40.72982,-73.98956,Entire home/apt,120,30,0,1,0,0
30557920,148508902,Brooklyn,Sheepshead Bay,40.5867,-73.94258,Entire home/apt,72,1,237,1,63,51
30737572,230049837,Manhattan,Murray Hill,40.74908,-73.9811,Entire home/apt,237,30,11,1,40,2
30737643,1466422,Brooklyn,Crown Heights,40.6738,-73.93983,Entire home/apt,60,133,0,2,0,0
30472685,129525574,Brooklyn,Bergen Beach,40.62047,-73.90925,Entire home/apt,130,2,6,1,259,4
30558005,22591930,Brooklyn,Williamsburg,40.71916,-73.96226,Private room,100,2,1,1,0,0
30474972,67054959,Manhattan,Harlem,40.82365,-73.94245,Private room,80,1,29,1,61,13
30476455,1609077,Queens,Forest Hills,40.71305,-73.8415,Entire home/apt,233,30,7,5,365,4
30476876,227647873,Queens,Astoria,40.76201,-73.91407,Entire home/apt,115,30,122,2,0,0
30739988,103922915,Manhattan,Midtown,40.756,-73.96893,Entire home/apt,79,30,3,1,0,0
30741070,118839768,Queens,Jackson Heights,40.74833,-73.88457,Shared room,35,62,0,1,0,0
30745402,163905917,Manhattan,Hell's Kitchen,40.75702,-73.99606,Private room,115,30,1,2,0,0
30745429,31917161,Manhattan,East Village,40.7243,-73.97717,Private room,49,30,0,1,0,0
30558219,1313385,Brooklyn,Bedford-Stuyvesant,40.6872,-73.93213,Entire home/apt,95,2,4,1,0,1
30559544,195024580,Brooklyn,Williamsburg,40.72004,-73.95614,Entire home/apt,150,30,4,1,0,0
30559819,2522815,Brooklyn,Sunset Park,40.66271,-73.99401,Entire home/apt,200,2,2,2,69,0
30561958,35435470,Manhattan,Lower East Side,40.72158,-73.98773,Entire home/apt,75,30,3,1,0,0
30483899,82189264,Manhattan,East Harlem,40.787,-73.9442,Entire home/apt,195,60,0,1,0,0
30565063,61560050,Brooklyn,Bushwick,40.70399,-73.91296,Private room,60,30,6,1,0,0
30489218,59026607,Brooklyn,Williamsburg,40.70329,-73.94948,Entire home/apt,99,30,7,1,0,0
30746536,20416352,Manhattan,Hell's Kitchen,40.76201,-73.99514,Private room,130,30,1,1,0,0
30567064,107053688,Manhattan,Upper West Side,40.7724,-73.98944,Entire home/apt,600,30,5,1,0,0
30747260,28821748,Brooklyn,Sunset Park,40.6417,-74.0111,Private room,30,30,1,1,0,0
30748041,7883985,Manhattan,Upper East Side,40.77195,-73.95726,Private room,99,1,120,1,15,51
30568497,229325672,Manhattan,Upper West Side,40.77622,-73.97905,Entire home/apt,250,5,43,1,61,6
30748302,55398056,Brooklyn,Prospect Heights,40.67933,-73.9736,Entire home/apt,197,30,4,1,0,0
30749019,230108889,Queens,Kew Gardens Hills,40.7183,-73.81433,Private room,59,30,3,2,5,1
30749685,5300413,Manhattan,Midtown,40.76605,-73.98053,Private room,60,7,0,2,0,0
30756898,137358866,Queens,Woodside,40.74682,-73.90651,Private room,84,30,12,111,342,5
30759388,7389707,Manhattan,Washington Heights,40.84678,-73.93859,Entire home/apt,150,30,0,2,0,0
30761885,50686800,Brooklyn,Bedford-Stuyvesant,40.69272,-73.9493,Private room,46,30,10,2,0,0
30494093,115355850,Brooklyn,Gowanus,40.68429,-73.98656,Entire home/apt,159,5,92,1,8,26
30497529,1286331,Manhattan,East Village,40.72642,-73.98305,Entire home/apt,125,30,19,1,0,0
30501956,139195158,Queens,Woodside,40.75341,-73.90115,Private room,98,3,45,1,251,20
30570342,26090217,Brooklyn,Bushwick,40.69076,-73.90409,Private room,82,1,17,1,77,10
30504780,228898361,Brooklyn,Williamsburg,40.71886,-73.94801,Entire home/apt,200,30,6,1,0,0
30504880,22464812,Brooklyn,Kensington,40.64203,-73.97976,Entire home/apt,500,1,1,2,363,1
30506672,24419496,Manhattan,Upper East Side,40.77637,-73.94339,Entire home/apt,90,6,1,1,0,0
30570796,10529251,Manhattan,Upper East Side,40.77728,-73.9609,Entire home/apt,399,1,37,3,74,20
30577164,156505456,Brooklyn,East New York,40.66659,-73.87352,Private room,68,3,3,32,67,2
30577273,137358866,Manhattan,Harlem,40.81242,-73.94209,Private room,69,30,6,111,309,3
30578526,229386490,Brooklyn,Bedford-Stuyvesant,40.68447,-73.92474,Private room,60,3,54,4,83,18
30506799,208537842,Brooklyn,Williamsburg,40.71118,-73.94794,Entire home/apt,200,30,3,1,0,0
30507008,228945290,Manhattan,Washington Heights,40.84422,-73.9428,Private room,50,30,2,1,0,0
30762826,6051149,Brooklyn,Bedford-Stuyvesant,40.68288,-73.94688,Entire home/apt,140,30,31,1,0,0
30762861,200239515,Queens,Woodside,40.74301,-73.89463,Private room,39,30,2,158,24,0
30764476,159598333,Manhattan,Upper East Side,40.78106,-73.94676,Entire home/apt,99,30,7,12,348,2
30764990,226201658,Brooklyn,Williamsburg,40.7082,-73.9493,Entire home/apt,172,30,18,3,39,6
30767659,211549023,Manhattan,Midtown,40.74795,-73.98867,Entire home/apt,281,2,92,16,293,33
30582797,38256284,Manhattan,Chelsea,40.74452,-73.99395,Entire home/apt,200,30,1,1,0,0
30768008,10415675,Manhattan,Harlem,40.82323,-73.95388,Entire home/apt,340,30,4,6,0,0
30768969,192181166,Brooklyn,Williamsburg,40.70724,-73.94157,Private room,60,30,0,2,0,0
30826725,20780113,Brooklyn,Canarsie,40.62999,-73.90772,Entire home/apt,199,2,95,1,361,22
30842198,30377766,Queens,Jackson Heights,40.75375,-73.87523,Entire home/apt,110,30,12,1,327,0
30851304,227872371,Queens,Springfield Gardens,40.66353,-73.76727,Entire home/apt,89,1,375,3,324,88
30852793,206025860,Queens,Forest Hills,40.72179,-73.84636,Private room,50,30,1,1,0,0
30853694,14276413,Brooklyn,Bedford-Stuyvesant,40.69208,-73.96042,Entire home/apt,300,30,2,1,0,0
30855904,102763353,Manhattan,Midtown,40.7444,-73.98476,Entire home/apt,130,30,2,2,0,0
30584948,145041366,Manhattan,Kips Bay,40.74357,-73.98086,Entire home/apt,300,30,0,1,0,0
30856210,169131031,Manhattan,Midtown,40.74387,-73.98288,Entire home/apt,339,30,2,1,0,0
30856384,13501779,Brooklyn,Crown Heights,40.67223,-73.95279,Entire home/apt,85,30,0,2,0,0
30857261,230108889,Queens,Kew Gardens Hills,40.71832,-73.81386,Private room,59,30,15,2,155,2
30857971,39548500,Manhattan,Upper East Side,40.77836,-73.95373,Entire home/apt,150,30,4,1,0,0
30769129,121434641,Brooklyn,Williamsburg,40.70723,-73.93902,Entire home/apt,293,1,61,1,232,32
30770830,208477013,Manhattan,Harlem,40.80507,-73.94844,Entire home/apt,125,30,21,1,0,0
30772697,178473107,Manhattan,Harlem,40.83146,-73.94762,Private room,125,2,9,6,0,4
30584992,15570509,Brooklyn,Williamsburg,40.70906,-73.95206,Entire home/apt,280,2,18,2,108,14
30585315,16427741,Brooklyn,Williamsburg,40.70476,-73.94245,Entire home/apt,130,30,22,1,62,2
30586563,107374902,Manhattan,Midtown,40.75403,-73.96408,Entire home/apt,182,30,11,1,0,0
30773558,191469946,Manhattan,East Harlem,40.79441,-73.93929,Entire home/apt,183,1,162,1,32,41
30875053,230670970,Manhattan,Harlem,40.81538,-73.9421,Entire home/apt,300,30,4,3,295,0
30882631,3285978,Brooklyn,Bedford-Stuyvesant,40.69954,-73.94372,Private room,32,30,3,2,0,0
30587740,221204634,Queens,Laurelton,40.6701,-73.7433,Entire home/apt,99,5,80,2,96,20
30882745,141720257,Manhattan,Financial District,40.70882,-74.00631,Entire home/apt,150,30,0,1,0,0
30884570,54780556,Brooklyn,Carroll Gardens,40.67929,-74.00107,Entire home/apt,130,14,3,1,0,0
30786156,105154396,Brooklyn,Bedford-Stuyvesant,40.68987,-73.95308,Entire home/apt,215,3,139,1,60,50
30786946,26028092,Queens,Richmond Hill,40.68314,-73.82475,Entire home/apt,115,1,165,1,35,7
30788330,37883321,Manhattan,Chelsea,40.74273,-73.99542,Entire home/apt,218,30,27,8,101,5
30588468,123527938,Brooklyn,Williamsburg,40.70467,-73.93659,Private room,94,30,4,5,87,3
30885792,130476089,Manhattan,Chelsea,40.74174,-73.9994,Private room,78,30,2,2,0,0
30887050,154061,Brooklyn,Williamsburg,40.7175,-73.95739,Entire home/apt,210,4,11,2,1,3
30588700,92612757,Brooklyn,Williamsburg,40.71712,-73.95227,Entire home/apt,135,3,2,1,19,0
30888624,146607158,Manhattan,Kips Bay,40.7379,-73.98096,Entire home/apt,225,30,1,1,0,0
30898965,11510329,Manhattan,Kips Bay,40.74125,-73.9748,Entire home/apt,150,30,2,1,0,0
30904692,164692370,Brooklyn,Crown Heights,40.67522,-73.95391,Private room,22,30,2,1,0,0
30792215,192754619,Manhattan,Hell's Kitchen,40.75743,-73.99623,Private room,159,30,1,1,0,0
30589636,229458601,Manhattan,Harlem,40.81363,-73.9507,Entire home/apt,3200,90,0,1,0,0
30590831,228879817,Queens,Flushing,40.7438,-73.83351,Private room,78,30,13,6,341,1
30591478,228263278,Manhattan,Harlem,40.82364,-73.94692,Private room,110,3,10,4,168,8
30592244,228263278,Manhattan,Harlem,40.82462,-73.9477,Private room,75,3,15,4,158,6
30593639,1443812,Brooklyn,Williamsburg,40.71024,-73.96238,Entire home/apt,190,2,4,2,0,2
30593915,228879817,Queens,Flushing,40.74379,-73.83336,Private room,72,1,76,6,344,29
30594172,228879817,Queens,Flushing,40.74371,-73.83437,Private room,69,1,63,6,348,29
30597460,5300413,Manhattan,Midtown,40.76599,-73.98053,Private room,55,14,0,2,0,0
30661174,189876110,Brooklyn,Crown Heights,40.67499,-73.94027,Private room,49,30,2,1,0,0
30793033,230378560,Queens,Briarwood,40.71421,-73.81859,Entire home/apt,70,3,49,1,196,15
30905264,230961710,Brooklyn,Williamsburg,40.71427,-73.95424,Entire home/apt,153,7,154,1,18,57
30906210,10672594,Queens,Long Island City,40.74814,-73.94507,Entire home/apt,300,5,1,1,0,0
30662063,225122879,Brooklyn,Park Slope,40.67108,-73.97222,Entire home/apt,150,4,140,1,142,46
30908379,230481249,Manhattan,East Harlem,40.80214,-73.94301,Entire home/apt,399,5,65,1,54,0
30795672,230396622,Brooklyn,Brownsville,40.65937,-73.91036,Private room,35,7,26,1,339,0
30670056,14559352,Brooklyn,Williamsburg,40.71072,-73.9611,Entire home/apt,150,4,14,1,0,0
30795983,106667600,Queens,East Elmhurst,40.75593,-73.88425,Private room,80,30,4,1,0,0
30908416,25812202,Brooklyn,Greenpoint,40.72741,-73.94692,Private room,69,30,3,1,0,0
30672441,229588502,Brooklyn,Williamsburg,40.71392,-73.96078,Private room,80,30,0,1,0,0
30908766,16089151,Queens,Queens Village,40.72263,-73.73626,Entire home/apt,90,30,26,1,0,0
30797115,48367358,Brooklyn,Downtown Brooklyn,40.69289,-73.98303,Private room,60,30,3,1,0,0
30799325,78378674,Queens,Elmhurst,40.74639,-73.87442,Shared room,40,30,1,1,0,0
30799727,160923266,Brooklyn,Greenpoint,40.73318,-73.9513,Private room,70,30,0,1,0,0
30801068,137358866,Queens,Woodside,40.74202,-73.89363,Private room,69,30,11,111,317,2
30674463,229284767,Manhattan,Midtown,40.75187,-73.98429,Entire home/apt,152,30,2,1,0,0
30801197,14818535,Queens,Maspeth,40.73901,-73.89846,Private room,122,3,42,1,0,0
30801449,137358866,Queens,Woodside,40.74132,-73.89107,Private room,73,30,4,111,221,4
30675435,224815152,Manhattan,Hell's Kitchen,40.75603,-73.99647,Private room,199,30,56,10,365,0
30675713,72944476,Brooklyn,Crown Heights,40.66995,-73.95375,Entire home/apt,100,30,15,1,0,0
30811789,2423570,Manhattan,East Harlem,40.81514,-73.935,Entire home/apt,160,30,11,1,364,3
30909031,79355506,Brooklyn,Fort Hamilton,40.62081,-74.03052,Entire home/apt,84,5,3,1,33,1
30909287,22323,Manhattan,East Village,40.72179,-73.97777,Entire home/apt,150,5,9,1,0,0
30676340,727459,Brooklyn,Bedford-Stuyvesant,40.67989,-73.95136,Private room,32,30,2,2,0,0
30676992,141735689,Brooklyn,Bushwick,40.69343,-73.91744,Entire home/apt,130,30,3,1,0,0
30677434,21376704,Queens,Flushing,40.72961,-73.80862,Private room,80,2,35,1,22,0
30681498,157337532,Queens,College Point,40.77863,-73.84283,Entire home/apt,126,2,124,4,81,20
30685870,12387523,Brooklyn,Bedford-Stuyvesant,40.67974,-73.94275,Private room,59,2,48,2,298,24
30686973,229695499,Manhattan,Lower East Side,40.71695,-73.98357,Private room,170,1,43,2,177,13
30911300,231007291,Manhattan,Upper East Side,40.77439,-73.9543,Entire home/apt,250,30,18,1,0,0
30912539,231015527,Brooklyn,Prospect Heights,40.68067,-73.97082,Entire home/apt,275,30,5,1,0,0
30811876,54368503,Queens,Ridgewood,40.70345,-73.90354,Private room,95,3,0,1,0,0
30812751,224414117,Manhattan,Hell's Kitchen,40.75479,-73.99828,Hotel room,307,1,4,29,220,0
30814778,163251048,Manhattan,Hell's Kitchen,40.761532,-73.998779,Entire home/apt,545,30,0,30,360,0
30816092,3921081,Brooklyn,Brooklyn Heights,40.69135,-73.99424,Entire home/apt,75,30,4,1,0,0
30816604,3312111,Brooklyn,South Slope,40.66193,-73.98358,Entire home/apt,153,3,23,1,64,0
30817038,224414117,Manhattan,Hell's Kitchen,40.75662,-73.99696,Hotel room,307,1,3,29,220,0
30687132,12101562,Manhattan,Civic Center,40.71215,-73.99876,Entire home/apt,160,30,0,1,0,0
30690149,22205488,Brooklyn,Bedford-Stuyvesant,40.67677,-73.91006,Entire home/apt,104,30,7,1,0,0
31038347,107434423,Manhattan,Midtown,40.75262,-73.989752,Entire home/apt,383,31,0,453,0,0
31038390,231831493,Queens,Elmhurst,40.73329,-73.87643,Entire home/apt,190,30,1,1,0,0
30817133,1992020,Brooklyn,Boerum Hill,40.6863,-73.97962,Entire home/apt,349,30,2,1,129,0
30818441,230531384,Manhattan,Hell's Kitchen,40.76417,-73.99187,Shared room,299,30,67,1,0,0
30818914,18653145,Manhattan,Harlem,40.83074,-73.9471,Entire home/apt,185,30,3,1,0,0
30819919,63419128,Manhattan,Stuyvesant Town,40.73223,-73.97436,Private room,80,30,2,1,0,0
30912652,17139611,Manhattan,Hell's Kitchen,40.75721,-73.99621,Entire home/apt,300,30,1,1,0,0
30912673,50760546,Brooklyn,Williamsburg,40.70865,-73.96876,Entire home/apt,250,180,0,31,173,0
30913799,87505316,Manhattan,Upper West Side,40.76873,-73.98536,Private room,90,30,9,1,0,0
30925552,173685298,Manhattan,Midtown,40.75672,-73.97214,Hotel room,532,1,3,7,334,0
30925615,15586151,Manhattan,Two Bridges,40.7115,-73.99618,Entire home/apt,180,30,4,1,0,0
30927746,66807700,Manhattan,East Harlem,40.7938,-73.9421,Entire home/apt,80,30,3,1,0,0
31039770,93661688,Brooklyn,Greenpoint,40.72277,-73.94639,Private room,50,30,1,1,0,0
30927844,138349238,Manhattan,Morningside Heights,40.80298,-73.96284,Private room,1300,30,0,1,0,0
30929071,231123296,Brooklyn,Bedford-Stuyvesant,40.69615,-73.94374,Entire home/apt,175,30,1,1,0,0
30822664,88814777,Manhattan,Hell's Kitchen,40.76258,-73.99272,Entire home/apt,229,30,21,1,0,0
30822815,193490396,Manhattan,Roosevelt Island,40.75923,-73.95378,Entire home/apt,195,30,42,1,298,1
30823647,147256857,Brooklyn,Greenpoint,40.72681,-73.94418,Private room,70,30,0,1,0,0
31040444,231846634,Manhattan,East Harlem,40.78976,-73.94703,Shared room,68,30,1,2,0,0
30824853,5503926,Brooklyn,Williamsburg,40.71389,-73.96201,Entire home/apt,462,3,124,1,280,50
31163666,90219307,Brooklyn,Bedford-Stuyvesant,40.68529,-73.92167,Entire home/apt,118,2,74,1,91,30
31164039,137358866,Queens,Woodside,40.74682,-73.90679,Private room,106,30,10,111,340,3
30929724,230503468,Manhattan,SoHo,40.72423,-74.00337,Entire home/apt,380,30,12,1,0,0
31040919,5909599,Queens,Ditmars Steinway,40.77593,-73.9161,Entire home/apt,254,3,14,2,0,11
31042032,10415675,Manhattan,Harlem,40.8215,-73.95312,Private room,58,30,9,6,0,0
31042303,10415675,Manhattan,Harlem,40.82128,-73.95344,Private room,80,30,11,6,0,0
31042613,89580862,Brooklyn,Bushwick,40.70247,-73.92837,Shared room,19,30,1,3,0,0
31166689,67376966,Queens,Rego Park,40.73133,-73.85782,Private room,88,30,0,1,365,0
31042971,190124793,Queens,Long Island City,40.74732,-73.93761,Private room,45,30,1,1,0,0
31166982,232959891,Brooklyn,Bushwick,40.69587,-73.92074,Private room,60,30,9,1,0,0
30932198,11286990,Manhattan,West Village,40.72848,-74.0042,Entire home/apt,150,30,18,1,0,0
30932236,29854797,Bronx,Claremont Village,40.83971822195723,-73.91056125446666,Entire home/apt,407,3,59,1,177,0
30933535,230517521,Queens,Ridgewood,40.69909,-73.90763,Entire home/apt,200,30,1,1,0,0
30935446,231161473,Manhattan,Hell's Kitchen,40.76209,-73.98931,Private room,60,30,1,1,0,0
30935679,231163395,Manhattan,Harlem,40.82098,-73.93852,Private room,900,30,0,1,0,0
31043221,89580862,Brooklyn,Bushwick,40.70271,-73.92899,Shared room,19,30,2,3,0,0
31043762,10415675,Manhattan,Harlem,40.8232,-73.95491,Private room,68,30,18,6,0,1
31044749,230025652,Queens,Queens Village,40.70407,-73.74892,Private room,61,30,12,2,0,0
30937306,34119511,Brooklyn,Bedford-Stuyvesant,40.69439,-73.93257,Private room,50,2,1,1,0,0
31168852,232578558,Brooklyn,East Flatbush,40.64379,-73.94762,Entire home/apt,216,4,109,1,91,23
31172569,224126362,Brooklyn,Bedford-Stuyvesant,40.67994,-73.93139,Entire home/apt,150,30,0,1,0,0
31050262,231929970,Brooklyn,Crown Heights,40.67777,-73.94089,Private room,200,30,1,1,0,0
31052694,3363749,Brooklyn,Williamsburg,40.70765,-73.94257,Private room,999,30,27,3,365,0
31053180,3363749,Brooklyn,Williamsburg,40.70765,-73.94257,Entire home/apt,1899,90,8,3,364,0
31053208,231959634,Brooklyn,Bushwick,40.69383,-73.92907,Private room,48,30,57,2,0,0
31173740,233025597,Brooklyn,Bedford-Stuyvesant,40.6813,-73.92074,Entire home/apt,188,2,59,1,296,23
31174610,137358866,Queens,Woodside,40.74515,-73.90604,Private room,109,30,8,111,333,3
30937756,219517861,Manhattan,Murray Hill,40.74915,-73.97562,Entire home/apt,318,2,16,71,245,4
30938219,2242911,Brooklyn,Prospect-Lefferts Gardens,40.65813,-73.95356,Entire home/apt,200,30,0,1,0,0
30938582,231186389,Brooklyn,Flatbush,40.63568,-73.96237,Private room,40,53,0,1,0,0
30938864,6586697,Queens,Astoria,40.76698,-73.90921,Private room,75,7,4,3,61,1
31053535,2820776,Brooklyn,Prospect Heights,40.67272,-73.9647,Private room,48,30,2,1,0,0
31054566,231971512,Manhattan,Chelsea,40.74757,-73.99084,Private room,50,30,0,1,0,0
31057348,224815152,Manhattan,Hell's Kitchen,40.75597,-73.99839,Private room,249,30,29,10,365,0
31057368,13143585,Brooklyn,Bushwick,40.69355,-73.9266,Entire home/apt,150,30,1,2,0,0
31057394,57090879,Brooklyn,Crown Heights,40.66583,-73.95878,Private room,48,30,1,1,0,0
30940484,228808159,Queens,Long Island City,40.74384,-73.95059,Private room,28,30,1,1,0,0
31175570,29129194,Brooklyn,Bedford-Stuyvesant,40.68467,-73.94739,Entire home/apt,90,3,44,1,33,0
31057603,20287808,Brooklyn,Bedford-Stuyvesant,40.69559,-73.9502,Entire home/apt,64,30,0,1,0,0
31057624,2536555,Brooklyn,Red Hook,40.6782,-74.00489,Entire home/apt,102,30,5,1,24,5
31058888,26992810,Brooklyn,Bushwick,40.69961,-73.93544,Entire home/apt,100,30,14,1,0,0
31176662,9201921,Manhattan,Lower East Side,40.72262,-73.98934,Entire home/apt,195,30,4,1,0,0
31176669,32524198,Manhattan,Kips Bay,40.73749,-73.97525,Private room,76,30,0,1,0,0
31177757,146275359,Queens,Springfield Gardens,40.68881,-73.75212,Private room,52,25,27,3,218,1
30940831,77825548,Brooklyn,Williamsburg,40.70235,-73.94338,Private room,92,30,1,1,0,0
30948025,193626078,Bronx,Williamsbridge,40.87647,-73.86468,Entire home/apt,159,30,85,5,337,1
30950513,26556695,Manhattan,Midtown,40.76034,-73.97517,Private room,1699,2,9,6,364,2
30952275,9364330,Brooklyn,Bushwick,40.69975,-73.93554,Private room,60,30,2,1,0,0
30953535,2139368,Manhattan,East Village,40.72813,-73.97912,Entire home/apt,170,30,1,1,0,0
31058909,118029044,Brooklyn,Midwood,40.61036,-73.97199,Entire home/apt,335,4,7,2,147,3
31058918,227919091,Queens,Jamaica,40.67611,-73.79704,Entire home/apt,79,2,172,2,66,64
30954420,231298987,Manhattan,Lower East Side,40.71968,-73.984,Entire home/apt,500,30,1,1,365,0
31177794,233066892,Brooklyn,Sunset Park,40.66091,-73.9972,Private room,55,1,6,1,0,0
31178012,146275359,Queens,Springfield Gardens,40.68881,-73.75212,Private room,49,30,13,3,219,0
31178559,59156312,Queens,Woodhaven,40.68812,-73.86464,Private room,66,7,27,5,351,15
31178588,107578852,Manhattan,Washington Heights,40.84405,-73.93773,Private room,125,2,12,2,280,2
31183826,123527938,Brooklyn,Williamsburg,40.70652,-73.93654,Private room,112,5,20,5,20,19
31188063,23696703,Manhattan,Inwood,40.86265,-73.92822,Entire home/apt,105,30,11,1,0,0
31188378,224815152,Manhattan,Hell's Kitchen,40.75434,-73.99818,Private room,199,30,14,10,365,0
31059670,232017729,Brooklyn,Bushwick,40.69529,-73.93189,Entire home/apt,127,2,130,1,125,67
30954828,90230216,Manhattan,Lower East Side,40.7209,-73.98375,Entire home/apt,100,30,2,1,0,0
30955422,12012671,Brooklyn,Bedford-Stuyvesant,40.69067,-73.96009,Private room,50,30,1,1,0,0
31060046,201718939,Brooklyn,Greenpoint,40.73182,-73.95607,Entire home/apt,123,30,3,1,0,0
30956743,87859431,Brooklyn,Park Slope,40.68148,-73.97981,Entire home/apt,125,30,2,1,0,0
31189979,40231738,Brooklyn,Park Slope,40.67007,-73.9798,Entire home/apt,225,30,29,2,264,4
31193461,1276028,Manhattan,Harlem,40.82929,-73.95107,Private room,81,7,12,2,247,0
31194309,91845557,Brooklyn,Bushwick,40.68818,-73.9191,Private room,100,30,0,1,0,0
31201905,226664611,Queens,South Ozone Park,40.68114,-73.81203,Entire home/apt,92,3,106,2,342,22
31204536,66813379,Brooklyn,Crown Heights,40.66838,-73.94601,Entire home/apt,155,1,61,2,326,22
31064733,6367348,Manhattan,Harlem,40.80315,-73.94709,Shared room,50,30,1,1,0,0
31069988,17494958,Manhattan,Upper West Side,40.77384,-73.98816,Entire home/apt,200,7,0,2,0,0
31070935,232112395,Brooklyn,Crown Heights,40.67683,-73.9328,Private room,63,1,0,1,0,0
31205946,52593429,Brooklyn,Bushwick,40.70266,-73.92633,Private room,46,30,37,1,0,0
31206698,10198498,Brooklyn,Bay Ridge,40.63728,-74.03287,Entire home/apt,130,14,14,1,94,3
31074354,227413647,Queens,Elmhurst,40.74815,-73.8773,Private room,55,3,130,1,62,43
31208865,52964447,Brooklyn,Prospect-Lefferts Gardens,40.66137,-73.9616,Entire home/apt,90,4,26,1,0,4
31209182,131782045,Queens,Long Island City,40.74751,-73.93845,Private room,55,30,0,1,0,0
31211176,25137,Brooklyn,Bedford-Stuyvesant,40.68234,-73.91504,Entire home/apt,115,30,13,1,65,1
31211375,231959634,Brooklyn,Bedford-Stuyvesant,40.69405,-73.93101,Private room,44,30,60,2,0,0
31211385,233417287,Queens,Long Island City,40.7426,-73.95625,Entire home/apt,110,30,3,1,0,0
30958980,53911974,Brooklyn,Bushwick,40.70165,-73.91355,Private room,55,2,1,1,0,0
30965275,231370569,Brooklyn,Bedford-Stuyvesant,40.68868,-73.94167,Private room,50,4,94,1,254,28
30978824,22010249,Brooklyn,Bushwick,40.69216,-73.91093,Private room,96,2,68,5,10,24
31074425,232152341,Queens,St. Albans,40.69281,-73.76156,Entire home/apt,93,7,50,1,342,7
30979146,231456842,Manhattan,Hell's Kitchen,40.7591,-73.99299,Entire home/apt,139,30,8,1,0,0
31212456,233436938,Queens,Rosedale,40.65161,-73.73374,Entire home/apt,84,2,87,1,161,28
31212571,201112506,Manhattan,Hell's Kitchen,40.76641,-73.98988,Entire home/apt,190,30,3,1,309,2
31075172,50364039,Brooklyn,Williamsburg,40.71566,-73.96195,Entire home/apt,200,2,145,3,261,51
31075624,3722715,Brooklyn,Bedford-Stuyvesant,40.68996,-73.9533,Private room,100,2,15,3,235,2
31076667,19630705,Queens,Astoria,40.75779,-73.92856,Entire home/apt,70,3,8,1,0,0
31214157,81764323,Manhattan,Kips Bay,40.74421,-73.97702,Private room,370,30,11,2,0,0
31216852,15010630,Manhattan,Chelsea,40.7468,-74.0019,Entire home/apt,290,50,11,1,73,1
30980172,900055,Brooklyn,Williamsburg,40.70948,-73.96423,Entire home/apt,99,30,0,1,0,0
30980594,28720717,Manhattan,East Village,40.724,-73.98282,Entire home/apt,299,30,21,3,220,4
31082686,105310740,Brooklyn,Bedford-Stuyvesant,40.68512,-73.9516,Entire home/apt,83,30,12,3,33,6
31082886,76821338,Brooklyn,Crown Heights,40.67874,-73.95426,Private room,60,30,6,1,311,0
31083711,228571016,Manhattan,Harlem,40.82413,-73.94233,Private room,202,1,2,2,0,0
31084737,107434423,Manhattan,Tribeca,40.71579,-74.00587,Entire home/apt,689,31,0,453,0,0
31085213,224815152,Manhattan,Hell's Kitchen,40.75469,-73.99625,Private room,199,30,52,10,365,0
31085679,231150375,Brooklyn,Bedford-Stuyvesant,40.69093,-73.931,Private room,72,30,24,3,306,1
30980752,41511227,Brooklyn,Sunset Park,40.66568,-73.99311,Entire home/apt,55,30,1,1,0,0
30981245,17981316,Manhattan,Civic Center,40.71268,-73.99916,Entire home/apt,250,7,2,1,0,0
31218310,233485864,Staten Island,New Dorp Beach,40.56653,-74.10441,Private room,99,1,184,2,360,18
31086198,232251881,Queens,Jamaica,40.66862,-73.78285,Private room,99,1,272,10,362,73
31219800,172226912,Manhattan,Murray Hill,40.74931,-73.9783,Shared room,10000,40,11,1,0,0
31220573,106825862,Manhattan,Hell's Kitchen,40.75874,-73.99205,Entire home/apt,840,30,0,1,0,0
30981877,231474021,Manhattan,East Harlem,40.78582,-73.94878,Private room,65,30,8,1,184,1
30998033,231503052,Brooklyn,Sheepshead Bay,40.60193,-73.94901,Entire home/apt,179,3,68,1,124,29
31087285,219113745,Manhattan,Midtown,40.75162,-73.98703,Entire home/apt,249,30,10,1,0,0
30999134,231192888,Brooklyn,Bedford-Stuyvesant,40.69707,-73.94505,Private room,75,3,67,1,159,12
31000518,16145840,Manhattan,East Harlem,40.7982,-73.93809,Entire home/apt,100,30,2,2,114,0
31000783,200239515,Queens,Rego Park,40.72609,-73.85876,Private room,32,30,0,158,0,0
31000800,200239515,Queens,Woodside,40.74257,-73.89468,Private room,40,30,1,158,0,0
31001555,26556695,Manhattan,Midtown,40.76217,-73.97349,Entire home/apt,1199,2,2,6,361,1
31001961,42676520,Manhattan,Harlem,40.80689,-73.94827,Private room,91,2,206,3,20,70
31220645,646563,Brooklyn,Clinton Hill,40.68302,-73.95942,Entire home/apt,400,30,8,1,0,0
31090222,232251881,Queens,Springfield Gardens,40.66666,-73.78418,Private room,60,1,281,10,0,39
31094549,2359328,Brooklyn,Bedford-Stuyvesant,40.69173,-73.94821,Entire home/apt,68,30,4,1,0,0
31095373,144124452,Queens,Rosedale,40.65357,-73.73668,Private room,42,30,6,1,0,0
31220749,47931146,Queens,Ridgewood,40.70464,-73.9089,Private room,39,30,2,1,0,0
31002413,231459188,Bronx,Kingsbridge,40.88756,-73.90338,Private room,35,30,3,1,0,0
31097104,1000278,Manhattan,Tribeca,40.71868,-74.0081,Entire home/apt,200,30,2,1,0,0
31099129,232374986,Manhattan,East Harlem,40.78569,-73.94275,Private room,60,30,6,1,0,0
31002659,139479838,Manhattan,Chelsea,40.75142,-73.99457,Entire home/apt,175,30,50,1,313,6
31221559,67345821,Brooklyn,East Flatbush,40.6453,-73.95114,Entire home/apt,51,5,130,1,50,15
31099533,202478509,Manhattan,Hell's Kitchen,40.76241,-73.99435,Entire home/apt,225,14,5,1,43,2
31223352,233534153,Brooklyn,Sheepshead Bay,40.59521,-73.94379,Entire home/apt,232,30,20,1,365,4
31007110,41976199,Brooklyn,Bedford-Stuyvesant,40.68972,-73.93102,Private room,72,1,40,2,0,6
31014381,231628393,Queens,Flushing,40.73096,-73.80357,Entire home/apt,82,3,84,1,40,26
31019621,26556695,Manhattan,Midtown,40.76212,-73.97377,Entire home/apt,2799,2,5,6,364,4
31103559,228608906,Staten Island,Arrochar,40.58935,-74.07147,Private room,75,30,19,2,0,0
31023111,1462223,Brooklyn,Clinton Hill,40.6903,-73.96429,Private room,73,30,3,1,38,3
31224193,112546119,Brooklyn,East Flatbush,40.65972,-73.91933,Private room,170,3,1,2,90,1
31224224,162933359,Manhattan,Harlem,40.82283,-73.93812,Private room,55,1,42,1,10,12
31106666,231150375,Brooklyn,Bedford-Stuyvesant,40.68934,-73.9293,Private room,60,30,32,3,266,3
31106961,93412728,Brooklyn,Williamsburg,40.7147,-73.95102,Private room,70,30,0,1,0,0
31231904,203981093,Brooklyn,Bushwick,40.68566,-73.91521,Entire home/apt,150,30,36,1,142,1
31234360,107930075,Queens,Howard Beach,40.67145,-73.85746,Private room,50,30,0,1,0,0
31023868,108810117,Brooklyn,Fort Greene,40.6889,-73.97916,Entire home/apt,250,4,5,1,0,1
31025081,87833104,Queens,Sunnyside,40.7409,-73.92407,Entire home/apt,98,4,16,1,2,8
31036861,908906,Manhattan,Chinatown,40.71642,-73.99003,Entire home/apt,400,3,2,2,0,0
31110349,196915362,Queens,Ditmars Steinway,40.77182,-73.91788,Entire home/apt,150,30,10,1,61,4
31036903,66135171,Brooklyn,Williamsburg,40.71763,-73.94208,Private room,37,30,0,1,0,0
31038331,107434423,Manhattan,Midtown,40.75262,-73.989752,Entire home/apt,243,31,0,453,309,0
31236046,233665357,Bronx,Pelham Gardens,40.86814,-73.8449,Entire home/apt,89,30,15,1,40,6
31116747,212729984,Brooklyn,East New York,40.65963,-73.89749,Private room,99,1,80,1,119,5
31237124,233422217,Manhattan,Harlem,40.82762,-73.95161,Private room,96,30,1,2,0,0
31315936,10746800,Manhattan,Upper West Side,40.79455,-73.96909,Private room,43,30,2,1,0,0
31316889,40245658,Manhattan,Hell's Kitchen,40.76379,-73.98942,Private room,308,2,49,2,230,20
31119799,33500990,Staten Island,St. George,40.64024,-74.08538,Private room,65,4,4,3,360,4
31120226,15687009,Manhattan,East Village,40.72563,-73.97505,Entire home/apt,110,30,59,2,156,4
31317255,234417391,Manhattan,Upper West Side,40.79402,-73.96637,Private room,300,2,16,1,80,0
31317744,234423593,Bronx,Melrose,40.8245,-73.91501,Entire home/apt,160,4,51,1,146,16
31120563,9786357,Brooklyn,Prospect Heights,40.68083,-73.97,Entire home/apt,700,31,20,1,72,1
31319380,234440538,Manhattan,Upper East Side,40.78044,-73.95414,Entire home/apt,150,30,0,1,0,0
31237303,115136074,Queens,Springfield Gardens,40.6908,-73.747,Private room,73,2,11,2,80,0
31120812,126625033,Manhattan,Morningside Heights,40.80538,-73.96518,Private room,150,30,0,1,0,0
31238549,2235105,Brooklyn,Bedford-Stuyvesant,40.68322,-73.93291,Entire home/apt,209,3,0,1,0,0
31120894,95475481,Brooklyn,Greenpoint,40.72604,-73.95463,Private room,45,30,2,1,0,0
31121209,37401126,Brooklyn,East Flatbush,40.64149,-73.93961,Private room,67,1,100,3,359,46
31121213,8630543,Manhattan,Harlem,40.80488,-73.94882,Entire home/apt,95,30,52,1,162,2
31247718,34556469,Brooklyn,Gravesend,40.6067,-73.97549,Private room,50,30,0,2,0,0
31249784,232251881,Queens,Jamaica,40.66794,-73.78502,Private room,64,1,286,10,47,45
31255156,14948568,Brooklyn,Midwood,40.62027,-73.96985,Entire home/apt,60,35,0,1,0,0
31255471,9293730,Manhattan,Upper West Side,40.795319,-73.962914,Entire home/apt,147,30,15,37,185,7
31255786,806774,Brooklyn,Williamsburg,40.70852,-73.96694,Shared room,125,18,18,2,42,3
31259110,233521077,Manhattan,East Village,40.72677,-73.98166,Private room,70,30,17,1,0,0
31322232,2930761,Queens,Flushing,40.75236,-73.78657,Entire home/apt,110,14,22,10,60,6
31328877,1512565,Manhattan,East Harlem,40.78981,-73.9529,Private room,225,30,11,2,18,1
31330562,234539932,Manhattan,Kips Bay,40.73739,-73.97282,Private room,70,30,0,2,0,0
31332746,221574115,Brooklyn,Bensonhurst,40.61066,-74.00065,Private room,20,30,0,2,0,0
31121555,9316328,Brooklyn,Bedford-Stuyvesant,40.68597,-73.9544,Private room,52,1,38,1,0,0
31122836,22997536,Manhattan,Chelsea,40.73921,-73.98998,Private room,125,30,2,1,0,0
31333074,14855509,Manhattan,Harlem,40.81419,-73.94847,Entire home/apt,119,5,93,3,202,33
31336245,232251881,Queens,Springfield Gardens,40.66673,-73.78314,Shared room,47,1,287,10,358,69
31262486,233315839,Brooklyn,Williamsburg,40.71965,-73.9624,Private room,80,30,1,1,0,0
31267560,232251881,Queens,Jamaica,40.6685,-73.78308,Shared room,40,1,259,10,359,52
31123021,755603,Brooklyn,Williamsburg,40.70767,-73.9464,Entire home/apt,189,2,5,1,0,0
31123490,65294078,Manhattan,Hell's Kitchen,40.76769,-73.98513,Entire home/apt,175,1,17,1,0,0
31269703,81146418,Queens,Jamaica,40.68474,-73.79783,Entire home/apt,83,1,24,1,0,0
31276196,6965682,Brooklyn,Bushwick,40.69989,-73.93525,Entire home/apt,180,30,1,1,0,0
31277426,29582232,Brooklyn,Flatbush,40.641239166259766,-73.96507263183594,Entire home/apt,225,3,151,5,182,47
31336375,234596452,Brooklyn,Bushwick,40.70026,-73.92424,Private room,85,30,0,1,0,0
31123611,232251881,Queens,Jamaica,40.6683,-73.78371,Private room,74,1,243,10,364,61
31124462,2373009,Manhattan,Hell's Kitchen,40.76575,-73.98826,Private room,47,30,1,1,0,0
31126424,176899233,Brooklyn,Kensington,40.64068,-73.97023,Shared room,54,3,10,2,64,6
31339496,131808888,Queens,Flushing,40.745777,-73.828743,Entire home/apt,429,1,110,1,357,37
31286946,88484548,Queens,Queens Village,40.70598,-73.73596,Private room,30,2,1,1,0,0
31127267,32540806,Queens,Kew Gardens Hills,40.72964,-73.82672,Entire home/apt,41,2,9,1,0,0
31287498,234147066,Queens,College Point,40.78103,-73.84053,Entire home/apt,78,5,67,1,82,7
31339600,123672154,Brooklyn,Greenpoint,40.7324,-73.95126,Private room,79,30,3,2,0,0
31127402,172391931,Brooklyn,Bedford-Stuyvesant,40.691,-73.95362,Entire home/apt,200,30,1,1,0,0
31127529,231150375,Brooklyn,Bedford-Stuyvesant,40.68932,-73.93082,Private room,65,30,37,3,252,2
31127742,232648305,Manhattan,Kips Bay,40.7411,-73.9802,Entire home/apt,779,30,2,1,89,0
31340315,34685168,Queens,Astoria,40.76709,-73.92503,Entire home/apt,204,4,3,1,0,2
31340539,207173529,Manhattan,Inwood,40.86836,-73.92047,Private room,65,1,2,1,0,0
31290477,231691559,Brooklyn,Williamsburg,40.71282,-73.93558,Entire home/apt,375,1,22,1,363,2
31128175,855089,Manhattan,Chinatown,40.71335,-73.99066,Private room,60,30,0,1,0,0
31290728,234178917,Queens,Sunnyside,40.7447,-73.91388,Entire home/apt,400,30,1,1,0,0
31291730,224815152,Manhattan,Hell's Kitchen,40.75573,-73.99628,Private room,199,30,54,10,365,0
31292343,12965214,Manhattan,East Village,40.72929,-73.98007,Private room,99,2,1,1,0,0
31292757,224815152,Manhattan,Hell's Kitchen,40.75642,-73.99778,Private room,249,30,18,10,365,0
31293545,3951033,Manhattan,Harlem,40.8303,-73.94079,Entire home/apt,140,30,29,1,26,3
31340666,22251283,Manhattan,Hell's Kitchen,40.75631,-73.99366,Entire home/apt,150,30,5,2,59,0
31340743,5838825,Manhattan,Midtown,40.75485,-73.99051,Private room,120,30,0,1,0,0
31353678,110902412,Brooklyn,Prospect-Lefferts Gardens,40.65812,-73.96166,Entire home/apt,169,4,65,1,1,16
31354548,224414117,Manhattan,Hell's Kitchen,40.75497,-73.99647,Hotel room,285,1,10,29,217,0
31358401,73640551,Brooklyn,Prospect Heights,40.67713,-73.97154,Private room,60,30,21,2,0,0
31358547,16713332,Brooklyn,Bushwick,40.69715,-73.93161,Private room,65,30,0,1,0,0
31358785,2707299,Brooklyn,Gowanus,40.6825,-73.98995,Entire home/apt,187,4,0,2,303,0
31129115,1499484,Brooklyn,Red Hook,40.67791,-74.01346,Entire home/apt,159,1,238,2,283,79
31135051,230025652,Queens,Queens Village,40.70588,-73.74936,Private room,46,30,7,2,0,0
31141189,3744921,Queens,Forest Hills,40.72141,-73.85509,Private room,60,1,56,1,56,27
31359053,234823585,Brooklyn,Kensington,40.64518,-73.97194,Entire home/apt,500,30,41,1,88,0
31143377,232463854,Manhattan,Battery Park City,40.70776,-74.01692,Entire home/apt,300,30,5,1,0,0
31294112,234211879,Brooklyn,Bedford-Stuyvesant,40.68421,-73.92135,Entire home/apt,175,2,105,1,276,35
31145329,72602373,Brooklyn,Brownsville,40.66254,-73.91655,Private room,45,2,16,2,0,0
31146186,6586697,Queens,Astoria,40.76758,-73.91122,Private room,90,2,4,3,61,1
31148287,23901417,Brooklyn,Carroll Gardens,40.68061,-74.00066,Entire home/apt,100,30,0,1,0,0
31150305,2928701,Manhattan,East Village,40.72898,-73.98413,Entire home/apt,235,30,7,4,258,3
31153044,9169717,Manhattan,Gramercy,40.73595,-73.98243,Private room,150,30,0,1,0,0
31294395,51812548,Manhattan,Upper East Side,40.78063,-73.95127,Entire home/apt,150,30,9,1,0,0
31301754,15811194,Brooklyn,Brownsville,40.67168,-73.91132,Private room,54,2,8,2,49,3
31362276,18683197,Brooklyn,Sheepshead Bay,40.58463,-73.94294,Entire home/apt,120,30,0,1,0,0
31362797,24764219,Brooklyn,Bushwick,40.69269,-73.92278,Private room,70,2,4,1,75,0
31153254,50241946,Manhattan,Midtown,40.74997,-73.97086,Private room,215,30,24,1,0,0
31379967,235008186,Queens,Astoria,40.75467,-73.91382,Entire home/apt,150,30,33,1,0,0
31380037,131569457,Brooklyn,Bushwick,40.68727,-73.90879,Shared room,45,30,0,1,0,0
31304303,20517979,Manhattan,Upper East Side,40.7669,-73.96307,Entire home/apt,105,30,25,1,0,0
31304312,234297980,Manhattan,Upper East Side,40.77576,-73.95585,Entire home/apt,200,30,0,1,0,0
31305551,2108671,Brooklyn,Bedford-Stuyvesant,40.68894,-73.93611,Entire home/apt,80,25,0,1,0,0
31556307,137358866,Queens,Woodside,40.74367,-73.90004,Private room,81,30,7,111,326,4
31557451,398617,Brooklyn,Bedford-Stuyvesant,40.68221,-73.95388,Entire home/apt,162,30,15,1,0,0
31307385,234115186,Manhattan,Chelsea,40.74469,-73.99682,Entire home/apt,275,30,1,1,0,0
31307651,224414117,Manhattan,Hell's Kitchen,40.75617,-73.9986,Private room,307,1,1,29,220,0
31560410,21129281,Manhattan,Washington Heights,40.83921,-73.93958,Entire home/apt,130,30,15,1,0,0
31561372,229288524,Manhattan,Theater District,40.75674,-73.98844,Entire home/apt,460,30,21,2,270,1
31382465,59808986,Queens,Ridgewood,40.69919,-73.90341,Entire home/apt,110,1,153,1,33,47
31562978,27479250,Brooklyn,Bensonhurst,40.60296,-73.99406,Entire home/apt,125,30,0,1,0,0
31383493,166432964,Brooklyn,Bedford-Stuyvesant,40.69404,-73.95682,Private room,30,30,0,1,0,0
31388263,234539932,Manhattan,Kips Bay,40.73791,-73.97281,Private room,85,30,0,2,0,0
31388793,195034974,Brooklyn,Bushwick,40.69711,-73.92529,Private room,60,30,0,5,0,0
31388829,195034974,Brooklyn,Bushwick,40.69895,-73.92385,Private room,50,30,0,5,0,0
31388864,195034974,Brooklyn,Bushwick,40.69689,-73.92519,Private room,40,30,0,5,0,0
31388959,195034974,Brooklyn,Bushwick,40.69846,-73.92354,Private room,40,30,0,5,0,0
31390350,7285648,Manhattan,Chelsea,40.74442,-74.00487,Private room,110,30,0,3,0,0
31409073,233422217,Manhattan,Harlem,40.82774,-73.95246,Private room,87,30,1,2,0,0
31413351,33614329,Brooklyn,Bushwick,40.69673,-73.93013,Entire home/apt,143,1,296,3,70,102
31414558,16792346,Brooklyn,Williamsburg,40.71217,-73.94664,Entire home/apt,145,30,7,1,0,0
31311422,234357462,Manhattan,West Village,40.73412,-74.00506,Entire home/apt,196,30,44,1,313,4
31311511,2749534,Manhattan,Midtown,40.76368,-73.97619,Entire home/apt,199,30,6,1,0,0
31564614,235548617,Queens,Long Island City,40.75765,-73.93046,Private room,81,2,90,3,254,18
31313105,7797973,Queens,Springfield Gardens,40.66209,-73.75681,Entire home/apt,189,3,109,1,169,34
31414856,235311151,Brooklyn,Williamsburg,40.70371,-73.934,Private room,40,30,1,1,0,0
31419390,235344330,Brooklyn,Williamsburg,40.71508,-73.94647,Private room,91,5,63,1,2,9
31565043,80091916,Queens,Ditmars Steinway,40.77324,-73.90567,Private room,120,30,0,1,0,0
31420503,4305407,Manhattan,West Village,40.73322,-74.00596,Entire home/apt,100,30,9,1,0,0
31434819,3921700,Manhattan,Upper West Side,40.78058,-73.97935,Private room,179,3,3,2,14,2
31435773,107434423,Manhattan,Upper East Side,40.77595,-73.95559,Entire home/apt,370,31,1,453,77,1
31439428,20445702,Manhattan,Lower East Side,40.7117,-73.98671,Shared room,998,60,0,1,0,0
31444634,48392689,Brooklyn,Williamsburg,40.71101,-73.95049,Entire home/apt,429,2,13,1,293,0
31445273,235548617,Queens,Long Island City,40.7573,-73.93245,Private room,71,2,86,3,36,16
31448783,5945241,Brooklyn,Bedford-Stuyvesant,40.68029,-73.91001,Entire home/apt,224,2,38,1,61,24
31450131,72602373,Brooklyn,Brownsville,40.66102,-73.91592,Private room,57,3,10,2,0,0
31313376,11223389,Queens,Astoria,40.75681,-73.9291,Private room,40,30,45,1,0,0
31313806,49101398,Brooklyn,Gravesend,40.59616,-73.97537,Private room,69,3,70,3,116,18
31566176,236607981,Brooklyn,Bushwick,40.69527,-73.927,Private room,80,30,0,1,0,0
31313987,121926104,Brooklyn,Williamsburg,40.71714,-73.96078,Private room,65,30,0,1,0,0
31315168,5800174,Brooklyn,Prospect Heights,40.67566,-73.96549,Private room,74,30,24,1,0,0
31802796,30077950,Manhattan,East Village,40.7314,-73.98717,Entire home/apt,250,30,0,1,0,0
31806593,191084919,Brooklyn,Bedford-Stuyvesant,40.68297,-73.93825,Private room,65,30,8,1,0,0
31568673,236631469,Bronx,Williamsbridge,40.88445,-73.86196,Private room,25,30,0,1,0,0
31457396,49082748,Manhattan,East Village,40.72797,-73.9838,Private room,70,21,31,1,45,29
31569502,39192815,Queens,Astoria,40.76613,-73.92215,Entire home/apt,80,30,0,1,0,0
31458142,235655558,Manhattan,Kips Bay,40.74176,-73.9821,Entire home/apt,140,30,3,1,0,0
31570962,81636631,Brooklyn,Bedford-Stuyvesant,40.67913,-73.90814,Entire home/apt,110,1,112,4,155,26
31582797,2903063,Brooklyn,Bedford-Stuyvesant,40.6884,-73.94293,Entire home/apt,198,3,110,1,116,36
31809534,91355631,Manhattan,Harlem,40.81595,-73.94007,Private room,85,2,11,1,0,6
31584089,107434423,Manhattan,Chelsea,40.753011,-73.995934,Entire home/apt,485,31,0,453,348,0
31584244,157604475,Brooklyn,Bedford-Stuyvesant,40.69475,-73.94502,Private room,35,7,2,2,0,0
31589769,214623686,Brooklyn,Bedford-Stuyvesant,40.68548,-73.95169,Entire home/apt,250,2,77,1,97,39
31809709,72769736,Manhattan,Upper West Side,40.79954,-73.96385,Private room,74,4,21,1,159,21
31823858,198674748,Brooklyn,Prospect-Lefferts Gardens,40.66187,-73.95245,Entire home/apt,125,30,46,1,0,0
31828528,123672154,Brooklyn,Greenpoint,40.73395,-73.95301,Private room,79,30,3,2,0,0
31832773,200239515,Queens,Woodside,40.74533,-73.89134,Private room,39,30,8,158,32,2
31832966,236148005,Manhattan,Flatiron District,40.74105,-73.98607,Entire home/apt,140,30,12,1,0,0
31834008,231510804,Brooklyn,Canarsie,40.63474,-73.88756,Entire home/apt,125,2,163,1,0,1
31834161,200239515,Queens,Woodside,40.7465,-73.89288,Private room,46,30,3,158,0,2
31458781,129643632,Brooklyn,Sunset Park,40.66512680053711,-73.99395751953125,Entire home/apt,95,30,6,2,353,1
31593170,19418202,Bronx,Van Nest,40.84496,-73.86675,Private room,78,1,88,2,0,32
31459245,71012165,Brooklyn,Bedford-Stuyvesant,40.69649,-73.93595,Private room,40,30,0,1,0,0
31459394,51501835,Manhattan,Upper East Side,40.78058,-73.95198,Entire home/apt,145,30,2,109,342,0
31466176,14855509,Manhattan,Harlem,40.81325,-73.94841,Entire home/apt,124,5,92,3,231,34
31467888,5162192,Manhattan,Upper West Side,40.79832,-73.9602,Entire home/apt,125,28,4,20,189,2
31593613,229695499,Manhattan,Lower East Side,40.71853,-73.984,Private room,250,1,5,2,177,5
31593740,224414117,Manhattan,Hell's Kitchen,40.75504,-73.99695,Hotel room,285,1,20,29,217,6
31594754,224414117,Manhattan,Hell's Kitchen,40.75543,-73.99849,Hotel room,285,1,4,29,217,0
31595244,224414117,Manhattan,Hell's Kitchen,40.7551,-73.99845,Hotel room,285,1,14,29,217,0
31596199,236852677,Bronx,Fordham,40.86899,-73.88815,Entire home/apt,200,30,7,1,0,0
31470227,235762288,Manhattan,West Village,40.73636,-73.9976,Entire home/apt,195,30,31,1,0,0
31473340,2790890,Brooklyn,Bedford-Stuyvesant,40.69242,-73.94891,Entire home/apt,102,3,88,2,310,36
31834190,18957069,Queens,Woodside,40.74858,-73.89857,Entire home/apt,120,1,117,1,34,64
31596519,3246916,Brooklyn,Williamsburg,40.70466,-73.93335,Entire home/apt,250,30,3,1,0,0
31599728,217910985,Queens,Flushing,40.74454,-73.82548,Private room,65,15,4,3,176,1
31835627,152895936,Queens,Elmhurst,40.73701,-73.87787,Private room,34,30,0,1,0,0
31836311,19303369,Queens,Elmhurst,40.74018,-73.87571,Private room,38,30,4,175,44,0
31839994,40160805,Queens,Flushing,40.75485,-73.80359,Entire home/apt,138,4,128,1,272,44
31847270,22089863,Manhattan,Harlem,40.80375,-73.94984,Private room,75,30,3,2,0,0
31474126,126052775,Brooklyn,Bushwick,40.7037,-73.92095,Private room,29,30,4,1,0,0
31476497,566838,Manhattan,Harlem,40.81897,-73.94004,Private room,116,1,118,4,349,39
31490659,12394498,Queens,Maspeth,40.72762,-73.89262,Entire home/apt,129,6,28,1,0,0
31493229,9295169,Brooklyn,Williamsburg,40.71772,-73.94665,Private room,60,30,1,1,0,0
31600379,148787736,Brooklyn,Gowanus,40.66757,-73.99121,Entire home/apt,120,10,10,1,170,3
31494165,33464426,Manhattan,Midtown,40.76444,-73.98402,Private room,90,30,10,1,0,0
31494679,149221924,Brooklyn,Brighton Beach,40.57628,-73.96791,Entire home/apt,100,30,1,1,0,0
31506629,15185649,Brooklyn,Bedford-Stuyvesant,40.68127,-73.92577,Entire home/apt,215,7,3,2,0,0
31854564,113121666,Queens,Richmond Hill,40.68358,-73.83081,Entire home/apt,200,3,52,1,338,17
31856192,61875246,Queens,Whitestone,40.78504,-73.82418,Private room,93,2,62,1,353,11
31857171,7700456,Manhattan,Washington Heights,40.85685,-73.93688,Entire home/apt,70,30,1,1,0,0
31600930,57135136,Queens,Far Rockaway,40.59853,-73.7468,Entire home/apt,250,30,0,1,0,0
31859521,220480440,Queens,Glendale,40.6956,-73.89549,Private room,45,180,20,3,180,0
31507738,17018355,Manhattan,Washington Heights,40.85751,-73.93143,Entire home/apt,75,30,9,1,0,0
31602882,236914360,Brooklyn,Crown Heights,40.67598,-73.94761,Private room,120,1,16,1,84,11
31511086,144006321,Manhattan,Washington Heights,40.84293,-73.94132,Private room,55,30,45,2,156,2
31859909,5704932,Bronx,Fordham,40.86627,-73.88665,Private room,48,30,21,4,0,4
31620173,237049868,Brooklyn,Williamsburg,40.71205,-73.93617,Entire home/apt,46,30,7,1,0,0
31512324,135722057,Brooklyn,Bushwick,40.68568,-73.91047,Private room,50,30,31,1,0,0
31513692,117675375,Manhattan,East Harlem,40.80029,-73.93807,Private room,41,28,28,2,4,7
31514475,203266238,Bronx,Bronxdale,40.85686,-73.85765,Private room,55,15,5,6,249,0
31514820,45601111,Queens,Laurelton,40.66939,-73.74644,Private room,51,30,3,6,364,1
31518329,2983302,Queens,Ditmars Steinway,40.77624,-73.91833,Private room,105,30,0,1,0,0
31622448,4852748,Manhattan,Harlem,40.80491,-73.94737,Entire home/apt,180,2,25,8,71,17
31623508,26738513,Brooklyn,Bushwick,40.69263,-73.91654,Entire home/apt,180,30,0,1,180,0
31521732,16480700,Manhattan,Harlem,40.8186,-73.95335,Private room,192,1,17,12,346,2
31530711,3921700,Manhattan,Upper West Side,40.78217,-73.97725,Entire home/apt,282,30,29,2,0,1
31534487,21250331,Queens,Bayside,40.75609,-73.76889,Private room,65,31,118,3,141,43
31534723,20863433,Brooklyn,Bedford-Stuyvesant,40.68298,-73.94836,Entire home/apt,95,30,26,2,0,0
31864884,56403037,Queens,Woodhaven,40.68936,-73.84945,Private room,39,30,47,2,169,3
31873616,162280872,Manhattan,Upper East Side,40.77578,-73.94697,Entire home/apt,140,30,12,98,327,5
31878988,30214212,Brooklyn,Williamsburg,40.71673,-73.95662,Entire home/apt,110,30,19,1,114,8
31879887,238894847,Brooklyn,Bedford-Stuyvesant,40.68676,-73.95635,Entire home/apt,200,30,28,1,0,0
31624317,154302755,Brooklyn,Bedford-Stuyvesant,40.68891,-73.92806,Entire home/apt,180,6,67,5,327,24
31626662,445286029,Brooklyn,Bedford-Stuyvesant,40.68449,-73.9245,Entire home/apt,267,3,66,1,3,25
31626920,50339845,Manhattan,Upper West Side,40.77288,-73.99011,Private room,34,30,3,1,0,0
31641843,184600679,Brooklyn,Williamsburg,40.71011,-73.95186,Private room,85,30,1,1,0,0
31663848,237406328,Brooklyn,Williamsburg,40.71415,-73.95271,Entire home/apt,375,30,59,2,61,5
31537701,116985862,Queens,Richmond Hill,40.68,-73.82227,Entire home/apt,271,1,2,2,365,2
31539511,235763046,Queens,Rosedale,40.66842,-73.73327,Private room,106,1,172,1,327,46
31665066,23434483,Brooklyn,Bedford-Stuyvesant,40.67921,-73.93159,Entire home/apt,133,3,29,1,0,15
31667621,204811322,Manhattan,Midtown,40.74691,-73.98683,Entire home/apt,189,2,98,4,195,47
31540573,6259917,Manhattan,Lower East Side,40.7205,-73.99374,Entire home/apt,120,30,5,1,0,0
31881052,238953933,Brooklyn,South Slope,40.66157,-73.98741,Entire home/apt,151,1,172,1,331,43
31881336,5704932,Bronx,Fordham,40.86579,-73.88693,Private room,60,30,20,4,0,0
31668461,236432765,Brooklyn,Williamsburg,40.7175,-73.954,Entire home/apt,301,2,222,1,315,76
31540929,28035940,Manhattan,Upper West Side,40.79791,-73.96647,Entire home/apt,128,30,3,1,0,0
31668481,230930866,Brooklyn,Williamsburg,40.71759,-73.96448,Entire home/apt,185,30,6,1,0,0
31542692,64091336,Brooklyn,Bedford-Stuyvesant,40.6933,-73.93372,Entire home/apt,108,30,28,1,12,4
31881815,29394295,Manhattan,East Harlem,40.78933,-73.94228,Entire home/apt,307,4,2,1,14,0
31883012,24294060,Queens,Elmhurst,40.73527,-73.88313,Private room,65,30,2,3,0,0
31883127,6833598,Brooklyn,Bedford-Stuyvesant,40.68429,-73.9179,Entire home/apt,200,3,175,1,301,55
31883238,238975559,Queens,Woodside,40.75325,-73.9032,Entire home/apt,249,3,72,1,106,31
31884434,139838320,Brooklyn,Bedford-Stuyvesant,40.67981,-73.95094,Entire home/apt,80,2,68,2,217,27
31669717,225612108,Manhattan,Upper West Side,40.79564,-73.96308,Entire home/apt,120,30,1,1,0,0
31669844,46324691,Queens,Astoria,40.77144,-73.92657,Entire home/apt,100,7,3,1,0,0
31670625,237283862,Manhattan,Financial District,40.70396,-74.00699,Entire home/apt,250,30,6,1,0,0
31884696,238989521,Queens,Sunnyside,40.73985,-73.92596,Private room,36,30,6,17,0,0
31885563,200239515,Queens,Sunnyside,40.73923,-73.92759,Private room,37,30,1,158,0,0
31885991,105762561,Queens,Jamaica,40.68981,-73.78505,Private room,65,30,3,3,341,0
31543246,236422290,Manhattan,Harlem,40.8078,-73.94442,Entire home/apt,90,90,8,1,0,0
31543550,7285648,Manhattan,Chelsea,40.74744,-74.00566,Private room,120,30,0,3,0,0
31549470,107434423,Manhattan,Upper East Side,40.77595,-73.95559,Entire home/apt,378,31,0,453,0,0
31670943,73676875,Bronx,Mount Hope,40.84524,-73.90798,Entire home/apt,86,25,16,2,0,7
31894643,27547703,Brooklyn,Brooklyn Heights,40.69651,-73.99478,Entire home/apt,60,30,2,1,0,0
31895980,33614329,Brooklyn,Bushwick,40.69603,-73.92957,Entire home/apt,149,1,89,3,39,15
31898478,3734323,Brooklyn,Bushwick,40.68642,-73.91283,Private room,50,30,15,2,0,0
31673405,121842697,Brooklyn,Crown Heights,40.67707,-73.93758,Entire home/apt,199,5,36,1,149,6
31898630,239116505,Brooklyn,Bushwick,40.69837,-73.93691,Private room,27,30,1,1,0,0
31675232,206288086,Brooklyn,Fort Greene,40.69366,-73.9712,Entire home/apt,230,2,79,2,292,37
32038185,240203470,Queens,Jamaica,40.67831,-73.79999,Private room,60,1,110,1,155,25
32039742,240207968,Manhattan,Upper West Side,40.79928,-73.96027,Private room,128,30,0,2,0,0
32040351,240207968,Manhattan,Upper West Side,40.79928,-73.96027,Private room,128,30,0,2,0,0
31676440,237516549,Queens,Long Island City,40.75383,-73.93652,Entire home/apt,563,2,44,1,321,32
32042721,240239465,Queens,St. Albans,40.70049,-73.75528,Entire home/apt,50,30,16,1,0,0
31900179,98214533,Staten Island,Huguenot,40.54177,-74.17092,Entire home/apt,87,2,43,1,267,14
31901835,49988341,Bronx,Wakefield,40.8987,-73.84471,Private room,70,30,0,1,0,0
31905458,239180752,Staten Island,Tompkinsville,40.6376,-74.0784,Private room,50,30,0,1,0,0
31681337,61042,Manhattan,Harlem,40.8256,-73.95223,Private room,50,5,8,7,0,3
31681846,68080601,Queens,Long Island City,40.74556,-73.94835,Entire home/apt,125,31,3,1,0,0
31682228,237569289,Manhattan,Gramercy,40.73694,-73.98169,Entire home/apt,155,90,6,1,0,0
32044146,138150256,Brooklyn,Greenpoint,40.73347,-73.95399,Entire home/apt,90,30,2,1,2,0
32047248,158725307,Manhattan,East Village,40.73049,-73.99197,Entire home/apt,400,30,9,2,120,1
31684570,48911266,Manhattan,Chinatown,40.7137,-73.99649,Entire home/apt,175,30,9,2,0,0
31687149,32552738,Brooklyn,Kensington,40.64114,-73.98007,Entire home/apt,39,30,9,1,0,0
32049606,58220119,Manhattan,Harlem,40.81668,-73.94472,Private room,300,2,57,1,0,38
32050071,6073347,Manhattan,NoHo,40.72633,-73.99302,Entire home/apt,249,30,2,1,0,0
31909528,51186155,Queens,Fresh Meadows,40.7325,-73.7939,Entire home/apt,46,2,246,1,34,54
31687693,21106043,Queens,Astoria,40.76313,-73.91213,Entire home/apt,70,30,0,1,0,0
31695085,13419129,Manhattan,East Harlem,40.79864,-73.942,Entire home/apt,110,20,40,2,0,1
32050230,202697970,Queens,Flushing,40.73697,-73.80849,Private room,45,30,0,1,0,0
32050419,7550725,Brooklyn,Greenpoint,40.73347,-73.9585,Entire home/apt,150,30,12,1,0,0
32059651,8013189,Manhattan,West Village,40.73604,-74.00748,Entire home/apt,550,4,0,1,60,0
31697123,237715800,Brooklyn,East New York,40.67134,-73.87862,Entire home/apt,89,1,194,2,151,28
32062843,91393358,Queens,Flushing,40.75443,-73.80575,Entire home/apt,264,3,45,1,110,11
32064131,54632171,Brooklyn,Flatbush,40.64779,-73.96142,Entire home/apt,75,30,9,1,0,0
32064705,6407054,Manhattan,Harlem,40.81927,-73.95341,Private room,37,30,14,2,0,1
32080210,29278028,Manhattan,Upper East Side,40.77747,-73.956,Entire home/apt,800,2,41,5,136,24
32081249,240594389,Queens,Glendale,40.69312,-73.89558,Entire home/apt,165,30,32,3,219,2
31913609,21019302,Brooklyn,Bedford-Stuyvesant,40.68512,-73.92291,Entire home/apt,242,4,93,1,286,31
31918252,53300414,Brooklyn,Gowanus,40.66942,-73.99135,Private room,98,30,4,2,0,0
31920388,14053042,Manhattan,Harlem,40.82143,-73.94255,Entire home/apt,75,30,2,1,0,0
31924097,225011474,Manhattan,Midtown,40.74408,-73.98435,Entire home/apt,250,30,70,2,0,0
31705298,3072696,Manhattan,Harlem,40.814,-73.95004,Entire home/apt,400,3,42,1,26,17
31925075,239351588,Brooklyn,Crown Heights,40.66698,-73.92958,Private room,250,30,12,2,249,0
31929176,137725101,Brooklyn,Crown Heights,40.67124,-73.93232,Entire home/apt,120,30,21,1,0,0
31929437,183886601,Manhattan,Inwood,40.86769,-73.92475,Entire home/apt,128,30,8,2,280,2
31931117,815436,Brooklyn,Park Slope,40.67203,-73.97997,Entire home/apt,110,30,64,1,0,0
31931665,153315099,Brooklyn,Crown Heights,40.67102,-73.95234,Private room,120,30,0,1,83,0
31932152,57885474,Bronx,Wakefield,40.89681,-73.85808,Entire home/apt,220,2,88,5,345,25
32084640,18209807,Queens,Astoria,40.76208,-73.92134,Private room,75,1,1,1,0,0
31705971,220480440,Queens,Glendale,40.70454,-73.87953,Private room,50,180,43,3,67,1
31707882,237817180,Brooklyn,Park Slope,40.67525,-73.98253,Entire home/apt,225,10,41,1,92,15
32086758,164242874,Manhattan,Upper West Side,40.79396,-73.97387,Entire home/apt,250,30,52,1,0,0
32088018,3158364,Queens,Long Island City,40.73523,-73.92568,Private room,200,365,11,3,358,0
32089161,25115746,Manhattan,Upper West Side,40.78727,-73.97721,Shared room,500,30,0,1,0,0
32093515,228879817,Queens,Flushing,40.74592,-73.83465,Private room,55,1,115,6,339,38
32094042,228879817,Queens,Flushing,40.74606,-73.83303,Private room,55,1,78,6,340,27
32095900,240746806,Staten Island,Arden Heights,40.55013,-74.17432,Private room,40,90,0,1,363,0
32102590,211549023,Manhattan,Midtown,40.74772,-73.98682,Entire home/apt,238,2,111,16,305,45
31707961,47856685,Brooklyn,Clinton Hill,40.68303,-73.95963,Private room,90,7,1,1,0,0
31713858,237880163,Queens,Sunnyside,40.73732,-73.92702,Private room,65,30,45,1,0,0
32107065,240858689,Queens,Long Island City,40.749,-73.94933,Private room,99,30,0,1,0,0
31932642,20181084,Manhattan,Harlem,40.82379,-73.95253,Private room,59,3,54,1,168,24
31933373,78643953,Brooklyn,Bushwick,40.69019,-73.91593,Entire home/apt,247,4,86,3,273,27
31947104,224414117,Manhattan,Hell's Kitchen,40.75477,-73.99719,Hotel room,307,1,0,29,220,0
31947645,224414117,Manhattan,Hell's Kitchen,40.75659,-73.99639,Hotel room,307,1,123,29,220,86
31950082,6902218,Brooklyn,Red Hook,40.67892,-74.01159,Entire home/apt,238,3,3,1,0,1
31714168,213014559,Queens,East Elmhurst,40.77015,-73.8771,Entire home/apt,128,30,32,2,0,0
31715312,204811322,Manhattan,Midtown,40.74744,-73.98702,Entire home/apt,190,2,108,4,185,48
31716191,2591842,Queens,Long Island City,40.75624,-73.92061,Private room,75,30,0,2,0,0
31717837,234174616,Brooklyn,East New York,40.6716,-73.88797,Entire home/apt,130,30,7,1,66,2
31720275,208930169,Brooklyn,Canarsie,40.6291,-73.90154,Private room,134,2,149,1,78,47
31950380,195654382,Brooklyn,Sheepshead Bay,40.58497,-73.93855,Private room,90,30,13,1,0,0
31951675,91547284,Manhattan,East Village,40.72523,-73.98327,Entire home/apt,131,2,8,1,0,0
31954104,17062221,Manhattan,Kips Bay,40.74013,-73.98154,Entire home/apt,86,3,90,1,0,13
32108317,16543733,Brooklyn,Crown Heights,40.67635,-73.95253,Entire home/apt,129,30,38,2,86,5
32113235,229149668,Manhattan,Chelsea,40.74711,-73.99647,Entire home/apt,200,3,53,4,0,0
32113817,231819451,Manhattan,Lower East Side,40.71967,-73.98663,Private room,225,3,42,1,62,1
32137481,10476957,Manhattan,West Village,40.73132,-74.00165,Entire home/apt,799,30,68,1,270,14
32165536,1570799,Brooklyn,Williamsburg,40.70684,-73.94409,Entire home/apt,80,90,4,1,0,0
31722021,11307072,Queens,Long Island City,40.7461,-73.94165,Entire home/apt,200,3,5,1,190,1
31957975,236334741,Staten Island,Rosebank,40.61572,-74.0671,Private room,106,2,149,2,75,16
31958064,1192672,Brooklyn,Williamsburg,40.71455,-73.93874,Private room,55,30,0,3,0,0
31726939,107434423,Manhattan,Tribeca,40.71579,-74.00587,Entire home/apt,560,31,0,453,96,0
31728112,172895347,Queens,Jackson Heights,40.75351,-73.88194,Private room,70,30,1,2,0,0
31733307,234191916,Queens,Queens Village,40.71297,-73.74597,Entire home/apt,108,2,144,1,169,14
31961126,209374833,Queens,Edgemere,40.59662,-73.76961,Entire home/apt,136,3,93,1,153,32
31963324,239142480,Manhattan,Lower East Side,40.71317,-73.98947,Private room,65,30,0,1,0,0
31964045,137358866,Queens,Woodside,40.74423,-73.902,Private room,72,30,6,111,330,3
32165550,68959402,Queens,Elmhurst,40.74586,-73.88524,Entire home/apt,89,2,75,1,94,26
31737653,49736436,Manhattan,Washington Heights,40.8358,-73.93747,Entire home/apt,70,30,14,3,71,1
31738077,50497157,Brooklyn,Williamsburg,40.71259,-73.94888,Private room,35,30,1,1,0,0
32166264,21536937,Brooklyn,Bushwick,40.70289,-73.9281,Private room,70,30,2,1,0,0
31738629,170638981,Brooklyn,Prospect-Lefferts Gardens,40.65973,-73.95803,Entire home/apt,160,2,172,1,65,50
32166672,187849608,Manhattan,Upper West Side,40.79025,-73.97282,Private room,170,30,9,1,0,0
32168090,206288086,Brooklyn,Fort Greene,40.69424,-73.97312,Entire home/apt,216,2,138,2,265,58
32171100,241366980,Manhattan,Washington Heights,40.83661,-73.94282,Private room,80,5,89,1,292,28
32171104,241359293,Manhattan,Hell's Kitchen,40.76538,-73.99214,Entire home/apt,280,30,0,1,0,0
31965215,27867038,Brooklyn,East New York,40.67541,-73.87382,Entire home/apt,104,1,28,1,345,4
31978518,51414586,Brooklyn,Fort Greene,40.68855,-73.9759,Entire home/apt,380,5,63,1,68,30
31743178,234592314,Brooklyn,Midwood,40.61599,-73.96026,Entire home/apt,90,5,9,1,0,0
31978555,169758977,Manhattan,Chelsea,40.74209,-73.99889,Entire home/apt,468,5,45,1,97,36
31979292,4955499,Queens,Rockaway Beach,40.58323,-73.81457,Entire home/apt,300,7,65,1,217,19
31979408,50862159,Manhattan,Harlem,40.80464,-73.95703,Private room,90,30,3,1,0,0
31980644,179661186,Brooklyn,Sheepshead Bay,40.59902,-73.95109,Private room,60,30,4,2,0,0
31980794,59073470,Manhattan,Upper West Side,40.78927,-73.97954,Entire home/apt,600,3,24,1,294,17
32185458,66993395,Brooklyn,Bedford-Stuyvesant,40.6873,-73.92881,Entire home/apt,200,4,76,1,311,27
32185689,33992697,Brooklyn,Bushwick,40.70462,-73.92722,Private room,45,2,5,1,0,0
32185974,241361740,Manhattan,Hell's Kitchen,40.76091,-73.99274,Entire home/apt,230,30,0,1,0,0
32186503,241366983,Manhattan,Hell's Kitchen,40.76325,-73.99384,Entire home/apt,250,30,0,1,0,0
32189706,53300414,Brooklyn,Gowanus,40.66903,-73.99204,Private room,90,30,0,2,0,0
31748955,200927536,Brooklyn,Bushwick,40.70665,-73.91798,Private room,63,14,8,2,162,6
31755223,3042136,Brooklyn,Carroll Gardens,40.68222,-73.99179,Entire home/apt,525,9,5,2,0,2
31756631,238111285,Brooklyn,Bushwick,40.68571,-73.90917,Private room,40,30,1,1,0,0
32190231,241513556,Manhattan,Hell's Kitchen,40.76157,-73.98923,Entire home/apt,170,30,0,1,0,0
31990505,52720583,Queens,Jackson Heights,40.74801,-73.88681,Entire home/apt,110,2,4,1,0,0
31991634,22926868,Brooklyn,Sunset Park,40.64774,-73.99877,Private room,50,30,15,3,63,1
31758231,971075,Bronx,Mount Hope,40.84889,-73.90293,Private room,59,30,10,1,36,5
31760509,219505617,Manhattan,Harlem,40.804,-73.95654,Private room,85,1,56,1,13,8
31997308,239906704,Queens,Woodside,40.74245,-73.9115,Private room,107,30,1,1,0,0
32008192,5339839,Brooklyn,Bedford-Stuyvesant,40.68404,-73.95306,Entire home/apt,250,30,0,1,0,0
32012198,50760546,Manhattan,Murray Hill,40.74704,-73.97616,Entire home/apt,150,30,0,31,135,0
32013622,1767221,Manhattan,Inwood,40.86635,-73.92253,Private room,48,160,0,1,0,0
32016639,7964926,Brooklyn,Bushwick,40.69982,-73.92352,Entire home/apt,115,3,74,1,0,14
32018402,34556469,Brooklyn,Gravesend,40.60659,-73.97753,Private room,50,30,0,2,0,0
32020853,14249909,Manhattan,Little Italy,40.71989,-73.99726,Private room,185,4,4,1,0,0
32190629,92510990,Queens,Long Island City,40.76144,-73.92861,Private room,79,30,12,1,0,0
32195523,158638243,Manhattan,Harlem,40.81616,-73.95248,Shared room,80,3,0,1,176,0
31760941,238118741,Bronx,Mott Haven,40.81132,-73.92177,Entire home/apt,127,3,79,1,200,27
31761417,123060492,Queens,Astoria,40.76851,-73.91598,Entire home/apt,75,30,2,1,0,0
32199950,3736053,Manhattan,Midtown,40.7533,-73.99224,Private room,150,3,41,1,94,1
32035609,230062403,Manhattan,East Harlem,40.79618,-73.93997,Entire home/apt,664,30,47,1,0,0
31763495,52577963,Queens,Woodhaven,40.69148,-73.84691,Entire home/apt,99,5,51,5,298,17
32036822,36323224,Manhattan,Washington Heights,40.84648,-73.93971,Private room,124,1,124,1,151,37
32037535,212262028,Brooklyn,Fort Greene,40.68916,-73.97762,Entire home/apt,200,30,76,2,281,4
32037930,8503180,Manhattan,East Village,40.73079,-73.98687,Entire home/apt,1500,30,0,2,138,0
31764572,78326799,Brooklyn,Gowanus,40.6826,-73.98754,Private room,60,1,2,1,0,0
32336400,80781527,Manhattan,East Harlem,40.78854,-73.94745,Entire home/apt,209,30,19,1,365,0
32338134,13543967,Brooklyn,Greenpoint,40.72785,-73.95013,Entire home/apt,60,7,8,1,0,0
32206003,241676154,Staten Island,Grant City,40.57926,-74.1082,Private room,36,35,4,14,140,0
32207518,161447986,Queens,Queens Village,40.71284,-73.73898,Private room,34,2,0,1,331,0
31773364,137358866,Queens,Woodside,40.74527,-73.90885,Private room,67,30,6,111,334,2
31794109,107434423,Manhattan,Chelsea,40.753011,-73.995934,Entire home/apt,352,31,0,453,42,0
31800683,46900979,Brooklyn,Greenpoint,40.73449,-73.95647,Entire home/apt,150,30,1,1,0,1
31802641,19755137,Manhattan,Upper West Side,40.77991,-73.97845,Entire home/apt,150,30,5,1,95,0
32214585,98868828,Bronx,Edenwald,40.89004,-73.84259,Private room,86,30,0,1,0,0
32339704,4837890,Manhattan,SoHo,40.72627,-74.00104,Entire home/apt,349,6,31,1,33,11
32554699,119692067,Brooklyn,Borough Park,40.64368,-74.00062,Private room,50,1,99,8,141,44
32342247,24131677,Manhattan,Theater District,40.75658,-73.9889,Entire home/apt,320,30,5,1,203,5
32558916,244473721,Brooklyn,Bedford-Stuyvesant,40.68305,-73.94724,Entire home/apt,205,30,40,1,127,10
32343097,178631153,Manhattan,Little Italy,40.72005,-73.99667,Entire home/apt,88,30,5,1,0,0
32347622,107434423,Manhattan,Murray Hill,40.74885,-73.97319,Entire home/apt,478,31,0,453,339,0
32350835,137358866,Queens,Long Island City,40.74779,-73.92172,Private room,86,30,10,111,249,3
32354513,242924411,Brooklyn,Bedford-Stuyvesant,40.68358,-73.95284,Entire home/apt,173,1,156,7,84,49
32222587,241764251,Manhattan,East Harlem,40.80004,-73.94653,Entire home/apt,258,2,52,2,39,25
32222756,32625342,Bronx,Kingsbridge,40.88463,-73.90437,Private room,35,30,13,2,0,0
32233982,137358866,Queens,Woodside,40.74451,-73.91021,Private room,83,30,7,111,333,1
32234672,24973324,Manhattan,Washington Heights,40.85426,-73.93227,Entire home/apt,146,2,12,1,50,1
32234674,107434423,Manhattan,Tribeca,40.71579,-74.00587,Entire home/apt,345,31,0,453,217,0
32235802,241889662,Manhattan,West Village,40.73838,-74.00349,Hotel room,425,1,15,12,313,2
32563070,5878862,Manhattan,Chelsea,40.74144,-73.99817,Entire home/apt,140,30,1,1,0,0
32566536,244733416,Brooklyn,Canarsie,40.635296,-73.907608,Entire home/apt,120,2,119,1,361,36
32567344,39329872,Brooklyn,Williamsburg,40.70933,-73.9493,Entire home/apt,260,30,8,1,0,2
32568567,219517861,Manhattan,Murray Hill,40.74772,-73.97411,Entire home/apt,458,2,206,71,319,107
32570893,13733669,Manhattan,Harlem,40.81125,-73.94298,Private room,42,30,10,1,0,0
32238040,59411033,Manhattan,Harlem,40.81353,-73.95142,Private room,80,30,2,1,0,0
32238694,214347105,Manhattan,Midtown,40.75337,-73.96616,Entire home/apt,697,3,60,7,360,21
32241239,241945355,Brooklyn,Flatlands,40.63269,-73.92817,Entire home/apt,185,2,15,4,157,3
32355657,230191262,Manhattan,Chelsea,40.73995,-74.00219,Entire home/apt,780,5,18,1,3,6
32575528,137358866,Queens,Woodside,40.74411,-73.9001,Private room,73,30,3,111,160,1
32575757,244817841,Brooklyn,East New York,40.66821,-73.89567,Private room,33,30,17,9,86,3
32356850,221177870,Brooklyn,Williamsburg,40.71475,-73.94005,Entire home/apt,100,30,9,1,0,0
32364753,19303369,Queens,Elmhurst,40.74053,-73.87617,Private room,46,14,1,175,0,0
32365337,242571852,Bronx,Longwood,40.8249,-73.90695,Entire home/apt,200,2,75,1,163,23
32241276,71895768,Queens,East Elmhurst,40.766617,-73.873802,Entire home/apt,119,30,1,1,190,1
32242139,20375986,Brooklyn,Park Slope,40.67233,-73.97154,Entire home/apt,300,30,66,1,261,5
32242547,93411405,Manhattan,Midtown,40.75943,-73.97993,Private room,130,30,7,1,0,0
32244865,53931758,Brooklyn,Flatbush,40.64674,-73.96437,Entire home/apt,100,30,8,1,0,0
32586373,244906527,Brooklyn,Williamsburg,40.71399,-73.93905,Entire home/apt,110,30,46,1,0,0
32260219,242094791,Queens,Elmhurst,40.74487,-73.87989,Private room,300,30,1,1,0,0
32264646,242312660,Brooklyn,Crown Heights,40.66437,-73.95385,Entire home/apt,69,45,6,1,0,1
32268149,14936625,Brooklyn,Park Slope,40.67406,-73.9809,Entire home/apt,200,30,3,1,0,0
32273036,137358866,Queens,Woodside,40.74466,-73.90635,Private room,98,30,5,111,338,2
32284162,6960621,Brooklyn,Williamsburg,40.71234,-73.96139,Entire home/apt,165,30,132,1,219,3
32365636,132163538,Brooklyn,Bay Ridge,40.63609,-74.03638,Entire home/apt,138,30,0,1,0,0
32381021,51509098,Brooklyn,Williamsburg,40.70301,-73.93464,Entire home/apt,200,7,9,1,0,4
32381165,499896,Staten Island,Stapleton,40.62725,-74.08235,Entire home/apt,557,4,55,2,294,13
32382542,225790094,Brooklyn,East Flatbush,40.6496,-73.9282,Private room,70,1,24,3,359,8
32383114,225790094,Brooklyn,East Flatbush,40.64935,-73.92837,Private room,70,1,21,3,360,7
32386511,1267021,Manhattan,Hell's Kitchen,40.76112,-73.99454,Private room,249,30,0,3,364,0
32392636,331328,Manhattan,East Harlem,40.80501,-73.93948,Entire home/apt,125,30,8,2,265,2
32399523,107434423,Manhattan,Financial District,40.70504,-74.00812,Entire home/apt,363,90,0,453,0,0
32587884,244920495,Manhattan,Little Italy,40.71902,-73.9973,Entire home/apt,150,60,2,1,249,0
32400196,110062861,Manhattan,Harlem,40.81442,-73.94516,Entire home/apt,90,30,24,2,249,2
32401972,5611846,Manhattan,Greenwich Village,40.72867,-74.00143,Entire home/apt,180,30,0,1,0,0
32402997,237668552,Brooklyn,Carroll Gardens,40.68399,-73.99683,Private room,85,2,20,1,0,0
32284910,242322561,Queens,East Elmhurst,40.76555,-73.86753,Private room,69,1,408,8,66,109
32285578,242330603,Queens,South Ozone Park,40.67666,-73.82737,Entire home/apt,88,180,0,1,0,0
32590674,219517861,Manhattan,Murray Hill,40.74717620338833,-73.97420192490335,Entire home/apt,526,2,40,71,361,20
32591286,19303369,Queens,Elmhurst,40.73906,-73.87583,Private room,37,30,0,175,0,0
32591290,228595721,Manhattan,Upper East Side,40.77369,-73.95096,Private room,120,30,0,1,0,0
32591771,19303369,Queens,Elmhurst,40.73862,-73.87586,Private room,27,30,1,175,0,1
32595489,245002893,Queens,Rosedale,40.66852,-73.73619,Private room,75,31,10,5,365,0
32287174,242348374,Brooklyn,Clinton Hill,40.68702,-73.96307,Entire home/apt,315,5,53,1,24,19
32292954,219333557,Queens,East Elmhurst,40.76288,-73.86923,Private room,62,2,58,3,130,20
32297005,242438900,Manhattan,Hell's Kitchen,40.76151,-73.98951,Entire home/apt,170,30,114,1,0,0
32306605,107434423,Manhattan,Midtown,40.75865,-73.96221,Entire home/apt,407,31,0,453,306,0
32403772,243333842,Manhattan,Nolita,40.72101,-73.99484,Entire home/apt,172,30,8,1,0,0
32404978,18562674,Manhattan,Harlem,40.82652,-73.94439,Private room,79,30,6,2,86,1
32595490,245003299,Bronx,Clason Point,40.80922,-73.85069,Entire home/apt,135,2,121,2,170,32
32406729,192383231,Bronx,Melrose,40.81861,-73.91587,Private room,34,30,5,2,0,0
32406935,131476075,Brooklyn,Bushwick,40.68638,-73.91371,Entire home/apt,210,1,100,8,152,27
32308471,237118012,Manhattan,Upper East Side,40.76288,-73.96906,Private room,200,30,0,1,0,0
32309292,6105036,Manhattan,Harlem,40.80553,-73.95105,Private room,150,30,57,3,282,12
32312837,26024053,Queens,Jackson Heights,40.74878,-73.88784,Private room,57,30,1,2,0,0
32315112,73066515,Brooklyn,Bedford-Stuyvesant,40.69434,-73.94666,Entire home/apt,110,30,5,2,0,0
32316672,24697585,Manhattan,Gramercy,40.73783,-73.98264,Entire home/apt,140,30,0,1,0,0
32595900,156381151,Manhattan,East Village,40.72446,-73.98802,Private room,150,30,8,1,0,0
32607488,244817841,Brooklyn,East New York,40.66762,-73.89573,Private room,42,30,13,9,231,1
32611115,141204556,Brooklyn,Williamsburg,40.70867,-73.96766,Private room,114,1,73,6,336,22
32611458,121369530,Brooklyn,Bedford-Stuyvesant,40.68275,-73.92338,Private room,80,1,72,1,70,21
32317602,242622786,Manhattan,Hell's Kitchen,40.76232,-73.98893,Entire home/apt,124,1,48,1,0,0
32326698,241889662,Manhattan,West Village,40.73723,-74.00507,Hotel room,497,1,11,12,324,2
32327326,241889662,Manhattan,West Village,40.73888,-74.00501,Hotel room,478,1,6,12,312,1
32327466,241889662,Manhattan,West Village,40.73869,-74.00327,Hotel room,478,1,5,12,323,1
32328057,54374748,Brooklyn,Prospect-Lefferts Gardens,40.65557,-73.96018,Private room,45,30,1,1,0,0
32410156,243378593,Brooklyn,Prospect Heights,40.68054,-73.97319,Entire home/apt,94,30,1,1,0,0
32419542,243466968,Queens,Jamaica,40.67462,-73.78348,Private room,55,2,26,1,0,0
32611977,245160359,Bronx,Belmont,40.85717,-73.89388,Private room,75,2,115,1,221,26
32332890,27364574,Manhattan,West Village,40.73293,-74.0033,Entire home/apt,155,30,15,1,86,6
32334635,22720650,Manhattan,West Village,40.73659,-74.00578,Entire home/apt,130,30,2,2,279,0
32616393,244817841,Brooklyn,East New York,40.66951,-73.89381,Private room,33,30,34,9,94,2
32617384,244817841,Brooklyn,East New York,40.66975,-73.89516,Private room,40,30,26,9,230,2
32618577,244817841,Brooklyn,East New York,40.66771,-73.89566,Private room,33,30,16,9,135,0
32618640,244817841,Brooklyn,East New York,40.66825,-73.89579,Private room,42,30,20,9,126,2
32618716,244817841,Brooklyn,East New York,40.66928,-73.89383,Private room,38,30,20,9,152,0
32619108,244817841,Brooklyn,East New York,40.66802,-73.89382,Private room,42,30,20,9,96,0
32620347,43044876,Queens,Elmhurst,40.73566,-73.87721,Private room,25,30,3,5,0,0
32634041,244964029,Queens,Far Rockaway,40.5965,-73.74879,Entire home/apt,162,2,174,1,134,51
32764445,5313154,Manhattan,Washington Heights,40.83451,-73.94116,Entire home/apt,133,30,0,1,0,0
32635329,245356064,Queens,Astoria,40.76867,-73.91029,Private room,60,30,13,1,0,0
32767913,224033757,Brooklyn,Bay Ridge,40.63296,-74.02023,Private room,150,1,0,1,66,0
32770241,137358866,Queens,Sunnyside,40.74907,-73.91228,Private room,77,30,3,111,342,2
32422944,91452332,Brooklyn,Gowanus,40.6845,-73.98905,Entire home/apt,880,5,1,1,153,1
32423962,200239515,Queens,Woodside,40.744,-73.89253,Private room,39,30,4,158,31,1
32426202,9289171,Brooklyn,Crown Heights,40.67116,-73.93293,Entire home/apt,175,2,181,4,79,42
32643993,160356,Manhattan,East Village,40.72367,-73.98391,Entire home/apt,275,1,73,2,0,0
32645984,6410979,Brooklyn,Bedford-Stuyvesant,40.68916,-73.94517,Entire home/apt,89,30,5,2,0,0
32777169,53725579,Manhattan,Washington Heights,40.84491,-73.93846,Private room,62,1,148,4,0,4
32785169,20433973,Bronx,City Island,40.83782,-73.78332,Private room,135,1,31,2,334,6
32646039,137358866,Queens,Woodside,40.7448,-73.90643,Private room,98,30,5,111,326,2
32663836,319842,Manhattan,East Village,40.72592,-73.97868,Private room,89,30,4,1,0,0
32664187,25575398,Brooklyn,Crown Heights,40.66675,-73.95239,Private room,70,30,3,1,0,0
32785423,3040104,Brooklyn,Park Slope,40.67723,-73.98203,Entire home/apt,225,3,64,1,85,39
32786031,10783378,Brooklyn,Prospect-Lefferts Gardens,40.66151,-73.96288,Entire home/apt,108,30,13,1,0,0
32664982,8498596,Brooklyn,Williamsburg,40.71533,-73.94853,Private room,140,2,40,2,28,4
32666157,776290,Manhattan,East Village,40.72883,-73.98283,Entire home/apt,110,4,7,1,0,1
32666534,23388169,Brooklyn,Prospect Heights,40.67733,-73.972,Entire home/apt,950,3,9,1,147,4
32668712,521964,Brooklyn,Bedford-Stuyvesant,40.68649,-73.94174,Private room,970,2,189,1,286,66
32789340,9746153,Manhattan,West Village,40.73296,-74.00481,Entire home/apt,170,2,13,1,0,0
32427478,243556325,Brooklyn,Bensonhurst,40.61332,-73.98881,Entire home/apt,70,30,2,1,342,0
32668910,8960858,Brooklyn,Crown Heights,40.67781,-73.94907,Entire home/apt,110,30,12,1,0,0
32669067,102325214,Manhattan,Theater District,40.75932,-73.98377,Entire home/apt,399,30,8,1,0,0
32790345,246666261,Bronx,Claremont Village,40.84406,-73.91108,Private room,95,1,19,1,364,5
32792849,19303369,Manhattan,Inwood,40.86602,-73.92315,Private room,43,30,2,175,0,1
32669154,225322104,Brooklyn,Bedford-Stuyvesant,40.69256,-73.94876,Entire home/apt,130,1,61,1,340,25
32795950,246717334,Staten Island,Mariners Harbor,40.64076,-74.16641,Private room,55,1,26,1,64,0
32798710,211136294,Bronx,Schuylerville,40.83738,-73.83535,Private room,70,1,48,6,0,0
32799550,211136294,Bronx,Schuylerville,40.83763,-73.83511,Private room,58,2,62,6,125,12
32434711,243627109,Manhattan,Midtown,40.75158,-73.97134,Private room,250,30,4,1,0,0
32439871,79499558,Queens,Jackson Heights,40.75145,-73.88423,Private room,85,3,69,4,10,25
32441769,10557160,Brooklyn,Crown Heights,40.6766,-73.96209,Private room,50,30,16,1,0,0
32669305,174804937,Manhattan,Upper West Side,40.79985,-73.96377,Entire home/apt,75,30,0,1,0,0
32670456,38706510,Manhattan,Upper West Side,40.78102,-73.9774,Entire home/apt,74,60,0,2,0,0
32670715,105956343,Brooklyn,Sheepshead Bay,40.58532,-73.93191,Entire home/apt,150,31,14,1,156,0
32443972,243716532,Brooklyn,Bedford-Stuyvesant,40.69117,-73.95857,Entire home/apt,189,4,165,1,188,48
32445673,28556029,Manhattan,East Harlem,40.81319,-73.93607,Entire home/apt,95,30,16,1,0,0
32450788,183360807,Brooklyn,Bushwick,40.70087,-73.92069,Entire home/apt,90,30,33,2,166,3
32454559,55202404,Manhattan,Upper East Side,40.77936,-73.94969,Entire home/apt,100,30,1,1,0,0
32801102,209587921,Manhattan,Kips Bay,40.74215,-73.97811,Entire home/apt,229,30,16,1,291,2
32801214,211136294,Bronx,Schuylerville,40.83606,-73.83504,Private room,86,1,164,6,243,49
32803072,244819285,Manhattan,Greenwich Village,40.73429,-73.99387,Private room,180,200,21,1,90,0
32805276,154843406,Manhattan,Harlem,40.82782,-73.94818,Private room,58,30,12,1,0,1
32806789,246791914,Brooklyn,Williamsburg,40.71124,-73.96752,Entire home/apt,200,30,9,1,0,0
32806998,121180167,Brooklyn,Greenpoint,40.72469,-73.95107,Entire home/apt,99,5,10,1,0,0
32809387,45364547,Queens,Arverne,40.59369,-73.79329,Entire home/apt,314,2,34,1,171,18
32815390,9700935,Queens,Woodside,40.75606,-73.90622,Entire home/apt,69,30,0,1,0,0
32816064,69426967,Manhattan,Hell's Kitchen,40.76044,-73.99643,Entire home/apt,250,30,1,1,0,0
32674139,48438698,Manhattan,Upper East Side,40.76929,-73.95368,Entire home/apt,99,30,13,1,0,0
32678718,244361589,Manhattan,Theater District,40.75876,-73.98846,Hotel room,722,1,0,8,364,0
32818383,146132198,Bronx,Wakefield,40.89552,-73.85681,Private room,60,2,128,3,66,41
32819286,146132198,Bronx,Wakefield,40.89429,-73.85867,Private room,60,2,98,3,67,37
32820849,96311058,Brooklyn,Bedford-Stuyvesant,40.6841,-73.92712,Entire home/apt,209,3,78,1,285,32
32459287,1575044,Brooklyn,Bushwick,40.69982,-73.92718,Entire home/apt,175,3,19,1,108,5
32463707,58483,Manhattan,Chelsea,40.74151,-74.00316,Entire home/apt,150,30,0,1,0,0
32466614,238989521,Queens,Sunnyside,40.74003,-73.92643,Private room,32,30,6,17,0,0
32678720,244361589,Manhattan,Theater District,40.75876,-73.98846,Hotel room,452,1,704,8,364,317
32678721,244361589,Manhattan,Theater District,40.75876,-73.98846,Hotel room,461,1,645,8,358,297
32678724,244361589,Manhattan,Theater District,40.75876,-73.98846,Hotel room,506,1,17,8,298,14
32678726,244361589,Manhattan,Theater District,40.75876,-73.98846,Hotel room,470,1,23,8,355,21
32678727,244361589,Manhattan,Theater District,40.75876,-73.98846,Hotel room,542,1,0,8,364,0
32681408,245314318,Manhattan,Upper West Side,40.78217,-73.98034,Hotel room,359,1,55,10,347,12
32466675,289996492,Brooklyn,East New York,40.67672,-73.868,Entire home/apt,179,3,113,1,280,37
32468788,33783958,Brooklyn,Prospect Heights,40.6824,-73.97289,Entire home/apt,150,30,1,1,0,0
32470732,19303369,Manhattan,Inwood,40.86434,-73.92163,Private room,30,30,2,175,0,0
32681548,245314318,Manhattan,Upper West Side,40.78217,-73.98034,Hotel room,449,1,12,10,353,8
32681549,245314318,Manhattan,Upper West Side,40.78217,-73.98034,Hotel room,510,1,0,10,295,0
32681551,245314318,Manhattan,Upper West Side,40.78217,-73.98034,Hotel room,380,1,2,10,351,0
32681559,245314318,Manhattan,Upper West Side,40.78217,-73.98034,Hotel room,530,1,0,10,279,0
32681564,245314318,Manhattan,Upper West Side,40.78217,-73.98034,Hotel room,500,1,1,10,361,1
32681565,245314318,Manhattan,Upper West Side,40.78217,-73.98034,Hotel room,480,1,2,10,301,1
32681579,245314318,Manhattan,Upper West Side,40.78217,-73.98034,Hotel room,340,1,3,10,361,0
32681581,245314318,Manhattan,Upper West Side,40.78217,-73.98034,Hotel room,360,1,4,10,365,1
32681584,245314318,Manhattan,Upper West Side,40.78217,-73.98034,Hotel room,620,1,0,10,300,0
32697647,44682387,Queens,Jamaica,40.67007,-73.77998,Entire home/apt,192,2,187,2,345,56
32822073,246422621,Manhattan,Battery Park City,40.71091,-74.0145,Private room,86,30,6,1,0,0
32822093,8978839,Bronx,Pelham Gardens,40.8634,-73.84741,Entire home/apt,170,1,1,1,362,1
32701542,244453286,Queens,Sunnyside,40.7359,-73.91796,Entire home/apt,251,3,71,2,74,26
32705496,110001729,Manhattan,Harlem,40.8024,-73.95437,Entire home/apt,165,4,35,1,2,19
32711577,212484716,Manhattan,Tribeca,40.71641,-74.00968,Private room,269,1,2,10,85,2
32714098,30283594,Manhattan,Hell's Kitchen,40.76153,-73.99878,Entire home/apt,469,30,0,95,335,0
32714435,30283594,Manhattan,Hell's Kitchen,40.76153,-73.99878,Entire home/apt,469,30,0,95,363,0
32715992,95459395,Manhattan,Hell's Kitchen,40.761532,-73.998779,Entire home/apt,545,30,0,56,363,0
32721564,90463984,Queens,Richmond Hill,40.70004,-73.83928,Entire home/apt,160,30,1,3,363,0
32836242,22162980,Manhattan,Chelsea,40.73758,-73.99669,Entire home/apt,175,30,18,1,95,6
32722219,19303369,Manhattan,Inwood,40.86617,-73.92278,Private room,49,30,5,175,1,0
32722262,212338108,Manhattan,Harlem,40.82172,-73.9494,Private room,70,1,49,1,85,30
32476606,244008821,Manhattan,West Village,40.73483,-73.99986,Private room,2850,100,0,1,0,0
32734625,241390361,Brooklyn,Bedford-Stuyvesant,40.69322,-73.93335,Private room,100,30,53,1,0,0
32839377,2370813,Brooklyn,Gowanus,40.67845,-73.98811,Entire home/apt,139,2,194,1,179,62
32841311,41941061,Manhattan,Hell's Kitchen,40.7601,-73.98924,Entire home/apt,190,2,63,3,240,55
32742238,161514941,Brooklyn,Cypress Hills,40.67988,-73.89298,Private room,54,1,39,1,341,15
32477130,38786890,Brooklyn,Clinton Hill,40.69106,-73.96077,Entire home/apt,110,30,11,1,264,3
32743677,1245423,Queens,Long Island City,40.74664,-73.94445,Entire home/apt,95,90,4,1,0,0
32744022,246232599,Manhattan,Upper West Side,40.79246,-73.96787,Entire home/apt,100,30,2,1,0,0
32841707,247064022,Queens,Flushing,40.74384,-73.82657,Entire home/apt,246,30,29,1,328,2
32745294,242631139,Brooklyn,East Flatbush,40.64701,-73.92991,Private room,88,2,27,2,341,10
32747283,80797299,Queens,St. Albans,40.701,-73.76331,Shared room,20,30,10,1,0,0
32747368,51772392,Manhattan,Midtown,40.76209,-73.9757,Private room,782,1,0,2,0,0
32747955,203890641,Queens,Ditmars Steinway,40.77434,-73.90954,Private room,110,3,111,5,46,47
32842295,233227636,Brooklyn,Flatlands,40.625,-73.92799,Private room,52,30,33,1,36,3
32492270,244082709,Queens,Springfield Gardens,40.65971,-73.7715,Private room,40,30,80,5,67,1
32493112,244082709,Queens,Springfield Gardens,40.66005,-73.7693,Private room,40,30,46,5,0,0
32493320,244135864,Brooklyn,Bushwick,40.70282,-73.92974,Entire home/apt,100,30,4,1,0,0
32493396,244082709,Queens,Springfield Gardens,40.65988,-73.77001,Private room,35,30,59,5,0,0
32493667,244082709,Queens,Springfield Gardens,40.65819,-73.76969,Private room,42,30,42,5,62,0
32494107,244082709,Queens,Springfield Gardens,40.65822,-73.76985,Private room,40,30,63,5,94,0
32750384,62803,Brooklyn,Crown Heights,40.67059,-73.92287,Private room,64,20,17,1,136,5
32494256,12674973,Brooklyn,Clinton Hill,40.68922,-73.96347,Entire home/apt,235,30,66,1,69,1
32759322,160187991,Manhattan,East Harlem,40.79559,-73.93929,Private room,50,30,5,1,0,0
33010488,13833292,Manhattan,Midtown,40.76018,-73.96938,Entire home/apt,324,7,33,1,255,15
32495242,33299125,Brooklyn,Bedford-Stuyvesant,40.68033,-73.95106,Entire home/apt,120,15,5,1,41,1
33010659,159369488,Queens,Arverne,40.59791,-73.7988,Private room,353,2,0,3,280,0
33010913,248444631,Queens,Ridgewood,40.69747,-73.89706,Private room,55,30,0,1,0,0
32495771,10450748,Brooklyn,Flatbush,40.64251,-73.95535,Entire home/apt,168,2,79,2,303,37
32844072,80933709,Queens,East Elmhurst,40.76499,-73.87989,Entire home/apt,115,3,101,1,60,26
33012494,196273418,Brooklyn,Williamsburg,40.71805,-73.95851,Entire home/apt,151,3,85,1,39,34
32499495,67274316,Brooklyn,Columbia St,40.68487,-74.00169,Entire home/apt,300,4,127,1,96,52
32501003,14804867,Manhattan,Upper East Side,40.77501,-73.95388,Private room,115,10,70,3,131,18
32501542,63116168,Brooklyn,Flatbush,40.64919,-73.9618,Entire home/apt,105,30,4,1,0,0
32501807,71276635,Manhattan,Washington Heights,40.83403,-73.94345,Shared room,556,1,72,5,84,11
33014255,53632978,Brooklyn,Williamsburg,40.7079,-73.94824,Entire home/apt,185,30,25,1,0,0
32845010,139238261,Queens,Fresh Meadows,40.73461,-73.79074,Entire home/apt,79,3,73,4,130,19
32845331,242924411,Brooklyn,Bedford-Stuyvesant,40.68488,-73.95466,Entire home/apt,159,1,178,7,80,43
32845516,242924411,Brooklyn,Bedford-Stuyvesant,40.68567,-73.95318,Entire home/apt,158,1,163,7,75,61
32847003,145878384,Brooklyn,Crown Heights,40.67098,-73.93088,Private room,68,5,17,7,349,9
32847146,37703550,Manhattan,Washington Heights,40.8493,-73.93821,Private room,55,30,56,2,209,5
32854456,22171095,Queens,Astoria,40.76327,-73.92343,Entire home/apt,139,31,54,2,80,0
32856048,107434423,Manhattan,West Village,40.729222,-74.002791,Entire home/apt,367,31,0,453,143,0
32857378,242924411,Brooklyn,Bedford-Stuyvesant,40.68413,-73.95233,Entire home/apt,144,1,139,7,86,47
32857674,242924411,Brooklyn,Bedford-Stuyvesant,40.68355,-73.95401,Entire home/apt,167,1,177,7,86,64
33020012,8260004,Brooklyn,Bedford-Stuyvesant,40.69159,-73.94471,Entire home/apt,166,7,20,1,1,10
33033520,6654682,Manhattan,Upper East Side,40.77573,-73.96167,Entire home/apt,320,6,10,2,18,5
33035945,4342052,Manhattan,Hell's Kitchen,40.76115,-73.98725,Private room,299,30,89,1,0,0
32857918,129047499,Manhattan,Hell's Kitchen,40.76934,-73.98751,Private room,90,30,35,1,0,0
32858018,242924411,Brooklyn,Bedford-Stuyvesant,40.68355,-73.95402,Entire home/apt,165,1,152,7,93,56
32858895,8454981,Manhattan,Hell's Kitchen,40.75737,-73.99846,Entire home/apt,175,30,7,1,0,0
32501820,191011879,Manhattan,Midtown,40.75255,-73.96686,Private room,120,30,0,1,0,0
32502180,244217480,Staten Island,Arden Heights,40.54652,-74.17551,Entire home/apt,107,30,17,1,286,6
32517517,204704622,Queens,Elmhurst,40.73871,-73.87765,Private room,38,30,11,157,5,4
33038567,107434423,Manhattan,Theater District,40.760189,-73.984353,Entire home/apt,374,31,0,453,263,0
33040208,24520756,Brooklyn,Williamsburg,40.70985,-73.95799,Entire home/apt,110,30,6,1,121,0
33044053,70506007,Manhattan,Harlem,40.80191,-73.95637,Private room,100,2,85,1,140,36
32859066,171636572,Brooklyn,Bushwick,40.68915,-73.91919,Private room,111,2,35,1,9,12
33046019,61391963,Manhattan,Upper East Side,40.77981,-73.95158,Entire home/apt,142,30,12,116,266,5
33046604,65613634,Brooklyn,Bedford-Stuyvesant,40.68727,-73.93705,Entire home/apt,549,2,128,1,41,38
32860541,16279317,Manhattan,East Village,40.72608,-73.97887,Entire home/apt,175,30,12,1,0,0
32861073,173685298,Manhattan,Midtown,40.75535,-73.97237,Private room,492,1,3,7,356,0
32861158,24986742,Manhattan,Upper West Side,40.79829,-73.97367,Entire home/apt,300,4,11,1,1,5
33047652,161863161,Queens,Ridgewood,40.70422,-73.90071,Private room,180,2,7,3,66,0
32862140,17842449,Manhattan,Kips Bay,40.74278,-73.97962,Private room,1300,30,0,1,0,0
32520381,33159631,Brooklyn,Carroll Gardens,40.67914,-73.99883,Entire home/apt,249,7,83,1,33,33
32520602,214863971,Brooklyn,Flatlands,40.62169,-73.92566,Private room,40,3,30,2,38,3
33049970,77698412,Brooklyn,Bedford-Stuyvesant,40.69152,-73.9346,Private room,40,30,1,1,0,0
32523945,235252386,Queens,Ditmars Steinway,40.77097,-73.91265,Entire home/apt,280,30,11,1,365,1
32524152,8129088,Queens,Ridgewood,40.70712,-73.91073,Private room,45,4,4,1,0,0
32527460,224340103,Brooklyn,Williamsburg,40.71088,-73.94774,Private room,80,6,3,2,0,0
32527643,603099,Brooklyn,Clinton Hill,40.68954,-73.96789,Entire home/apt,180,28,0,1,0,0
33055126,248788151,Manhattan,Hell's Kitchen,40.7627,-73.98631,Entire home/apt,88,12,63,1,51,9
32865017,141645843,Queens,Jamaica,40.68204,-73.79681,Private room,99,1,44,7,351,41
32865732,11175,Brooklyn,Prospect-Lefferts Gardens,40.66049,-73.96164,Entire home/apt,150,30,2,1,62,1
33061311,7289570,Brooklyn,Bedford-Stuyvesant,40.68272,-73.91957,Entire home/apt,158,4,157,2,108,47
32870435,3053280,Queens,East Elmhurst,40.76088,-73.86831,Entire home/apt,151,2,11,1,354,6
32886967,203890641,Queens,Ditmars Steinway,40.77416,-73.91008,Private room,80,2,43,5,61,3
32890299,244544373,Staten Island,St. George,40.63794,-74.08271,Private room,85,1,14,3,362,8
32528831,244438661,Manhattan,Upper West Side,40.79607,-73.97216,Private room,91,30,3,2,0,0
32530603,244453286,Queens,Sunnyside,40.73612,-73.91797,Entire home/apt,154,2,81,2,78,25
32531179,45499169,Manhattan,Greenwich Village,40.72814,-73.99821,Entire home/apt,132,30,1,1,0,0
33069506,130476089,Manhattan,Chelsea,40.74185,-73.99885,Private room,83,30,1,2,0,0
33070946,248880851,Brooklyn,Williamsburg,40.71334,-73.96591,Private room,136,2,22,2,12,22
32531409,168814318,Queens,Jamaica Estates,40.71891,-73.78212,Entire home/apt,379,5,63,1,84,20
32890591,247446830,Manhattan,Harlem,40.82665,-73.94723,Private room,85,4,87,2,131,31
32894678,9864136,Brooklyn,Bedford-Stuyvesant,40.68533,-73.91493,Entire home/apt,68,30,3,28,365,0
32898133,49164956,Brooklyn,Crown Heights,40.67626,-73.91404,Private room,44,30,17,6,75,5
32900964,5557073,Brooklyn,Bedford-Stuyvesant,40.69154,-73.9594,Entire home/apt,100,30,13,1,0,0
33089083,249030378,Brooklyn,Bedford-Stuyvesant,40.689285,-73.928375,Entire home/apt,295,4,122,1,157,30
32901262,247538066,Queens,Jackson Heights,40.75163,-73.86876,Entire home/apt,328,3,76,1,71,23
32913140,5519122,Brooklyn,Red Hook,40.67974,-74.00985,Entire home/apt,200,30,5,1,152,2
32543276,16165864,Brooklyn,Park Slope,40.67359,-73.97486,Entire home/apt,91,30,7,1,0,0
32544596,9864136,Brooklyn,Bedford-Stuyvesant,40.68446,-73.91493,Entire home/apt,75,30,3,28,98,1
32545866,244544373,Staten Island,Richmondtown,40.5734,-74.13084,Private room,85,1,8,3,360,4
32546557,241676154,Staten Island,Grant City,40.57746,-74.11037,Private room,39,30,5,14,168,3
32546879,99791908,Queens,Astoria,40.75881,-73.92084,Private room,50,30,1,2,0,0
33092650,27949819,Brooklyn,Fort Greene,40.68713,-73.9796,Entire home/apt,347,5,46,1,1,22
32548384,244581878,Manhattan,Washington Heights,40.84888,-73.93016,Entire home/apt,80,4,102,1,123,25
33094364,28770493,Manhattan,West Village,40.73642,-73.99946,Entire home/apt,209,4,10,1,0,0
32549155,244596528,Brooklyn,Bedford-Stuyvesant,40.69002,-73.9342,Entire home/apt,106,2,128,1,68,49
32549617,244602318,Manhattan,Chelsea,40.75142,-73.99822,Entire home/apt,175,30,2,1,342,1
32915763,247644516,Brooklyn,Bedford-Stuyvesant,40.68405,-73.9301,Entire home/apt,189,7,52,1,77,27
33094622,29349060,Queens,St. Albans,40.68499,-73.7674,Private room,61,4,25,3,361,2
32917553,247008108,Brooklyn,Bushwick,40.69877,-73.92345,Entire home/apt,185,2,7,1,24,1
32917917,247662050,Brooklyn,Cypress Hills,40.68139,-73.87621,Private room,100,30,1,1,0,0
32922087,53725579,Manhattan,Washington Heights,40.84323,-73.93887,Private room,80,1,132,4,0,7
32550619,51268465,Manhattan,Upper West Side,40.79513,-73.96854,Entire home/apt,195,30,1,1,0,0
32552611,47518086,Manhattan,East Harlem,40.813591,-73.935547,Private room,121,1,95,1,319,51
33276141,158181451,Queens,Flushing,40.74821,-73.82934,Private room,50,30,2,8,0,0
33282474,73857837,Brooklyn,Dyker Heights,40.62829,-74.01455,Private room,50,30,8,3,0,0
33282512,73857837,Brooklyn,Dyker Heights,40.62802,-74.01435,Private room,36,1,3,3,0,3
33097219,249104360,Staten Island,Grymes Hill,40.61483,-74.08846,Entire home/apt,250,5,32,1,159,17
33292234,45467925,Brooklyn,Gowanus,40.66714,-73.99401,Entire home/apt,200,28,25,2,0,0
33295827,250771864,Manhattan,Upper West Side,40.80117,-73.96635,Private room,37,50,0,1,0,0
32923358,11018124,Manhattan,Upper West Side,40.78804,-73.97122,Private room,155,30,1,1,40,0
32926070,107434423,Manhattan,Hell's Kitchen,40.76116,-73.99774,Entire home/apt,349,31,0,453,0,0
32926087,107434423,Manhattan,Hell's Kitchen,40.761164,-73.997741,Entire home/apt,513,31,1,453,251,1
32933643,159598333,Manhattan,Upper East Side,40.78258,-73.94507,Entire home/apt,99,30,6,12,283,2
32935473,90043913,Queens,Ditmars Steinway,40.77239,-73.91528,Private room,70,30,32,2,36,4
32937780,10154339,Manhattan,East Harlem,40.80645,-73.94145,Entire home/apt,211,30,0,1,88,0
33097308,4401527,Brooklyn,Clinton Hill,40.68268,-73.9611,Private room,38,6,18,1,0,0
33101286,4129805,Manhattan,West Village,40.73269,-74.00254,Entire home/apt,500,1,4,6,13,1
33102485,141645843,Queens,Jamaica,40.682037,-73.796814,Private room,75,1,72,7,360,54
33116655,38604449,Queens,Woodside,40.75415,-73.90609,Private room,60,2,11,2,252,1
33118005,162142087,Queens,Jamaica,40.68719,-73.8056,Private room,80,30,5,4,346,0
33118667,5768011,Brooklyn,Crown Heights,40.67144,-73.95687,Entire home/apt,175,30,0,1,95,0
33310325,215556105,Queens,Flushing,40.76724,-73.81619,Entire home/apt,250,7,2,3,148,0
33315368,1207422,Manhattan,Chelsea,40.74719,-74.00115,Entire home/apt,300,30,13,1,0,0
33123667,56349939,Manhattan,Lower East Side,40.71867,-73.99087,Private room,88,30,35,1,0,0
33127307,29349060,Queens,St. Albans,40.68514,-73.76958,Private room,59,5,29,3,247,5
33127624,245002893,Queens,Rosedale,40.66635,-73.73751,Private room,90,30,16,5,332,0
33133218,249286477,Manhattan,Harlem,40.82859,-73.94875,Entire home/apt,90,30,7,1,0,0
33133219,109448921,Brooklyn,Prospect-Lefferts Gardens,40.66364,-73.95226,Entire home/apt,95,2,131,1,18,37
33318809,106159574,Brooklyn,Williamsburg,40.70679,-73.94335,Private room,90,30,3,1,0,0
33319941,922056,Brooklyn,Bedford-Stuyvesant,40.68293,-73.95657,Private room,52,180,0,1,0,0
33329026,250537950,Manhattan,Midtown,40.75836,-73.96896,Entire home/apt,150,30,4,1,0,0
32939925,33832598,Queens,Jamaica,40.69883,-73.78194,Entire home/apt,360,2,47,1,248,8
33133919,120296922,Brooklyn,Carroll Gardens,40.67896,-74.00067,Entire home/apt,97,30,7,1,0,0
33331140,85518733,Queens,Long Island City,40.74563,-73.94152,Entire home/apt,135,30,0,1,0,0
33331584,98056984,Brooklyn,Williamsburg,40.70608,-73.94902,Entire home/apt,200,30,2,1,0,0
33134312,77011788,Queens,Long Island City,40.75744,-73.93128,Entire home/apt,299,3,115,2,196,55
33135591,549971,Manhattan,Chinatown,40.71602,-73.9933,Entire home/apt,180,10,8,1,2,1
33135950,130981288,Brooklyn,Flatbush,40.64842,-73.96601,Entire home/apt,215,2,118,1,295,59
33334476,3165356,Brooklyn,Williamsburg,40.71922,-73.94383,Entire home/apt,694,2,104,1,90,46
33340151,63160119,Manhattan,Harlem,40.81949,-73.94009,Private room,200,30,36,1,90,0
33340216,215556105,Queens,Flushing,40.76547,-73.81593,Private room,60,30,23,3,56,0
32940047,97853468,Bronx,Hunts Point,40.81767,-73.8899,Private room,70,14,13,3,69,7
32940382,97853468,Bronx,Hunts Point,40.81767,-73.8899,Private room,43,30,18,3,338,6
33138120,36793116,Manhattan,Midtown,40.76521,-73.97932,Entire home/apt,294,30,15,5,322,3
33138453,42732656,Brooklyn,Greenpoint,40.72662,-73.94366,Private room,80,3,8,1,0,0
33138874,249500015,Bronx,Soundview,40.82639,-73.87021,Entire home/apt,121,2,168,1,116,51
33344785,147983579,Brooklyn,Bedford-Stuyvesant,40.68747,-73.94148,Entire home/apt,330,7,83,2,0,26
33346748,24761711,Brooklyn,Kensington,40.64517,-73.98116,Entire home/apt,738,2,59,4,302,35
33140204,5944855,Brooklyn,Bedford-Stuyvesant,40.69204,-73.93636,Entire home/apt,250,30,4,1,0,0
33141938,19303369,Manhattan,Inwood,40.86427,-73.92149,Private room,33,30,2,175,1,0
33143544,19303369,Queens,Jackson Heights,40.7507,-73.89537,Entire home/apt,30,30,2,175,0,0
33154669,90131587,Queens,Elmhurst,40.73857,-73.87834,Entire home/apt,99,30,3,1,0,0
33155086,190643075,Brooklyn,Bay Ridge,40.63021,-74.0215,Entire home/apt,80,6,2,1,0,0
33346826,47099125,Manhattan,Midtown,40.74749,-73.98282,Private room,159,30,4,1,88,0
33347638,5708402,Brooklyn,East New York,40.66875,-73.86761,Entire home/apt,131,4,103,1,124,29
33348368,209553776,Brooklyn,Crown Heights,40.67128,-73.95687,Entire home/apt,66,2,25,1,0,0
33155194,34014150,Brooklyn,Bedford-Stuyvesant,40.68456,-73.93987,Entire home/apt,239,30,27,1,152,6
33348833,117792931,Manhattan,Upper East Side,40.7812,-73.9495,Entire home/apt,125,30,32,1,0,0
33348910,215556105,Queens,Flushing,40.76505,-73.81761,Private room,75,30,29,3,58,0
33155909,249637449,Manhattan,Harlem,40.82166,-73.94646,Entire home/apt,96,150,20,1,0,0
33363084,242175033,Bronx,Allerton,40.8584,-73.8658,Entire home/apt,84,1,121,1,37,1
33367026,27445710,Brooklyn,Flatbush,40.64506,-73.9633,Entire home/apt,95,1,3,1,0,0
32943764,247900596,Manhattan,Harlem,40.80663,-73.94609,Entire home/apt,295,1,104,3,298,29
33156123,2928681,Brooklyn,Bushwick,40.70294,-73.92383,Entire home/apt,120,30,7,1,0,0
33161019,249676515,Queens,Rosedale,40.65303,-73.7259,Entire home/apt,95,2,22,1,165,0
32957830,248021206,Queens,Glendale,40.70606,-73.86633,Private room,55,30,4,4,0,0
32959357,56265076,Queens,Kew Gardens Hills,40.72209,-73.81082,Private room,40,7,0,2,11,0
32978570,97853468,Bronx,Hunts Point,40.81767,-73.8899,Private room,45,5,8,3,129,0
33161761,203176937,Manhattan,West Village,40.7347,-74.00355,Entire home/apt,225,28,14,1,38,5
32986796,141547523,Manhattan,Harlem,40.83058,-73.94542,Private room,70,3,66,1,41,34
33370164,251166866,Queens,Astoria,40.7607,-73.90773,Private room,55,30,8,2,0,0
33371988,30532557,Brooklyn,Bedford-Stuyvesant,40.6897,-73.92674,Private room,37,30,2,26,49,0
33162983,9293730,Manhattan,Upper West Side,40.799744,-73.961494,Entire home/apt,258,30,9,37,351,3
33168922,217507116,Bronx,Co-op City,40.8663,-73.82304,Private room,70,3,25,1,353,11
33373472,6528007,Brooklyn,Greenpoint,40.72724,-73.94505,Entire home/apt,92,91,0,1,0,0
33374241,203569485,Brooklyn,Flatbush,40.6354,-73.95888,Private room,70,30,0,1,0,0
33378475,104960784,Brooklyn,Bushwick,40.68964,-73.90557,Private room,50,3,1,1,0,0
32990282,30698503,Queens,Ditmars Steinway,40.77445,-73.91659,Private room,270,30,9,1,0,0
32990477,48958358,Brooklyn,Williamsburg,40.71557,-73.96641,Entire home/apt,325,30,5,2,215,2
33169141,219333557,Queens,East Elmhurst,40.76282,-73.86856,Entire home/apt,126,2,65,3,140,30
33175415,114736959,Brooklyn,Gravesend,40.58717,-73.97176,Entire home/apt,99,30,28,5,262,4
33181402,1940153,Brooklyn,Bedford-Stuyvesant,40.68197,-73.92562,Entire home/apt,319,2,123,1,215,47
33184311,249846765,Manhattan,East Village,40.72691,-73.98043,Entire home/apt,119,30,0,1,0,0
33187617,165776960,Manhattan,Midtown,40.76101,-73.96551,Entire home/apt,130,30,8,8,277,1
33190224,21218657,Brooklyn,Bedford-Stuyvesant,40.69515,-73.94451,Entire home/apt,90,30,7,1,0,0
33194789,249929999,Manhattan,Gramercy,40.73509,-73.98875,Entire home/apt,1200,40,18,1,0,0
33214803,11379822,Bronx,Mount Hope,40.84678,-73.90422,Private room,53,3,16,3,220,10
33218283,162280872,Manhattan,Upper East Side,40.77042,-73.95867,Entire home/apt,170,30,9,98,330,1
33223405,250149612,Queens,Jamaica,40.66918,-73.78709,Entire home/apt,269,3,82,1,361,13
32991664,161135042,Queens,Long Island City,40.74391,-73.95726,Private room,200,30,1,2,0,0
33379269,251468079,Brooklyn,Williamsburg,40.71359,-73.93907,Entire home/apt,300,2,8,1,0,0
33226517,39823351,Manhattan,East Harlem,40.7952,-73.94107,Private room,68,30,43,1,0,0
33235936,250252296,Manhattan,Midtown,40.74612,-73.98756,Entire home/apt,300,4,95,4,304,36
33236793,170810121,Queens,Jamaica,40.67875,-73.79146,Entire home/apt,126,1,29,2,88,22
33237562,234588422,Queens,Sunnyside,40.74505,-73.91933,Entire home/apt,180,7,35,1,88,13
33239233,249983430,Brooklyn,Greenpoint,40.73676,-73.95367,Entire home/apt,300,30,38,1,0,0
33005220,248404100,Bronx,Morris Heights,40.8461,-73.9156,Private room,125,1,77,1,250,0
33242348,161357125,Staten Island,Emerson Hill,40.60862,-74.11774,Private room,249,3,7,1,89,0
33005545,248406276,Queens,Jackson Heights,40.75194,-73.88202,Private room,165,2,0,1,0,0
33516962,38708976,Brooklyn,Williamsburg,40.70966,-73.95319,Entire home/apt,400,7,0,1,67,0
33521985,160940380,Queens,St. Albans,40.70027,-73.74911,Entire home/apt,675,2,61,8,327,33
33387469,45690587,Manhattan,Kips Bay,40.74135,-73.98297,Entire home/apt,412,3,111,1,187,51
33390787,3027903,Manhattan,Midtown,40.7642,-73.98422,Entire home/apt,280,5,6,1,0,2
33243396,409766,Manhattan,Upper West Side,40.79722,-73.96104,Entire home/apt,135,10,8,1,0,5
33247747,158181451,Queens,Flushing,40.75021,-73.82868,Private room,55,30,0,8,0,0
33248625,593135,Manhattan,Greenwich Village,40.72918,-74.00085,Entire home/apt,198,30,17,2,0,0
33259063,21686560,Manhattan,Upper East Side,40.77547,-73.94615,Private room,244,2,37,1,38,14
33394700,251578356,Brooklyn,Sheepshead Bay,40.60209,-73.96287,Private room,50,30,4,1,0,0
33396290,71276635,Manhattan,Washington Heights,40.83396,-73.9437,Shared room,499,1,30,5,86,9
33398445,61391963,Manhattan,Upper West Side,40.78562,-73.97402,Entire home/apt,125,30,8,116,310,0
33400953,3400827,Manhattan,Upper West Side,40.79633,-73.97412,Entire home/apt,160,30,5,1,266,0
33526710,252628456,Brooklyn,East New York,40.66098,-73.88861,Entire home/apt,100,3,69,1,108,19
33528562,252641467,Bronx,Wakefield,40.88524,-73.85477,Private room,92,30,10,1,0,0
33265025,28940517,Manhattan,East Village,40.73279,-73.98736,Private room,62,30,1,1,0,0
33265476,90513280,Manhattan,Hell's Kitchen,40.76483,-73.98491,Private room,99,4,1,1,0,0
33266016,18883243,Brooklyn,Greenpoint,40.71993,-73.95484,Private room,83,30,1,1,0,0
33267342,15101609,Brooklyn,Park Slope,40.67563,-73.97455,Entire home/apt,750,30,3,1,0,0
33267781,250512369,Manhattan,Upper West Side,40.77458,-73.97928,Private room,199,2,109,1,267,48
33269219,101982307,Brooklyn,Williamsburg,40.71524,-73.95522,Entire home/apt,148,30,8,1,0,0
33269801,105762561,Queens,Jamaica,40.69163,-73.78447,Private room,85,30,23,3,342,0
33271828,2522815,Brooklyn,Sunset Park,40.66307,-73.99251,Entire home/apt,155,2,56,2,277,25
33273525,24204269,Brooklyn,Prospect Heights,40.68124,-73.97407,Private room,58,30,1,1,0,0
33529806,105270072,Brooklyn,Sheepshead Bay,40.59531,-73.96244,Entire home/apt,145,3,0,1,46,0
33412533,251704655,Bronx,Port Morris,40.80115,-73.91567,Entire home/apt,186,2,111,3,317,50
33416246,61391963,Manhattan,Midtown,40.75604,-73.96727,Entire home/apt,150,30,0,116,38,0
33422875,8877881,Brooklyn,Williamsburg,40.71053,-73.96792,Entire home/apt,349,30,0,1,0,0
33422954,251781156,Bronx,Tremont,40.84394,-73.88712,Shared room,26,2,73,1,0,6
33423101,51419167,Manhattan,Murray Hill,40.74613,-73.9771,Entire home/apt,200,30,5,1,0,0
33423849,10149317,Queens,Kew Gardens,40.71019,-73.8288,Private room,68,7,31,12,349,7
33424312,1192659,Brooklyn,Bedford-Stuyvesant,40.68919,-73.92725,Private room,55,30,8,1,0,0
33427025,32708211,Brooklyn,Bedford-Stuyvesant,40.68839,-73.95452,Private room,79,2,87,7,276,36
33427418,178676648,Brooklyn,Bushwick,40.68421,-73.90789,Private room,150,30,1,1,0,0
33427855,148108,Manhattan,Lower East Side,40.7231,-73.9899,Entire home/apt,2025,1,1,2,361,0
33428552,219738858,Manhattan,East Village,40.72248,-73.98365,Entire home/apt,130,180,11,5,7,0
33428571,6080376,Brooklyn,Williamsburg,40.71393,-73.9473,Private room,86,2,55,2,51,0
33429437,230831241,Manhattan,East Harlem,40.78805,-73.95084,Entire home/apt,945,3,113,1,101,54
33430847,251852817,Manhattan,East Harlem,40.79903,-73.94539,Shared room,55,30,61,7,0,0
33431709,251852817,Manhattan,East Harlem,40.79952,-73.94565,Shared room,55,30,43,7,0,0
33431823,251852817,Manhattan,East Harlem,40.80093,-73.94346,Shared room,55,30,32,7,0,0
33431909,251852817,Manhattan,East Harlem,40.80113,-73.9438,Shared room,55,30,46,7,0,0
33431978,251852817,Manhattan,East Harlem,40.79939,-73.94557,Shared room,55,30,48,7,0,0
33275894,158181451,Queens,Flushing,40.74988,-73.82736,Private room,38,30,0,8,0,0
33716380,24302484,Brooklyn,Bedford-Stuyvesant,40.68457211621415,-73.9462602532285,Entire home/apt,111,7,2,1,41,0
33442531,1682447,Manhattan,Lower East Side,40.72104,-73.98411,Private room,137,5,0,1,158,0
33446373,251968645,Brooklyn,Greenpoint,40.73352,-73.95942,Private room,60,30,2,1,0,0
33448577,214347105,Manhattan,Midtown,40.7534,-73.96617,Entire home/apt,761,4,14,7,359,9
33449304,84562269,Queens,Queens Village,40.71857,-73.75355,Private room,56,30,1,2,0,0
33449518,238989521,Queens,Sunnyside,40.74048,-73.92601,Private room,36,30,3,17,0,0
33451456,3073952,Brooklyn,Bedford-Stuyvesant,40.68236,-73.91232,Entire home/apt,217,30,35,2,356,2
33454764,99108929,Queens,Sunnyside,40.73688,-73.92231,Shared room,28,30,3,1,0,0
33455322,6410979,Brooklyn,Bedford-Stuyvesant,40.68898,-73.94405,Private room,59,30,1,2,0,0
33457366,35528708,Brooklyn,Bedford-Stuyvesant,40.69632,-73.9465,Private room,50,30,4,2,0,0
33457731,35528708,Brooklyn,Bedford-Stuyvesant,40.6945,-73.94718,Private room,55,1,10,2,0,0
33533601,243489304,Manhattan,Chinatown,40.71639,-73.99086,Private room,91,2,154,2,167,56
33534624,243489304,Manhattan,Chinatown,40.71474,-73.99096,Private room,90,2,158,2,165,55
33545797,15516668,Brooklyn,Prospect-Lefferts Gardens,40.66023,-73.96048,Entire home/apt,87,30,5,1,0,3
33546854,252642141,Brooklyn,Bedford-Stuyvesant,40.69526,-73.93985,Entire home/apt,213,30,19,1,25,1
33719615,2727975,Brooklyn,Bedford-Stuyvesant,40.68331,-73.91437,Entire home/apt,175,5,65,1,219,25
33467176,148725429,Brooklyn,Bushwick,40.68769,-73.91559,Private room,191,2,142,3,238,40
33467371,683230,Manhattan,Upper East Side,40.76727,-73.95778,Entire home/apt,1500,30,35,3,308,0
33725862,137358866,Brooklyn,Bushwick,40.69038,-73.91228,Private room,78,30,11,111,333,5
33726859,60127679,Brooklyn,Bedford-Stuyvesant,40.68511,-73.92435,Private room,65,30,34,1,0,0
33734483,27636707,Manhattan,West Village,40.73275,-74.00549,Entire home/apt,128,30,25,7,74,6
33735398,22736811,Brooklyn,Bushwick,40.68862,-73.90912,Entire home/apt,177,3,131,1,271,44
33469440,252168489,Queens,Jamaica Hills,40.71084,-73.79733,Entire home/apt,100,30,17,1,0,0
33469797,252171508,Queens,Jamaica,40.67323,-73.77715,Entire home/apt,259,2,213,1,174,35
33470580,19931875,Manhattan,Inwood,40.86782,-73.9243,Entire home/apt,89,30,13,1,45,1
33474649,175152790,Manhattan,Midtown,40.74494,-73.98323,Private room,115,30,15,1,0,0
33736715,61391963,Manhattan,Midtown,40.76356,-73.97588,Entire home/apt,142,30,4,116,0,0
33741107,216274333,Queens,Fresh Meadows,40.73003,-73.77793,Private room,80,30,2,1,0,0
33743082,619942,Brooklyn,Cypress Hills,40.68851,-73.87265,Entire home/apt,96,30,3,6,124,3
33743807,18569998,Brooklyn,Bushwick,40.70789,-73.92096,Entire home/apt,100,30,15,1,0,0
33745548,252604696,Manhattan,Chelsea,40.75089,-73.99682,Private room,99,30,6,3,0,0
33547205,252782565,Queens,Astoria,40.76627,-73.91748,Entire home/apt,160,30,2,1,0,0
33745549,252604696,Manhattan,Chelsea,40.74918,-73.99501,Private room,179,30,30,3,0,0
33745550,252604696,Manhattan,Chelsea,40.75086,-73.99534,Private room,199,30,11,3,0,0
33752082,48684597,Queens,Maspeth,40.7381,-73.89667,Private room,55,1,46,6,0,0
33556100,79134040,Manhattan,Washington Heights,40.84415,-73.94204,Private room,80,2,23,1,0,0
33557100,76849762,Brooklyn,Williamsburg,40.71331,-73.94249,Private room,80,30,2,1,0,1
33558102,157708630,Brooklyn,Bushwick,40.70008,-73.92559,Private room,80,30,14,1,0,0
33558241,4770121,Manhattan,Harlem,40.82574,-73.93823,Entire home/apt,90,30,1,3,0,0
33475698,149131919,Queens,Jamaica Hills,40.71543,-73.80722,Entire home/apt,214,2,122,2,345,42
33753198,7875127,Brooklyn,Crown Heights,40.6746,-73.96147,Private room,71,30,1,1,0,0
33763207,253753123,Brooklyn,Borough Park,40.62951,-73.9969,Private room,31,1,56,3,0,1
33559130,38214492,Manhattan,SoHo,40.7223294,-74.0012612,Entire home/apt,980,4,0,1,0,0
33559330,206031174,Brooklyn,Crown Heights,40.66882,-73.92445,Entire home/apt,110,30,2,1,0,0
33559960,193488,Manhattan,East Village,40.73362,-73.98831,Private room,114,30,8,3,156,0
33560323,26535250,Brooklyn,Windsor Terrace,40.65442,-73.97842,Entire home/apt,136,30,49,7,108,1
33769887,87156911,Queens,Ozone Park,40.67537,-73.85417,Entire home/apt,107,2,64,1,354,28
33560460,177742211,Manhattan,SoHo,40.72543,-74.00403,Entire home/apt,285,7,52,1,288,21
33485978,26989131,Brooklyn,Gowanus,40.66864,-73.99093,Entire home/apt,85,25,24,1,42,8
33486731,21877010,Brooklyn,Prospect-Lefferts Gardens,40.66176,-73.95955,Entire home/apt,115,4,7,1,0,0
33769956,252796752,Manhattan,Nolita,40.72358,-73.99524,Entire home/apt,312,7,87,1,304,28
33489978,252356839,Manhattan,Harlem,40.82996,-73.94521,Entire home/apt,75,30,5,2,0,0
33560646,119294198,Brooklyn,Bay Ridge,40.63111,-74.01739,Private room,40,30,1,1,0,0
33771250,53481729,Manhattan,Midtown,40.75054,-73.98572,Entire home/apt,999,1,0,1,0,0
33772218,211549023,Manhattan,Midtown,40.74802,-73.98713,Entire home/apt,247,2,43,16,322,12
33772698,10072710,Brooklyn,South Slope,40.66693,-73.98699,Entire home/apt,125,4,15,1,0,2
33772781,11902072,Manhattan,East Village,40.72859,-73.98712,Entire home/apt,160,30,13,1,0,0
33560707,110448579,Brooklyn,Flatbush,40.63877,-73.96728,Entire home/apt,75,30,1,1,0,0
33491707,252372862,Brooklyn,Park Slope,40.66736,-73.98157,Entire home/apt,167,10,55,1,35,11
33493942,32708211,Brooklyn,Bedford-Stuyvesant,40.68809,-73.95651,Private room,75,2,121,7,252,43
33495663,121431667,Manhattan,Battery Park City,40.70548,-74.01712,Entire home/apt,100,30,2,1,0,0
33776576,2312420,Queens,Astoria,40.75993,-73.91071,Entire home/apt,217,5,67,1,218,31
33497909,252432969,Manhattan,Midtown,40.75465,-73.96963,Entire home/apt,260,30,82,1,0,0
33498032,252437123,Brooklyn,Sunset Park,40.64923,-74.00302,Entire home/apt,160,30,18,1,0,0
33500292,146275359,Queens,Springfield Gardens,40.6877,-73.75255,Private room,49,7,19,3,218,0
33512307,153988027,Queens,Woodside,40.74156,-73.89949,Entire home/apt,111,4,50,6,238,19
33778143,204733512,Queens,East Elmhurst,40.7604,-73.8822,Private room,45,3,29,2,0,0
33780071,55782090,Manhattan,Upper East Side,40.78563,-73.95462,Entire home/apt,137,31,9,1,261,3
33513897,252545388,Manhattan,Hell's Kitchen,40.77074,-73.9915,Entire home/apt,750,31,0,1,0,0
33560762,252855885,Bronx,Kingsbridge,40.86466,-73.89957,Private room,30,1,18,1,68,0
33579970,64898741,Queens,Long Island City,40.75889,-73.93055,Entire home/apt,250,30,2,2,0,0
33780177,120763629,Brooklyn,Bath Beach,40.605,-74.00129,Private room,62,5,6,3,333,1
33515695,29470566,Queens,Astoria,40.76797,-73.9083,Private room,65,30,6,1,0,0
33515760,855437,Brooklyn,Prospect-Lefferts Gardens,40.66283,-73.95745,Private room,50,2,31,1,0,0
33516105,7130003,Manhattan,East Village,40.72226,-73.9834,Entire home/apt,315,25,23,2,187,8
33785477,254771644,Brooklyn,Bushwick,40.69833,-73.92922,Entire home/apt,169,3,99,1,285,39
33956049,256403429,Brooklyn,Flatbush,40.65418,-73.95344,Private room,63,30,31,1,0,0
33580893,248122395,Manhattan,Greenwich Village,40.73512,-73.99705,Hotel room,668,30,20,2,325,3
33580907,248122395,Manhattan,Greenwich Village,40.73544,-73.99747,Hotel room,614,1,64,2,323,10
33581628,148317706,Brooklyn,Prospect-Lefferts Gardens,40.66029,-73.944038,Entire home/apt,160,30,54,1,0,2
33582776,4765305,Manhattan,East Village,40.72331,-73.98431,Private room,185,2,72,8,39,20
33584724,120763629,Brooklyn,Bath Beach,40.60639,-74.00279,Private room,52,7,11,3,310,5
33787433,251704655,Bronx,Port Morris,40.80097,-73.91421,Entire home/apt,185,2,95,3,205,42
33787438,131544841,Manhattan,Kips Bay,40.74258,-73.98004,Entire home/apt,120,30,18,1,0,0
33788019,251704655,Bronx,Port Morris,40.80242,-73.91383,Entire home/apt,185,2,98,3,211,50
33796251,8748976,Brooklyn,Bedford-Stuyvesant,40.68892,-73.95468,Private room,40,114,0,1,0,0
33589468,109567034,Queens,Fresh Meadows,40.7418,-73.79387,Entire home/apt,134,2,69,1,35,16
33798189,137358866,Queens,Woodside,40.74642,-73.90792,Private room,116,30,11,111,343,4
33800548,96219565,Queens,Flushing,40.75964,-73.80717,Entire home/apt,185,3,63,2,304,16
33589554,253110236,Queens,Springfield Gardens,40.66285,-73.74875,Entire home/apt,175,3,37,1,170,16
33961505,2513294,Brooklyn,Bushwick,40.70163,-73.92547,Entire home/apt,160,30,2,1,334,0
33964014,15853933,Queens,Astoria,40.76628,-73.91082,Private room,69,1,20,1,0,9
33801117,25308624,Brooklyn,Bedford-Stuyvesant,40.68255,-73.93458,Private room,65,30,18,3,47,1
33801532,242967001,Brooklyn,Bedford-Stuyvesant,40.68801,-73.95347,Entire home/apt,167,4,20,1,0,12
33964535,56488464,Manhattan,Hell's Kitchen,40.76221,-73.99414,Entire home/apt,100,30,1,1,0,0
33589697,252764836,Queens,Rosedale,40.67486,-73.73381,Entire home/apt,200,2,16,1,355,16
33823598,29349060,Queens,Jamaica,40.68471,-73.76742,Private room,56,5,25,3,346,2
33826205,57920236,Brooklyn,Bedford-Stuyvesant,40.68411,-73.95498,Entire home/apt,270,30,4,1,190,0
33593081,62047190,Queens,Howard Beach,40.6511722,-73.83742649999999,Entire home/apt,520,1,1,1,364,1
33603476,4621134,Bronx,Clason Point,40.80509,-73.84952,Private room,100,30,2,1,0,0
33605568,44350279,Manhattan,Gramercy,40.73505,-73.9865,Private room,115,2,52,4,38,14
33607399,107434423,Manhattan,Financial District,40.70504,-74.00812,Entire home/apt,586,90,1,453,340,1
33826775,255178006,Brooklyn,Williamsburg,40.70963,-73.94385,Entire home/apt,180,30,1,1,0,0
33608420,84732743,Brooklyn,Williamsburg,40.71477,-73.94054,Entire home/apt,200,30,4,1,0,0
33611062,11870917,Manhattan,East Village,40.72552,-73.9896,Entire home/apt,110,30,9,1,0,0
33611809,162280872,Manhattan,Kips Bay,40.73925,-73.97989,Entire home/apt,170,30,5,98,311,1
33612951,1556814,Manhattan,Harlem,40.81521,-73.94214,Entire home/apt,3000,30,0,10,255,0
33613736,5704932,Bronx,Fordham,40.86648,-73.8888,Private room,49,30,16,4,0,1
33615952,28272799,Manhattan,Harlem,40.82737,-73.95182,Private room,24,32,0,3,101,0
33966308,256479489,Brooklyn,Bath Beach,40.60689,-74.00317,Private room,62,14,4,2,344,1
33829791,204704622,Queens,Woodside,40.74251,-73.89761,Private room,40,30,2,157,0,0
33830012,255420742,Brooklyn,South Slope,40.66042,-73.98202,Entire home/apt,110,1,102,2,225,48
33969898,256504089,Manhattan,Upper West Side,40.80353,-73.96538,Private room,69,30,0,1,0,0
33617342,39828340,Brooklyn,Crown Heights,40.66481,-73.95196,Private room,200,30,0,1,0,0
33618213,23991239,Brooklyn,Bedford-Stuyvesant,40.68879,-73.93969,Private room,50,25,2,1,0,0
33832840,11123552,Brooklyn,Bushwick,40.70053,-73.92182,Private room,60,30,72,3,0,0
33833257,255448841,Brooklyn,Bedford-Stuyvesant,40.68092,-73.91145,Private room,47,30,168,3,0,12
33970585,256012654,Manhattan,Upper West Side,40.80147,-73.96197,Private room,40,30,2,1,0,0
33835470,255448841,Brooklyn,Bedford-Stuyvesant,40.68135,-73.91367,Private room,45,30,146,3,0,6
33835992,86769590,Brooklyn,East New York,40.66044,-73.89917,Entire home/apt,142,1,218,1,354,67
33970850,256462453,Queens,Jamaica,40.69234,-73.8051,Entire home/apt,350,3,25,2,218,0
33971170,45404393,Queens,Jackson Heights,40.74977,-73.88332,Entire home/apt,71,2,24,2,255,16
33974082,32167398,Queens,Astoria,40.75788,-73.92843,Private room,65,2,56,6,324,14
33974640,32167398,Queens,Astoria,40.75732,-73.92671,Private room,50,2,25,6,319,2
33974777,32167398,Queens,Astoria,40.75869,-73.92627,Private room,45,3,45,6,299,16
33982630,27636707,Manhattan,West Village,40.73275,-74.00549,Entire home/apt,128,30,10,7,269,2
33618672,17726658,Brooklyn,East Flatbush,40.64731,-73.94753,Entire home/apt,125,1,105,1,298,21
33846501,242631139,Brooklyn,East Flatbush,40.64534,-73.93101,Private room,85,2,21,2,280,5
33849970,19303369,Queens,Elmhurst,40.73868,-73.87588,Private room,31,30,6,175,0,2
33852557,254112876,Manhattan,East Harlem,40.79647,-73.93555,Private room,90,30,24,2,0,0
33622021,257569145,Manhattan,Lower East Side,40.72115,-73.98879,Private room,259,1,3,2,342,3
33622023,257569145,Manhattan,Lower East Side,40.72115,-73.98879,Private room,259,1,8,2,329,8
33852604,112909067,Brooklyn,Prospect-Lefferts Gardens,40.66004,-73.94871,Entire home/apt,125,30,27,2,1,8
33853465,31289942,Brooklyn,Bushwick,40.70496,-73.92017,Entire home/apt,188,13,13,1,23,2
33632312,184472924,Brooklyn,East New York,40.66231,-73.8978,Entire home/apt,270,2,20,1,179,6
33985846,235218603,Manhattan,Harlem,40.81086,-73.9476,Entire home/apt,221,30,2,1,0,0
33987509,10415675,Manhattan,Harlem,40.82216,-73.95499,Private room,54,30,5,6,0,0
33988271,256634850,Brooklyn,Bushwick,40.6885,-73.90666,Entire home/apt,149,30,2,1,0,0
33854066,255448841,Brooklyn,Bedford-Stuyvesant,40.67942,-73.91313,Private room,47,30,147,3,32,8
33855937,117999420,Manhattan,Upper East Side,40.76205,-73.96478,Private room,350,5,15,1,75,3
33989681,235329443,Brooklyn,Boerum Hill,40.68567,-73.98336,Entire home/apt,215,3,177,1,181,68
33635511,23777742,Manhattan,Harlem,40.82323,-73.9408,Entire home/apt,99,30,10,1,98,2
33639841,191021802,Manhattan,Midtown,40.76067,-73.96983,Entire home/apt,115,30,0,1,0,0
33641049,232251881,Queens,Jamaica,40.66799,-73.7831,Private room,53,1,265,10,145,162
33856310,229386490,Brooklyn,Bedford-Stuyvesant,40.68449,-73.923,Entire home/apt,85,4,57,4,40,23
33857708,137358866,Queens,Sunnyside,40.73521,-73.92035,Private room,66,30,3,111,338,0
33858603,15347665,Manhattan,Harlem,40.817,-73.94665,Entire home/apt,160,30,0,1,0,0
33870097,2405781,Brooklyn,Williamsburg,40.71201,-73.96089,Entire home/apt,150,5,10,1,0,2
33873570,255787023,Brooklyn,East Flatbush,40.64437,-73.92695,Private room,40,2,68,2,65,11
33642152,67781861,Manhattan,East Harlem,40.79579,-73.93123,Private room,51,31,17,1,66,0
33994927,256680416,Manhattan,Murray Hill,40.74802,-73.98239,Entire home/apt,235,30,17,1,0,0
33995646,67651553,Manhattan,Upper West Side,40.80245,-73.9667,Entire home/apt,120,30,0,2,0,0
33996721,24530917,Manhattan,Hell's Kitchen,40.76764,-73.99151,Entire home/apt,400,2,43,1,0,11
33999377,32167398,Queens,Astoria,40.75753,-73.9282,Private room,50,2,53,6,244,18
33999874,32167398,Queens,Long Island City,40.75943,-73.92791,Private room,60,2,49,6,267,14
34011627,4982496,Brooklyn,Bushwick,40.70388,-73.92537,Private room,70,30,0,1,0,0
34013223,256817214,Manhattan,Harlem,40.8179,-73.93939,Private room,125,3,27,1,67,12
33873780,255787885,Brooklyn,Prospect-Lefferts Gardens,40.65758,-73.95432,Entire home/apt,325,2,14,1,99,14
33642266,91783661,Manhattan,East Village,40.72692,-73.98794,Entire home/apt,354,3,84,1,134,32
33644836,76628403,Manhattan,Upper West Side,40.77773,-73.97792,Private room,135,5,23,2,33,9
33645301,119692067,Brooklyn,Sunset Park,40.6455,-74.00039,Private room,60,1,30,8,53,11
33877113,255811821,Queens,Jamaica,40.6865,-73.77935,Private room,65,30,4,1,0,0
34014027,23003756,Brooklyn,Greenpoint,40.71932,-73.95056,Private room,70,30,4,1,0,0
33877798,147675745,Manhattan,Upper East Side,40.77851,-73.95248,Entire home/apt,95,60,46,2,149,2
33880238,18007143,Brooklyn,Bedford-Stuyvesant,40.68469,-73.95183,Private room,137,30,15,1,0,0
33881088,5986790,Manhattan,Washington Heights,40.8344,-73.94482,Private room,45,31,17,6,327,0
33883497,255882354,Brooklyn,Crown Heights,40.67829,-73.94821,Entire home/apt,192,2,151,1,306,64
34017530,150879430,Manhattan,Midtown,40.74747,-73.98416,Private room,65,30,0,1,0,0
34017965,49101398,Brooklyn,Gravesend,40.59762,-73.97744,Entire home/apt,119,2,68,3,196,23
33645359,31140577,Brooklyn,Crown Heights,40.67882,-73.95386,Entire home/apt,245,2,6,1,163,6
33653706,162280872,Manhattan,Upper East Side,40.77049,-73.9585,Entire home/apt,250,30,9,98,312,4
33654747,6136511,Manhattan,Nolita,40.7223,-73.9962,Entire home/apt,250,28,1,3,203,0
33656304,107434423,Manhattan,Theater District,40.76039,-73.98701,Entire home/apt,372,31,0,453,67,0
33658071,3002017,Brooklyn,Bedford-Stuyvesant,40.68293,-73.91749,Entire home/apt,135,3,84,1,242,24
33883949,203266238,Bronx,Morris Park,40.85375,-73.85185,Private room,55,15,2,6,0,0
33897838,255980743,Brooklyn,Columbia St,40.68811,-74.00018,Entire home/apt,150,30,7,1,0,0
33660716,73785055,Brooklyn,Prospect Heights,40.67409,-73.96717,Entire home/apt,150,30,2,1,0,0
33903300,147983579,Brooklyn,Bedford-Stuyvesant,40.68974,-73.94013,Entire home/apt,285,7,99,2,271,31
33904680,10374669,Manhattan,Hell's Kitchen,40.764,-73.98626,Private room,80,30,4,1,0,0
33907325,211136294,Bronx,Schuylerville,40.83705,-73.83509,Private room,99,1,169,6,83,50
33907731,53621,Brooklyn,Bedford-Stuyvesant,40.69111,-73.93495,Entire home/apt,100,30,26,2,126,3
33908121,212629546,Brooklyn,Fort Hamilton,40.61403,-74.02909,Private room,65,4,0,1,0,0
33660911,61084210,Queens,Astoria,40.76231,-73.91844,Entire home/apt,417,3,69,1,173,36
33662914,9539170,Manhattan,Harlem,40.79805,-73.94919,Private room,85,3,11,1,97,0
33664484,157301360,Queens,Kew Gardens Hills,40.72807,-73.82073,Entire home/apt,275,4,47,2,142,15
33667731,253753123,Brooklyn,Borough Park,40.62974,-73.99539,Private room,45,1,39,3,0,0
34022740,256899020,Brooklyn,Brownsville,40.65877,-73.91726,Private room,100,2,24,1,177,1
34022781,166247807,Brooklyn,Williamsburg,40.71199,-73.96202,Entire home/apt,221,6,81,1,82,40
34023411,6752504,Brooklyn,Gravesend,40.60335,-73.97547,Entire home/apt,200,30,1,7,0,0
33910078,256071378,Brooklyn,Bedford-Stuyvesant,40.69212,-73.93272,Entire home/apt,214,2,90,1,274,35
34023558,88602231,Brooklyn,Kensington,40.64574,-73.97493,Entire home/apt,59,30,3,1,0,0
34024187,132784640,Brooklyn,Sunset Park,40.63923,-74.01696,Private room,95,30,0,2,364,0
34039045,30995747,Brooklyn,Crown Heights,40.67799,-73.95212,Entire home/apt,150,30,3,1,0,0
34042173,257053267,Queens,Richmond Hill,40.69683,-73.84688,Private room,60,30,4,1,0,0
33674936,9850389,Brooklyn,Bushwick,40.70729,-73.92312,Entire home/apt,114,30,6,1,0,0
33682555,214347105,Manhattan,Midtown,40.75198,-73.96978,Entire home/apt,774,3,12,7,360,7
33683407,2399919,Manhattan,Kips Bay,40.74174,-73.97805,Entire home/apt,220,4,32,1,11,13
33917958,137358866,Queens,Woodside,40.74468,-73.90807,Private room,101,30,5,111,341,1
33926074,83615522,Brooklyn,Crown Heights,40.6652,-73.95341,Private room,50,30,15,1,0,0
33927253,114502772,Manhattan,Upper West Side,40.8016,-73.9642,Private room,38,30,1,1,0,0
34042870,53686400,Manhattan,Harlem,40.80242,-73.95458,Private room,89,30,0,1,0,0
34043476,48201791,Brooklyn,Flatbush,40.64113,-73.96337,Entire home/apt,102,30,54,1,157,4
34051381,6752504,Brooklyn,Gravesend,40.6017,-73.97552,Entire home/apt,200,30,0,7,0,0
34051551,107272884,Queens,Richmond Hill,40.69464,-73.84701,Private room,43,30,11,3,282,1
34053516,6752504,Brooklyn,Gravesend,40.59572,-73.97398,Entire home/apt,180,5,0,7,0,0
34055336,14680337,Manhattan,East Harlem,40.79026,-73.94478,Private room,169,30,0,1,0,0
34056679,254112876,Manhattan,East Harlem,40.7959,-73.93625,Private room,95,30,14,2,0,0
34059931,15145088,Manhattan,Upper West Side,40.78695,-73.97413,Entire home/apt,225,30,5,8,365,4
33927923,2282687,Brooklyn,Flatbush,40.65022,-73.95339,Entire home/apt,112,3,4,1,0,0
34061088,73670220,Manhattan,Battery Park City,40.70736,-74.01661,Entire home/apt,179,30,10,2,0,0
34062693,218134921,Queens,Woodside,40.748,-73.90238,Private room,65,1,0,1,81,0
33683615,253888808,Manhattan,Midtown,40.74535,-73.98689,Entire home/apt,1258,6,37,1,133,19
33684621,117287,Manhattan,Hell's Kitchen,40.76827,-73.98468,Entire home/apt,160,30,0,4,154,0
33928971,158709729,Manhattan,West Village,40.73244,-74.00415,Entire home/apt,450,30,18,1,0,0
34063075,191988723,Manhattan,Washington Heights,40.83252,-73.94022,Entire home/apt,60,30,35,1,0,0
33930406,20851517,Manhattan,Hell's Kitchen,40.76784,-73.98844,Private room,109,30,11,2,61,1
33930528,52179765,Brooklyn,Williamsburg,40.70386,-73.94274,Entire home/apt,124,30,10,1,56,6
34063821,78078053,Brooklyn,Bedford-Stuyvesant,40.68893,-73.94994,Private room,63,1,11,1,140,7
33689108,229288218,Brooklyn,Bushwick,40.69837,-73.93521,Entire home/apt,175,30,6,1,281,0
33689191,2350326,Queens,Ditmars Steinway,40.77755,-73.91119,Entire home/apt,89,30,0,2,60,0
33930883,49796888,Manhattan,East Harlem,40.79838,-73.94141,Entire home/apt,450,30,0,1,0,0
33689647,44929652,Brooklyn,East Flatbush,40.64496,-73.9478,Private room,100,30,21,1,358,0
34071447,257995608,Manhattan,SoHo,40.7244,-74.00794,Hotel room,179,1,12,11,120,3
34071681,257995608,Manhattan,SoHo,40.7244,-74.00794,Hotel room,159,1,1010,11,124,1
34071682,257995608,Manhattan,SoHo,40.7244,-74.00794,Hotel room,189,1,597,11,96,13
34071685,257995608,Manhattan,SoHo,40.7244,-74.00794,Hotel room,179,1,3,11,71,0
34071687,257995608,Manhattan,SoHo,40.7244,-74.00794,Hotel room,219,1,135,11,70,0
34071688,257995608,Manhattan,SoHo,40.7244,-74.00794,Hotel room,269,1,1,11,52,0
34071691,257995608,Manhattan,SoHo,40.7244,-74.00794,Hotel room,199,1,590,11,102,9
34071692,257995608,Manhattan,SoHo,40.7244,-74.00794,Hotel room,189,1,230,11,71,5
34071693,257995608,Manhattan,SoHo,40.7244,-74.00794,Hotel room,279,1,13,11,65,0
34071699,257995608,Manhattan,SoHo,40.7244,-74.00794,Hotel room,269,1,88,11,88,4
33936370,43676525,Brooklyn,Bushwick,40.69048,-73.90965,Private room,900,30,0,1,364,0
33937466,3876092,Queens,Astoria,40.76683,-73.91775,Private room,95,3,3,2,262,3
33937844,255990804,Brooklyn,Crown Heights,40.66555,-73.94707,Entire home/apt,150,2,21,1,0,0
34071700,257995608,Manhattan,SoHo,40.7244,-74.00794,Hotel room,189,1,48,11,91,1
33689832,6565512,Manhattan,Harlem,40.82339,-73.94827,Private room,85,30,0,1,83,0
33689844,17844480,Manhattan,Upper West Side,40.80019,-73.96053,Entire home/apt,130,30,0,1,0,0
33691396,15729463,Brooklyn,Boerum Hill,40.6849,-73.98707,Entire home/apt,145,13,5,1,0,0
33937907,36242952,Queens,Long Island City,40.75111,-73.94933,Private room,53,14,70,1,2,13
33944826,234956201,Manhattan,Washington Heights,40.834,-73.93959,Private room,100,2,76,1,162,38
33693223,93011199,Brooklyn,Bay Ridge,40.63811643085361,-74.02391774008176,Private room,83,1,1,2,350,1
33701016,9919024,Brooklyn,Crown Heights,40.67624,-73.95384,Entire home/apt,159,5,17,2,8,0
34071962,259169672,Manhattan,Midtown,40.74623,-73.98499,Hotel room,269,1,491,11,78,42
34072045,259169672,Manhattan,Midtown,40.74623,-73.98499,Hotel room,199,1,743,11,73,8
34072046,259169672,Manhattan,Midtown,40.74623,-73.98499,Hotel room,259,1,24,11,74,0
34072048,259169672,Manhattan,Midtown,40.74623,-73.98499,Hotel room,259,1,218,11,91,8
34072049,259169672,Manhattan,Midtown,40.74623,-73.98499,Hotel room,189,1,422,11,104,2
34072158,259169672,Manhattan,Midtown,40.74623,-73.98499,Hotel room,179,1,171,11,61,5
34072160,259169672,Manhattan,Midtown,40.74623,-73.98499,Hotel room,169,1,284,11,111,3
34072161,259169672,Manhattan,Midtown,40.74623,-73.98499,Hotel room,149,1,30,11,132,0
34072162,259169672,Manhattan,Midtown,40.74623,-73.98499,Hotel room,169,1,11,11,80,0
34072164,259169672,Manhattan,Midtown,40.74623,-73.98499,Hotel room,189,1,40,11,87,1
34072165,259169672,Manhattan,Midtown,40.74623,-73.98499,Hotel room,259,1,13,11,75,1
34076756,73324719,Queens,Rockaway Beach,40.59051,-73.8121,Entire home/apt,149,30,1,1,89,0
33954574,23066402,Manhattan,Chelsea,40.74588,-73.994,Entire home/apt,225,30,5,1,0,0
34081178,2161203,Manhattan,Midtown,40.7658,-73.98305,Entire home/apt,299,2,18,1,12,10
34081916,1345194,Brooklyn,Bedford-Stuyvesant,40.69367,-73.95173,Private room,37,365,0,1,0,0
34084359,209887985,Brooklyn,East New York,40.65613,-73.87682,Private room,85,7,0,2,131,0
34085879,145252588,Brooklyn,Flatbush,40.64647,-73.95263,Private room,60,30,6,1,0,0
34086213,257171785,Brooklyn,Williamsburg,40.71279,-73.9532,Entire home/apt,295,30,3,1,0,0
33705993,1224409,Brooklyn,Greenpoint,40.71948,-73.95336,Entire home/apt,200,40,9,1,11,4
33706354,149707913,Manhattan,Upper East Side,40.77595,-73.94768,Entire home/apt,110,30,5,1,0,0
33708931,1693671,Manhattan,Hell's Kitchen,40.75428,-73.99614,Entire home/apt,252,2,23,1,34,15
33711101,10606171,Queens,Astoria,40.76191,-73.92123,Private room,75,1,16,1,0,0
33711350,41949280,Brooklyn,Fort Greene,40.68686,-73.9771,Private room,100,30,0,1,0,0
34114232,249210688,Brooklyn,Bedford-Stuyvesant,40.68266,-73.92264,Entire home/apt,92,30,7,1,124,4
33712513,40832103,Manhattan,Chelsea,40.74092,-74.0018,Entire home/apt,89,30,17,1,171,1
33716043,254150644,Manhattan,Washington Heights,40.84846,-73.93323,Private room,57,4,65,1,287,13
34116575,42144338,Manhattan,Upper East Side,40.77998,-73.94929,Private room,209,7,13,1,32,2
34087005,245960335,Queens,Jamaica,40.68038,-73.78238,Private room,75,30,0,1,90,0
34116613,219517861,Manhattan,Financial District,40.7061,-74.00702,Entire home/apt,430,2,381,71,320,209
34118590,9977688,Brooklyn,Bedford-Stuyvesant,40.68717,-73.92016,Private room,150,2,0,2,354,0
34119451,5173736,Manhattan,Gramercy,40.73488,-73.98707,Entire home/apt,843,30,27,1,129,0
34336896,47769520,Queens,Flushing,40.75826,-73.83372,Private room,125,5,0,2,0,0
34337267,29582232,Brooklyn,Flatbush,40.64124,-73.96507,Entire home/apt,110,2,145,5,116,0
34337805,7505535,Queens,Ridgewood,40.70514,-73.89951,Private room,149,30,0,1,180,0
34121944,17361902,Brooklyn,Crown Heights,40.67085,-73.95054,Entire home/apt,75,30,1,1,0,0
34123251,257629980,Brooklyn,Gowanus,40.67078,-73.9923,Entire home/apt,149,30,96,1,317,31
34339330,250689404,Manhattan,Hell's Kitchen,40.76355,-73.99201,Entire home/apt,345,3,93,1,118,55
34088667,179951095,Queens,Richmond Hill,40.69003,-73.82132,Private room,120,1,52,2,249,0
34088961,214148143,Manhattan,East Village,40.72881,-73.97747,Private room,154,30,9,1,0,0
34094976,245014802,Manhattan,Morningside Heights,40.8052,-73.9645,Private room,38,60,0,1,0,0
34124075,257585150,Manhattan,Upper East Side,40.77395,-73.95694,Private room,375,5,14,1,219,1
34096002,179875332,Queens,Long Island City,40.74877,-73.93705,Private room,135,30,1,1,0,0
34101162,22553662,Brooklyn,Clinton Hill,40.695,-73.96776,Entire home/apt,175,30,3,1,0,0
34103144,137358866,Manhattan,Harlem,40.81808,-73.94302,Private room,65,30,5,111,357,0
34340192,76192815,Manhattan,SoHo,40.7217,-73.99957,Entire home/apt,135,30,6,2,272,3
34340299,41213523,Manhattan,East Village,40.72899,-73.98091,Entire home/apt,250,30,7,1,0,0
34340357,4852748,Manhattan,Harlem,40.80549,-73.94725,Private room,190,4,9,8,333,3
34340625,16419236,Manhattan,Upper West Side,40.78512,-73.97491,Entire home/apt,170,30,0,1,0,0
34125953,58271557,Manhattan,Chelsea,40.74062,-74.00373,Entire home/apt,287,7,58,1,181,31
34343028,259282634,Bronx,Morris Heights,40.84576,-73.92327,Private room,125,30,0,1,0,0
34343752,5007316,Manhattan,Chelsea,40.74746,-73.99981,Entire home/apt,753,1,63,1,8,10
34346014,3203693,Brooklyn,Williamsburg,40.71178,-73.95041,Entire home/apt,75,10,11,1,0,0
34127215,257685807,Brooklyn,Williamsburg,40.70943,-73.96024,Entire home/apt,900,30,23,1,313,2
34358402,259393574,Brooklyn,Boerum Hill,40.68687,-73.98706,Entire home/apt,181,2,136,1,165,67
34360431,65770853,Brooklyn,Bedford-Stuyvesant,40.68777,-73.9587,Private room,59,30,4,1,0,0
34361353,2921350,Manhattan,Gramercy,40.73837,-73.98323,Entire home/apt,160,30,0,1,0,0
34107684,12162311,Brooklyn,Bedford-Stuyvesant,40.69141,-73.93429,Entire home/apt,69,30,7,1,0,0
34108545,218940337,Brooklyn,Flatbush,40.63862,-73.9651,Entire home/apt,120,90,0,1,0,0
34109471,12222242,Brooklyn,Prospect-Lefferts Gardens,40.66196,-73.95969,Entire home/apt,140,30,5,1,0,0
34111820,29740456,Manhattan,Washington Heights,40.83439,-73.93822,Private room,60,2,4,1,0,0
34136999,107434423,Manhattan,Tribeca,40.71579,-74.00587,Entire home/apt,373,31,1,453,261,0
34138042,107434423,Manhattan,Financial District,40.705579,-74.008378,Entire home/apt,291,31,0,453,217,0
34138100,107434423,Manhattan,Financial District,40.7056,-74.00878,Entire home/apt,458,31,0,453,128,0
34142194,48711094,Manhattan,Midtown,40.74612,-73.98363,Private room,95,30,10,1,0,0
34361793,259229690,Queens,Woodside,40.7464,-73.89202,Entire home/apt,115,1,104,3,50,40
34362400,234623462,Queens,Flushing,40.75638,-73.83484,Entire home/apt,688,30,0,1,0,0
34142214,196476281,Bronx,Concourse,40.83084,-73.92115,Private room,75,1,20,2,363,7
34142893,18886157,Manhattan,Harlem,40.80016,-73.95369,Private room,60,30,6,2,0,0
34143050,257773717,Brooklyn,Williamsburg,40.71,-73.96353,Private room,40,30,1,2,0,0
34363916,223368075,Brooklyn,Williamsburg,40.72139,-73.95413,Entire home/apt,900,5,31,1,264,4
34365364,68869481,Brooklyn,Gowanus,40.67261,-73.98923,Entire home/apt,289,5,18,1,1,7
34365445,259229690,Queens,Woodside,40.74491,-73.89209,Entire home/apt,106,1,90,3,47,40
34487491,261761196,Manhattan,Midtown,40.76462,-73.98319,Private room,339,1,57,7,294,8
34143463,257773717,Brooklyn,Williamsburg,40.70932,-73.96436,Private room,40,30,1,2,0,0
34150118,40875021,Manhattan,East Harlem,40.79337,-73.93392,Entire home/apt,170,4,28,4,154,9
34152598,34269923,Brooklyn,Bushwick,40.69799,-73.91174,Private room,50,30,8,1,0,0
34155231,1825030,Brooklyn,Williamsburg,40.72193,-73.95437,Entire home/apt,209,2,41,1,0,21
34165293,137358866,Queens,Woodside,40.74454,-73.90621,Private room,89,30,6,111,311,2
34169395,107434423,Manhattan,Tribeca,40.71579,-74.00587,Entire home/apt,598,31,0,453,241,0
34172085,257993786,Manhattan,Inwood,40.86269,-73.926,Private room,99,1,122,1,292,37
34490350,260618374,Manhattan,Theater District,40.75544,-73.98837,Hotel room,755,1,1,13,344,0
34490351,260618374,Manhattan,Theater District,40.75544,-73.98837,Hotel room,569,1,27,13,324,16
34490353,260618374,Manhattan,Theater District,40.75544,-73.98837,Hotel room,732,1,1,13,356,0
34490354,260618374,Manhattan,Theater District,40.75544,-73.98837,Hotel room,642,1,3,13,357,2
34490356,260618374,Manhattan,Theater District,40.75544,-73.98837,Hotel room,795,1,4,13,340,1
34490357,260618374,Manhattan,Theater District,40.75544,-73.98837,Hotel room,665,1,0,13,333,0
34490359,260618374,Manhattan,Theater District,40.75544,-73.98837,Hotel room,1488,1,4,13,299,0
34490360,260618374,Manhattan,Theater District,40.75544,-73.98837,Hotel room,800,1,0,13,345,0
34490361,260618374,Manhattan,Theater District,40.75544,-73.98837,Hotel room,620,1,1,13,356,0
34490362,260618374,Manhattan,Theater District,40.75544,-73.98837,Hotel room,826,1,0,13,0,0
34490363,260618374,Manhattan,Theater District,40.75544,-73.98837,Hotel room,620,1,3,13,354,0
34490364,260618374,Manhattan,Theater District,40.75544,-73.98837,Hotel room,687,1,0,13,362,0
34490368,260618374,Manhattan,Theater District,40.75544,-73.98837,Hotel room,1212,1,5,13,355,1
34175118,61391963,Manhattan,Little Italy,40.71879,-73.99751,Entire home/apt,175,30,11,116,311,3
34175216,245886857,Manhattan,Harlem,40.81273,-73.94182,Private room,70,30,0,1,0,0
34180216,232251881,Queens,Springfield Gardens,40.66642,-73.78428,Private room,52,1,277,10,358,103
34180340,181233778,Bronx,Belmont,40.85762,-73.88552,Private room,30,30,0,1,0,0
34368310,259468466,Manhattan,Lower East Side,40.71424,-73.98639,Private room,89,3,208,2,153,62
34180443,44260443,Brooklyn,Bedford-Stuyvesant,40.68482,-73.92874,Private room,69,30,43,1,0,0
34368927,20906077,Manhattan,Harlem,40.81126,-73.94156,Entire home/apt,175,30,3,1,0,0
34491611,261750091,Manhattan,Theater District,40.76157,-73.98257,Hotel room,480,1,82,7,156,74
34491852,261750091,Manhattan,Theater District,40.76157,-73.98257,Hotel room,605,1,4,7,156,2
34491871,261750091,Manhattan,Theater District,40.76157,-73.98257,Hotel room,655,1,1,7,156,0
34491883,261750091,Manhattan,Theater District,40.76157,-73.98257,Hotel room,499,1,21,7,156,8
34491885,261750091,Manhattan,Theater District,40.76157,-73.98257,Hotel room,480,1,9,7,107,9
34491916,261750091,Manhattan,Theater District,40.76157,-73.98257,Private room,755,1,2,7,147,1
34491918,261750091,Manhattan,Theater District,40.76157,-73.98257,Hotel room,480,1,2,7,106,1
34494974,39977845,Queens,Forest Hills,40.73591,-73.84924,Entire home/apt,70,30,0,1,0,0
34495013,66266373,Manhattan,East Village,40.72892,-73.98556,Entire home/apt,228,1,99,1,29,30
34499697,3512437,Manhattan,Chinatown,40.71373,-73.9905,Entire home/apt,200,30,0,1,280,0
34500384,14758945,Manhattan,East Village,40.72864,-73.9809,Entire home/apt,100,30,18,1,0,0
34181328,18864992,Manhattan,Harlem,40.80478,-73.94366,Entire home/apt,132,3,30,1,154,20
34369607,178924110,Bronx,Hunts Point,40.81277,-73.88679,Private room,35,30,47,2,0,0
34370526,4852748,Manhattan,Harlem,40.80497,-73.94733,Private room,170,4,9,8,332,7
34370821,137358866,Queens,Woodside,40.74476,-73.90996,Private room,82,30,3,111,318,2
34181803,221839786,Manhattan,Hell's Kitchen,40.76238,-73.99408,Private room,174,1,38,2,332,17
34371113,231727934,Manhattan,Financial District,40.7054,-74.00819,Entire home/apt,160,11,3,3,311,0
34501332,74514078,Manhattan,Washington Heights,40.83453,-73.93854,Private room,96,3,16,1,61,3
34501725,16903474,Manhattan,Chelsea,40.74761,-73.99539,Entire home/apt,320,30,3,1,263,1
34501825,40707667,Brooklyn,Bushwick,40.70378,-73.92007,Private room,60,30,29,1,0,0
34183108,158044747,Brooklyn,Bedford-Stuyvesant,40.68869,-73.94618,Entire home/apt,186,2,35,1,136,24
34371913,6080024,Brooklyn,Flatbush,40.65419,-73.95754,Private room,75,1,7,1,0,0
34373985,34643568,Manhattan,East Harlem,40.79269,-73.9411,Private room,65,900,18,7,90,0
34381403,35174506,Brooklyn,Bensonhurst,40.61478,-73.99031,Private room,53,2,14,2,0,12
34383611,877452,Brooklyn,Park Slope,40.681,-73.97744,Private room,70,30,0,1,0,0
34199783,9583320,Brooklyn,Greenpoint,40.72518,-73.9478,Entire home/apt,150,30,4,1,0,0
34202304,97044757,Manhattan,Upper West Side,40.77475,-73.98889,Entire home/apt,98,30,1,2,0,0
34202651,652539,Manhattan,Upper West Side,40.7924,-73.97028,Entire home/apt,525,30,16,1,340,3
34205224,1261480,Manhattan,Harlem,40.80645,-73.95168,Private room,295,2,3,8,342,3
34205576,258243498,Brooklyn,Williamsburg,40.70856,-73.94756,Private room,240,3,2,4,313,0
34384453,259262728,Manhattan,Hell's Kitchen,40.76082,-73.9947,Entire home/apt,473,3,111,1,131,51
34384580,48859528,Brooklyn,Bedford-Stuyvesant,40.68406,-73.9399,Entire home/apt,220,30,3,1,0,0
34384645,219738858,Manhattan,East Village,40.72973,-73.98337,Entire home/apt,148,30,86,5,294,56
34384911,107434423,Manhattan,Tribeca,40.71579,-74.00587,Entire home/apt,318,31,0,453,297,0
34507048,61257899,Manhattan,Upper East Side,40.76251,-73.95996,Entire home/apt,142,30,2,1,0,0
34508048,63554174,Brooklyn,Bedford-Stuyvesant,40.69294,-73.94557,Entire home/apt,80,30,9,1,0,0
34508183,214187963,Manhattan,West Village,40.73044,-74.00616,Entire home/apt,220,30,12,2,107,5
34206567,244340,Manhattan,Lower East Side,40.71476,-73.98059,Entire home/apt,199,14,1,1,296,0
34207925,646729,Brooklyn,Flatbush,40.63667,-73.96685,Entire home/apt,375,3,75,1,261,38
34213403,137358866,Queens,Sunnyside,40.74778,-73.91979,Private room,70,30,3,111,348,0
34228220,174816758,Manhattan,Hell's Kitchen,40.75679,-73.9953,Entire home/apt,356,3,210,2,257,79
34230593,113927793,Manhattan,Upper East Side,40.77545,-73.95043,Entire home/apt,247,30,22,1,126,6
34508577,260452146,Brooklyn,Williamsburg,40.71602,-73.95928,Private room,70,30,0,1,0,0
34384958,57412032,Manhattan,Upper East Side,40.7798,-73.9503,Entire home/apt,213,30,3,1,358,0
34231172,59642348,Brooklyn,Sunset Park,40.64351,-74.01464,Entire home/apt,104,2,125,2,112,44
34387993,257867265,Manhattan,Midtown,40.75503777986079,-73.96631556185811,Entire home/apt,553,5,31,1,22,3
34389381,259474660,Manhattan,Gramercy,40.73746,-73.98244,Entire home/apt,399,5,39,1,0,0
34392044,178924110,Bronx,Hunts Point,40.81266,-73.88689,Private room,45,30,43,2,0,0
34393812,95688223,Brooklyn,Prospect Heights,40.67285,-73.96695,Entire home/apt,135,30,22,1,0,0
34508939,5889721,Brooklyn,Bay Ridge,40.63528,-74.0213,Private room,57,15,47,2,78,0
34509926,121861644,Manhattan,Financial District,40.70735,-74.00828,Entire home/apt,199,30,2,1,0,0
34511726,260475429,Brooklyn,Kensington,40.64304,-73.97964,Entire home/apt,120,30,26,1,0,0
34516874,50052968,Brooklyn,Bedford-Stuyvesant,40.68455,-73.9377,Private room,65,30,83,5,124,26
34231746,9975046,Bronx,Melrose,40.81973,-73.91405,Private room,65,3,0,1,0,0
34232536,145878384,Brooklyn,East Flatbush,40.65263,-73.93266,Private room,65,5,6,7,0,0
34233572,258461766,Queens,Flushing,40.74902,-73.82162,Private room,75,1,1,1,360,0
34518079,260577152,Manhattan,Midtown,40.74392,-73.98638,Hotel room,1998,30,0,1,226,0
34527987,7259859,Brooklyn,Bedford-Stuyvesant,40.68522,-73.9318,Entire home/apt,121,5,7,1,0,0
34234215,258468184,Queens,Cambria Heights,40.697,-73.738,Entire home/apt,100,5,78,1,165,28
34397646,257035928,Brooklyn,Bedford-Stuyvesant,40.68316,-73.91842,Entire home/apt,128,3,45,1,272,10
34402039,1237632,Brooklyn,Bedford-Stuyvesant,40.68812,-73.92846,Private room,58,30,0,1,0,0
34403759,50052968,Brooklyn,Bedford-Stuyvesant,40.686,-73.93974,Private room,62,30,106,5,18,31
34251664,250207981,Manhattan,Morningside Heights,40.80392,-73.96416,Private room,40,30,1,1,0,0
34530998,260589412,Bronx,Parkchester,40.83706,-73.8582,Entire home/apt,75,3,48,1,133,21
34533172,4576698,Manhattan,Harlem,40.82753,-73.94649,Entire home/apt,125,3,12,1,0,0
34253845,258243498,Brooklyn,Williamsburg,40.71027,-73.94875,Private room,145,5,28,4,313,14
34254969,204704622,Queens,Woodside,40.74616,-73.89775,Private room,39,30,2,157,0,0
34255183,17842194,Brooklyn,Crown Heights,40.67702,-73.96222,Private room,90,30,6,1,0,0
34255449,779474,Manhattan,Washington Heights,40.8357,-73.94318,Entire home/apt,166,3,120,2,276,54
34255740,141713689,Manhattan,Chelsea,40.74663,-74.00297,Entire home/apt,134,30,7,1,0,0
34535182,259776956,Brooklyn,Canarsie,40.6297,-73.89786,Private room,77,1,11,5,350,1
34536285,157295049,Brooklyn,Bedford-Stuyvesant,40.69179,-73.92857,Private room,60,30,5,1,0,0
34537321,83786650,Manhattan,Upper East Side,40.76048,-73.96175,Entire home/apt,150,30,6,16,0,0
34539406,259776956,Brooklyn,Canarsie,40.6289,-73.89752,Private room,85,1,6,5,350,4
34411728,17622034,Queens,Astoria,40.76986,-73.93114,Private room,75,30,6,2,149,1
34415992,4834868,Brooklyn,South Slope,40.66458,-73.98287,Entire home/apt,189,3,58,1,22,27
34417340,24273673,Brooklyn,Flatbush,40.65271,-73.9601,Private room,68,30,0,1,0,0
34256727,49216953,Staten Island,Midland Beach,40.57548,-74.09462,Entire home/apt,124,2,75,1,292,18
34418457,12989163,Brooklyn,Williamsburg,40.71638,-73.95194,Entire home/apt,230,30,3,1,0,0
34419439,189421403,Queens,Ridgewood,40.70673,-73.90763,Entire home/apt,159,3,27,3,84,16
34420423,19509387,Manhattan,East Village,40.7256,-73.98586,Entire home/apt,100,2,2,1,0,0
34420574,259838485,Bronx,Parkchester,40.8379,-73.85578,Entire home/apt,102,1,81,1,6,20
34422468,7633037,Manhattan,West Village,40.73768,-74.00956,Entire home/apt,250,30,2,1,0,1
34433947,1106098,Brooklyn,East Flatbush,40.65516,-73.94902,Entire home/apt,66,30,2,1,98,1
34540506,7212175,Queens,Arverne,40.58731875764848,-73.80045866170725,Entire home/apt,299,3,12,1,352,12
34542125,258243498,Brooklyn,Williamsburg,40.70426,-73.94074,Private room,145,5,29,4,78,11
34542878,259776956,Brooklyn,Canarsie,40.63085,-73.89699,Private room,85,1,39,5,350,18
34544360,997892,Manhattan,Kips Bay,40.74091,-73.98078,Entire home/apt,250,30,0,1,89,0
34545869,34643568,Manhattan,East Harlem,40.79254,-73.93983,Private room,60,900,13,7,90,0
34258883,241676154,Staten Island,Grant City,40.579,-74.1102,Private room,35,30,5,14,187,0
34259388,17770682,Bronx,Concourse,40.82932,-73.92753,Entire home/apt,50,40,0,1,0,0
34263343,251852817,Manhattan,East Harlem,40.80063,-73.94391,Shared room,55,30,26,7,0,0
34271296,257892281,Manhattan,East Harlem,40.78892704157955,-73.95019634379888,Entire home/apt,541,5,47,1,64,2
34272580,4521174,Brooklyn,Crown Heights,40.6706,-73.93987,Entire home/apt,199,6,3,1,74,2
34274062,133465194,Brooklyn,Williamsburg,40.71868,-73.94268,Entire home/apt,100,30,1,1,0,0
34546192,1542506,Manhattan,Harlem,40.81766,-73.94472,Private room,10,30,4,1,0,0
34547230,120622978,Bronx,Edenwald,40.89318,-73.84077,Entire home/apt,269,2,57,1,78,26
34563256,5889721,Brooklyn,Bay Ridge,40.63438,-74.02325,Private room,51,30,11,2,49,0
34441659,210800523,Brooklyn,Bedford-Stuyvesant,40.68204,-73.91215,Private room,50,30,0,1,0,0
34275040,125398274,Brooklyn,Williamsburg,40.71191,-73.96584,Entire home/apt,200,5,10,1,0,0
34443205,35819327,Staten Island,Rosebank,40.6156,-74.06649,Entire home/apt,135,30,14,1,0,0
34568831,73365283,Brooklyn,Fort Hamilton,40.61984,-74.02601,Entire home/apt,95,1,21,1,166,21
34278935,256966373,Staten Island,St. George,40.64475,-74.0782,Entire home/apt,161,3,68,4,165,38
34444541,210008453,Staten Island,Port Richmond,40.63795,-74.13881,Entire home/apt,69,1,4,1,0,0
34446565,185364,Brooklyn,Clinton Hill,40.69654,-73.97015,Entire home/apt,289,3,10,1,2,7
34447510,16212805,Manhattan,Lower East Side,40.71763,-73.98609,Entire home/apt,130,30,0,1,0,0
34449879,20810804,Queens,Ditmars Steinway,40.77784,-73.90707,Private room,35,85,0,1,0,0
34462649,176899233,Brooklyn,Kensington,40.64006,-73.97235,Shared room,30,7,2,2,0,0
34467399,27493716,Brooklyn,Sunset Park,40.64956,-74.0009,Private room,60,30,11,2,39,0
34468721,259776956,Brooklyn,Canarsie,40.62965,-73.89551,Entire home/apt,309,1,99,5,350,24
34279388,9070754,Manhattan,Harlem,40.82803,-73.95177,Private room,50,30,6,2,0,3
34283155,6655776,Manhattan,Morningside Heights,40.80476,-73.96434,Private room,114,6,72,2,8,24
34470949,255234351,Manhattan,Chelsea,40.73968,-74.00232,Hotel room,249,30,2,4,0,0
34470950,255234351,Manhattan,West Village,40.73912,-74.00388,Hotel room,295,30,0,4,0,0
34470953,255234351,Manhattan,West Village,40.73921,-74.00408,Hotel room,422,30,0,4,0,0
34470954,255234351,Manhattan,Chelsea,40.74137,-74.00422,Hotel room,276,30,4,4,0,0
34471524,159014432,Manhattan,Lower East Side,40.71442,-73.98926,Entire home/apt,265,30,9,1,0,0
34569454,260842282,Queens,Arverne,40.59125,-73.79622,Private room,110,2,54,1,341,7
34570070,260846055,Manhattan,Gramercy,40.73288,-73.98418,Entire home/apt,331,31,0,1,0,0
34572976,224414117,Manhattan,Hell's Kitchen,40.75468,-73.9984,Hotel room,285,1,110,29,217,58
34573368,224414117,Manhattan,Hell's Kitchen,40.75624,-73.99362,Hotel room,285,1,16,29,218,0
34592851,19867664,Brooklyn,Crown Heights,40.67134,-73.94726,Entire home/apt,4000,30,3,1,178,0
34592997,13664245,Bronx,Claremont Village,40.84154,-73.91022,Private room,45,5,16,2,220,5
34593016,107434423,Manhattan,Upper West Side,40.782,-73.97603,Entire home/apt,414,31,0,453,329,0
34593055,107434423,Manhattan,Upper West Side,40.782004,-73.976026,Entire home/apt,432,31,1,453,295,0
34593686,145333094,Queens,East Elmhurst,40.75721,-73.8784,Private room,90,30,0,1,0,0
34284185,257390100,Manhattan,Upper West Side,40.8015,-73.9617,Private room,50,30,9,1,0,0
34595632,261008318,Manhattan,Chelsea,40.74362,-74.00154,Entire home/apt,220,30,22,1,0,0
34596689,242603381,Brooklyn,Bedford-Stuyvesant,40.69487,-73.93476,Private room,45,30,0,1,0,0
34596961,33436431,Brooklyn,East New York,40.67379,-73.87445,Entire home/apt,79,2,93,1,257,42
34285510,23831365,Manhattan,Nolita,40.72285,-73.99419,Entire home/apt,200,10,2,2,0,0
34306797,258251034,Brooklyn,South Slope,40.66838,-73.98775,Entire home/apt,175,30,6,1,0,0
34471928,155098864,Manhattan,East Village,40.73293,-73.98668,Private room,499,30,1,1,0,0
34309096,31367619,Brooklyn,Bedford-Stuyvesant,40.69246,-73.94007,Private room,80,30,0,1,0,0
34472646,260209224,Queens,Jackson Heights,40.75013,-73.86851,Entire home/apt,132,3,77,3,83,43
34600024,261036755,Brooklyn,Bedford-Stuyvesant,40.6913,-73.92603,Entire home/apt,178,3,63,1,301,31
34603173,155812868,Brooklyn,Brighton Beach,40.57837,-73.96549,Entire home/apt,129,1,10,2,115,3
34604981,194571019,Queens,Astoria,40.7654,-73.91775,Private room,45,2,3,2,0,3
34605049,194571019,Queens,Astoria,40.76528,-73.91821,Private room,30,2,13,2,0,2
34616078,107272884,Queens,Richmond Hill,40.69631,-73.84674,Private room,40,30,13,3,149,1
34312163,95570540,Staten Island,Oakwood,40.5591,-74.11823,Entire home/apt,153,2,14,7,90,3
34473821,79461666,Manhattan,Hell's Kitchen,40.76327,-73.98968,Entire home/apt,700,6,39,1,123,16
34477538,50364039,Brooklyn,Williamsburg,40.71842,-73.96397,Entire home/apt,250,2,112,3,272,43
34313601,29659188,Brooklyn,Prospect Heights,40.67732,-73.96954,Entire home/apt,241,2,159,1,188,72
34478311,3250169,Brooklyn,Carroll Gardens,40.68102,-73.99418,Private room,129,3,64,1,45,34
34618352,261167972,Brooklyn,Bedford-Stuyvesant,40.68341,-73.92013,Entire home/apt,140,3,37,2,53,0
34315737,259063599,Brooklyn,Borough Park,40.63342,-73.98205,Entire home/apt,50,30,22,2,136,7
34620162,163603458,Queens,Queens Village,40.72205,-73.73571,Entire home/apt,88,1,234,1,65,80
34621385,3899139,Brooklyn,Bushwick,40.70477,-73.92671,Entire home/apt,220,30,12,1,0,0
34478718,257642062,Manhattan,East Harlem,40.79680551407582,-73.93485024825156,Entire home/apt,501,5,38,1,64,1
34478719,52796837,Manhattan,Harlem,40.81237,-73.94652,Entire home/apt,123,31,38,1,54,1
34481124,144522384,Brooklyn,Carroll Gardens,40.68567,-73.99249,Entire home/apt,230,30,9,1,0,0
34485286,260861596,Manhattan,SoHo,40.72277,-74.0048,Private room,2500,1,2,2,7,0
34485289,260861596,Manhattan,SoHo,40.72278,-74.00482,Private room,675,1,10,2,8,3
34316038,1242636,Manhattan,Hell's Kitchen,40.76069,-73.99974,Entire home/apt,231,1,11,1,0,6
34316644,145878384,Brooklyn,East Flatbush,40.6542,-73.93054,Private room,900,30,4,7,365,0
34316788,258159396,Manhattan,Upper West Side,40.80079,-73.95884,Entire home/apt,442,5,39,1,2,27
34485317,261761719,Manhattan,Midtown,40.76451,-73.9836,Private room,419,1,14,8,313,1
34485693,261761719,Manhattan,Midtown,40.76451,-73.9836,Private room,878,1,0,8,0,0
34485694,261761719,Manhattan,Midtown,40.76451,-73.9836,Private room,453,1,14,8,347,12
34485696,261761719,Manhattan,Midtown,40.76451,-73.9836,Private room,421,1,0,8,0,0
34485697,261761719,Manhattan,Midtown,40.76451,-73.9836,Private room,713,1,0,8,347,0
34485698,261761719,Manhattan,Midtown,40.76451,-73.9836,Private room,436,1,16,8,342,0
34485699,261761719,Manhattan,Midtown,40.76451,-73.9836,Private room,495,1,3,8,345,1
34485702,261761719,Manhattan,Midtown,40.76451,-73.9836,Private room,436,1,0,8,243,0
34487108,261761196,Manhattan,Midtown,40.76462,-73.98319,Private room,352,1,20,7,343,1
34487247,261761196,Manhattan,Midtown,40.76462,-73.98319,Private room,373,1,105,7,338,2
34487373,261761196,Manhattan,Midtown,40.76462,-73.98319,Private room,339,1,24,7,276,2
34652720,175116422,Staten Island,Grant City,40.58032,-74.11117,Entire home/apt,129,5,61,2,299,20
34623269,39782325,Manhattan,Tribeca,40.7203,-74.0052,Entire home/apt,150,30,4,1,0,0
34641992,23407300,Manhattan,Harlem,40.80594,-73.94696,Entire home/apt,373,3,14,1,31,10
34643695,37678939,Bronx,Concourse Village,40.83349,-73.91017,Private room,145,2,49,2,0,0
34646244,10387090,Brooklyn,Bedford-Stuyvesant,40.68275,-73.91218,Private room,35,30,3,10,311,2
34316911,259076960,Brooklyn,Williamsburg,40.71229,-73.93808,Private room,49,30,2,1,0,0
34646398,1179779,Brooklyn,Bedford-Stuyvesant,40.69005,-73.9324,Private room,103,30,0,1,250,0
34647478,6895430,Queens,Ridgewood,40.7057,-73.90694,Entire home/apt,180,30,3,1,0,0
34649031,214187963,Manhattan,West Village,40.73225,-74.00573,Entire home/apt,185,30,11,2,103,5
34653507,72977337,Manhattan,Gramercy,40.73614,-73.98128,Entire home/apt,250,30,4,1,0,1
34655009,727459,Brooklyn,Bedford-Stuyvesant,40.68018,-73.95116,Private room,40,80,14,2,0,0
34317590,283944,Brooklyn,Williamsburg,40.70866,-73.94834,Entire home/apt,159,3,13,2,0,5
34318915,114828297,Brooklyn,Bedford-Stuyvesant,40.68107,-73.91533,Private room,125,1,4,2,0,0
34656064,121083075,Queens,Maspeth,40.71532,-73.91263,Shared room,21,30,14,1,193,0
34659944,152747338,Manhattan,Chelsea,40.74569,-74.00362,Entire home/apt,333,30,14,1,365,2
34664546,4259761,Queens,Flushing,40.77113,-73.79968,Private room,45,30,0,1,0,0
34665010,52577963,Queens,Woodhaven,40.69104,-73.84691,Entire home/apt,109,5,38,5,10,10
34667590,7850260,Bronx,Mott Haven,40.8127,-73.90988,Entire home/apt,99,3,79,3,297,31
34650619,261412334,Brooklyn,Canarsie,40.62849,-73.89065,Entire home/apt,350,2,5,1,180,0
34320465,234274506,Brooklyn,Cypress Hills,40.68103,-73.87534,Private room,70,1,51,1,64,6
34651712,4264648,Manhattan,East Village,40.72404,-73.98197,Entire home/apt,257,30,5,2,4,0
34668348,106538072,Manhattan,Lower East Side,40.71582,-73.98719,Entire home/apt,250,2,3,1,0,0
34670286,231727934,Manhattan,Tribeca,40.71246,-74.00775,Entire home/apt,160,11,1,3,11,0
34670672,8893700,Queens,Arverne,40.58812,-73.795448,Entire home/apt,185,30,44,2,118,4
34320892,257869899,Manhattan,Upper West Side,40.79526932206145,-73.96272219531802,Entire home/apt,498,5,25,1,32,2
34673353,261560877,Manhattan,Theater District,40.7613,-73.98077,Entire home/apt,220,30,8,1,305,2
34651960,255618027,Brooklyn,Bushwick,40.70331,-73.92181,Private room,45,30,6,1,0,0
34858865,32162495,Staten Island,Eltingville,40.53911,-74.15396,Entire home/apt,199,10,0,3,0,0
34331364,258250399,Manhattan,Upper East Side,40.77525679282794,-73.95227139037802,Entire home/apt,533,5,29,1,25,2
34673695,261563626,Queens,St. Albans,40.69075,-73.7573,Private room,75,1,204,1,355,40
34335995,16143307,Manhattan,East Village,40.72448,-73.97785,Entire home/apt,228,2,54,1,3,27
34859647,180740272,Staten Island,St. George,40.6418,-74.0807,Entire home/apt,186,3,50,1,65,32
34860207,90463984,Queens,Richmond Hill,40.69793,-73.84038,Entire home/apt,160,30,0,3,179,0
34336135,259207391,Queens,Jamaica,40.6754,-73.79787,Private room,113,30,6,3,358,0
34862591,2201963,Brooklyn,Williamsburg,40.70619,-73.93318,Private room,65,5,1,1,0,0
34677100,57585972,Brooklyn,East Flatbush,40.64908,-73.92653,Private room,113,2,112,1,68,29
34678207,25189614,Manhattan,Lower East Side,40.72048,-73.9893,Entire home/apt,180,180,9,1,341,1
34679833,128452734,Brooklyn,Crown Heights,40.67802,-73.94824,Entire home/apt,150,30,23,1,0,0
34336328,78312516,Manhattan,Harlem,40.80078,-73.95625,Entire home/apt,299,30,7,1,0,0
34863999,48684597,Queens,Maspeth,40.73769,-73.89529,Private room,55,30,50,6,0,0
34336812,259229690,Queens,Jackson Heights,40.74678,-73.89367,Entire home/apt,100,1,120,3,19,38
35058541,264088176,Bronx,Throgs Neck,40.81669,-73.82257,Entire home/apt,150,5,81,1,33,0
34866447,262657892,Brooklyn,Crown Heights,40.66487,-73.93006,Entire home/apt,412,4,41,4,118,16
34866647,257839699,Manhattan,Washington Heights,40.85236,-73.9337,Private room,69,1,3,1,69,3
34866682,262657892,Brooklyn,Crown Heights,40.66485,-73.93022,Entire home/apt,743,4,21,4,96,11
34681035,25182524,Manhattan,Harlem,40.80512,-73.95545,Private room,73,5,29,2,0,2
34683403,36630119,Manhattan,West Village,40.73557,-74.00599,Entire home/apt,419,4,37,1,0,18
35059067,264092618,Queens,East Elmhurst,40.76523,-73.87308,Private room,35,30,61,2,48,6
34684755,261427783,Brooklyn,Crown Heights,40.67515,-73.94588,Private room,70,30,78,2,32,1
34866786,113723310,Manhattan,Upper West Side,40.78868,-73.97376,Entire home/apt,375,30,2,60,281,0
34866897,20086738,Brooklyn,Bedford-Stuyvesant,40.68081,-73.91616,Private room,93,30,18,4,29,0
34868325,34655986,Bronx,Port Morris,40.80528,-73.92515,Entire home/apt,119,7,0,1,0,0
34868859,113723310,Manhattan,Murray Hill,40.74609,-73.97761,Entire home/apt,330,30,3,60,341,1
35059308,263755555,Brooklyn,Crown Heights,40.6656,-73.95573,Private room,125,1,4,1,35,0
34869203,107234799,Brooklyn,Sunset Park,40.64977,-74.00831,Private room,20,30,1,1,0,0
34871854,261898854,Manhattan,East Village,40.72148,-73.98041,Entire home/apt,100,30,15,1,0,0
34685877,118419433,Queens,Jackson Heights,40.7487,-73.87389,Private room,150,30,1,2,365,0
34685997,261647593,Queens,Arverne,40.58894,-73.79363,Private room,45,30,42,1,30,0
35059618,264094985,Queens,Springfield Gardens,40.684880864683066,-73.75836242071921,Entire home/apt,76,1,0,1,357,0
35059840,263969450,Brooklyn,Canarsie,40.64264,-73.88936,Entire home/apt,100,30,38,1,0,0
34686716,111428431,Brooklyn,Bedford-Stuyvesant,40.68995,-73.95451,Entire home/apt,115,30,2,1,0,0
34687035,48684597,Queens,Maspeth,40.73786,-73.89551,Private room,49,30,35,6,0,0
34688471,156505456,Brooklyn,East New York,40.66538,-73.87398,Private room,61,2,6,32,347,4
34873255,25157246,Manhattan,Midtown,40.75088,-73.97056,Private room,52,90,0,1,0,0
34873969,1395530,Brooklyn,Williamsburg,40.71319,-73.96199,Entire home/apt,115,28,3,2,0,0
34886485,14818218,Brooklyn,Williamsburg,40.7086,-73.9499,Entire home/apt,200,30,14,3,0,3
35061907,264113441,Brooklyn,Crown Heights,40.67479,-73.95911,Private room,47,30,0,1,0,0
34890712,192890383,Brooklyn,Bushwick,40.69095,-73.91184,Private room,95,30,0,1,0,0
34700092,17495586,Manhattan,East Village,40.72795,-73.98113,Private room,84,90,6,2,39,2
34705150,57399783,Brooklyn,Bedford-Stuyvesant,40.67824,-73.93636,Entire home/apt,100,30,2,1,0,0
34705719,25182524,Manhattan,Harlem,40.80735,-73.95546,Private room,105,1,169,2,96,88
34706349,10032016,Manhattan,Morningside Heights,40.80894,-73.95961,Entire home/apt,175,30,1,1,0,0
34708585,5665583,Brooklyn,Greenpoint,40.73452,-73.95753,Entire home/apt,150,3,7,1,0,5
34709283,5074874,Manhattan,Harlem,40.80777,-73.95258,Entire home/apt,165,30,1,1,250,0
35064797,10445838,Manhattan,West Village,40.73584,-74.00363,Private room,160,6,40,1,58,10
34709658,240099532,Manhattan,Hell's Kitchen,40.7545,-73.99848,Entire home/apt,269,30,56,1,0,0
34710643,8207362,Brooklyn,Bedford-Stuyvesant,40.68937,-73.93714,Private room,95,30,9,2,365,2
34710645,82187372,Brooklyn,Williamsburg,40.71595,-73.9525,Private room,140,30,0,1,0,0
34715931,30509656,Bronx,Port Morris,40.80912,-73.93095,Shared room,35,1,72,10,97,26
34718010,49164956,Brooklyn,Crown Heights,40.67614,-73.91636,Private room,49,30,13,6,146,5
34718143,19638778,Manhattan,Inwood,40.86483,-73.92377,Private room,100,30,0,1,0,0
34718342,49164956,Brooklyn,Bedford-Stuyvesant,40.67732,-73.9143,Private room,48,60,13,6,118,3
34718463,30509656,Bronx,Port Morris,40.80893,-73.93111,Shared room,35,1,63,10,90,33
34718504,6674394,Manhattan,Upper West Side,40.79283,-73.9719,Entire home/apt,425,180,1,1,358,0
34894797,263007016,Manhattan,Upper East Side,40.77964,-73.94947,Private room,125,30,0,1,0,0
34895585,105634248,Manhattan,Upper West Side,40.79296,-73.96751,Entire home/apt,270,30,5,1,306,0
34897396,5524401,Manhattan,Harlem,40.82264,-73.95076,Private room,42,90,11,1,0,0
34906695,47399487,Brooklyn,Flatbush,40.64112,-73.95579,Entire home/apt,160,2,47,1,100,19
34907049,75034279,Brooklyn,Bedford-Stuyvesant,40.69351,-73.95129,Private room,87,2,36,2,64,13
35066003,47532,Brooklyn,Bedford-Stuyvesant,40.68439,-73.92562,Private room,43,61,13,2,0,3
34721719,261891944,Bronx,Fordham,40.85416,-73.9017,Private room,60,30,1,1,0,0
34722584,70060476,Manhattan,Upper East Side,40.7729066264273,-73.9486727255787,Entire home/apt,109,50,0,3,236,0
34722659,259468466,Manhattan,Lower East Side,40.7147,-73.98625,Private room,95,3,165,2,265,50
34723211,12898160,Bronx,Riverdale,40.88488,-73.91363,Entire home/apt,85,30,0,1,0,0
34737998,29582232,Brooklyn,Flatbush,40.64124,-73.96507,Entire home/apt,105,2,136,5,99,0
34738463,4852748,Manhattan,Harlem,40.80508,-73.94671,Entire home/apt,215,4,28,8,342,15
35066800,264156969,Queens,Arverne,40.59426,-73.79897,Private room,55,30,9,1,0,0
34907354,246351353,Brooklyn,Prospect-Lefferts Gardens,40.66289,-73.95756,Private room,61,1,59,1,107,17
34907479,26597048,Manhattan,Harlem,40.80615,-73.94347,Entire home/apt,120,2,104,2,38,60
34908806,558101,Brooklyn,Williamsburg,40.71405,-73.96312,Entire home/apt,195,30,5,1,0,0
35067259,264157833,Brooklyn,Bedford-Stuyvesant,40.68249,-73.93857,Private room,275,30,0,1,87,0
34909026,72591141,Brooklyn,Bedford-Stuyvesant,40.67942,-73.94141,Private room,91,3,108,1,43,41
35076834,6788279,Brooklyn,Bedford-Stuyvesant,40.68425,-73.91547,Entire home/apt,124,30,98,1,258,46
35078721,264240981,Brooklyn,Cypress Hills,40.68286,-73.8859,Private room,88,4,1,3,353,1
34909594,8092286,Brooklyn,Gowanus,40.66794,-73.99319,Entire home/apt,204,2,56,1,10,8
34741981,20474743,Queens,Flushing,40.76105,-73.81938,Private room,75,30,42,1,67,0
34742861,29582232,Brooklyn,Flatbush,40.64124,-73.96507,Entire home/apt,105,2,131,5,113,0
35079012,1722490,Brooklyn,Greenpoint,40.71909,-73.95327,Entire home/apt,135,30,1,1,0,0
35080347,117317499,Manhattan,Lower East Side,40.71313,-73.98516,Entire home/apt,200,30,1,1,0,0
34743365,26319385,Brooklyn,Bedford-Stuyvesant,40.6801,-73.95177,Entire home/apt,200,30,0,1,0,0
34910477,263113162,Manhattan,Harlem,40.82901,-73.94729,Entire home/apt,120,30,1,1,181,1
34910628,5053863,Brooklyn,Sunset Park,40.6541,-74.00454,Entire home/apt,118,30,9,1,161,5
34912334,81325020,Brooklyn,Bedford-Stuyvesant,40.67916,-73.92321,Entire home/apt,115,3,46,3,123,30
34926055,113723310,Manhattan,Upper East Side,40.78485,-73.95061,Entire home/apt,185,30,10,60,311,3
34929016,25408903,Manhattan,Chelsea,40.74147,-73.99984,Private room,75,30,43,1,0,0
35081665,263504959,Queens,Woodhaven,40.69342,-73.86415,Private room,55,1,45,8,249,0
35085042,189994854,Brooklyn,Gowanus,40.67752,-73.98922,Entire home/apt,100,30,2,1,0,0
34934744,170624318,Queens,Elmhurst,40.74694,-73.87353,Private room,80,1,12,1,249,0
34935216,2982441,Manhattan,Gramercy,40.73327,-73.98702,Entire home/apt,220,14,8,1,0,2
34936509,188212054,Brooklyn,Fort Hamilton,40.62018,-74.0251,Entire home/apt,178,3,9,3,61,1
35085826,264149311,Queens,St. Albans,40.69387,-73.76859,Private room,89,1,293,1,275,76
34938631,3068045,Brooklyn,Williamsburg,40.7159,-73.95442,Entire home/apt,364,1,14,1,0,0
34946538,14818218,Brooklyn,Williamsburg,40.70908,-73.94937,Private room,175,4,27,3,0,1
34745490,262035496,Brooklyn,East Flatbush,40.65666,-73.93776,Entire home/apt,134,2,146,1,175,43
34746284,3565422,Brooklyn,Williamsburg,40.70671,-73.94499,Entire home/apt,236,30,3,1,0,0
34748366,3788789,Brooklyn,Fort Greene,40.68636,-73.97535,Entire home/apt,110,5,10,1,6,0
35087672,10549294,Manhattan,Upper East Side,40.76997,-73.94894,Entire home/apt,250,30,3,2,0,0
35089153,119828457,Brooklyn,Bushwick,40.68694,-73.90635,Entire home/apt,110,2,52,1,114,17
34946772,263331130,Brooklyn,Bushwick,40.70148,-73.91819,Private room,90,1,137,6,62,52
35096173,264109370,Manhattan,East Harlem,40.78864,-73.94235,Private room,106,30,17,1,0,0
35096744,252641757,Brooklyn,Bedford-Stuyvesant,40.68539,-73.92853,Private room,69,30,11,1,0,0
35096805,5273020,Brooklyn,Bushwick,40.69457,-73.92561,Private room,65,3,5,1,0,0
34948476,194673800,Queens,East Elmhurst,40.76489,-73.88287,Entire home/apt,85,2,40,1,0,0
34749200,54736855,Brooklyn,Bushwick,40.70596,-73.91755,Entire home/apt,268,1,163,2,63,64
35109246,88988332,Brooklyn,Cobble Hill,40.68933,-73.99572,Private room,1500,30,0,1,0,0
34752945,262091506,Brooklyn,Bushwick,40.68509,-73.90701,Private room,55,30,8,1,0,0
34753379,60235514,Brooklyn,Bushwick,40.7036,-73.92411,Private room,54,30,14,1,0,0
34754120,2126399,Manhattan,Harlem,40.8062,-73.95279,Entire home/apt,180,3,2,1,0,0
34754241,46588955,Manhattan,Hell's Kitchen,40.76588,-73.98617,Entire home/apt,165,30,11,1,0,0
34759503,252356839,Manhattan,Harlem,40.82962,-73.94493,Private room,65,30,4,2,0,0
35114037,47461622,Manhattan,Harlem,40.8215,-73.95655,Entire home/apt,98,30,26,1,265,3
35114189,1788010,Manhattan,Upper West Side,40.77188,-73.99072,Entire home/apt,220,30,1,1,0,0
35115187,264493502,Brooklyn,South Slope,40.66801,-73.98587,Entire home/apt,139,30,3,1,0,0
34774305,261584195,Brooklyn,Williamsburg,40.71469,-73.96354,Entire home/apt,265,2,11,1,0,0
34775859,126247863,Queens,Richmond Hill,40.69718,-73.81508,Private room,71,1,53,4,357,31
34783887,3138868,Manhattan,Morningside Heights,40.80463,-73.9634,Entire home/apt,150,30,3,1,0,0
34788810,22700616,Manhattan,Midtown,40.74536,-73.98266,Private room,150,30,2,1,0,0
34791645,30509656,Bronx,Port Morris,40.80893,-73.93111,Shared room,32,1,62,10,68,16
34792347,233755743,Queens,Elmhurst,40.73494,-73.87357,Private room,30,30,41,1,0,0
34949054,263351102,Manhattan,Kips Bay,40.74558,-73.97784,Entire home/apt,135,30,1,1,0,0
34952279,256877591,Manhattan,Harlem,40.81273,-73.95275,Private room,59,30,2,2,0,0
35115611,19990362,Brooklyn,Vinegar Hill,40.70247,-73.98206,Private room,89,21,2,2,37,2
35119296,263201642,Manhattan,Midtown,40.75181,-73.98406,Private room,169,1,49,6,22,14
34956061,96571275,Queens,Laurelton,40.67669,-73.73988,Private room,37,30,2,2,0,2
34959292,263408737,Manhattan,Upper West Side,40.79629,-73.96779,Entire home/apt,148,30,1,1,0,0
34803200,23819362,Brooklyn,Canarsie,40.63973,-73.90101,Entire home/apt,125,2,29,1,162,3
35119931,120169401,Queens,Holliswood,40.72209,-73.77458,Private room,100,30,0,1,0,0
34805487,261854722,Queens,Jamaica,40.70208,-73.81219,Private room,90,2,38,1,20,8
34967524,259422076,Queens,Jackson Heights,40.75264,-73.88297,Private room,55,30,0,1,0,0
34969461,1849974,Manhattan,Harlem,40.8179,-73.94356,Entire home/apt,166,7,30,2,30,6
35120222,264527995,Queens,Long Island City,40.76078,-73.93065,Entire home/apt,289,3,83,1,267,51
34809828,262436389,Queens,Maspeth,40.73329,-73.89421,Private room,60,30,4,1,0,0
34810330,19303369,Queens,Woodside,40.74611,-73.89835,Private room,33,30,1,175,0,0
35120633,263201642,Manhattan,Hell's Kitchen,40.75532,-73.99329,Private room,9999,1,5,6,22,2
35120746,263201642,Manhattan,Hell's Kitchen,40.75532,-73.99329,Private room,169,1,5,6,45,3
35120868,263201642,Manhattan,Midtown,40.75178,-73.98428,Private room,39,1,21,6,101,6
35121319,35491006,Manhattan,Harlem,40.83106,-73.94701,Entire home/apt,135,1,1,1,0,0
35121524,997334,Brooklyn,Williamsburg,40.71322,-73.94666,Entire home/apt,250,30,8,1,62,0
35124311,202604552,Manhattan,Nolita,40.72114,-73.99559,Entire home/apt,90,30,3,1,0,0
34815470,262479781,Manhattan,Greenwich Village,40.733036,-73.998978,Entire home/apt,585,1,4,1,365,4
34970126,70773274,Brooklyn,Bedford-Stuyvesant,40.68451,-73.93561,Entire home/apt,120,30,3,1,249,0
34971449,113723310,Manhattan,Kips Bay,40.74447,-73.97591,Entire home/apt,210,30,1,60,258,0
34972828,13077418,Queens,Sunnyside,40.74759,-73.91657,Entire home/apt,250,2,23,1,0,0
34972982,113723310,Manhattan,Kips Bay,40.74456,-73.97618,Entire home/apt,225,30,0,60,250,0
34973988,12642973,Manhattan,Lower East Side,40.72004,-73.9878,Entire home/apt,150,30,9,1,0,0
34974475,263504959,Queens,Woodhaven,40.69263,-73.86389,Entire home/apt,100,1,38,8,249,0
34975935,3472623,Brooklyn,Prospect Heights,40.67917,-73.96411,Entire home/apt,175,30,21,1,0,0
34976037,113723310,Manhattan,Upper West Side,40.78902,-73.97222,Entire home/apt,180,30,8,60,250,1
34976735,115167208,Manhattan,Gramercy,40.7383,-73.98381,Entire home/apt,180,30,6,1,0,0
34978738,199578818,Queens,Ozone Park,40.67556,-73.84683,Entire home/apt,82,2,84,5,356,32
34980223,76192815,Manhattan,Chinatown,40.71841,-73.99585,Entire home/apt,135,30,5,2,296,1
35125636,264569855,Brooklyn,Sunset Park,40.64706,-74.01418,Shared room,35,1,41,2,57,12
34981661,263566379,Brooklyn,Bedford-Stuyvesant,40.68205,-73.92514,Entire home/apt,150,1,38,1,0,0
34993569,113723310,Manhattan,Upper West Side,40.79046,-73.97212,Entire home/apt,375,30,1,60,311,1
34993824,113723310,Manhattan,Upper West Side,40.79086,-73.97214,Entire home/apt,230,30,7,60,312,1
34994129,113723310,Manhattan,Upper West Side,40.79055,-73.97424,Entire home/apt,220,30,1,60,342,1
34997894,263670476,Brooklyn,Bay Ridge,40.63335,-74.02893,Entire home/apt,1750,30,0,1,0,0
34998955,113723310,Manhattan,Murray Hill,40.74746,-73.98071,Entire home/apt,180,30,1,60,250,0
34816480,819674,Manhattan,East Village,40.72294,-73.9883,Entire home/apt,2250,30,3,1,179,0
34819702,10700780,Brooklyn,Windsor Terrace,40.6491,-73.97807,Entire home/apt,80,30,41,1,19,0
35127865,70715527,Manhattan,Upper West Side,40.77533,-73.98983,Entire home/apt,191,30,9,1,0,0
35128367,11742777,Brooklyn,Clinton Hill,40.68447,-73.96801,Entire home/apt,800,4,4,1,0,1
35129203,30532557,Brooklyn,Bedford-Stuyvesant,40.6881,-73.92669,Private room,37,30,3,26,171,1
35129411,61162003,Brooklyn,Columbia St,40.6837,-74.00252,Entire home/apt,250,3,10,1,0,6
34821537,262527838,Manhattan,East Harlem,40.78735,-73.94019,Private room,70,30,0,1,0,0
34830893,10273046,Brooklyn,Bedford-Stuyvesant,40.69059,-73.95144,Entire home/apt,99,30,4,1,66,0
34834104,9130040,Brooklyn,East Flatbush,40.66119,-73.93305,Private room,159,1,16,6,365,8
35132775,52071286,Manhattan,Chelsea,40.73895,-73.99837,Entire home/apt,249,180,47,1,0,0
34835762,252051657,Staten Island,Prince's Bay,40.53125,-74.20135,Entire home/apt,650,30,0,1,0,0
34999950,220400948,Manhattan,Harlem,40.81665,-73.93761,Entire home/apt,193,2,17,1,96,10
35000464,113723310,Manhattan,Midtown,40.74943,-73.98198,Entire home/apt,180,30,11,60,249,3
35147929,262224408,Brooklyn,Boerum Hill,40.68808,-73.98766,Private room,463,1,11,7,363,1
35000795,102866746,Manhattan,Harlem,40.80421,-73.94858,Entire home/apt,300,30,2,1,0,0
35001175,86982839,Manhattan,Chinatown,40.71494,-73.99219,Entire home/apt,130,30,23,1,0,0
35002311,36564046,Brooklyn,Bushwick,40.68865,-73.91297,Entire home/apt,200,4,13,1,0,4
35003154,3371859,Brooklyn,Crown Heights,40.67184,-73.93802,Entire home/apt,100,5,32,2,38,5
35005373,113723310,Manhattan,Murray Hill,40.74857,-73.97996,Entire home/apt,380,30,4,60,342,0
34838079,259968021,Manhattan,Chinatown,40.71708,-73.99736,Entire home/apt,250,30,29,1,0,0
34839277,40085320,Brooklyn,Prospect-Lefferts Gardens,40.66255,-73.94425,Private room,55,30,30,2,0,0
34840495,262657892,Brooklyn,Crown Heights,40.66653,-73.92971,Entire home/apt,431,4,71,4,95,38
34841457,40085320,Brooklyn,Prospect-Lefferts Gardens,40.66054,-73.94441,Private room,69,30,51,2,0,0
35149019,262224408,Brooklyn,Downtown Brooklyn,40.69982,-73.98697,Private room,375,1,153,7,358,13
35149180,262224408,Brooklyn,Downtown Brooklyn,40.69868,-73.98594,Private room,411,1,3,7,360,1
35149282,262224408,Brooklyn,Downtown Brooklyn,40.69778,-73.98531,Private room,514,1,0,7,353,0
35149452,262224408,Brooklyn,Downtown Brooklyn,40.69767,-73.98696,Private room,496,1,12,7,358,1
35149749,262224408,Brooklyn,Downtown Brooklyn,40.69785,-73.98674,Private room,375,1,38,7,360,3
35151288,260451506,Manhattan,Midtown,40.75612,-73.98195,Private room,346,1,1,5,356,0
34842168,3198520,Brooklyn,Williamsburg,40.71198,-73.94982,Entire home/apt,200,5,1,1,250,0
35151913,260451506,Manhattan,Hell's Kitchen,40.75941,-73.99404,Private room,337,1,4,5,357,0
35154411,231281049,Manhattan,Midtown,40.76487,-73.98119,Private room,322,1,132,5,347,81
34842741,21536998,Brooklyn,Midwood,40.62185,-73.96172,Private room,74,7,9,2,3,3
34844071,56306339,Staten Island,Midland Beach,40.57455,-74.09366,Entire home/apt,115,15,8,1,281,3
34850853,394746,Manhattan,SoHo,40.72415,-73.99855,Private room,160,5,0,1,224,0
34856076,20668390,Manhattan,Inwood,40.86899,-73.92057,Entire home/apt,80,30,1,1,0,0
34858480,23046080,Manhattan,Chelsea,40.75147,-73.99576,Entire home/apt,190,30,4,1,0,0
35198287,24643940,Brooklyn,Williamsburg,40.70669,-73.96522,Entire home/apt,1400,5,20,1,310,1
35012500,137890627,Queens,Rosedale,40.65731,-73.74666,Entire home/apt,73,2,182,1,88,46
35025921,113723310,Manhattan,Upper West Side,40.78885,-73.97272,Entire home/apt,170,30,3,60,250,0
35026069,121909760,Manhattan,East Village,40.7273,-73.98952,Private room,110,30,6,2,0,0
35026161,113723310,Manhattan,Upper West Side,40.78939,-73.97218,Entire home/apt,185,30,10,60,281,2
35154668,231281049,Manhattan,Midtown,40.76487,-73.98119,Private room,377,1,182,5,351,130
35154803,231281049,Manhattan,Midtown,40.76487,-73.98119,Private room,398,1,159,5,305,47
35154913,231281049,Manhattan,Midtown,40.76487,-73.98119,Private room,419,1,240,5,351,183
35155873,67319584,Staten Island,Randall Manor,40.64059,-74.09686,Entire home/apt,179,2,23,1,0,17
35033674,18506733,Bronx,Melrose,40.82403,-73.9157,Entire home/apt,65,2,5,1,0,0
35038426,211549023,Manhattan,Midtown,40.74657,-73.98715,Entire home/apt,290,2,89,16,273,33
35199446,205491627,Brooklyn,Prospect-Lefferts Gardens,40.66029,-73.96175,Entire home/apt,95,3,5,1,0,1
35206238,238989521,Queens,Sunnyside,40.7398,-73.92741,Private room,50,30,0,17,0,0
35217588,258441018,Bronx,Claremont Village,40.84429,-73.91137,Private room,65,365,0,1,0,0
35157481,264777522,Brooklyn,Clinton Hill,40.68397,-73.96706,Entire home/apt,140,4,5,1,0,0
35038658,263945896,Queens,Elmhurst,40.74722,-73.8789,Private room,59,30,3,1,0,0
35158573,59188298,Brooklyn,Williamsburg,40.71281,-73.94483,Private room,60,30,2,2,154,0
35043094,263984220,Queens,Springfield Gardens,40.66461,-73.74935,Entire home/apt,175,3,44,1,359,19
35217816,265171569,Brooklyn,Bedford-Stuyvesant,40.68697,-73.9476,Entire home/apt,299,2,36,1,0,0
35219812,13715158,Brooklyn,Crown Heights,40.6764,-73.94767,Private room,45,30,2,1,0,0
35220477,265188674,Brooklyn,Crown Heights,40.66973,-73.93826,Entire home/apt,275,30,19,1,0,0
35222567,259776956,Brooklyn,Canarsie,40.63069,-73.8959,Private room,80,1,23,5,341,0
35222909,23090343,Manhattan,East Village,40.72583,-73.98812,Entire home/apt,200,30,6,1,0,0
35224560,163421878,Queens,Sunnyside,40.74466,-73.91317,Private room,133,1,51,3,359,12
35226357,120297125,Queens,Rosedale,40.65231,-73.73676,Private room,80,30,1,1,0,0
35227165,15313500,Brooklyn,Williamsburg,40.71705,-73.95652,Entire home/apt,300,4,65,1,47,40
35228373,21938310,Manhattan,East Village,40.72696,-73.99085,Private room,112,30,0,1,0,0
35160406,264797492,Brooklyn,East Flatbush,40.63426,-73.93991,Entire home/apt,125,1,18,1,0,0
35229243,265246760,Manhattan,Midtown,40.75438,-73.96803,Entire home/apt,1036,4,47,1,227,26
35231370,45595980,Manhattan,Upper East Side,40.7614,-73.96526,Entire home/apt,163,30,5,5,239,5
35044394,263994272,Brooklyn,Bedford-Stuyvesant,40.68766,-73.94771,Private room,80,30,0,2,0,0
35160909,5597411,Brooklyn,Kensington,40.63706,-73.97058,Entire home/apt,99,30,0,2,23,0
35161717,4765305,Manhattan,East Village,40.72119,-73.98283,Private room,81,2,15,8,218,1
35162306,30054890,Brooklyn,Williamsburg,40.70878,-73.94922,Private room,59,30,2,2,0,0
35164294,264829290,Manhattan,Lower East Side,40.7229,-73.99091,Entire home/apt,200,5,10,1,0,4
35045823,109671307,Bronx,Norwood,40.87226,-73.87585,Private room,129,1,54,6,24,14
35046580,156505456,Brooklyn,East New York,40.66092,-73.88874,Private room,64,3,4,32,356,2
35046599,156505456,Brooklyn,East New York,40.66081,-73.889,Private room,54,3,5,32,341,2
35054863,229386490,Brooklyn,Bedford-Stuyvesant,40.6829,-73.92281,Private room,43,3,75,4,79,33
35231916,15574,Queens,Long Island City,40.75304,-73.92758,Private room,65,30,11,1,62,0
35164876,27562515,Manhattan,Harlem,40.81062,-73.94323,Entire home/apt,109,4,43,1,0,6
35166718,220574429,Manhattan,Midtown,40.7452,-73.99007,Private room,175,5,5,6,251,2
35233962,264950723,Manhattan,Midtown,40.75117,-73.98656,Entire home/apt,340,30,5,1,0,0
35235326,96659533,Brooklyn,Bushwick,40.6948,-73.91417,Private room,50,30,163,3,323,59
35056734,178164173,Manhattan,Hell's Kitchen,40.76261,-73.99446,Shared room,400,30,0,1,0,0
35167097,220574429,Manhattan,Flatiron District,40.74415,-73.99016,Private room,160,5,1,6,250,0
35172393,182989977,Brooklyn,East Flatbush,40.65573,-73.94012,Private room,211,30,1,3,0,0
35175500,264693056,Manhattan,Hell's Kitchen,40.75566,-73.99738,Entire home/apt,210,30,20,1,0,0
35384123,266360944,Queens,Springfield Gardens,40.6617,-73.76261,Private room,75,1,71,2,88,40
35235379,265288059,Queens,Corona,40.73763,-73.86533,Private room,65,30,38,1,0,0
35236345,200239515,Queens,Woodside,40.7405,-73.89491,Private room,35,30,2,158,0,0
35236424,200239515,Queens,Woodside,40.74201,-73.89307,Private room,35,30,2,158,0,0
35236534,200239515,Queens,Woodside,40.74077,-73.89327,Private room,40,30,2,158,0,0
35236677,200239515,Queens,Sunnyside,40.73798,-73.92774,Private room,37,30,0,158,0,0
35247808,48770990,Manhattan,East Village,40.73003,-73.98479,Private room,78,15,0,1,0,0
35249458,264809787,Bronx,Concourse Village,40.82596,-73.91585,Entire home/apt,91,3,18,1,279,2
35183293,264934283,Brooklyn,South Slope,40.66158,-73.98482,Entire home/apt,219,2,113,1,325,42
35250568,126538085,Queens,Astoria,40.76515,-73.9279,Entire home/apt,99,30,17,1,0,0
35252845,8962282,Manhattan,East Village,40.7261,-73.99038,Entire home/apt,1029,3,24,1,152,13
35384734,266380288,Manhattan,West Village,40.73924,-74.00366,Entire home/apt,149,30,18,4,65,5
35385249,739539,Manhattan,SoHo,40.72311,-74.00394,Private room,399,30,60,3,87,7
35385465,8498596,Brooklyn,Williamsburg,40.71501,-73.94721,Entire home/apt,295,2,11,2,51,11
35385859,266390808,Manhattan,Harlem,40.81699,-73.93758,Entire home/apt,128,30,34,2,0,0
35387219,535999,Manhattan,Hell's Kitchen,40.76738,-73.98587,Entire home/apt,175,3,1,1,0,0
35185863,264963423,Brooklyn,South Slope,40.66848,-73.98771,Entire home/apt,156,30,123,1,333,22
35387629,258374626,Brooklyn,Crown Heights,40.66415,-73.93289,Entire home/apt,89,2,32,1,0,0
35402920,12276549,Brooklyn,Crown Heights,40.67165,-73.95878,Entire home/apt,195,3,6,1,0,5
35406411,28808740,Manhattan,Hell's Kitchen,40.76282,-73.988,Private room,150,30,13,2,0,0
35254823,265413038,Manhattan,East Harlem,40.80131,-73.94584,Entire home/apt,275,3,113,2,162,47
35186258,264965107,Manhattan,Midtown,40.74322,-73.98302,Entire home/apt,221,3,89,1,81,34
35186404,264966630,Brooklyn,Crown Heights,40.67553,-73.92459,Entire home/apt,214,3,41,1,93,10
35187772,128300825,Brooklyn,Bedford-Stuyvesant,40.6934,-73.92966,Private room,65,4,20,3,0,6
35189052,26620387,Brooklyn,Park Slope,40.66763,-73.97623,Entire home/apt,500,30,0,1,0,0
35257081,265424495,Manhattan,Harlem,40.80535,-73.94661,Private room,96,1,154,2,107,84
35189843,104403379,Manhattan,Harlem,40.82501,-73.9519,Private room,75,1,33,1,0,10
35189990,264990100,Brooklyn,Crown Heights,40.66753,-73.9329,Entire home/apt,410,3,66,3,297,26
35257699,264962468,Manhattan,Hell's Kitchen,40.76215,-73.99027,Entire home/apt,265,2,188,1,43,75
35258943,20324421,Brooklyn,Prospect-Lefferts Gardens,40.65889,-73.94986,Entire home/apt,260,1,224,1,51,75
35260994,36960740,Manhattan,Nolita,40.72224,-73.9955,Entire home/apt,300,30,0,1,0,0
35408266,266502082,Manhattan,Harlem,40.82663,-73.93759,Private room,108,2,7,1,354,6
35409062,266505967,Bronx,Fordham,40.86091,-73.90002,Private room,99,3,6,1,113,0
35190048,59188298,Brooklyn,Williamsburg,40.71269,-73.9448,Private room,71,14,0,2,340,0
35190170,10449710,Brooklyn,Prospect-Lefferts Gardens,40.6597,-73.9613,Private room,75,30,3,1,0,0
35191797,61391963,Manhattan,Upper East Side,40.77797,-73.95656,Entire home/apt,149,30,12,116,281,4
35193203,264514482,Brooklyn,Bushwick,40.70033,-73.92461,Entire home/apt,100,30,2,1,0,0
35195090,17151691,Brooklyn,Clinton Hill,40.69245,-73.96829,Entire home/apt,105,30,7,1,57,0
35409445,15520206,Queens,Jamaica,40.68077,-73.78823,Entire home/apt,229,1,160,1,62,40
35413116,65059624,Manhattan,East Harlem,40.8088,-73.9361,Private room,51,1,53,2,0,0
35415121,1453801,Manhattan,Hell's Kitchen,40.76816,-73.98657,Entire home/apt,190,30,5,1,0,0
35262025,137872939,Staten Island,Emerson Hill,40.60548,-74.13315,Private room,83,30,9,1,364,0
35263130,21490784,Brooklyn,Crown Heights,40.67348,-73.95754,Entire home/apt,240,3,14,1,0,14
35263416,157834976,Manhattan,Midtown,40.75183,-73.97307,Private room,650,30,0,1,0,0
35265230,109828555,Manhattan,Upper East Side,40.77233,-73.94918,Entire home/apt,99,2,4,1,0,0
35267137,200239515,Queens,Sunnyside,40.73978,-73.92773,Private room,37,30,0,158,0,0
35267252,200239515,Queens,Woodside,40.74197,-73.89479,Private room,40,30,0,158,0,0
35267276,200239515,Queens,Woodside,40.74063,-73.89303,Private room,35,30,0,158,0,0
35267302,200239515,Queens,Woodside,40.74445,-73.89296,Private room,46,30,0,158,1,0
35195180,126415353,Manhattan,Harlem,40.81385,-73.9436,Private room,41,30,3,1,0,0
35196872,228132014,Manhattan,Lower East Side,40.71817,-73.98528,Private room,81,30,0,1,0,0
35416869,38363932,Queens,Briarwood,40.71403,-73.8184,Shared room,85,30,0,1,365,0
35418825,266559178,Brooklyn,East New York,40.67747,-73.87682,Entire home/apt,218,2,22,3,75,17
35419884,11342037,Brooklyn,Sunset Park,40.63806,-74.01424,Private room,60,3,0,1,0,0
35197500,121851703,Queens,Queens Village,40.72034,-73.73496,Entire home/apt,115,30,25,3,0,2
35197856,40069144,Brooklyn,Bedford-Stuyvesant,40.68064,-73.92616,Private room,86,3,2,1,0,0
35545194,263916265,Queens,Flushing,40.75845,-73.8347,Private room,280,1,11,1,357,4
35422599,178272943,Queens,Jamaica,40.67204,-73.78085,Private room,80,1,153,5,71,57
35267761,265420923,Queens,East Elmhurst,40.76708,-73.87297,Private room,68,1,123,2,257,66
35268357,19303369,Manhattan,Inwood,40.86583,-73.92152,Private room,42,30,0,175,0,0
35545434,266533448,Manhattan,Chelsea,40.73968,-73.99494,Private room,213,1,572,6,325,339
35545525,266533448,Manhattan,Chelsea,40.73777,-73.99392,Private room,220,1,89,6,307,24
35545595,266533448,Manhattan,Chelsea,40.73932,-73.99545,Private room,213,1,233,6,325,38
35545650,266533448,Manhattan,Chelsea,40.73841,-73.99353,Private room,232,1,34,6,280,10
35546298,52062343,Bronx,Bronxdale,40.85603,-73.86517,Shared room,51,14,59,1,318,0
35423560,382749,Manhattan,Upper East Side,40.77982,-73.94668,Entire home/apt,95,30,4,1,323,3
35424418,23455550,Manhattan,Inwood,40.86711,-73.92247,Entire home/apt,100,3,20,1,0,0
35546352,103336088,Queens,Jamaica,40.67444,-73.79229,Entire home/apt,87,1,54,1,80,10
35425436,266609191,Brooklyn,Bedford-Stuyvesant,40.6852,-73.92873,Entire home/apt,177,6,80,3,66,27
35425638,27181542,Manhattan,Upper East Side,40.77424,-73.94868,Entire home/apt,249,30,9,69,219,1
35269083,44321906,Brooklyn,Bedford-Stuyvesant,40.69307,-73.93266,Entire home/apt,211,8,3,1,156,1
35269107,19303369,Brooklyn,Bedford-Stuyvesant,40.68673,-73.95205,Private room,59,30,2,175,0,2
35548551,11397354,Brooklyn,Flatbush,40.64019,-73.9627,Entire home/apt,100,2,4,1,0,0
35548721,119155499,Brooklyn,Bushwick,40.69595,-73.92627,Private room,69,5,16,4,151,10
35550080,169419092,Queens,Whitestone,40.78205,-73.8208,Private room,100,30,8,1,0,0
35563249,46094733,Manhattan,Flatiron District,40.73958,-73.98472,Entire home/apt,200,30,5,1,0,0
35566699,266741420,Manhattan,Lower East Side,40.71904,-73.98974,Hotel room,433,1,9,3,287,2
35275920,265576141,Queens,Rockaway Beach,40.59017,-73.81419,Private room,55,7,12,2,154,5
35277941,11675441,Manhattan,East Village,40.73059,-73.98268,Entire home/apt,200,2,8,1,0,5
35427155,23217966,Queens,Jamaica,40.70403,-73.81526,Private room,41,2,91,4,155,27
35566995,266741420,Manhattan,Lower East Side,40.71915,-73.98976,Hotel room,451,1,121,3,330,21
35570396,166984137,Manhattan,Harlem,40.81273,-73.94415,Private room,99,30,2,1,0,0
35570674,49658508,Manhattan,Kips Bay,40.74368,-73.97919,Entire home/apt,320,30,36,1,277,12
35573317,266989293,Queens,Long Island City,40.75266,-73.9266,Private room,237,1,131,6,360,71
35428298,266627618,Bronx,Wakefield,40.90436,-73.84992,Entire home/apt,258,4,64,6,338,19
35428996,221839786,Manhattan,Hell's Kitchen,40.7622,-73.99338,Private room,350,1,7,2,346,6
35281795,81295676,Queens,Astoria,40.7628,-73.9223,Private room,42,2,2,1,0,0
35284044,6465781,Brooklyn,Williamsburg,40.71401,-73.95786,Entire home/apt,375,1,16,1,0,0
35284206,265644639,Brooklyn,Flatbush,40.64206,-73.95667,Private room,45,30,7,1,0,0
35574095,7258900,Manhattan,Tribeca,40.71446,-74.00826,Private room,200,30,1,1,0,0
35577620,21400616,Brooklyn,Crown Heights,40.67726,-73.9373,Entire home/apt,58,30,5,1,87,1
35579312,181875962,Manhattan,Midtown,40.75525,-73.96898,Entire home/apt,150,5,4,1,0,0
35579364,107299996,Brooklyn,Williamsburg,40.71732,-73.95679,Entire home/apt,152,30,3,1,0,2
35580335,3562596,Brooklyn,Boerum Hill,40.68748,-73.98052,Entire home/apt,500,30,2,1,0,0
35580936,267713201,Manhattan,Harlem,40.80426,-73.94609,Entire home/apt,185,14,18,1,0,8
35284472,220159422,Queens,Ridgewood,40.70142,-73.90616,Private room,43,30,3,1,0,0
35430378,266645207,Queens,Springfield Gardens,40.66262,-73.7488,Private room,69,1,35,3,341,9
35430525,264817559,Manhattan,Hell's Kitchen,40.7623,-73.99317,Entire home/apt,223,30,8,1,0,0
35431400,266651586,Manhattan,Greenwich Village,40.72818,-74.00114,Entire home/apt,165,30,5,1,139,2
35450345,19342672,Manhattan,West Village,40.73744,-74.00287,Private room,95,30,8,2,0,0
35581315,163625145,Brooklyn,Borough Park,40.64458,-73.99071,Private room,80,30,17,4,180,0
35584546,267744284,Bronx,Melrose,40.82257,-73.91594,Entire home/apt,79,4,78,1,260,32
35451163,242405832,Manhattan,Harlem,40.82401,-73.94247,Entire home/apt,837,3,199,1,266,50
35286246,265662009,Manhattan,Upper East Side,40.77088,-73.96639,Entire home/apt,225,30,11,3,316,4
35287089,265662009,Manhattan,Upper East Side,40.76877,-73.96808,Entire home/apt,250,30,5,3,249,0
35288505,44021873,Brooklyn,Bedford-Stuyvesant,40.69474,-73.93293,Entire home/apt,68,30,19,1,0,0
35289004,119846581,Queens,Sunnyside,40.74308,-73.92149,Entire home/apt,114,7,38,1,0,0
35595727,11583998,Brooklyn,Williamsburg,40.70919,-73.92308,Entire home/apt,149,30,14,1,328,0
35599507,57067644,Brooklyn,Bedford-Stuyvesant,40.68011,-73.92022,Entire home/apt,125,3,8,1,0,1
35600877,163625145,Brooklyn,Borough Park,40.64418,-73.99098,Private room,40,30,17,4,164,0
35601251,163625145,Brooklyn,Borough Park,40.6441,-73.98932,Private room,38,30,13,4,33,0
35601334,5971264,Bronx,Kingsbridge,40.86369,-73.90358,Private room,62,5,62,3,117,12
35452335,54526346,Brooklyn,Bedford-Stuyvesant,40.69536,-73.95549,Entire home/apt,146,5,67,2,213,28
35454285,17224232,Brooklyn,Flatbush,40.64624,-73.95409,Shared room,25,28,9,1,0,0
35602964,267849738,Manhattan,Kips Bay,40.74511,-73.97908,Entire home/apt,266,4,39,1,256,10
35454756,39275815,Queens,Long Island City,40.765465,-73.934723,Entire home/apt,135,30,28,1,245,3
35603341,159598333,Manhattan,Upper East Side,40.78171,-73.94797,Entire home/apt,99,30,6,12,342,3
35603512,2548258,Bronx,Port Morris,40.80871,-73.92976,Entire home/apt,160,3,24,1,177,12
35455445,266762890,Manhattan,Midtown,40.75679,-73.96741,Entire home/apt,175,28,13,1,340,6
35455986,63227531,Staten Island,West Brighton,40.62866,-74.12162,Entire home/apt,120,2,30,2,344,17
35458291,259207391,Queens,Jamaica,40.67574,-73.7967,Private room,60,1,40,3,359,17
35304260,59392167,Queens,Sunnyside,40.7494,-73.91855,Private room,115,30,0,1,333,0
35311422,243540233,Queens,Ditmars Steinway,40.77595,-73.92582,Entire home/apt,160,30,0,1,0,0
35604447,267860635,Manhattan,Kips Bay,40.74167,-73.98216,Entire home/apt,183,2,94,1,254,53
35606347,9307590,Queens,Ridgewood,40.70861,-73.91873,Private room,60,30,34,1,157,1
35607907,1348312,Queens,Astoria,40.76222,-73.90779,Private room,119,30,0,1,0,0
35610591,82406306,Manhattan,East Harlem,40.80038,-73.94204,Private room,75,2,31,2,0,7
35614233,267735490,Queens,Arverne,40.59075,-73.79714,Entire home/apt,123,3,18,3,169,5
35614263,193961455,Brooklyn,Williamsburg,40.718,-73.94605,Entire home/apt,190,30,65,1,0,0
35315339,220865756,Brooklyn,Bay Ridge,40.63524,-74.0197,Private room,149,5,3,1,89,1
35458517,18087447,Brooklyn,Williamsburg,40.71956,-73.95754,Entire home/apt,400,14,1,1,0,1
35614888,267938006,Bronx,Concourse Village,40.82903,-73.92129,Private room,55,30,11,1,0,0
35616470,267933377,Manhattan,Upper East Side,40.77864,-73.94557,Private room,105,30,1,1,0,0
35618939,83132880,Queens,Woodside,40.74085,-73.89357,Private room,49,1,20,2,218,2
35463466,266800773,Manhattan,Greenwich Village,40.72821,-74.00032,Entire home/apt,249,30,35,1,0,0
35463986,4333612,Manhattan,Upper West Side,40.79387,-73.97518,Entire home/apt,245,30,7,1,0,0
35465766,6227706,Queens,Arverne,40.5891,-73.79697,Private room,99,30,5,1,0,0
35315368,265888743,Bronx,Norwood,40.87002,-73.88255,Private room,60,5,29,1,0,10
35316405,6946573,Brooklyn,Crown Heights,40.67461,-73.96244,Entire home/apt,169,4,12,1,0,6
35619073,256966373,Staten Island,St. George,40.64333,-74.07799,Entire home/apt,133,3,47,4,0,15
35633408,83132880,Queens,Woodside,40.74064,-73.89491,Private room,69,2,34,2,326,14
35634364,51985960,Brooklyn,Williamsburg,40.7063,-73.92957,Private room,40,30,2,2,0,0
35635841,267989178,Manhattan,Kips Bay,40.74202,-73.98036,Entire home/apt,857,3,45,1,269,23
35317010,258467515,Manhattan,Harlem,40.80885,-73.94675,Entire home/apt,300,2,7,1,35,0
35466334,34004724,Brooklyn,Midwood,40.61598,-73.96262,Private room,45,7,28,2,0,4
35636466,101076625,Queens,Long Island City,40.74759,-73.93739,Entire home/apt,150,2,0,1,0,0
35477828,33861246,Brooklyn,Bedford-Stuyvesant,40.68194,-73.9122,Entire home/apt,90,30,44,1,27,2
35318863,265068881,Manhattan,Hell's Kitchen,40.763966,-73.986732,Entire home/apt,329,2,108,1,78,55
35319436,8835932,Brooklyn,Red Hook,40.67705,-74.00321,Entire home/apt,209,2,5,1,0,3
35637155,9155963,Manhattan,East Village,40.7289,-73.98078,Entire home/apt,1529,1,5,1,178,0
35321365,49058105,Brooklyn,Bushwick,40.6895,-73.92033,Entire home/apt,104,30,6,1,264,1
35479956,602359,Brooklyn,Fort Greene,40.69426,-73.973,Entire home/apt,176,3,64,2,72,34
35485149,28982848,Brooklyn,South Slope,40.66262,-73.98747,Entire home/apt,148,14,31,1,53,10
35638345,263229425,Manhattan,Hell's Kitchen,40.76437,-73.9897,Shared room,400,30,1,1,0,0
35485306,266800860,Manhattan,Murray Hill,40.74657,-73.97502,Entire home/apt,209,1,25,2,240,3
35639073,260807399,Manhattan,Hell's Kitchen,40.76515,-73.98854,Shared room,400,30,0,1,90,0
35487942,1616218,Manhattan,Chinatown,40.71448,-73.99171,Entire home/apt,93,3,6,2,17,0
35490967,27636707,Manhattan,West Village,40.73275,-74.00549,Entire home/apt,128,30,7,7,340,0
35328951,45378115,Manhattan,East Village,40.72357,-73.98812,Entire home/apt,185,30,1,1,0,0
35338703,241889662,Manhattan,West Village,40.7371,-74.00477,Hotel room,425,1,14,12,277,2
35641231,260805765,Manhattan,Hell's Kitchen,40.75705,-73.99198,Shared room,400,30,0,1,0,0
35341842,63866600,Brooklyn,Bay Ridge,40.6312,-74.03119,Private room,67,1,146,1,314,65
35642392,146623639,Manhattan,East Village,40.72616,-73.9824,Entire home/apt,180,30,0,1,0,0
35643772,21918321,Brooklyn,Flatbush,40.64119,-73.96092,Entire home/apt,99,30,4,1,0,0
35343378,34708353,Manhattan,Financial District,40.70474,-74.00824,Entire home/apt,170,6,8,1,0,0
35491909,267015745,Brooklyn,East New York,40.67237,-73.89158,Entire home/apt,119,2,112,1,64,24
35644555,268149303,Manhattan,Harlem,40.81834,-73.94414,Private room,95,30,14,1,0,0
35493937,10811427,Manhattan,Murray Hill,40.74673,-73.97225,Entire home/apt,249,30,5,1,107,0
35344556,266092932,Manhattan,Hell's Kitchen,40.75728,-73.99496,Entire home/apt,299,2,113,4,172,44
35345370,211595859,Manhattan,Midtown,40.74443,-73.98122,Entire home/apt,429,30,17,1,98,1
35348521,23827868,Manhattan,Upper East Side,40.77783,-73.95188,Private room,59,30,4,2,201,3
35349073,96664487,Brooklyn,Bushwick,40.68886,-73.91793,Entire home/apt,180,3,57,3,310,27
35349443,266128085,Manhattan,Midtown,40.74749,-73.98652,Private room,42,30,1,1,0,0
35350124,5976443,Brooklyn,Williamsburg,40.71017,-73.96217,Entire home/apt,153,2,90,1,200,39
35645330,86602555,Manhattan,Chelsea,40.74511572108028,-74.00052889618334,Entire home/apt,499,2,11,1,71,11
35647681,268173853,Brooklyn,Clinton Hill,40.68513,-73.96626,Entire home/apt,150,30,3,1,0,0
35352188,69700229,Queens,Jamaica,40.67942,-73.77615,Private room,89,7,10,1,350,4
35355147,264842412,Manhattan,Battery Park City,40.70785,-74.0155,Entire home/apt,321,30,29,1,0,0
35369883,144866025,Queens,Ditmars Steinway,40.77677,-73.91901,Private room,51,1,14,1,307,14
35495092,188857824,Manhattan,West Village,40.73483,-74.00604,Entire home/apt,199,7,3,1,34,3
35648435,244116720,Bronx,Throgs Neck,40.82598,-73.81935,Private room,65,1,51,3,360,10
35496842,127836236,Bronx,Williamsbridge,40.88151,-73.8494,Entire home/apt,81,1,46,1,337,3
35497497,88352949,Brooklyn,Gowanus,40.6828,-73.98552,Entire home/apt,899,4,19,3,305,15
35373350,91176276,Brooklyn,Boerum Hill,40.68789,-73.98721,Entire home/apt,106,30,10,1,0,0
35374230,264851724,Manhattan,Midtown,40.75645,-73.96576,Entire home/apt,347,30,35,1,0,0
35374299,9843389,Brooklyn,Williamsburg,40.70948,-73.95655,Private room,50,1,7,2,0,0
35376427,23217966,Queens,Briarwood,40.70583,-73.81535,Private room,42,2,90,4,125,32
35650240,8518298,Brooklyn,Williamsburg,40.70941,-73.95279,Private room,43,30,15,1,0,0
35654692,258376648,Manhattan,Upper West Side,40.80003688002293,-73.9604601346735,Entire home/apt,416,5,18,1,51,0
35376453,234383668,Brooklyn,Williamsburg,40.71336,-73.95495,Entire home/apt,100,30,2,1,0,0
35499352,170071460,Bronx,Kingsbridge,40.88443,-73.89802,Entire home/apt,100,90,0,1,0,0
35505287,267113508,Manhattan,Upper West Side,40.79849,-73.96419,Shared room,300,30,0,1,0,0
35654798,267272502,Bronx,Claremont Village,40.8437,-73.90743,Private room,65,5,1,28,160,0
35507981,267033835,Brooklyn,East New York,40.66251,-73.86045,Private room,65,30,13,1,262,0
35508218,155137506,Queens,Laurelton,40.68242,-73.74555,Entire home/apt,108,1,82,1,92,32
35509087,602359,Brooklyn,Fort Greene,40.69404,-73.974,Entire home/apt,154,3,70,2,69,26
35376476,266316634,Queens,East Elmhurst,40.75804,-73.86406,Entire home/apt,200,2,60,1,339,22
35379061,266291058,Manhattan,Kips Bay,40.74163,-73.98012,Entire home/apt,266,30,28,1,249,5
35380023,413316,Brooklyn,Bedford-Stuyvesant,40.67869,-73.94609,Entire home/apt,200,30,1,1,0,0
35713354,261761196,Manhattan,Midtown,40.76539,-73.98221,Private room,450,1,3,7,340,0
35714197,268611281,Queens,Flushing,40.73003,-73.79485,Private room,55,2,27,1,0,3
35715171,71276635,Manhattan,Washington Heights,40.83614,-73.94384,Entire home/apt,899,1,4,5,365,1
35716452,17601262,Brooklyn,Williamsburg,40.71411,-73.93673,Entire home/apt,184,1,51,2,291,35
35716479,155223823,Manhattan,Harlem,40.8292,-73.9481,Private room,150,30,0,2,363,0
35655950,80443454,Queens,Kew Gardens Hills,40.71933,-73.82427,Private room,72,2,148,1,83,50
35656318,61042,Manhattan,Harlem,40.82577,-73.95195,Private room,50,5,1,7,0,1
35657430,132402260,Queens,Flushing,40.75708,-73.81153,Private room,80,30,0,1,0,0
35717460,264676469,Bronx,Highbridge,40.83097,-73.93136,Private room,90,30,1,1,0,0
35718438,76407060,Manhattan,East Village,40.7249,-73.98511,Entire home/apt,135,7,16,1,0,0
35719652,274333,Manhattan,Harlem,40.80404,-73.95159,Entire home/apt,88,4,4,2,75,4
35510758,260987211,Manhattan,Hell's Kitchen,40.75413,-73.99398,Private room,448,1,64,4,365,8
35510876,260987211,Manhattan,Hell's Kitchen,40.7548,-73.99408,Private room,440,1,34,4,363,25
35510977,260987211,Manhattan,Hell's Kitchen,40.75512,-73.99224,Private room,493,1,0,4,147,0
35511098,260987211,Manhattan,Hell's Kitchen,40.75466,-73.99399,Private room,609,1,0,4,363,0
35512005,742949,Brooklyn,Prospect Heights,40.67976,-73.96826,Entire home/apt,499,14,7,1,0,0
35513883,204915695,Brooklyn,Sunset Park,40.63688,-74.00859,Private room,50,3,7,2,1,7
35516587,153561136,Staten Island,New Dorp Beach,40.5597,-74.10079,Entire home/apt,130,30,5,1,0,0
35518055,26071530,Brooklyn,Crown Heights,40.67516,-73.94879,Private room,99,3,27,2,0,1
35664658,38184757,Manhattan,Midtown,40.75793,-73.96487,Entire home/apt,400,30,0,1,0,0
35520176,217625111,Manhattan,Harlem,40.80616,-73.94849,Entire home/apt,469,30,9,1,101,3
35672714,38580398,Queens,South Ozone Park,40.67629,-73.82055,Entire home/apt,128,3,92,1,298,31
35675859,71276635,Manhattan,Washington Heights,40.84013,-73.94581,Shared room,199,2,12,5,363,3
35679813,63356650,Brooklyn,Crown Heights,40.67884,-73.95803,Private room,53,30,1,1,341,0
35679935,33555400,Queens,Briarwood,40.71298,-73.81345,Entire home/apt,300,30,1,1,0,0
35521170,254015746,Manhattan,Midtown,40.74405,-73.98696,Private room,150,15,21,1,208,11
35732634,268757078,Brooklyn,East Flatbush,40.64517,-73.94934,Private room,35,30,45,1,148,1
35681163,9843389,Brooklyn,Williamsburg,40.70836,-73.95612,Private room,75,30,2,2,0,0
35682527,35620036,Manhattan,Harlem,40.82254,-73.93926,Private room,75,2,33,1,0,2
35735822,268198789,Brooklyn,East New York,40.67652,-73.86762,Private room,68,30,21,4,0,0
35739927,4129805,Manhattan,West Village,40.73111,-74.00234,Entire home/apt,175,1,12,6,4,0
35740468,6524762,Manhattan,Theater District,40.7619,-73.98077,Entire home/apt,471,1,1,3,0,0
35741268,6524762,Manhattan,Midtown,40.76332,-73.97889,Hotel room,380,2,0,3,0,0
35741718,268857972,Brooklyn,Greenpoint,40.72167,-73.94826,Private room,80,1,9,1,79,9
35683483,5309160,Manhattan,Upper East Side,40.77196,-73.95669,Entire home/apt,355,30,2,2,365,0
35742909,268868462,Brooklyn,Greenpoint,40.73285,-73.96052,Entire home/apt,350,3,4,1,351,4
35523432,50730169,Brooklyn,Bushwick,40.69779,-73.92811,Entire home/apt,191,2,28,1,169,28
35524274,267272502,Bronx,Claremont Village,40.842,-73.90705,Private room,70,30,2,28,125,2
35686575,268149976,Queens,Elmhurst,40.73241,-73.87996,Private room,35,30,10,1,0,0
35686594,96608840,Brooklyn,Bushwick,40.68358,-73.90704,Entire home/apt,200,3,22,1,0,0
35526392,129443696,Manhattan,Upper East Side,40.77418,-73.94803,Entire home/apt,195,30,6,1,53,0
35743508,267405973,Queens,Ridgewood,40.70317,-73.90462,Entire home/apt,170,30,1,1,0,0
35744019,244116720,Bronx,Throgs Neck,40.82763,-73.82102,Private room,65,1,53,3,360,17
35752161,15020878,Manhattan,East Harlem,40.80685,-73.939,Entire home/apt,110,30,11,1,0,0
35755081,131478346,Manhattan,Harlem,40.82583,-73.94833,Private room,70,30,1,1,0,0
35688424,20086738,Brooklyn,Bedford-Stuyvesant,40.68241,-73.91936,Private room,108,30,0,4,0,0
35689855,17877302,Brooklyn,Prospect Heights,40.68272,-73.97509,Entire home/apt,150,31,1,1,0,0
35700408,67433858,Manhattan,East Harlem,40.78831,-73.94977,Entire home/apt,60,180,33,1,166,0
35758732,21299191,Brooklyn,Bedford-Stuyvesant,40.68876,-73.93779,Entire home/apt,219,4,30,1,302,12
35532063,262985820,Manhattan,Midtown,40.75198,-73.96978,Private room,664,1,4,7,351,0
35532448,262985820,Manhattan,Midtown,40.75198,-73.96978,Private room,722,1,1,7,358,1
35532648,262985820,Manhattan,Midtown,40.75198,-73.96978,Private room,744,1,1,7,361,1
35532705,262985820,Manhattan,Midtown,40.75198,-73.96978,Private room,728,1,3,7,359,0
35536969,40275,Brooklyn,Bedford-Stuyvesant,40.69306,-73.95917,Entire home/apt,325,3,15,1,16,4
35539586,263720409,Queens,Long Island City,40.75331,-73.93501,Hotel room,229,1,45,11,331,19
35539721,263720409,Queens,Long Island City,40.75331,-73.93501,Hotel room,258,1,22,11,266,9
35539856,263720409,Queens,Long Island City,40.75331,-73.93501,Hotel room,258,1,26,11,361,5
35539920,263504959,Queens,Woodhaven,40.6912,-73.86507,Private room,55,30,24,8,249,0
35540029,263720409,Queens,Long Island City,40.75331,-73.93501,Private room,255,1,18,11,359,6
35540158,263720409,Queens,Long Island City,40.75331,-73.93501,Hotel room,282,1,26,11,364,6
35540308,263720409,Queens,Long Island City,40.75215,-73.93581,Hotel room,184,1,15,11,249,0
35540417,263720409,Queens,Long Island City,40.75331,-73.93501,Hotel room,209,1,18,11,249,0
35700700,96659533,Brooklyn,Bushwick,40.6948,-73.91417,Private room,50,30,151,3,313,66
35702864,6712411,Brooklyn,Bedford-Stuyvesant,40.68144,-73.92117,Entire home/apt,153,3,80,1,71,27
35706339,87065585,Queens,Jamaica,40.70593,-73.79853,Entire home/apt,315,1,21,2,178,21
35707945,104151293,Manhattan,Harlem,40.80977,-73.93995,Entire home/apt,217,1,15,1,27,2
35540673,119908176,Brooklyn,Bedford-Stuyvesant,40.68447,-73.92009,Entire home/apt,90,8,8,1,0,0
35766431,433917,Brooklyn,Crown Heights,40.67751,-73.94871,Entire home/apt,82,30,4,1,125,0
35768121,2448443,Manhattan,Murray Hill,40.74783,-73.97877,Entire home/apt,157,30,1,1,0,0
35711006,268353279,Brooklyn,Red Hook,40.67745,-74.00776,Private room,80,30,10,3,0,0
35768266,269078087,Manhattan,East Harlem,40.79898,-73.93229,Private room,43,30,9,1,0,0
35938640,270314994,Brooklyn,Canarsie,40.64149,-73.90458,Entire home/apt,306,2,23,1,282,14
35711228,4210130,Manhattan,East Village,40.72409,-73.98926,Entire home/apt,199,30,53,1,32,5
35712515,259207391,Queens,Jamaica,40.6754,-73.79787,Private room,73,1,37,3,358,14
35713272,268631641,Manhattan,East Village,40.72385,-73.97695,Private room,97,30,1,1,0,0
35939805,104423008,Brooklyn,Bedford-Stuyvesant,40.68754,-73.9424,Private room,49,30,9,1,0,0
35768324,268896283,Manhattan,Harlem,40.81505,-73.94015,Private room,300,30,1,1,0,0
35768575,19303369,Queens,Woodside,40.74266,-73.89283,Private room,36,30,0,175,0,0
35768781,268198789,Brooklyn,Cypress Hills,40.67764,-73.86763,Private room,98,30,19,4,0,0
35768873,32708211,Brooklyn,Bedford-Stuyvesant,40.68793,-73.95432,Entire home/apt,350,2,1,7,238,0
35771605,121917249,Brooklyn,Clinton Hill,40.69495,-73.96311,Private room,90,3,1,2,0,0
35771989,121917249,Brooklyn,Clinton Hill,40.69514,-73.96321,Private room,78,3,2,2,0,0
35773173,268885345,Brooklyn,Red Hook,40.67662,-74.0086,Entire home/apt,110,30,0,1,0,0
35713310,261761196,Manhattan,Midtown,40.7636,-73.98049,Private room,424,1,30,7,346,1
35713334,261761196,Manhattan,Midtown,40.76552,-73.98196,Private room,382,1,248,7,275,11
36180667,33362434,Manhattan,Harlem,40.81758,-73.94293,Private room,100,30,0,1,0,0
36181000,30730392,Brooklyn,Clinton Hill,40.68846,-73.96533,Entire home/apt,125,3,6,1,0,0
36182794,266092932,Manhattan,Hell's Kitchen,40.75742,-73.99316,Entire home/apt,299,2,122,4,249,51
36183003,82406306,Manhattan,East Harlem,40.80138,-73.94142,Private room,78,1,4,2,0,0
36197791,4073971,Brooklyn,Bedford-Stuyvesant,40.68806,-73.95094,Entire home/apt,480,3,0,2,35,0
35774669,25490213,Brooklyn,Greenpoint,40.72577,-73.94947,Entire home/apt,350,3,6,1,155,0
36198348,6801314,Brooklyn,Crown Heights,40.67214,-73.93933,Entire home/apt,125,7,26,3,28,6
35776956,221012726,Queens,Long Island City,40.74901,-73.93898,Private room,55,30,1,1,0,0
35778408,27186037,Brooklyn,Greenpoint,40.72153,-73.94804,Private room,80,1,4,1,0,0
35783522,34004724,Brooklyn,Midwood,40.6167,-73.96067,Entire home/apt,95,20,2,2,0,0
35944106,270096519,Manhattan,Lower East Side,40.72381,-73.99257,Entire home/apt,745,30,20,1,357,4
36201685,26325723,Manhattan,Upper East Side,40.77232,-73.95136,Private room,70,30,8,1,0,0
35944866,270372514,Brooklyn,Park Slope,40.67441,-73.98326,Entire home/apt,171,30,35,2,170,6
36203757,29590865,Brooklyn,Bay Ridge,40.631,-74.03082,Entire home/apt,125,30,1,1,0,0
35786867,21942044,Brooklyn,Bedford-Stuyvesant,40.68544,-73.95271,Private room,48,3,30,2,0,0
36204465,272265146,Brooklyn,Bushwick,40.68989,-73.90953,Private room,50,30,1,1,0,0
35793925,189808492,Brooklyn,Flatbush,40.63611,-73.96662,Private room,74,30,0,1,0,0
35948933,270414511,Manhattan,Washington Heights,40.83347,-73.94175,Private room,134,1,8,2,36,0
35965985,263994272,Brooklyn,Bedford-Stuyvesant,40.68705,-73.94826,Entire home/apt,140,30,0,2,0,0
35966671,53610697,Brooklyn,Prospect-Lefferts Gardens,40.66093,-73.9525,Entire home/apt,115,3,0,2,0,0
35967471,22658749,Manhattan,East Harlem,40.80649,-73.94163,Private room,75,30,2,2,0,0
36206001,2485019,Brooklyn,Bushwick,40.68471,-73.91325,Entire home/apt,95,30,0,1,0,0
36206655,177067211,Brooklyn,Crown Heights,40.67534,-73.94486,Entire home/apt,80,30,0,1,0,0
35969545,7660014,Brooklyn,Bedford-Stuyvesant,40.68385,-73.91589,Entire home/apt,229,2,109,1,296,36
35974849,102495774,Manhattan,Midtown,40.75845,-73.96961,Private room,120,30,2,1,0,0
36210670,272342845,Brooklyn,Bushwick,40.70036,-73.92452,Entire home/apt,140,30,36,4,286,3
35975589,270631254,Manhattan,Upper West Side,40.79933,-73.97017,Private room,108,10,14,3,24,9
35988369,6230673,Manhattan,East Village,40.72306,-73.97881,Entire home/apt,120,180,1,1,173,0
35992083,1172202,Queens,Ditmars Steinway,40.77108,-73.90889,Private room,47,30,3,4,57,3
35798611,37424221,Brooklyn,Downtown Brooklyn,40.69686,-73.98366,Private room,76,1,52,1,351,37
35803621,178272943,Queens,Jamaica,40.6702,-73.77954,Private room,75,1,67,5,72,1
35805037,269345069,Brooklyn,Vinegar Hill,40.70265,-73.98261,Entire home/apt,275,30,27,1,66,0
35806920,71375159,Bronx,Fordham,40.86339,-73.89625,Private room,95,1,0,1,0,0
36221298,5288346,Manhattan,Upper East Side,40.76228,-73.96246,Entire home/apt,100,30,5,1,0,0
36222367,272342845,Brooklyn,Bushwick,40.70035,-73.92516,Entire home/apt,175,30,19,4,218,2
36223669,41932662,Manhattan,East Harlem,40.81014,-73.93812,Entire home/apt,99,30,21,1,0,1
35808578,269375490,Brooklyn,Canarsie,40.64408,-73.89151,Private room,54,1,240,1,53,75
35812955,127080012,Manhattan,Nolita,40.72316,-73.99337,Entire home/apt,150,30,1,2,0,0
35818271,21041659,Brooklyn,Williamsburg,40.71203,-73.95902,Entire home/apt,164,2,10,1,0,0
35822763,3599030,Brooklyn,Crown Heights,40.677,-73.95303,Private room,85,30,0,1,341,0
35828656,17066941,Brooklyn,Bedford-Stuyvesant,40.67825,-73.93779,Private room,85,5,5,1,4,3
35829570,393473,Brooklyn,Bedford-Stuyvesant,40.69233,-73.95225,Entire home/apt,334,3,103,2,197,28
35830998,256479489,Brooklyn,Bath Beach,40.60599,-74.00127,Private room,62,30,0,2,275,0
35833383,5900670,Brooklyn,Williamsburg,40.71385,-73.96585,Entire home/apt,140,30,2,1,0,0
35836471,269114687,Brooklyn,Williamsburg,40.71997,-73.95638,Entire home/apt,150,30,2,1,0,0
36224260,37069987,Brooklyn,Williamsburg,40.71736,-73.9592,Private room,90,30,3,1,0,0
35838716,71635685,Manhattan,West Village,40.73339,-74.00586,Entire home/apt,87,30,8,1,0,0
35996222,270796745,Bronx,Allerton,40.86729,-73.85113,Entire home/apt,138,2,115,1,165,53
36224443,158718264,Manhattan,Theater District,40.76182,-73.9857,Entire home/apt,250,30,11,1,0,0
36228538,12776694,Manhattan,Upper East Side,40.76163,-73.96172,Entire home/apt,220,30,1,1,0,0
36231329,43461100,Manhattan,Upper West Side,40.77844,-73.97855,Entire home/apt,200,30,3,1,0,0
36236022,272545283,Brooklyn,Clinton Hill,40.68466,-73.96635,Entire home/apt,375,7,87,1,321,33
35998531,9484127,Brooklyn,Sheepshead Bay,40.58406,-73.9405,Entire home/apt,199,30,14,1,280,3
35999656,270829432,Manhattan,Lower East Side,40.72153,-73.98618,Entire home/apt,800,30,0,1,0,0
36002177,156505456,Brooklyn,East New York,40.66565,-73.87524,Private room,58,2,12,32,79,11
36002802,265172138,Manhattan,Upper East Side,40.7703,-73.96115,Entire home/apt,500,500,11,1,90,0
35840564,201153591,Queens,Astoria,40.76733,-73.92722,Entire home/apt,154,30,30,1,311,5
36236515,178272943,Queens,Jamaica,40.67239,-73.78049,Private room,65,1,200,5,51,68
36237732,270122518,Manhattan,Hell's Kitchen,40.75436,-73.99391,Private room,136,1,48,18,249,18
35840685,11757212,Brooklyn,Crown Heights,40.66688278756244,-73.93529765260158,Private room,62,1,16,3,2,16
36016410,1547578,Brooklyn,Bedford-Stuyvesant,40.68816,-73.92579,Entire home/apt,170,3,9,1,144,9
36019460,34643568,Manhattan,East Harlem,40.79235,-73.94169,Private room,80,900,0,7,362,0
36021063,4089511,Manhattan,Harlem,40.8159,-73.94385,Entire home/apt,60,30,1,3,0,0
36023925,44355774,Brooklyn,Prospect-Lefferts Gardens,40.66002,-73.96165,Entire home/apt,82,30,2,1,0,0
36025111,223374565,Manhattan,Kips Bay,40.74311,-73.98199,Entire home/apt,298,4,2,4,324,2
36032523,743321,Manhattan,Midtown,40.75716,-73.96967,Entire home/apt,85,30,2,1,0,0
36238700,270122518,Manhattan,Hell's Kitchen,40.75436,-73.99391,Private room,224,1,15,18,56,5
36238749,270122518,Manhattan,Hell's Kitchen,40.75436,-73.99391,Private room,104,1,102,18,67,5
36239387,270122518,Manhattan,Hell's Kitchen,40.75436,-73.99391,Private room,264,1,0,18,177,0
36239436,49164956,Brooklyn,Bedford-Stuyvesant,40.67748,-73.91602,Private room,53,45,14,6,92,4
36239518,270122518,Manhattan,Hell's Kitchen,40.75436,-73.99391,Private room,224,1,9,18,191,2
36239568,270122518,Manhattan,Hell's Kitchen,40.75436,-73.99391,Private room,104,1,231,18,204,154
36239614,270122518,Manhattan,Hell's Kitchen,40.75436,-73.99391,Private room,104,1,20,18,223,9
36239665,270122518,Manhattan,Hell's Kitchen,40.75436,-73.99391,Private room,152,1,16,18,197,0
36239748,270122518,Manhattan,Hell's Kitchen,40.75436,-73.99391,Private room,152,1,3,18,244,1
36239812,270122518,Manhattan,Hell's Kitchen,40.75436,-73.99391,Private room,152,1,7,18,207,0
36239871,270122518,Manhattan,Hell's Kitchen,40.75436,-73.99391,Private room,120,1,19,18,66,4
36239907,270122518,Manhattan,Hell's Kitchen,40.75436,-73.99391,Private room,104,1,6,18,125,3
36239952,270122518,Manhattan,Hell's Kitchen,40.75436,-73.99391,Private room,104,1,7,18,80,3
36240007,270122518,Manhattan,Hell's Kitchen,40.75436,-73.99391,Private room,104,1,1,18,15,0
36240061,270122518,Manhattan,Hell's Kitchen,40.75436,-73.99391,Private room,304,1,4,18,58,3
36240104,270122518,Manhattan,Hell's Kitchen,40.75436,-73.99391,Private room,224,1,0,18,76,0
36240143,270122518,Manhattan,Hell's Kitchen,40.75436,-73.99391,Private room,344,1,0,18,185,0
36240195,270122518,Manhattan,Hell's Kitchen,40.75436,-73.99391,Private room,224,1,1,18,65,0
36241782,12091973,Brooklyn,Williamsburg,40.70475,-73.93823,Private room,75,30,10,1,0,0
36253150,43282809,Queens,Rockaway Beach,40.58828,-73.81357,Entire home/apt,225,3,101,1,135,22
36036842,269305936,Manhattan,Midtown,40.75513,-73.97167,Hotel room,279,1,0,4,113,0
36255541,25323622,Manhattan,Theater District,40.75925,-73.98758,Entire home/apt,192,5,25,1,17,0
36054622,22254292,Brooklyn,Williamsburg,40.71774,-73.94542,Entire home/apt,175,30,7,1,0,0
36260895,24856484,Manhattan,Murray Hill,40.74526,-73.97456,Entire home/apt,400,2,27,1,311,19
36265557,23905369,Brooklyn,Prospect-Lefferts Gardens,40.66128,-73.96276,Entire home/apt,110,30,3,1,0,0
36267546,233485864,Staten Island,New Dorp Beach,40.56482,-74.10287,Private room,95,1,135,2,357,32
36270530,272787571,Manhattan,Harlem,40.81401,-73.94379,Entire home/apt,125,5,9,1,187,1
36056808,271248669,Manhattan,Tribeca,40.71168,-74.0084,Entire home/apt,6500,180,0,1,0,0
36057961,271094569,Manhattan,Lower East Side,40.71911,-73.98707,Entire home/apt,275,2,124,1,283,51
36060386,141764004,Brooklyn,Red Hook,40.67648,-74.00563,Private room,26,30,0,1,0,0
36062007,11123552,Brooklyn,Bushwick,40.70093,-73.92381,Private room,60,30,5,3,0,0
36063144,4073971,Brooklyn,Bedford-Stuyvesant,40.68788,-73.95098,Entire home/apt,793,3,34,2,52,16
35841351,268219508,Brooklyn,Williamsburg,40.70832,-73.94426,Private room,150,30,2,1,0,0
35843321,3299151,Brooklyn,Williamsburg,40.7109,-73.962,Entire home/apt,350,180,2,1,108,0
36272957,272806641,Queens,Jamaica,40.67135,-73.76719,Entire home/apt,155,3,5,1,242,1
35843422,5334994,Queens,Rockaway Beach,40.58962,-73.80114,Private room,135,2,49,1,73,17
35843964,13107477,Manhattan,Harlem,40.82055,-73.94326,Entire home/apt,125,30,58,1,262,3
35860626,53648985,Brooklyn,Crown Heights,40.67584,-73.93922,Entire home/apt,160,1,18,1,27,3
35863336,2542371,Manhattan,Upper West Side,40.79799,-73.97331,Entire home/apt,145,5,20,1,0,0
35865346,269763887,Queens,Jamaica,40.68664,-73.79021,Entire home/apt,155,2,53,1,358,15
35867138,113723310,Manhattan,East Harlem,40.78674,-73.94866,Entire home/apt,200,30,8,60,311,2
35868549,113723310,Manhattan,Murray Hill,40.74547,-73.97605,Entire home/apt,225,30,7,60,251,2
35871036,226414996,Queens,Ditmars Steinway,40.77284,-73.90824,Entire home/apt,68,7,3,2,0,0
35871679,40336824,Brooklyn,Williamsburg,40.71913,-73.9476,Private room,116,30,10,1,0,0
35873124,269818165,Brooklyn,Williamsburg,40.71033,-73.94547,Private room,50,3,2,1,0,0
35874311,8923129,Brooklyn,Williamsburg,40.71859,-73.96547,Entire home/apt,200,30,2,1,0,0
36064099,175271914,Queens,Flushing,40.73823,-73.80753,Entire home/apt,95,30,13,1,0,0
36064676,271300364,Brooklyn,Bushwick,40.69659,-73.93186,Entire home/apt,222,2,108,1,196,43
36065361,271035656,Brooklyn,Williamsburg,40.70797,-73.95188,Entire home/apt,727,4,87,1,303,39
36069532,271337124,Queens,Queens Village,40.70892,-73.73486,Entire home/apt,75,30,0,1,0,0
36071215,2206491,Brooklyn,Williamsburg,40.71443,-73.954,Entire home/apt,125,30,4,1,313,1
36073776,268198789,Brooklyn,Cypress Hills,40.67889,-73.86755,Private room,88,30,10,4,0,0
36273046,53686964,Manhattan,Upper East Side,40.77598,-73.95393,Private room,110,1,121,4,312,53
36074873,15057355,Manhattan,Two Bridges,40.71267,-73.99554,Private room,60,30,5,1,0,0
35874420,55190776,Manhattan,Upper East Side,40.7853,-73.95047,Entire home/apt,100,30,9,1,0,0
35875206,269836191,Queens,Forest Hills,40.73183,-73.84833,Entire home/apt,250,30,4,1,0,0
36273876,53686964,Manhattan,Upper East Side,40.77584,-73.95255,Shared room,73,1,63,4,333,10
36274279,179256587,Queens,Long Island City,40.74939,-73.92061,Entire home/apt,95,30,3,1,219,0
35875685,269838822,Manhattan,Harlem,40.80617,-73.95027,Private room,70,30,7,1,365,0
35875858,263504959,Queens,Woodhaven,40.69337,-73.86503,Private room,55,30,30,8,249,0
36076577,271391063,Manhattan,Upper East Side,40.76884,-73.9572,Entire home/apt,199,30,11,1,0,0
36078765,3567433,Brooklyn,Bushwick,40.6921,-73.90849,Private room,45,30,14,2,0,0
36279030,272602584,Manhattan,Kips Bay,40.74127,-73.98244,Private room,65,30,1,1,0,0
36080023,188453457,Bronx,Claremont Village,40.84279,-73.90963,Entire home/apt,529,1,18,2,363,3
36082249,253753123,Brooklyn,Borough Park,40.63161,-73.99684,Private room,45,1,11,3,0,1
36085870,188453457,Bronx,Claremont Village,40.84166,-73.89798,Private room,204,30,0,2,180,0
35876828,268537798,Queens,Jackson Heights,40.75188,-73.87987,Private room,125,1,2,1,90,2
35877016,6489574,Manhattan,East Harlem,40.78866,-73.94922,Entire home/apt,90,30,9,2,0,0
36281984,45909314,Brooklyn,Bushwick,40.6979,-73.93557,Private room,30,1,1,1,0,0
35878938,269860794,Brooklyn,Bedford-Stuyvesant,40.6923,-73.93579,Entire home/apt,169,30,5,3,307,5
36100930,8094859,Brooklyn,Gowanus,40.68474,-73.98762,Entire home/apt,191,3,92,1,100,38
36286545,174811960,Queens,Ridgewood,40.7091,-73.8989,Private room,70,30,40,2,53,0
36296958,272966057,Brooklyn,East Flatbush,40.65969,-73.93381,Entire home/apt,105,3,31,1,43,11
36298671,266627618,Bronx,Wakefield,40.90396,-73.84868,Entire home/apt,189,4,30,6,259,15
36302523,271275048,Manhattan,Chelsea,40.74684,-73.99207,Entire home/apt,120,30,7,15,324,4
36101436,271561133,Brooklyn,Bay Ridge,40.62342,-74.02451,Private room,40,2,65,3,162,26
36102578,7065964,Brooklyn,Cypress Hills,40.67877,-73.89284,Entire home/apt,178,3,144,4,95,33
36103176,270008247,Manhattan,Midtown,40.76144,-73.9774,Private room,1000,1,3,3,250,0
36103414,270008247,Manhattan,Midtown,40.76313,-73.97716,Private room,1000,30,7,3,179,0
36105777,114413305,Brooklyn,Bushwick,40.69652,-73.90998,Private room,32,30,4,1,0,0
36107833,153692944,Brooklyn,Prospect-Lefferts Gardens,40.66162,-73.96177,Entire home/apt,100,1,8,1,0,0
36108534,113723310,Manhattan,Upper West Side,40.78868,-73.97412,Entire home/apt,210,30,3,60,342,1
36108675,266764027,Manhattan,Murray Hill,40.75048,-73.97968,Hotel room,785,1,7,4,327,2
36108871,266764027,Manhattan,Murray Hill,40.75049,-73.98027,Hotel room,470,1,1,4,339,0
36109132,23835825,Queens,Sunnyside,40.74437,-73.92086,Private room,82,30,1,1,0,0
36109149,11360902,Manhattan,Upper West Side,40.80081,-73.96184,Entire home/apt,180,30,7,1,70,0
36109805,113723310,Manhattan,Upper West Side,40.79085,-73.97385,Entire home/apt,170,30,9,60,219,3
36112186,271641582,Brooklyn,Crown Heights,40.67286,-73.96101,Entire home/apt,191,30,3,1,0,0
36113110,18594883,Brooklyn,Bedford-Stuyvesant,40.69209,-73.96055,Private room,65,30,5,1,0,0
36114015,197119374,Brooklyn,Williamsburg,40.70975,-73.95793,Private room,37,30,3,1,0,0
36114337,33949788,Brooklyn,Bedford-Stuyvesant,40.68146,-73.92432,Entire home/apt,200,3,59,1,155,30
36115258,271663737,Brooklyn,Williamsburg,40.70587,-73.95515,Entire home/apt,356,3,122,1,313,58
36115461,24633205,Brooklyn,Bedford-Stuyvesant,40.69042,-73.93939,Private room,63,30,31,1,0,0
36117267,129654782,Queens,Richmond Hill,40.68828,-73.81454,Entire home/apt,275,2,43,1,0,0
36117552,1196848,Manhattan,West Village,40.73661,-74.00945,Entire home/apt,185,2,15,1,0,5
35880719,269885851,Manhattan,Lower East Side,40.72238,-73.99261,Entire home/apt,425,30,46,1,15,5
35881328,45232769,Queens,Astoria,40.76678,-73.91857,Private room,60,10,1,3,0,0
35896695,1576926,Brooklyn,Bedford-Stuyvesant,40.691,-73.95026,Private room,75,30,31,1,333,6
35898731,263504959,Queens,Woodhaven,40.69324,-73.86437,Private room,55,30,31,8,249,0
35899251,270008247,Manhattan,Midtown,40.76171,-73.97536,Private room,399,1,6,3,65,0
35901159,268362077,Manhattan,Little Italy,40.71965,-73.99644,Private room,640,1,81,3,343,54
35903391,129301317,Manhattan,Washington Heights,40.84126,-73.93561,Private room,42,7,4,1,0,0
35906886,268362077,Manhattan,Little Italy,40.71999,-73.99629,Private room,658,1,77,3,344,7
36303314,24258807,Brooklyn,Williamsburg,40.71042,-73.95152,Entire home/apt,255,30,2,2,0,0
36307792,41698272,Manhattan,East Village,40.72833,-73.97953,Private room,165,5,11,1,0,0
35907916,116703956,Queens,Jackson Heights,40.75347,-73.88224,Private room,31,30,1,1,58,1
36134670,271784048,Manhattan,Harlem,40.82663,-73.93768,Private room,55,30,14,1,283,2
36137531,14499116,Manhattan,Stuyvesant Town,40.7344,-73.97523,Entire home/apt,250,30,0,1,0,0
36307882,111768943,Manhattan,Tribeca,40.71892,-74.00796,Entire home/apt,179,30,0,1,0,0
36137613,206115,Brooklyn,Bedford-Stuyvesant,40.68406,-73.92643,Entire home/apt,180,2,119,1,310,61
36139806,260209224,Queens,Jackson Heights,40.75242,-73.86965,Entire home/apt,57,30,30,3,64,0
36141106,13605253,Queens,Springfield Gardens,40.67242,-73.76059,Entire home/apt,166,30,35,1,5,0
35915030,270144441,Brooklyn,Park Slope,40.67981,-73.97758,Entire home/apt,175,5,38,1,212,11
36311265,97633452,Brooklyn,Williamsburg,40.71559,-73.94417,Private room,84,30,0,1,0,0
35929196,105717256,Brooklyn,Park Slope,40.673479200848085,-73.97828510964007,Entire home/apt,282,2,8,1,320,8
36142198,271841308,Brooklyn,Bushwick,40.69718,-73.93068,Entire home/apt,200,2,119,1,190,54
36142215,41484943,Brooklyn,Kensington,40.63674,-73.97494,Private room,50,30,1,1,0,0
36312999,86813128,Manhattan,Harlem,40.81468,-73.93628,Private room,42,30,3,1,0,0
36143087,226520484,Brooklyn,Williamsburg,40.71336,-73.95647,Private room,90,30,2,1,0,0
35934018,270280544,Queens,Briarwood,40.70455,-73.81403,Entire home/apt,78,30,54,1,216,3
35934279,507966,Brooklyn,Williamsburg,40.71743,-73.94559,Entire home/apt,214,3,4,2,99,0
36313048,16883913,Queens,Ridgewood,40.69854,-73.89866,Private room,85,1,2,1,0,0
36313671,19510896,Manhattan,Harlem,40.82383,-73.949,Private room,65,30,7,1,0,0
36314672,115168723,Brooklyn,Bushwick,40.70418,-73.92238,Private room,37,30,0,1,0,0
36315143,178272943,Queens,Jamaica,40.67042,-73.78061,Entire home/apt,364,1,13,5,152,1
36315759,107434423,Manhattan,Tribeca,40.714,-74.00956,Entire home/apt,426,31,0,453,352,0
36315795,61872828,Brooklyn,Bedford-Stuyvesant,40.68561,-73.92752,Private room,90,30,8,1,0,0
36315828,107434423,Manhattan,Tribeca,40.715793,-74.005871,Entire home/apt,495,31,1,453,352,0
36318290,116589400,Queens,Jamaica,40.6839,-73.80004,Entire home/apt,129,1,381,1,142,118
36368048,253681134,Manhattan,Harlem,40.83297,-73.9472,Private room,50,30,0,1,0,0
36370217,9864136,Brooklyn,Bedford-Stuyvesant,40.68479,-73.91569,Entire home/apt,75,30,0,28,365,0
36374141,37872024,Brooklyn,Crown Heights,40.67244,-73.92557,Private room,22,30,1,1,0,0
36378818,3449848,Manhattan,Chelsea,40.73854,-73.99865,Entire home/apt,225,30,0,1,0,0
36145317,63389796,Queens,Rockaway Beach,40.58726,-73.81588,Entire home/apt,182,1,91,1,116,29
36318625,50213173,Brooklyn,Crown Heights,40.67567,-73.9507,Private room,45,30,0,1,0,0
36319887,3247267,Brooklyn,Greenpoint,40.73592,-73.95423,Private room,80,1,6,1,0,0
36322141,54634154,Manhattan,Harlem,40.80289,-73.95361,Private room,69,30,9,1,108,3
36323065,273177557,Queens,Jamaica,40.66989,-73.77646,Private room,170,3,6,3,89,0
36146653,40984551,Brooklyn,Bushwick,40.70396,-73.92263,Private room,135,30,2,1,0,0
36148243,87915374,Queens,Corona,40.74063,-73.85864,Private room,50,30,16,1,0,0
36379279,273519401,Manhattan,Gramercy,40.73623,-73.98776,Entire home/apt,388,3,55,1,86,22
36333124,262224408,Brooklyn,Boerum Hill,40.6898,-73.98956,Private room,456,1,11,7,362,4
36344450,273312989,Brooklyn,Bay Ridge,40.63451,-74.02786,Shared room,28,30,2,1,0,0
36349092,273347409,Manhattan,Financial District,40.70342,-74.00842,Entire home/apt,395,30,3,1,0,0
36354043,270278177,Brooklyn,Flatlands,40.63081,-73.93093,Entire home/apt,91,2,83,1,69,35
36354114,93532582,Brooklyn,Park Slope,40.66837,-73.97988,Entire home/apt,78,180,0,1,0,0
36355730,230252627,Manhattan,Upper West Side,40.79817,-73.96785,Entire home/apt,80,30,2,1,0,0
36379292,273544738,Manhattan,Nolita,40.72,-73.99463,Entire home/apt,176,30,15,1,88,0
36379540,48434623,Queens,Long Island City,40.75235,-73.93089,Entire home/apt,150,3,52,1,112,27
36150813,271910029,Brooklyn,Bushwick,40.69062,-73.92135,Entire home/apt,120,4,55,1,0,6
36358848,273424772,Brooklyn,Prospect-Lefferts Gardens,40.65699,-73.9446,Entire home/apt,275,30,1,2,0,0
36381909,272290982,Queens,Ditmars Steinway,40.77644,-73.92103,Private room,50,30,13,1,0,0
36383411,162283008,Brooklyn,Clinton Hill,40.6876,-73.96343,Private room,108,2,12,1,0,10
36387416,6570630,Brooklyn,Bushwick,40.70285,-73.93261,Private room,70,30,0,1,0,0
36392805,1137008,Manhattan,Morningside Heights,40.81194,-73.95967,Entire home/apt,98,30,0,1,0,0
36394726,239638986,Brooklyn,Bushwick,40.69441,-73.92164,Private room,85,30,1,1,0,0
36404568,107434423,Manhattan,Upper East Side,40.7788913,-73.95349290000001,Entire home/apt,576,31,0,453,308,0
36358910,160175680,Queens,Ridgewood,40.70647,-73.90604,Entire home/apt,60,30,0,1,0,0
36151001,209921907,Brooklyn,Crown Heights,40.670181,-73.927567,Entire home/apt,99,3,63,2,38,27
36359662,310670,Bronx,Eastchester,40.87996,-73.83626,Entire home/apt,163,2,3,6,359,1
36360072,92178097,Queens,St. Albans,40.68835,-73.75634,Private room,45,2,27,2,282,3
36152335,55602526,Staten Island,Great Kills,40.54046,-74.14322,Entire home/apt,229,3,3,1,0,0
36411822,273768652,Brooklyn,Bay Ridge,40.62516,-74.03407,Private room,40,30,6,1,35,0
36413532,48685332,Manhattan,East Village,40.72139,-73.98289,Private room,100,30,0,1,0,0
36414576,45397566,Brooklyn,Bedford-Stuyvesant,40.68844,-73.93529,Private room,55,30,0,1,0,0
36416707,16677326,Manhattan,Chelsea,40.748657,-73.995651,Private room,88,1,35,22,277,35
36417250,133288905,Manhattan,Midtown,40.75163,-73.97316,Entire home/apt,369,4,2,4,0,2
36417643,49796302,Manhattan,East Harlem,40.79485,-73.93796,Entire home/apt,289,1,39,1,61,39
36417681,16677326,Manhattan,Chelsea,40.748657,-73.995651,Private room,97,1,33,22,323,33
36417926,272504878,Brooklyn,Crown Heights,40.677692292052896,-73.95109500724678,Private room,48,108,4,1,38,0
36420676,238989521,Queens,Sunnyside,40.73816,-73.92773,Private room,50,30,0,17,0,0
36421287,203866020,Queens,Long Island City,40.73656,-73.92894,Private room,50,1,33,1,0,0
36421493,238989521,Queens,Sunnyside,40.73813,-73.92734,Private room,28,30,3,17,0,0
36421575,238989521,Queens,Sunnyside,40.7382,-73.92563,Private room,40,30,1,17,0,0
36421632,238989521,Queens,Sunnyside,40.73951,-73.92759,Private room,44,30,1,17,0,0
36421679,238989521,Queens,Sunnyside,40.73777,-73.92755,Private room,33,30,3,17,0,0
36421737,238989521,Queens,Sunnyside,40.73973,-73.92627,Private room,35,30,0,17,0,0
36421783,238989521,Queens,Sunnyside,40.73814,-73.92729,Private room,35,30,4,17,0,0
36421864,238989521,Queens,Sunnyside,40.73985,-73.92582,Private room,32,30,4,17,0,0
36422549,2847655,Brooklyn,Sunset Park,40.66151,-73.99362,Entire home/apt,135,6,2,1,0,1
36591820,88774551,Manhattan,Chinatown,40.71759,-73.99283,Private room,157,30,1,1,0,0
36152878,271928929,Manhattan,Hell's Kitchen,40.75375,-73.99312,Entire home/apt,242,1,82,1,117,28
36168631,4169722,Manhattan,Harlem,40.80841,-73.94294,Entire home/apt,90,2,2,1,0,0
36592303,250660226,Manhattan,Roosevelt Island,40.76241,-73.95082,Private room,48,60,1,1,0,0
36425863,83554966,Manhattan,Upper East Side,40.78135,-73.95478,Private room,132,30,36,1,156,0
36426788,266645207,Queens,Laurelton,40.67025,-73.74414,Private room,65,1,31,3,364,5
36592512,128371146,Brooklyn,Sheepshead Bay,40.59897,-73.95956,Private room,39,30,5,1,0,0
36593724,275061156,Manhattan,Roosevelt Island,40.76335,-73.95014,Private room,110,3,82,1,291,41
36172519,219573002,Manhattan,Washington Heights,40.8562,-73.93319,Entire home/apt,90,30,7,1,0,0
36175342,48164151,Brooklyn,Sunset Park,40.66238,-73.99096,Entire home/apt,241,3,119,1,234,52
36596438,1982268,Manhattan,Upper West Side,40.79758,-73.96829,Entire home/apt,145,4,11,1,0,4
36599387,4110869,Manhattan,Harlem,40.82222,-73.95415,Private room,75,150,3,2,365,0
36600021,266797018,Manhattan,Little Italy,40.71933,-73.994843,Private room,138,1,61,14,319,48
36600031,172857908,Queens,Bayswater,40.60737,-73.76558,Private room,65,1,212,2,336,71
36600226,11243357,Brooklyn,Greenpoint,40.73005,-73.95188,Entire home/apt,138,7,0,1,0,0
36600797,266797018,Manhattan,Little Italy,40.71933,-73.994843,Private room,166,1,1,14,266,1
36600874,266797018,Manhattan,Little Italy,40.71933,-73.994843,Private room,180,1,3,14,298,2
36601016,266797018,Manhattan,Little Italy,40.71933,-73.994843,Private room,209,1,3,14,316,3
36601094,266797018,Manhattan,Little Italy,40.71933,-73.994843,Private room,166,1,36,14,340,33
36601199,266797018,Manhattan,Little Italy,40.71933,-73.994843,Private room,201,1,7,14,262,2
36601330,266797018,Manhattan,Little Italy,40.71933,-73.994843,Private room,215,1,1,14,321,0
36601463,266797018,Manhattan,Little Italy,40.719517,-73.995049,Private room,279,1,3,14,308,0
36601529,266797018,Manhattan,Little Italy,40.71933,-73.994843,Private room,187,1,2,14,310,2
36601571,266797018,Manhattan,Little Italy,40.71933,-73.994843,Private room,236,1,112,14,342,34
36601762,266797018,Manhattan,Little Italy,40.71933,-73.994843,Private room,250,1,0,14,263,0
36602019,266797018,Manhattan,Little Italy,40.71933,-73.994843,Private room,271,1,0,14,276,0
36602159,266797018,Manhattan,Little Italy,40.71933,-73.994843,Private room,430,1,0,14,309,0
36602945,274792241,Manhattan,Washington Heights,40.84328,-73.93905,Private room,85,30,16,2,0,0
36178860,60139158,Brooklyn,Clinton Hill,40.68729,-73.96124,Entire home/apt,201,3,88,1,151,31
36179952,195081151,Manhattan,SoHo,40.72825,-74.00373,Entire home/apt,143,300,2,1,0,0
36428186,141511069,Bronx,Morrisania,40.83109,-73.89519,Entire home/apt,99,7,52,1,132,24
36435986,37678939,Bronx,Claremont Village,40.8357,-73.90998,Private room,125,3,15,2,0,0
36441134,3054124,Brooklyn,Williamsburg,40.71068,-73.9609,Entire home/apt,150,6,6,1,2,2
36604373,71007971,Manhattan,West Village,40.7336,-74.00472,Entire home/apt,155,30,10,1,0,0
36605700,17848391,Manhattan,East Harlem,40.79035,-73.94167,Entire home/apt,150,30,2,1,0,0
36606490,67452942,Manhattan,Stuyvesant Town,40.73117,-73.98195,Entire home/apt,333,3,28,1,35,12
36452170,9626457,Brooklyn,Williamsburg,40.71412,-73.95075,Entire home/apt,139,4,71,1,0,4
36452965,63272360,Queens,Woodhaven,40.69331,-73.86625,Entire home/apt,155,7,32,3,10,25
36453533,156768745,Manhattan,Washington Heights,40.85311,-73.94188,Private room,85,5,0,1,0,0
36454717,263504959,Queens,Woodhaven,40.69293,-73.86598,Private room,55,30,20,8,249,0
36455321,263504959,Queens,Woodhaven,40.69164,-73.86595,Private room,55,30,23,8,249,0
36455649,263504959,Queens,Woodhaven,40.69157,-73.86415,Private room,55,30,27,8,249,0
36456829,6677425,Manhattan,Upper West Side,40.798,-73.96174,Shared room,44,2,64,3,250,32
36457832,63272360,Queens,Woodhaven,40.69353,-73.8661,Entire home/apt,100,7,56,3,161,18
36832048,276829981,Brooklyn,Flatbush,40.63988,-73.96482,Entire home/apt,200,30,29,4,0,4
36618017,107177664,Brooklyn,Williamsburg,40.70982,-73.94733,Private room,73,21,1,1,147,1
36833047,98095902,Bronx,Williamsbridge,40.87885,-73.85676,Entire home/apt,52,30,67,1,0,0
36834575,45204053,Brooklyn,Williamsburg,40.71519,-73.94181,Entire home/apt,115,30,10,2,0,0
36620796,228957948,Brooklyn,Crown Heights,40.67315,-73.93008,Private room,60,30,0,1,0,0
36629436,8637211,Manhattan,Harlem,40.81908,-73.94559,Private room,86,1,35,5,36,30
36629467,11016187,Queens,Ridgewood,40.70646,-73.91422,Private room,55,30,8,1,0,0
36631070,11189098,Manhattan,East Village,40.72954,-73.98217,Entire home/apt,130,30,6,1,0,0
36631549,69683180,Manhattan,Theater District,40.76021,-73.98687,Entire home/apt,220,30,0,2,0,0
36632562,275337720,Brooklyn,Bensonhurst,40.60909,-73.99751,Entire home/apt,146,3,41,1,168,15
36468108,274188386,Manhattan,East Village,40.7314939958176,-73.98725273599138,Private room,368,1,0,2,365,0
36468375,274188386,Manhattan,Gramercy,40.73654,-73.99022,Private room,389,1,67,2,179,0
36471896,23548340,Manhattan,Upper East Side,40.77232,-73.95525,Private room,140,30,4,1,0,0
36474706,10186459,Manhattan,Flatiron District,40.7428,-73.99119,Entire home/apt,180,30,0,1,0,0
36633369,275343844,Brooklyn,Flatlands,40.62748,-73.94605,Entire home/apt,122,2,39,1,14,2
36836336,15655054,Brooklyn,Sunset Park,40.66045,-73.98989,Entire home/apt,111,30,40,1,76,20
36838192,276866466,Queens,Long Island City,40.75834,-73.93123,Entire home/apt,369,30,94,1,248,1
36633511,5014989,Brooklyn,Williamsburg,40.70504,-73.952,Private room,50,30,1,1,0,0
36637775,57973441,Brooklyn,Williamsburg,40.70436,-73.94093,Private room,79,30,3,1,0,0
36475360,218289083,Queens,Ozone Park,40.67274,-73.85226,Shared room,75,30,2,1,365,0
36477307,241945355,Brooklyn,East Flatbush,40.63332,-73.92749,Entire home/apt,200,1,25,4,157,10
36639320,231357949,Manhattan,Hell's Kitchen,40.75453,-73.99837,Entire home/apt,399,30,5,1,0,0
36639391,45097961,Brooklyn,Greenpoint,40.72601,-73.95545,Private room,146,1,23,3,0,6
36481615,274298453,Brooklyn,Greenpoint,40.7246,-73.93982,Private room,65,30,7,1,0,0
36485171,143040555,Queens,Astoria,40.76748,-73.90982,Private room,75,5,11,2,326,8
36839512,276878527,Manhattan,Hell's Kitchen,40.76821,-73.99074,Entire home/apt,350,30,4,25,315,1
36639611,564647,Brooklyn,Bedford-Stuyvesant,40.68777,-73.93334,Entire home/apt,145,3,17,1,0,0
36639976,275402693,Queens,Sunnyside,40.73898,-73.92157,Private room,59,30,25,2,0,0
36839655,85867497,Bronx,Riverdale,40.88654,-73.90791,Entire home/apt,178,3,31,1,31,12
36839873,276878527,Manhattan,Hell's Kitchen,40.76687,-73.98655,Entire home/apt,325,60,0,25,332,0
36640816,228415932,Queens,Rosedale,40.65392,-73.74116,Private room,49,1,164,6,165,82
36640931,228415932,Queens,Rosedale,40.65587,-73.74119,Private room,49,1,203,6,158,64
36643130,200308208,Brooklyn,Bedford-Stuyvesant,40.69335,-73.929,Private room,60,30,10,1,0,0
36840098,61978844,Brooklyn,Bushwick,40.69806,-73.93621,Entire home/apt,110,30,1,1,0,0
36485642,3381805,Manhattan,Harlem,40.8319,-73.94641,Private room,72,2,10,1,231,10
36656933,174494091,Brooklyn,Bedford-Stuyvesant,40.69379,-73.9397,Entire home/apt,100,30,11,1,298,3
36660274,47782497,Brooklyn,East New York,40.66942,-73.87604,Private room,63,30,43,5,262,23
36661909,266764027,Manhattan,Murray Hill,40.75164,-73.9791,Hotel room,380,1,30,4,345,8
36663696,269311516,Manhattan,Washington Heights,40.84573,-73.9391,Entire home/apt,189,30,71,2,267,1
36487245,68119814,Manhattan,Hell's Kitchen,40.76541,-73.98818,Private room,65,30,1,1,0,0
36487317,16725437,Brooklyn,Bushwick,40.70582,-73.91917,Entire home/apt,149,10,4,2,0,1
36668085,31617911,Manhattan,Chinatown,40.71775,-73.99989,Entire home/apt,999,30,1,1,0,0
36684171,102799406,Queens,Maspeth,40.72311,-73.9086,Entire home/apt,149,30,6,2,0,0
36693907,256052614,Brooklyn,Bedford-Stuyvesant,40.69349,-73.9562,Private room,94,4,15,1,0,0
36488148,45364265,Bronx,Kingsbridge,40.87019,-73.90522,Entire home/apt,90,30,2,1,97,0
36841167,73944266,Queens,Flushing,40.74247,-73.81701,Private room,75,2,36,4,79,16
36696708,11123552,Brooklyn,Bushwick,40.70247,-73.92239,Private room,69,30,9,3,0,0
36696860,272824348,Brooklyn,Bedford-Stuyvesant,40.68073,-73.94877,Private room,64,30,48,4,327,4
36843563,276865574,Queens,Astoria,40.76622,-73.92789,Private room,40,5,15,1,0,0
36488767,163474911,Brooklyn,Williamsburg,40.71944,-73.94137,Entire home/apt,225,3,21,2,0,5
36500145,15356710,Brooklyn,Brighton Beach,40.57553,-73.9643,Private room,35,30,0,2,77,0
36501387,107434423,Manhattan,Nolita,40.721806,-73.996429,Entire home/apt,457,31,0,453,305,0
36510434,26479712,Brooklyn,Bedford-Stuyvesant,40.67665,-73.90908,Private room,120,30,0,2,0,0
36513425,192380484,Queens,Long Island City,40.76196,-73.92787,Private room,65,2,84,1,7,32
36517175,133288905,Manhattan,Midtown,40.75146,-73.97187,Entire home/apt,409,3,17,4,0,11
36523372,1447447,Manhattan,Hell's Kitchen,40.7558,-73.99653,Entire home/apt,275,2,29,1,2,12
36523430,197400421,Manhattan,Chinatown,40.71563,-73.9999,Entire home/apt,258,30,2,3,0,0
36697133,275822205,Manhattan,Harlem,40.80382,-73.95043,Private room,98,2,57,1,142,15
36523682,274591718,Queens,Richmond Hill,40.69555,-73.81476,Private room,60,2,17,1,0,0
36525799,23911445,Queens,Forest Hills,40.73361,-73.85461,Entire home/apt,200,4,59,1,263,27
36526390,274615416,Queens,Elmhurst,40.7367,-73.867,Private room,100,30,13,1,0,0
36526767,22020703,Manhattan,Washington Heights,40.85502,-73.92784,Private room,65,3,1,2,357,0
36844943,276931527,Queens,Woodhaven,40.68904,-73.85207,Entire home/apt,265,30,45,1,0,0
36846836,276950232,Manhattan,Inwood,40.8597,-73.93184,Private room,80,30,10,1,0,0
36698970,275839005,Manhattan,Harlem,40.82743,-73.95114,Private room,130,2,46,1,339,32
36846879,48895336,Manhattan,Tribeca,40.7139,-74.00732,Entire home/apt,300,5,2,1,0,0
36531254,11025878,Brooklyn,Boerum Hill,40.68623,-73.99069,Private room,110,30,3,1,0,0
36533065,274665786,Manhattan,Harlem,40.82393,-73.95321,Private room,60,30,10,1,0,0
36551363,44781865,Brooklyn,Williamsburg,40.70874,-73.94828,Entire home/apt,380,4,14,2,1,9
36554098,274792241,Manhattan,Washington Heights,40.84509,-73.93976,Private room,85,30,8,2,0,0
36700053,47532,Brooklyn,Bedford-Stuyvesant,40.68509,-73.92623,Private room,44,30,10,2,35,5
36702060,19409609,Manhattan,Washington Heights,40.85582,-73.93258,Entire home/apt,90,30,1,1,0,0
36711786,68327820,Manhattan,Harlem,40.82327,-73.94114,Entire home/apt,125,30,3,2,0,0
36724527,276028531,Queens,Sunnyside,40.74048,-73.92585,Private room,55,2,15,1,0,0
36558463,274823301,Brooklyn,Williamsburg,40.7089,-73.9665,Entire home/apt,140,2,22,1,0,1
36849605,807734,Manhattan,Lower East Side,40.71453,-73.98703,Entire home/apt,285,30,9,1,66,1
36727825,53686964,Manhattan,Upper East Side,40.77595,-73.95319,Private room,99,1,141,4,303,59
36732625,103423674,Manhattan,Hell's Kitchen,40.76752,-73.98743,Entire home/apt,165,90,2,3,0,0
36560083,264393536,Brooklyn,Crown Heights,40.67335,-73.95238,Entire home/apt,182,1,127,2,148,46
36737189,275996876,Brooklyn,Bay Ridge,40.62351,-74.01972,Shared room,40,30,4,3,0,0
36753879,107434423,Manhattan,East Village,40.726579,-73.988059,Entire home/apt,392,31,0,453,0,0
36757842,256462453,Queens,Jamaica,40.68662,-73.79448,Private room,100,1,0,2,218,0
36761349,273073312,Brooklyn,Williamsburg,40.71039,-73.95383,Entire home/apt,505,2,90,1,330,46
36560602,145537757,Manhattan,Upper West Side,40.78981,-73.97108,Entire home/apt,250,7,14,1,6,2
36561962,269860794,Brooklyn,Bedford-Stuyvesant,40.69349,-73.93579,Entire home/apt,215,30,4,3,285,4
36852925,110539055,Bronx,Williamsbridge,40.87748,-73.85336,Private room,69,5,14,1,284,4
36762958,67587078,Queens,Springfield Gardens,40.67468,-73.76317,Entire home/apt,207,2,130,3,164,30
36870557,87308188,Brooklyn,Bedford-Stuyvesant,40.68531,-73.95188,Entire home/apt,75,30,5,1,0,0
36872628,272824348,Brooklyn,Bedford-Stuyvesant,40.68078,-73.95052,Private room,62,30,39,4,96,3
36875336,272824348,Brooklyn,Bedford-Stuyvesant,40.68034,-73.94909,Private room,69,30,47,4,80,2
36877037,276381047,Manhattan,Lower East Side,40.72194,-73.99249,Entire home/apt,367,30,1,1,98,0
36565460,241568722,Brooklyn,Williamsburg,40.71047,-73.95541,Entire home/apt,400,30,0,1,0,0
36765969,18167085,Queens,Ridgewood,40.69314,-73.90355,Entire home/apt,120,30,5,1,0,0
36766218,1679238,Brooklyn,Bedford-Stuyvesant,40.69887,-73.95058,Private room,50,2,0,3,0,0
36772632,261427783,Brooklyn,Crown Heights,40.67368,-73.94646,Private room,70,30,18,2,68,0
36773145,21554910,Manhattan,Upper East Side,40.78036,-73.94921,Private room,220,2,31,1,21,16
36566957,250734878,Brooklyn,Williamsburg,40.70281,-73.94275,Private room,90,30,1,1,83,1
36568789,6464669,Brooklyn,Gowanus,40.68311,-73.98711,Entire home/apt,600,30,0,1,26,0
36882448,39750809,Manhattan,Harlem,40.81877,-73.93644,Private room,60,30,4,1,0,0
36900144,4363605,Brooklyn,Bedford-Stuyvesant,40.68293,-73.91257,Private room,121,1,294,1,152,87
36903715,22780462,Queens,Kew Gardens Hills,40.72895,-73.82603,Entire home/apt,263,3,18,2,250,1
36776377,12647129,Brooklyn,Williamsburg,40.70535,-73.94187,Private room,125,2,4,1,0,0
36783928,15880141,Manhattan,Midtown,40.74654,-73.9836,Entire home/apt,213,5,61,1,29,33
36904374,64127897,Queens,Sunnyside,40.74558,-73.92495,Private room,69,30,18,1,132,5
36906533,177846,Brooklyn,Fort Greene,40.68722,-73.97599,Private room,75,2,11,3,12,0
36906763,137358866,Queens,Woodside,40.74482,-73.9066,Private room,84,30,5,111,341,3
36906882,22010249,Brooklyn,Bushwick,40.69159,-73.91261,Private room,86,2,45,5,35,13
36569876,274911319,Queens,Springfield Gardens,40.66205,-73.77462,Entire home/apt,112,1,147,1,44,47
36571835,5704932,Bronx,Fordham,40.86684,-73.88782,Private room,41,30,24,4,191,3
36581537,268613328,Manhattan,Murray Hill,40.74888,-73.97721,Hotel room,239,1,0,7,253,0
36585314,8113165,Brooklyn,Canarsie,40.63632,-73.90972,Private room,137,1,0,2,347,0
36585716,269823883,Manhattan,Hell's Kitchen,40.76922,-73.99098,Private room,10000,30,0,1,365,0
36589562,271275048,Manhattan,Chelsea,40.74684,-73.99207,Entire home/apt,125,30,4,15,287,0
37041936,278514478,Brooklyn,Prospect-Lefferts Gardens,40.66046,-73.95929,Entire home/apt,43,280,2,1,280,1
36791797,50145118,Brooklyn,Bedford-Stuyvesant,40.69708,-73.93556,Private room,43,30,0,1,0,0
37048087,59040996,Brooklyn,Sunset Park,40.64608,-74.01433,Entire home/apt,99,2,161,1,295,46
37052586,277164807,Manhattan,Two Bridges,40.71267,-73.99289,Entire home/apt,200,30,6,1,0,0
37053079,12123995,Manhattan,Hell's Kitchen,40.75934,-73.99339,Entire home/apt,276,3,86,3,217,54
36907061,277359592,Brooklyn,Bedford-Stuyvesant,40.6916,-73.93622,Entire home/apt,175,2,23,1,154,8
36907176,64889149,Brooklyn,Fort Greene,40.686508,-73.977104,Entire home/apt,200,30,15,3,364,2
36794104,276558543,Brooklyn,Greenpoint,40.72422,-73.95021,Entire home/apt,185,5,33,1,10,3
36908046,188339637,Brooklyn,Clinton Hill,40.68331,-73.96287,Entire home/apt,135,30,1,1,0,0
36796156,54784332,Queens,Queens Village,40.72733,-73.73571,Entire home/apt,185,7,21,1,156,2
36912362,7659349,Brooklyn,Fort Hamilton,40.61885,-74.03263,Private room,129,30,0,1,88,0
36914033,159598333,Manhattan,Upper East Side,40.78319,-73.94717,Entire home/apt,177,30,4,12,364,2
37054496,22445947,Manhattan,West Village,40.7359,-74.00092,Entire home/apt,125,30,2,1,0,0
36798303,1407104,Brooklyn,Williamsburg,40.70846,-73.94295,Entire home/apt,130,30,0,1,0,0
36803276,4264890,Manhattan,Hell's Kitchen,40.76517,-73.98424,Entire home/apt,110,30,2,3,2,0
36804299,50453660,Brooklyn,Bedford-Stuyvesant,40.69096,-73.94401,Entire home/apt,420,5,8,1,350,3
36808816,102482048,Brooklyn,Bushwick,40.68343,-73.90726,Private room,40,2,39,6,33,21
36808981,276684135,Manhattan,Upper East Side,40.76246,-73.96359,Entire home/apt,253,30,5,1,0,1
37055281,47653589,Manhattan,Financial District,40.70597,-74.0106,Entire home/apt,135,30,7,2,0,0
37055580,227179489,Manhattan,Roosevelt Island,40.76134,-73.95041,Private room,99,3,37,2,41,3
36916000,65523874,Brooklyn,East Flatbush,40.65247,-73.92703,Entire home/apt,213,1,71,1,269,17
36917552,267272502,Bronx,Claremont Village,40.84196,-73.90571,Entire home/apt,110,5,7,28,129,1
36922223,137358866,Queens,Woodside,40.73994,-73.8934,Private room,61,30,5,111,258,2
36811139,276683878,Brooklyn,East Flatbush,40.65042,-73.93213,Private room,211,30,2,1,0,0
36937952,6519890,Manhattan,Midtown,40.76573,-73.98161,Entire home/apt,189,30,1,1,141,1
36939361,880975,Manhattan,West Village,40.73134,-74.00298,Entire home/apt,130,30,4,1,0,0
37055877,23732730,Bronx,Morris Park,40.85713,-73.84458,Entire home/apt,550,30,3,1,365,2
36813246,276713973,Manhattan,Marble Hill,40.87568,-73.91023,Private room,36,30,47,1,110,6
37056637,118983907,Manhattan,Midtown,40.762,-73.97871,Entire home/apt,290,6,1,1,0,0
36939654,1931828,Manhattan,Chelsea,40.75139,-73.99525,Private room,60,30,3,1,0,0
36813643,276702827,Brooklyn,Sunset Park,40.66444,-73.99461,Entire home/apt,171,2,97,1,324,38
36815318,2930761,Queens,Fresh Meadows,40.7523,-73.78529,Entire home/apt,123,7,21,10,295,3
36819630,188207570,Brooklyn,Red Hook,40.67673,-74.00194,Entire home/apt,84,7,5,1,0,0
37056638,278691646,Queens,Howard Beach,40.64939,-73.83936,Private room,57,2,23,1,35,0
37056835,64889149,Brooklyn,Fort Greene,40.68587,-73.97637,Entire home/apt,300,30,8,3,364,0
37216159,279906986,Queens,Astoria,40.75792,-73.92852,Private room,50,2,31,3,318,16
37059318,392929,Brooklyn,South Slope,40.6639,-73.98547,Entire home/apt,379,4,38,1,13,5
36939782,103020905,Brooklyn,Bushwick,40.68561,-73.90882,Private room,65,30,32,1,0,0
36940057,266645207,Queens,Laurelton,40.66941,-73.74459,Private room,57,1,40,3,365,10
36941192,2867236,Brooklyn,Clinton Hill,40.68239,-73.96418,Entire home/apt,695,3,5,1,64,3
37216267,42300406,Manhattan,Upper West Side,40.78643,-73.97274,Entire home/apt,86,30,1,1,0,0
36942878,221250223,Queens,Forest Hills,40.72014,-73.84115,Private room,48,30,43,1,0,0
36943029,75268330,Queens,Astoria,40.7642,-73.90611,Entire home/apt,404,2,117,1,244,56
37059899,278744903,Brooklyn,Crown Heights,40.67136,-73.94888,Entire home/apt,358,3,25,2,88,16
37060459,68432581,Manhattan,Greenwich Village,40.73502,-73.99342,Entire home/apt,229,30,13,1,0,0
37060607,278744903,Brooklyn,Crown Heights,40.66991,-73.94838,Entire home/apt,672,3,18,2,79,9
37074081,204704622,Queens,Woodside,40.74642,-73.89354,Private room,39,30,0,157,0,0
37074193,204704622,Queens,Woodside,40.74606,-73.89966,Private room,32,30,1,157,0,1
37216694,4324105,Queens,Astoria,40.76424,-73.92351,Entire home/apt,95,3,3,1,0,0
37217357,280209639,Brooklyn,Flatbush,40.63391,-73.95923,Entire home/apt,85,30,19,1,0,0
37082885,278922840,Brooklyn,Bedford-Stuyvesant,40.68466,-73.93013,Entire home/apt,124,2,39,1,76,13
37083736,278925199,Manhattan,Midtown,40.75886,-73.96064,Entire home/apt,225,30,8,17,365,2
37085182,48593753,Manhattan,Harlem,40.80226,-73.95727,Entire home/apt,120,30,0,7,218,0
36944046,11560683,Manhattan,Financial District,40.71085,-74.00657,Entire home/apt,250,2,4,1,0,0
36945647,159598333,Manhattan,Upper East Side,40.78107,-73.94648,Entire home/apt,99,30,2,12,364,1
36946192,277736044,Brooklyn,Flatbush,40.6441,-73.96018,Private room,60,2,18,1,0,0
37218076,243909277,Queens,Forest Hills,40.72253,-73.85604,Private room,85,14,10,1,137,3
36948978,277755975,Brooklyn,Sunset Park,40.64779,-74.01911,Entire home/apt,85,1,134,1,0,63
37085302,278330859,Brooklyn,Flatlands,40.62718,-73.91924,Entire home/apt,155,3,48,1,360,12
37085967,104157084,Brooklyn,Bedford-Stuyvesant,40.68045,-73.94853,Shared room,75,30,0,1,0,0
37219305,126247863,Queens,Richmond Hill,40.69566,-73.81494,Private room,60,1,56,4,249,12
37240184,48005494,Manhattan,Financial District,40.70501,-74.0077,Entire home/apt,190,30,3,38,144,2
37086425,80958853,Queens,Ditmars Steinway,40.7754,-73.9189,Entire home/apt,200,1,7,1,0,6
37086914,14022130,Brooklyn,Williamsburg,40.70942,-73.95802,Entire home/apt,105,28,6,1,0,0
36963544,97366994,Queens,Springfield Gardens,40.68518960637979,-73.75331157635588,Private room,129,3,44,1,157,21
37243389,280387425,Brooklyn,East Flatbush,40.64311,-73.93701,Private room,120,2,17,2,64,0
36968066,274606309,Brooklyn,Fort Greene,40.6955,-73.98162,Entire home/apt,89,30,5,1,0,0
37087668,18139801,Manhattan,Financial District,40.70709,-74.01438,Entire home/apt,175,30,8,1,0,0
37245145,93062395,Manhattan,Upper East Side,40.78284,-73.94707,Entire home/apt,349,5,14,1,0,0
37093438,85281944,Brooklyn,East Flatbush,40.66106,-73.92277,Entire home/apt,113,1,74,1,333,20
37093925,265204049,Brooklyn,Crown Heights,40.6676,-73.93799,Entire home/apt,225,30,11,1,0,0
36970116,34143258,Queens,Jackson Heights,40.75106,-73.88139,Entire home/apt,100,30,1,1,0,0
36971881,12767750,Brooklyn,Williamsburg,40.71315,-73.94412,Entire home/apt,50,14,5,2,0,0
37245813,10387090,Brooklyn,Bedford-Stuyvesant,40.68316,-73.91214,Private room,50,30,2,10,99,2
37246036,129305100,Manhattan,Upper West Side,40.80032,-73.96067,Entire home/apt,379,30,0,1,0,0
37246322,266764027,Manhattan,Midtown,40.75263,-73.97821,Hotel room,448,1,14,4,326,0
37247512,136218354,Brooklyn,Flatbush,40.6438,-73.96446,Entire home/apt,175,4,19,1,126,0
36974600,206531358,Queens,Arverne,40.59838,-73.79673,Entire home/apt,190,3,81,1,172,25
37094204,279024287,Manhattan,West Village,40.7395,-74.00228,Entire home/apt,199,30,7,2,311,1
37094209,278925199,Manhattan,Midtown,40.75896,-73.96135,Entire home/apt,199,30,8,17,238,4
37247936,30532557,Brooklyn,Bedford-Stuyvesant,40.68952,-73.92672,Private room,40,30,3,26,217,2
37250030,48593753,Manhattan,Harlem,40.80145,-73.95748,Entire home/apt,115,30,4,7,298,3
37250201,100426482,Brooklyn,Bedford-Stuyvesant,40.68134,-73.92586,Entire home/apt,185,30,14,1,0,0
37094830,24999007,Brooklyn,Bedford-Stuyvesant,40.6902,-73.93712,Entire home/apt,228,30,70,2,216,26
37096121,183360807,Brooklyn,Bushwick,40.69425,-73.911,Private room,60,30,8,2,125,4
36975161,203294661,Brooklyn,Clinton Hill,40.68255,-73.95892,Private room,65,30,1,1,0,0
36975376,71289710,Brooklyn,Brooklyn Heights,40.69166,-73.99848,Entire home/apt,259,3,161,2,86,60
36978032,45467925,Brooklyn,Gowanus,40.66714,-73.99401,Entire home/apt,360,14,2,2,0,0
36978092,5022712,Brooklyn,Prospect-Lefferts Gardens,40.66187,-73.94999,Private room,90,30,0,1,0,0
37251422,2138902,Brooklyn,Gowanus,40.66654,-73.99391,Private room,50,30,3,2,0,0
37251520,19243808,Manhattan,Upper West Side,40.76802,-73.98254,Entire home/apt,354,30,12,12,16,6
37096663,4183061,Brooklyn,Crown Heights,40.66624,-73.93768,Entire home/apt,75,2,16,1,0,0
37251887,280387425,Brooklyn,East Flatbush,40.64383,-73.93681,Private room,120,2,48,2,65,0
37252251,133197429,Queens,Ozone Park,40.67354,-73.8419,Entire home/apt,149,1,256,4,350,83
37114037,47585809,Staten Island,Grymes Hill,40.6134,-74.08952,Entire home/apt,144,3,26,1,277,6
36979307,65679790,Brooklyn,Williamsburg,40.71842,-73.95983,Shared room,208,30,5,1,0,0
37253210,61842904,Brooklyn,Prospect Heights,40.67816,-73.96565,Entire home/apt,123,30,12,4,0,6
37254070,31524577,Brooklyn,Williamsburg,40.71758,-73.95831,Private room,85,4,4,1,0,0
36980176,278032477,Brooklyn,Gravesend,40.58482,-73.96932,Private room,26,30,8,1,0,0
36981285,47782497,Brooklyn,East New York,40.67002,-73.87826,Private room,63,30,36,5,365,13
36981461,1892281,Brooklyn,East Flatbush,40.65821,-73.91991,Private room,225,3,39,2,164,9
37117469,140981137,Queens,College Point,40.79144,-73.84316,Entire home/apt,380,1,8,7,117,1
37119415,279208415,Brooklyn,Flatbush,40.63214,-73.94767,Entire home/apt,140,4,3,1,250,2
37254241,280461278,Manhattan,Upper East Side,40.76688,-73.95361,Entire home/apt,180,2,6,1,0,0
37122162,266755066,Manhattan,Lower East Side,40.72259,-73.98841,Private room,236,1,888,4,321,375
37122437,266755066,Manhattan,Lower East Side,40.72258,-73.99046,Private room,284,1,165,4,346,75
37122502,266755066,Manhattan,East Village,40.7238,-73.99038,Private room,243,1,1384,4,343,793
37122566,266755066,Manhattan,East Village,40.72388,-73.98879,Private room,289,1,133,4,283,86
37132673,65671256,Queens,Jackson Heights,40.75786,-73.8601,Entire home/apt,106,1,172,4,46,79
36991984,183059897,Brooklyn,East New York,40.66981,-73.87756,Entire home/apt,126,3,231,2,349,51
37254729,143040555,Queens,Astoria,40.76887,-73.90962,Private room,66,5,8,2,36,7
37260106,37718300,Queens,Forest Hills,40.7344,-73.85539,Entire home/apt,123,4,75,3,307,25
37260475,37718300,Queens,Forest Hills,40.73386,-73.85464,Entire home/apt,116,4,25,3,310,23
37262517,30080463,Manhattan,Harlem,40.80417,-73.95003,Entire home/apt,160,30,9,3,36,6
37272016,107434423,Manhattan,SoHo,40.72669579999999,-74.0013997,Entire home/apt,397,31,0,453,35,0
37280114,273966126,Brooklyn,Bedford-Stuyvesant,40.68752,-73.95485,Entire home/apt,750,2,17,1,311,4
36998345,278161659,Brooklyn,Williamsburg,40.70637,-73.92704,Entire home/apt,172,30,106,1,1,3
37002006,9614389,Brooklyn,Williamsburg,40.71147,-73.94896,Entire home/apt,251,30,59,1,71,29
37003752,835112,Brooklyn,South Slope,40.668072,-73.986961,Private room,105,1,0,2,0,0
37280342,38350640,Queens,Astoria,40.75839,-73.90926,Entire home/apt,80,30,5,1,0,0
37003767,2155360,Brooklyn,Sunset Park,40.66178,-73.99222,Entire home/apt,144,30,0,1,127,0
37006114,23592584,Brooklyn,Clinton Hill,40.69034,-73.96484,Private room,150,2,9,1,0,0
37138708,9328891,Manhattan,Inwood,40.87134,-73.91821,Private room,170,30,0,1,0,0
37138983,107434423,Manhattan,Upper West Side,40.77199,-73.98026,Entire home/apt,424,31,1,453,264,1
37140513,271308645,Manhattan,SoHo,40.7198,-74.00004,Private room,149,1,16,9,209,2
37140722,271308645,Manhattan,SoHo,40.7198,-74.00004,Private room,169,1,13,9,99,0
37140782,271308645,Manhattan,Tribeca,40.7227,-74.00836,Private room,179,1,10,9,139,1
37140882,271308645,Manhattan,SoHo,40.71915,-74.00078,Private room,229,1,48,9,68,1
37140989,271308645,Manhattan,SoHo,40.72028,-73.99893,Private room,249,1,29,9,52,0
37141162,271308645,Manhattan,Little Italy,40.7187,-73.99919,Private room,249,1,0,9,111,0
37141285,271308645,Manhattan,SoHo,40.7209,-73.99953,Private room,269,1,0,9,131,0
37141377,271308645,Manhattan,Chinatown,40.71866,-74.00112,Private room,219,1,1,9,220,0
37141484,271308645,Manhattan,SoHo,40.72079,-73.9992,Private room,259,1,0,9,65,0
37144126,275031666,Brooklyn,Brownsville,40.66837,-73.91942,Entire home/apt,300,3,0,1,287,0
37145028,73944266,Queens,Flushing,40.74209,-73.81727,Private room,48,30,14,4,64,2
37146175,16545187,Manhattan,West Village,40.735,-74.00271,Private room,150,30,0,1,0,0
37281255,11015141,Brooklyn,Fort Greene,40.68715,-73.97278,Entire home/apt,401,3,10,1,139,10
37282283,159598333,Manhattan,Upper East Side,40.78336,-73.94525,Private room,105,30,4,12,365,0
37282528,273424772,Brooklyn,Prospect-Lefferts Gardens,40.65827,-73.94663,Entire home/apt,275,30,1,2,0,0
37283751,41261306,Brooklyn,Clinton Hill,40.69259,-73.96126,Private room,120,4,14,2,33,14
37285042,10355206,Queens,Ridgewood,40.70303,-73.90756,Entire home/apt,86,30,4,2,332,4
37285128,107434423,Manhattan,East Village,40.730657,-73.988651,Entire home/apt,341,31,0,453,334,0
37289092,280726237,Brooklyn,Canarsie,40.6465,-73.89756,Private room,69,1,1,1,348,1
37146931,120835,Manhattan,East Harlem,40.79927,-73.93886,Entire home/apt,120,30,3,1,0,0
37147093,271275048,Manhattan,Chelsea,40.74684,-73.99207,Entire home/apt,130,30,5,15,226,3
37006731,163435333,Brooklyn,Bensonhurst,40.61041,-73.99748,Entire home/apt,65,30,7,1,0,0
37007695,165323807,Manhattan,Upper West Side,40.78464,-73.97445,Private room,157,2,25,3,161,20
37290206,183423525,Manhattan,Upper West Side,40.80341,-73.96819,Entire home/apt,300,300,0,3,365,0
37008287,33221352,Brooklyn,Bedford-Stuyvesant,40.68649,-73.94747,Entire home/apt,218,4,3,1,0,0
37011601,22210080,Manhattan,Hell's Kitchen,40.76349,-73.99087,Entire home/apt,308,2,8,2,230,7
37291686,250993231,Bronx,Parkchester,40.84136,-73.85539,Entire home/apt,60,30,19,1,34,1
37016603,278304113,Queens,Laurelton,40.67423,-73.7496,Entire home/apt,105,2,40,1,361,14
37151392,269664482,Queens,Ridgewood,40.70701,-73.90918,Private room,111,30,0,4,179,0
37152715,4130561,Brooklyn,Prospect Heights,40.67689,-73.96518,Entire home/apt,150,7,5,1,13,2
37294217,251166866,Queens,Astoria,40.76086,-73.90818,Private room,50,30,8,2,0,0
37294438,61391963,Manhattan,Little Italy,40.72011,-73.99748,Entire home/apt,175,30,7,116,68,2
37294722,21203835,Brooklyn,Williamsburg,40.71718,-73.95613,Entire home/apt,190,30,2,1,0,0
37153400,148685521,Brooklyn,Bushwick,40.70508,-73.91657,Private room,45,30,6,1,0,0
37153544,34268824,Manhattan,Chinatown,40.71646,-73.99041,Entire home/apt,364,3,81,1,26,47
37155251,279498742,Manhattan,Harlem,40.83356,-73.94872,Entire home/apt,131,30,37,1,161,3
37155507,279516836,Brooklyn,Bushwick,40.6953,-73.92365,Entire home/apt,286,5,1,1,0,0
37156220,43194941,Queens,Astoria,40.7634,-73.91139,Private room,56,25,9,2,42,1
37016764,4691878,Queens,Woodside,40.74723,-73.89898,Private room,98,30,2,1,0,0
37294977,229895593,Manhattan,Harlem,40.82361,-73.9451,Entire home/apt,585,3,48,1,316,31
37296583,279594397,Bronx,Longwood,40.828,-73.90573,Private room,50,30,8,1,0,0
37016848,208702730,Manhattan,Harlem,40.81409,-73.9528,Private room,120,30,4,1,0,0
37017374,50052968,Brooklyn,Bedford-Stuyvesant,40.68511,-73.93976,Private room,100,30,33,5,45,7
37174171,279728593,Staten Island,Concord,40.60243,-74.07695,Private room,100,1,0,1,0,0
37176454,218286691,Manhattan,Roosevelt Island,40.76365,-73.94965,Entire home/apt,220,2,0,1,0,0
37297049,109671307,Bronx,Norwood,40.87043,-73.87704,Private room,92,1,12,6,22,2
37297150,33198084,Brooklyn,Crown Heights,40.67223,-73.95741,Private room,125,2,26,1,33,11
37177160,279752271,Manhattan,Hell's Kitchen,40.76346,-73.99042,Private room,229,30,26,1,0,0
37018378,175923004,Brooklyn,Crown Heights,40.66972,-73.93543,Private room,69,30,0,1,0,0
37300621,279906986,Queens,Long Island City,40.75889,-73.92843,Private room,51,15,41,3,298,21
37300828,23545344,Queens,Astoria,40.75844,-73.92228,Private room,95,30,12,1,274,3
37019368,276831272,Manhattan,Upper West Side,40.79851,-73.96166,Private room,385,30,24,1,0,0
37313309,280893022,Bronx,Parkchester,40.83702,-73.86175,Entire home/apt,160,7,25,1,358,1
37019982,3583662,Brooklyn,Bedford-Stuyvesant,40.68312,-73.9142,Entire home/apt,176,5,90,2,176,28
37020421,50052968,Brooklyn,Bedford-Stuyvesant,40.68663,-73.93792,Private room,97,30,112,5,22,32
37178651,65276063,Brooklyn,Fort Hamilton,40.62238,-74.0282,Private room,50,3,109,1,109,30
37182088,269860794,Brooklyn,Bedford-Stuyvesant,40.68942,-73.92625,Entire home/apt,128,30,7,3,246,7
37184038,265286065,Bronx,Kingsbridge,40.88428,-73.89644,Private room,80,30,0,1,0,0
37184442,195280100,Brooklyn,Bedford-Stuyvesant,40.6811,-73.92096,Private room,50,30,11,1,0,0
37185373,75242347,Brooklyn,East New York,40.66827,-73.89174,Private room,99,2,21,1,73,11
37187163,48593753,Manhattan,Morningside Heights,40.80176,-73.95927,Entire home/apt,110,30,4,7,287,1
37187259,279906986,Queens,Astoria,40.75798,-73.92642,Private room,60,3,29,3,317,12
37198718,41325253,Brooklyn,Downtown Brooklyn,40.68957,-73.98482,Entire home/apt,150,30,1,1,0,0
37316929,159598333,Manhattan,Upper East Side,40.7813,-73.9466,Entire home/apt,99,30,5,12,296,1
37317411,229604812,Brooklyn,Sunset Park,40.66273,-73.99166,Entire home/apt,150,30,0,1,0,0
37198745,172040792,Manhattan,Harlem,40.82734,-73.94645,Entire home/apt,254,7,27,1,22,19
37200571,48593753,Manhattan,Harlem,40.80368,-73.95792,Entire home/apt,110,30,2,7,0,0
37202400,210220380,Brooklyn,Crown Heights,40.66929,-73.92873,Private room,36,30,18,1,0,0
37202760,2550683,Brooklyn,Midwood,40.61263,-73.95698,Private room,75,30,3,1,0,0
37206565,2211566,Bronx,Longwood,40.81297,-73.902,Entire home/apt,115,30,1,1,0,0
37210398,161648438,Queens,Astoria,40.76266,-73.91939,Entire home/apt,150,30,0,1,0,0
37020763,90237608,Brooklyn,Bedford-Stuyvesant,40.6941,-73.94756,Private room,70,30,2,1,0,0
37021195,270645572,Brooklyn,Sheepshead Bay,40.59436,-73.93401,Entire home/apt,150,2,33,1,76,18
37319489,268529394,Manhattan,Upper East Side,40.78183,-73.94592,Private room,100,3,18,1,37,3
37212171,247126284,Queens,Forest Hills,40.71803,-73.83739,Shared room,99,30,0,1,0,0
37320519,106168229,Brooklyn,Crown Heights,40.67283,-73.9331,Private room,55,1,1,1,0,0
37213303,280163640,Manhattan,Stuyvesant Town,40.73062,-73.97766,Private room,104,5,4,1,309,2
37022153,65608448,Brooklyn,Crown Heights,40.66486,-73.93151,Entire home/apt,745,4,57,1,303,33
37023920,261014146,Manhattan,Stuyvesant Town,40.73313,-73.97678,Private room,840,30,0,1,90,0
37322150,178272943,Queens,Jamaica,40.68187,-73.77619,Entire home/apt,85,1,108,5,70,72
37322632,280953829,Queens,St. Albans,40.69711521682599,-73.75901243051302,Private room,120,30,0,1,365,0
37036243,278026489,Brooklyn,Bedford-Stuyvesant,40.67785,-73.93722,Entire home/apt,145,30,0,1,0,0
37323360,2051376,Brooklyn,Bedford-Stuyvesant,40.67767,-73.91686,Entire home/apt,216,1,78,1,315,35
37325442,148525638,Bronx,Allerton,40.86237,-73.85278,Private room,75,30,74,1,282,4
37039174,164519659,Brooklyn,Bushwick,40.68948,-73.90678,Private room,33,30,2,1,0,0
37397088,9293730,Manhattan,East Harlem,40.789291,-73.942749,Entire home/apt,133,30,9,37,342,3
37215278,280178314,Queens,Jamaica,40.68656,-73.78977,Private room,80,1,17,1,190,3
37216048,1421116,Brooklyn,Greenpoint,40.72272,-73.9475,Entire home/apt,350,30,1,1,0,0
37326028,280968606,Manhattan,Lower East Side,40.71911,-73.9819,Entire home/apt,160,30,0,1,0,0
37329889,278925199,Manhattan,Upper East Side,40.76083,-73.96002,Entire home/apt,275,30,6,17,365,3
37332210,281152341,Queens,Bayswater,40.60504,-73.75733,Private room,45,7,7,1,0,0
37598410,133393751,Manhattan,Harlem,40.81577,-73.94617,Private room,135,3,43,1,211,24
37598495,24771677,Queens,Bayside,40.76317,-73.76734,Entire home/apt,150,30,15,6,342,4
37400102,281936967,Queens,Long Island City,40.75232,-73.95083,Entire home/apt,395,4,28,1,1,1
37332720,9293730,Manhattan,Upper East Side,40.76952,-73.95645,Entire home/apt,135,30,17,37,277,6
37332843,131178795,Bronx,Longwood,40.81433,-73.90256,Entire home/apt,371,3,7,1,178,1
37403873,271378458,Manhattan,Harlem,40.80729,-73.95251,Private room,100,30,3,2,180,0
37602188,16481345,Manhattan,NoHo,40.72502,-73.99475,Entire home/apt,595,30,37,1,0,0
37603463,139238261,Queens,Briarwood,40.71528,-73.8192,Entire home/apt,79,3,60,4,0,0
37623723,1187935,Manhattan,East Village,40.72465,-73.98562,Entire home/apt,368,4,38,2,45,29
37629036,48005494,Manhattan,Kips Bay,40.7403,-73.97738,Entire home/apt,162,30,4,38,318,2
37332942,225144151,Manhattan,West Village,40.73955,-74.00476,Entire home/apt,2100,1,8,2,363,0
37629191,284298771,Manhattan,Upper West Side,40.77692,-73.98042,Entire home/apt,315,30,11,1,0,0
37630258,81335,Manhattan,Upper West Side,40.78382,-73.97444,Private room,200,30,21,6,342,0
37404277,281974355,Manhattan,East Village,40.72683,-73.98676,Entire home/apt,440,30,19,1,351,6
37419048,37077716,Brooklyn,Bay Ridge,40.63085,-74.02864,Entire home/apt,55,30,1,2,0,0
37348190,20338147,Queens,Maspeth,40.731,-73.89509,Private room,90,30,3,2,364,0
37419826,137746976,Manhattan,Inwood,40.85996,-73.9272,Entire home/apt,350,30,0,1,0,0
37630778,19374097,Manhattan,Harlem,40.82989,-73.94834,Private room,94,2,18,1,66,6
37631107,30532557,Brooklyn,Bedford-Stuyvesant,40.68909,-73.92681,Private room,42,30,3,26,310,2
37633552,18999923,Manhattan,Harlem,40.82011,-73.94295,Entire home/apt,482,3,42,2,295,30
37634311,220574429,Manhattan,Flatiron District,40.74341,-73.99193,Private room,166,4,7,6,241,4
37634767,220574429,Manhattan,Midtown,40.74507,-73.99031,Private room,70,160,2,6,37,0
37348900,2137595,Manhattan,Harlem,40.82269,-73.94049,Entire home/apt,126,2,26,3,3,25
37635434,146675319,Bronx,Fordham,40.85216,-73.90152,Entire home/apt,315,2,11,1,90,6
37421935,281122138,Queens,Long Island City,40.74699,-73.94773,Private room,65,30,2,1,0,0
37423528,224815152,Manhattan,Hell's Kitchen,40.75611,-73.99275,Private room,249,30,1,10,365,0
37424442,282167702,Queens,Astoria,40.75751,-73.92058,Private room,80,30,12,1,304,1
37424915,26479712,Brooklyn,Bedford-Stuyvesant,40.67826,-73.90924,Entire home/apt,250,30,6,2,0,0
37349383,271275048,Manhattan,Chelsea,40.74684,-73.99207,Entire home/apt,125,30,9,15,221,3
37351667,16176030,Queens,Ditmars Steinway,40.7799,-73.90717,Entire home/apt,220,30,0,2,268,0
37355253,257999371,Manhattan,Upper East Side,40.76362,-73.9619,Entire home/apt,373,5,26,1,1,4
37357770,281458215,Manhattan,Nolita,40.72414,-73.99531,Entire home/apt,160,30,17,1,0,0
37648875,1102291,Brooklyn,Bedford-Stuyvesant,40.68309,-73.93806,Entire home/apt,885,3,74,1,284,37
37649688,599076,Brooklyn,Williamsburg,40.70714,-73.94393,Entire home/apt,199,30,2,1,149,1
37653631,33833944,Manhattan,Upper East Side,40.76106,-73.9649,Entire home/apt,147,30,12,4,69,5
37360299,281493619,Queens,Forest Hills,40.72211,-73.85122,Entire home/apt,93,30,5,1,0,0
37424933,258230385,Manhattan,Chinatown,40.71676,-73.991,Entire home/apt,175,30,6,4,89,2
37360635,280929444,Manhattan,Harlem,40.81048,-73.95237,Private room,80,30,3,2,0,0
37430618,204733968,Brooklyn,Williamsburg,40.71522,-73.96454,Entire home/apt,347,3,12,2,0,10
37655371,284534515,Brooklyn,Brownsville,40.6758,-73.9074,Shared room,95,30,2,1,0,0
37361653,94758471,Bronx,City Island,40.84862,-73.78813,Entire home/apt,386,5,1,1,96,0
37430881,57675402,Manhattan,Harlem,40.80576,-73.95637,Entire home/apt,120,30,2,1,0,0
37443671,25141383,Brooklyn,Bushwick,40.69822,-73.93394,Entire home/apt,188,30,20,4,69,0
37365947,3895748,Brooklyn,Prospect-Lefferts Gardens,40.65675,-73.96077,Entire home/apt,70,30,12,1,0,0
37366396,277657060,Queens,Jackson Heights,40.75154,-73.86331,Private room,59,3,125,2,150,44
37446470,277413518,Brooklyn,Bedford-Stuyvesant,40.67797,-73.9177,Entire home/apt,208,1,44,3,141,13
37655428,284533505,Bronx,Unionport,40.82779,-73.84877,Entire home/apt,111,2,106,1,202,34
37656376,473428,Manhattan,East Village,40.72131,-73.97608,Private room,100,30,1,1,0,0
37660941,284548162,Brooklyn,Bedford-Stuyvesant,40.68175,-73.94466,Shared room,45,60,2,8,267,1
37366431,281417951,Brooklyn,Bedford-Stuyvesant,40.69211,-73.93758,Entire home/apt,180,30,0,1,0,0
37661786,184619260,Brooklyn,Greenpoint,40.72253872547724,-73.94810248492513,Private room,68,1,15,5,3,15
37661812,284548162,Brooklyn,Bedford-Stuyvesant,40.67965,-73.94497,Private room,63,30,6,8,342,2
37447065,77341393,Brooklyn,Flatbush,40.65249,-73.95954,Private room,75,5,24,1,25,13
37366694,257837216,Manhattan,Upper West Side,40.8008,-73.96732,Entire home/apt,498,5,33,1,2,13
37452873,281842543,Queens,Rego Park,40.71696,-73.85769,Private room,65,30,2,1,86,2
37661818,284603393,Brooklyn,Bedford-Stuyvesant,40.68856,-73.94444,Private room,115,1,37,6,157,9
37662389,284548162,Brooklyn,Bedford-Stuyvesant,40.6814,-73.94322,Private room,74,30,5,8,341,1
37368265,39277795,Brooklyn,Sunset Park,40.64565,-74.00175,Private room,60,2,16,4,0,12
37371179,42197611,Brooklyn,Bedford-Stuyvesant,40.67964,-73.92801,Entire home/apt,160,3,69,1,0,30
37671932,19702766,Brooklyn,Williamsburg,40.71381,-73.96553,Entire home/apt,400,3,10,1,0,0
37453378,153033441,Manhattan,Midtown,40.75286,-73.9714,Entire home/apt,395,30,0,1,263,0
37377430,11672175,Brooklyn,South Slope,40.66099,-73.98204,Private room,65,30,14,1,0,0
37454461,237716085,Brooklyn,Bedford-Stuyvesant,40.68924,-73.94085,Private room,50,30,1,1,0,0
37674994,284718664,Manhattan,Kips Bay,40.74079,-73.97837,Entire home/apt,119,2,15,1,1,2
37388510,1563660,Brooklyn,Crown Heights,40.67302,-73.92213,Entire home/apt,180,3,21,1,1,8
37677706,3110233,Brooklyn,Fort Greene,40.68397,-73.9705,Entire home/apt,150,30,6,1,0,0
37455273,67073604,Manhattan,Upper West Side,40.79383,-73.96823,Private room,89,30,0,1,0,0
37455790,275402693,Queens,Sunnyside,40.73866,-73.91994,Private room,49,30,32,2,0,0
37390067,271275048,Manhattan,Chelsea,40.74684,-73.99207,Entire home/apt,125,30,5,15,307,3
37391071,188576539,Brooklyn,Clinton Hill,40.68387,-73.96654,Private room,85,30,1,1,0,0
37457512,6486250,Brooklyn,Greenpoint,40.73321,-73.95683,Entire home/apt,180,30,6,1,0,0
37459834,1798193,Brooklyn,Prospect Heights,40.68046,-73.97264,Entire home/apt,275,30,8,2,0,0
37461862,80283042,Brooklyn,Manhattan Beach,40.58032,-73.95325,Entire home/apt,100,30,1,1,0,0
37462923,282625150,Brooklyn,Canarsie,40.63487,-73.90489,Entire home/apt,222,2,166,2,218,53
37684099,270538792,Manhattan,Kips Bay,40.7436,-73.9813,Entire home/apt,833,3,40,1,0,12
37687607,242322561,Queens,East Elmhurst,40.76382,-73.8686,Private room,55,1,192,8,0,65
37687769,29074849,Queens,Astoria,40.76646,-73.93243,Private room,89,30,30,1,0,0
37688045,35594166,Manhattan,Lower East Side,40.71647,-73.98861,Private room,145,7,5,2,351,3
37393364,281832412,Manhattan,Chinatown,40.71558,-73.99119,Entire home/apt,566,30,20,1,0,0
37394909,118672543,Brooklyn,Bedford-Stuyvesant,40.69351,-73.93088,Private room,55,30,2,1,0,0
37690046,4162828,Queens,Jackson Heights,40.7504,-73.88941,Private room,101,4,47,1,207,19
37696099,284919848,Manhattan,Upper East Side,40.77825,-73.95408,Private room,105,1,12,1,47,1
37467145,9640446,Brooklyn,Greenpoint,40.72291,-73.93734,Shared room,50,30,0,1,0,0
37800286,12211018,Brooklyn,Bedford-Stuyvesant,40.6895,-73.95501,Entire home/apt,155,15,3,2,0,0
37702257,18486833,Bronx,Mott Haven,40.81045,-73.9242,Private room,65,30,0,1,0,0
37800810,286081099,Brooklyn,Bedford-Stuyvesant,40.69626,-73.93474,Entire home/apt,50,30,8,1,0,0
37705884,18870872,Brooklyn,Bedford-Stuyvesant,40.69387,-73.95571,Entire home/apt,150,30,2,1,249,1
37706099,7772526,Brooklyn,Bedford-Stuyvesant,40.68514,-73.91553,Entire home/apt,199,2,9,2,328,9
37806107,283475603,Manhattan,Upper West Side,40.79702,-73.97281,Entire home/apt,435,30,20,1,0,0
37706464,284126288,Queens,Flushing,40.73984,-73.8139,Private room,50,30,10,5,354,3
37708441,38585625,Brooklyn,Bedford-Stuyvesant,40.68657,-73.94673,Entire home/apt,150,30,8,1,109,0
37480039,282748938,Bronx,Westchester Square,40.84103,-73.84629,Private room,65,5,5,1,0,0
37486474,107434423,Manhattan,Upper West Side,40.777553,-73.9834589,Entire home/apt,323,31,1,453,263,1
37487817,297762,Manhattan,West Village,40.7345,-74.00746,Entire home/apt,950,30,1,1,0,0
37489260,150285481,Brooklyn,Gowanus,40.67331,-73.99158,Entire home/apt,80,30,1,1,0,0
37490244,25915648,Queens,Flushing,40.75564,-73.82214,Private room,50,30,11,2,0,0
37806229,272536186,Manhattan,Little Italy,40.71997,-73.99662,Entire home/apt,219,2,103,1,83,61
37491784,282860733,Manhattan,Washington Heights,40.85653,-73.93169,Entire home/apt,120,3,18,1,0,0
37495336,113723310,Manhattan,Upper West Side,40.7893,-73.97438,Entire home/apt,385,30,1,60,250,0
37807246,271275048,Manhattan,Chelsea,40.74684,-73.99207,Entire home/apt,118,30,10,15,270,3
37807497,15063464,Brooklyn,Williamsburg,40.71864,-73.95842,Private room,83,30,2,1,0,0
37496845,64008392,Brooklyn,Crown Heights,40.67072,-73.93039,Entire home/apt,150,30,0,1,0,0
37713423,285076147,Queens,Flushing,40.76666,-73.821,Private room,320,6,23,1,88,0
37717323,271275048,Manhattan,Chelsea,40.74684,-73.99207,Entire home/apt,120,30,3,15,215,3
37718522,148599649,Manhattan,East Harlem,40.7927,-73.9439,Private room,75,1,56,2,0,0
37808381,271275048,Manhattan,Chelsea,40.74684,-73.99207,Entire home/apt,125,30,6,15,266,1
37809572,32060911,Staten Island,West Brighton,40.63455,-74.11389,Private room,35,27,8,6,296,2
37812226,4765858,Brooklyn,Bedford-Stuyvesant,40.6778,-73.92334,Private room,79,1,65,3,5,34
37718828,99532682,Brooklyn,Bedford-Stuyvesant,40.68407,-73.94703,Entire home/apt,115,30,13,1,0,0
37813174,138086216,Brooklyn,Bergen Beach,40.62681,-73.91218,Entire home/apt,110,4,58,5,134,22
37816237,48684597,Queens,Maspeth,40.73647,-73.89737,Private room,55,30,20,6,0,0
37818248,48684597,Queens,Maspeth,40.73872,-73.89704,Private room,55,30,22,6,0,0
37828926,1261480,Manhattan,Harlem,40.80656,-73.94986,Private room,16500,7,0,8,173,0
37829823,285727534,Manhattan,Nolita,40.72048,-73.99551,Private room,70,30,0,28,0,0
37719117,283377009,Brooklyn,Crown Heights,40.66563,-73.93173,Entire home/apt,95,30,0,1,0,0
37497491,29637230,Brooklyn,Bushwick,40.69476,-73.92108,Entire home/apt,359,2,107,1,231,46
37830066,285727534,Manhattan,Nolita,40.72184,-73.99576,Private room,81,30,0,28,0,0
37830238,285727534,Manhattan,Nolita,40.71991,-73.99506,Private room,81,30,0,28,0,0
37833923,282450479,Manhattan,East Harlem,40.7891,-73.94978,Entire home/apt,549,5,22,1,1,18
37497614,252010316,Brooklyn,Bedford-Stuyvesant,40.68063,-73.92021,Private room,40,30,0,1,0,0
37497706,44851966,Bronx,Belmont,40.85393,-73.88571,Entire home/apt,87,2,23,6,243,1
37503226,283085325,Manhattan,Upper West Side,40.79596,-73.96923,Entire home/apt,130,30,4,1,0,0
37508572,280179412,Manhattan,Harlem,40.80802,-73.9561,Entire home/apt,325,3,1,1,0,0
37517842,278684237,Manhattan,Hell's Kitchen,40.76866,-73.98854,Entire home/apt,356,3,141,1,81,63
37522482,67260259,Manhattan,Lower East Side,40.722527,-73.989723,Private room,120,3,9,2,12,7
37527378,163704446,Queens,Elmhurst,40.73948,-73.87557,Private room,35,3,0,1,0,0
37720576,21194343,Staten Island,Stapleton,40.62859,-74.07695,Entire home/apt,120,5,32,2,248,7
37720797,229901581,Manhattan,Upper East Side,40.76355,-73.9652,Entire home/apt,935,3,118,1,221,62
37721542,166700941,Manhattan,Midtown,40.76045,-73.96866,Entire home/apt,428,5,33,1,1,15
37723923,11249126,Queens,Ditmars Steinway,40.77356,-73.90921,Private room,96,30,4,1,37,0
37724126,66194217,Queens,Jamaica,40.68195,-73.79641,Entire home/apt,150,1,89,1,262,26
37833931,284126288,Queens,Flushing,40.74167,-73.81407,Private room,80,30,5,5,357,0
37837206,45314325,Brooklyn,Fort Greene,40.6927,-73.97083,Private room,170,30,18,3,0,0
37837404,286502016,Brooklyn,Crown Heights,40.67577,-73.94702,Private room,300,1,1,1,180,0
37729855,28656622,Manhattan,Midtown,40.76259,-73.97507,Private room,1314,1,9,3,350,8
37732641,1862040,Brooklyn,Williamsburg,40.70801,-73.95435,Entire home/apt,104,30,3,1,0,0
37528025,198522134,Brooklyn,Bushwick,40.70339,-73.92858,Private room,28,3,4,2,0,0
37528370,2628810,Brooklyn,Williamsburg,40.70705,-73.95397,Entire home/apt,240,29,17,1,153,7
37838821,232251881,Queens,Jamaica,40.66842,-73.78358,Private room,44,1,418,10,160,191
37839668,83801982,Brooklyn,Bedford-Stuyvesant,40.69041,-73.93145,Private room,180,1,5,1,0,0
37529321,39628195,Brooklyn,East Flatbush,40.64244,-73.94666,Entire home/apt,130,4,72,1,242,29
37530767,258001528,Manhattan,Midtown,40.76036,-73.97035,Entire home/apt,399,5,20,1,0,0
37842610,79651295,Queens,Jamaica,40.68021,-73.77629,Private room,42,1,12,5,4,8
37850127,224414117,Manhattan,Hell's Kitchen,40.7567,-73.99668,Hotel room,285,1,13,29,217,0
37853119,119692067,Brooklyn,Sunset Park,40.6438,-74.00214,Private room,50,1,90,8,293,25
37853219,119692067,Brooklyn,Borough Park,40.64377,-74.0007,Private room,50,1,65,8,338,30
37855573,283810646,Manhattan,Harlem,40.82797,-73.94303,Entire home/apt,87,2,72,1,258,29
37532017,283451319,Brooklyn,Crown Heights,40.67682,-73.94913,Entire home/apt,90,31,19,1,212,3
37532614,32355256,Brooklyn,Fort Greene,40.69493,-73.97059,Entire home/apt,126,1,189,1,18,71
37532987,61391963,Manhattan,Murray Hill,40.74937,-73.97812,Entire home/apt,175,30,8,116,342,4
37534473,133975955,Brooklyn,Williamsburg,40.70514,-73.92776,Private room,50,30,2,2,0,0
37535728,17797698,Brooklyn,Bushwick,40.69093,-73.92313,Private room,65,30,4,1,0,0
37735868,35964684,Brooklyn,Williamsburg,40.70942,-73.95386,Private room,50,1,11,1,0,0
37740667,159598333,Manhattan,Upper East Side,40.78322,-73.94548,Entire home/apt,99,30,3,12,296,1
37743419,68571625,Bronx,Tremont,40.8469,-73.90022,Entire home/apt,130,2,10,1,168,1
37744976,36614978,Manhattan,Lower East Side,40.71961,-73.98373,Entire home/apt,150,30,3,1,0,0
37857475,90463984,Queens,Richmond Hill,40.70021,-73.83926,Entire home/apt,180,30,2,3,178,2
37859006,152089883,Queens,Ozone Park,40.68327,-73.84071,Private room,60,1,1,1,0,0
37748650,132777237,Manhattan,West Village,40.7329,-74.0015,Private room,80,30,1,7,0,0
37750065,194940666,Queens,Far Rockaway,40.60563,-73.74971,Entire home/apt,196,30,12,6,365,1
37536591,167241670,Queens,Flushing,40.75564,-73.82081,Private room,100,1,22,2,351,17
37538742,257889696,Manhattan,Greenwich Village,40.72607,-73.9971,Entire home/apt,449,5,17,1,0,0
37860830,8245652,Brooklyn,Bushwick,40.69642,-73.9096,Entire home/apt,80,30,6,3,0,0
37862092,166877861,Queens,Queens Village,40.71096,-73.7356,Entire home/apt,170,2,102,1,63,7
37549695,7956821,Brooklyn,Bedford-Stuyvesant,40.68764,-73.95362,Entire home/apt,130,2,162,1,136,57
37862550,286772500,Queens,East Elmhurst,40.75625,-73.88966,Entire home/apt,285,5,48,3,132,14
37551957,229858536,Manhattan,Midtown,40.75367,-73.97148,Entire home/apt,189,2,2,2,0,0
37750997,95303084,Manhattan,Upper West Side,40.78622,-73.96936,Entire home/apt,203,4,86,6,9,49
37751852,21157951,Brooklyn,Williamsburg,40.70746,-73.95992,Private room,70,1,118,1,289,70
37864788,285546331,Brooklyn,Bushwick,40.69525,-73.91388,Private room,60,30,3,1,0,0
37763951,285597727,Manhattan,Upper East Side,40.78296,-73.9488,Entire home/apt,350,30,13,1,0,0
37552522,236499959,Bronx,Allerton,40.8609,-73.85385,Entire home/apt,129,1,89,1,348,56
37878596,1252733,Manhattan,Upper East Side,40.76711,-73.96084,Entire home/apt,125,30,8,1,0,0
37769295,527622,Brooklyn,Bedford-Stuyvesant,40.68213,-73.9524,Entire home/apt,119,5,2,1,0,0
37879131,286908240,Manhattan,Harlem,40.80562,-73.94816,Private room,100,1,105,1,39,46
37769774,285481439,Manhattan,SoHo,40.72205,-74.0047,Private room,675,30,1,3,0,0
37553914,75657939,Brooklyn,Bedford-Stuyvesant,40.69169,-73.93928,Private room,99,2,25,1,340,3
37881502,24622893,Brooklyn,Crown Heights,40.67379,-73.93104,Private room,65,30,1,1,0,0
37561740,14444017,Brooklyn,Park Slope,40.6757798,-73.9780148,Entire home/apt,289,2,1,1,304,1
37773215,275347368,Manhattan,Financial District,40.70573,-74.00883,Entire home/apt,435,30,7,1,0,0
37773891,2313878,Brooklyn,Williamsburg,40.70972,-73.95116,Entire home/apt,249,30,13,1,39,0
37881656,286945536,Brooklyn,Bushwick,40.68264,-73.90628,Private room,51,1,88,2,0,0
37774311,169794566,Queens,Sunnyside,40.73656,-73.925,Private room,45,30,7,1,0,0
37774921,132777237,Manhattan,West Village,40.73501,-74.00021,Private room,75,30,1,7,0,0
37774933,132777237,Manhattan,West Village,40.73377,-74.00158,Private room,75,30,2,7,0,0
37774950,132777237,Manhattan,Greenwich Village,40.73351,-73.99961,Entire home/apt,375,30,4,7,249,0
37776645,148599649,Manhattan,East Harlem,40.79139,-73.94591,Private room,75,3,78,2,0,0
37776968,285727534,Manhattan,Lower East Side,40.72009,-73.99381,Entire home/apt,389,30,0,28,0,0
37777513,285727534,Manhattan,Nolita,40.72182,-73.99367,Entire home/apt,403,30,0,28,0,0
37777719,285731927,Bronx,Concourse Village,40.82752,-73.92176,Shared room,52,1,23,2,68,21
37778075,285727534,Manhattan,Nolita,40.7217,-73.9939,Entire home/apt,383,30,0,28,0,0
37778271,285727534,Manhattan,Nolita,40.72194,-73.99418,Entire home/apt,348,30,0,28,0,0
37778820,285727534,Manhattan,Lower East Side,40.72043,-73.99384,Entire home/apt,369,30,0,28,0,0
37778945,285727534,Manhattan,Nolita,40.72205,-73.99442,Private room,81,30,0,28,0,0
37779254,285727534,Manhattan,Nolita,40.72203,-73.99583,Entire home/apt,354,30,0,28,0,0
37562453,173554156,Brooklyn,Crown Heights,40.67006,-73.93968,Private room,40,30,0,1,0,0
37563342,278925199,Manhattan,Midtown,40.75883,-73.9613,Entire home/apt,299,30,3,17,353,0
37884849,273645762,Queens,Ditmars Steinway,40.77652,-73.90729,Private room,81,1,126,1,264,47
37563625,266413128,Manhattan,East Harlem,40.79127,-73.94847,Entire home/apt,219,30,18,1,0,0
37779458,201213227,Brooklyn,Williamsburg,40.71884,-73.94777,Private room,70,30,4,1,0,0
37779494,48813649,Brooklyn,Sunset Park,40.66242,-73.9961,Entire home/apt,390,30,0,1,60,0
37885314,1834658,Manhattan,Murray Hill,40.7476,-73.97494,Entire home/apt,160,31,13,1,0,0
37783176,170095613,Brooklyn,East Flatbush,40.66347,-73.92623,Private room,45,30,16,1,64,0
37784856,178579,Queens,Ditmars Steinway,40.77493,-73.90487,Entire home/apt,333,30,11,1,311,0
37563800,283760063,Manhattan,Midtown,40.75557,-73.96753,Entire home/apt,1250,30,0,1,0,0
37563932,278925199,Manhattan,Midtown,40.75917,-73.96155,Entire home/apt,150,30,7,17,353,2
37886939,96379938,Brooklyn,East Flatbush,40.65357,-73.94977,Private room,79,30,1,2,0,0
37887133,11039369,Brooklyn,Bedford-Stuyvesant,40.69536,-73.95609,Private room,130,30,0,2,363,0
37890312,116056294,Queens,Rego Park,40.73059,-73.8531,Entire home/apt,114,5,9,2,358,2
37891200,125817047,Queens,East Elmhurst,40.75636,-73.8821,Private room,69,2,42,2,212,10
37785816,285946182,Brooklyn,Fort Greene,40.69629,-73.97206,Entire home/apt,300,7,10,1,103,4
37894889,31789510,Brooklyn,Bedford-Stuyvesant,40.69532,-73.94852,Entire home/apt,200,3,7,1,128,6
37797768,286039659,Queens,Astoria,40.76576,-73.92625,Private room,90,30,12,1,0,0
37798666,286046737,Brooklyn,Crown Heights,40.67357,-73.91365,Entire home/apt,85,30,2,1,342,2
37564359,232380879,Manhattan,Midtown,40.75367,-73.97941,Private room,200,1,3,1,0,2
37567721,283816623,Manhattan,Hell's Kitchen,40.75687,-73.99378,Entire home/apt,374,3,117,1,211,69
37907872,157302498,Brooklyn,Williamsburg,40.70716,-73.92815,Entire home/apt,183,1,286,1,94,78
37568328,195050680,Queens,Jamaica,40.68296,-73.77868,Private room,50,2,43,1,88,23
37568587,283822930,Queens,Astoria,40.77406,-73.93229,Private room,1300,43,0,1,0,0
37569987,283836642,Brooklyn,Williamsburg,40.70577,-73.9429,Entire home/apt,200,2,110,2,298,60
37576758,132777237,Manhattan,West Village,40.73294,-74.00143,Private room,80,30,0,7,0,0
37576889,115854410,Brooklyn,Bedford-Stuyvesant,40.6852,-73.94736,Private room,87,3,6,2,89,0
37974260,280477593,Brooklyn,Bedford-Stuyvesant,40.67828,-73.92256,Private room,175,1,0,1,0,0
37984597,62745,Manhattan,East Village,40.72547,-73.98264,Entire home/apt,179,3,3,1,311,1
37908217,285727534,Manhattan,Lower East Side,40.72028,-73.99395,Private room,110,30,0,28,0,0
37908313,276878527,Manhattan,Hell's Kitchen,40.76385,-73.98711,Entire home/apt,330,30,1,25,334,1
37908658,285727534,Manhattan,Nolita,40.72073,-73.99577,Private room,72,30,0,28,0,0
37908855,1550888,Brooklyn,Bedford-Stuyvesant,40.68063,-73.95052,Entire home/apt,68,30,4,3,185,2
37909386,9293730,Manhattan,Upper West Side,40.795319,-73.962914,Entire home/apt,262,30,11,37,160,4
37910970,287193099,Manhattan,East Village,40.72486,-73.98645,Entire home/apt,145,30,26,1,0,0
37986967,275299562,Brooklyn,Bedford-Stuyvesant,40.67822,-73.93916,Entire home/apt,180,2,1,1,285,1
37987719,2811538,Manhattan,Lower East Side,40.72069,-73.99327,Entire home/apt,175,4,2,1,0,1
37582488,378112960,Manhattan,Hell's Kitchen,40.76125,-73.9919,Entire home/apt,415,2,120,13,312,46
37585659,107434423,Manhattan,West Village,40.7388431,-74.00106889999999,Entire home/apt,339,31,0,453,36,0
37586370,378112960,Manhattan,Hell's Kitchen,40.76229,-73.99076,Entire home/apt,447,2,104,13,297,40
37914207,30658962,Manhattan,Gramercy,40.73534,-73.98676,Entire home/apt,450,3,31,1,38,8
37914324,182410092,Manhattan,Upper West Side,40.77221,-73.99226,Entire home/apt,957,3,31,1,288,16
37914398,176342497,Brooklyn,Bushwick,40.68937,-73.92055,Private room,38,30,8,1,0,0
37588220,5851913,Brooklyn,South Slope,40.66582955362423,-73.98187239666734,Entire home/apt,225,1,10,1,37,10
37588246,107434423,Manhattan,Upper West Side,40.77199,-73.98026,Entire home/apt,423,31,0,453,274,0
37588918,19513679,Manhattan,Washington Heights,40.84599,-73.93929,Entire home/apt,80,30,3,1,0,0
37589906,23084155,Manhattan,Upper West Side,40.77622,-73.97961,Entire home/apt,300,30,3,1,89,0
37988664,57768478,Brooklyn,Windsor Terrace,40.65087,-73.97981,Private room,82,14,29,1,32,11
37988953,183239892,Brooklyn,East Flatbush,40.66154,-73.92301,Entire home/apt,116,4,85,2,32,20
37989689,26877037,Brooklyn,Sheepshead Bay,40.59919,-73.95976,Private room,120,30,0,4,365,0
37916121,275435375,Queens,St. Albans,40.6957,-73.77664,Entire home/apt,65,2,19,1,0,0
37990112,69503147,Queens,Long Island City,40.76667,-73.9342,Entire home/apt,200,30,0,1,0,0
37591884,251805741,Queens,Cambria Heights,40.69289,-73.73283,Entire home/apt,147,2,90,1,327,34
37592370,15548442,Manhattan,East Village,40.724834,-73.986145,Private room,86,4,10,1,0,6
37592467,51716739,Brooklyn,Bedford-Stuyvesant,40.68883,-73.93124,Entire home/apt,481,1,152,3,78,58
37592967,284018026,Manhattan,Harlem,40.81789,-73.94345,Entire home/apt,93,100,0,1,0,0
37918104,287258329,Bronx,Morris Heights,40.85263,-73.92175,Private room,75,7,18,1,331,4
37920776,90094546,Brooklyn,Williamsburg,40.71122,-73.95214,Entire home/apt,95,2,22,1,0,6
37594649,11454384,Manhattan,Tribeca,40.71878,-74.00913,Entire home/apt,1284,1,85,1,337,32
37932566,13428395,Brooklyn,Williamsburg,40.71645,-73.96088,Entire home/apt,493,2,20,1,37,4
37594699,87983379,Queens,Maspeth,40.72628,-73.89506,Entire home/apt,220,3,109,2,263,50
37597997,23911502,Manhattan,East Village,40.72639,-73.98904,Entire home/apt,219,30,5,1,0,0
37992122,42140178,Brooklyn,Clinton Hill,40.69526,-73.96439,Entire home/apt,70,30,5,1,0,0
37997011,220574429,Manhattan,Flatiron District,40.7433,-73.99101,Private room,180,5,2,6,176,2
37937163,285727534,Manhattan,Lower East Side,40.72037,-73.99368,Private room,86,30,0,28,0,0
37937595,272824348,Brooklyn,Bedford-Stuyvesant,40.68106,-73.94969,Private room,59,30,22,4,89,3
37938216,285727534,Manhattan,Lower East Side,40.72032,-73.99405,Private room,81,30,0,28,0,0
37939102,20236928,Brooklyn,Prospect Heights,40.67343,-73.9642,Entire home/apt,215,2,109,1,292,43
37998221,2268292,Brooklyn,Bedford-Stuyvesant,40.67839,-73.92288,Entire home/apt,170,5,9,1,7,2
37940346,287546971,Brooklyn,Crown Heights,40.67486,-73.95961,Private room,37,30,0,2,0,0
38000066,9957946,Manhattan,Upper West Side,40.79775,-73.96432,Entire home/apt,199,5,50,1,79,27
37940610,287392790,Brooklyn,Williamsburg,40.71672,-73.9667,Entire home/apt,204,1,19,1,0,0
38001205,288246707,Brooklyn,Bushwick,40.69208,-73.92533,Private room,70,2,18,2,0,4
38166035,184902640,Brooklyn,Crown Heights,40.674496,-73.910583,Private room,85,3,29,1,322,15
37941064,285727534,Manhattan,Nolita,40.72168,-73.99559,Private room,78,30,0,28,0,0
37941348,161742462,Manhattan,Harlem,40.80824,-73.94275,Entire home/apt,160,30,13,2,0,2
37941349,211549023,Manhattan,Midtown,40.74782,-73.98868,Entire home/apt,233,1,56,16,297,31
37942657,271275048,Manhattan,Chelsea,40.74684,-73.99207,Entire home/apt,125,30,9,15,325,3
37943438,1584064,Bronx,Mott Haven,40.80854,-73.92267,Entire home/apt,375,10,2,1,104,1
38166568,38877452,Manhattan,Washington Heights,40.84773,-73.94353,Private room,80,2,39,1,162,12
37943502,194940666,Queens,Far Rockaway,40.6059,-73.75189,Entire home/apt,109,30,8,6,338,1
37943586,46220916,Bronx,Morrisania,40.82547,-73.91062,Entire home/apt,100,30,10,1,0,0
38018902,147202249,Queens,Far Rockaway,40.60011,-73.751,Private room,72,1,208,2,246,22
37943668,287646338,Brooklyn,Prospect-Lefferts Gardens,40.65664,-73.95596,Private room,72,1,36,1,160,17
38019033,288440058,Queens,Long Island City,40.74606,-73.94263,Entire home/apt,293,6,16,1,148,6
38173829,170251158,Queens,East Elmhurst,40.75543212890625,-73.89129638671875,Entire home/apt,120,2,9,1,268,9
38178779,290103444,Brooklyn,Cypress Hills,40.68672,-73.87607,Private room,100,2,30,2,69,11
38179087,73944266,Queens,Flushing,40.74195,-73.81855,Entire home/apt,75,30,21,4,53,5
38183143,3752933,Brooklyn,Red Hook,40.68017,-74.01165,Private room,109,2,39,2,41,14
38184039,279989,Brooklyn,Williamsburg,40.70519,-73.93139,Entire home/apt,95,6,16,1,9,10
37944081,287546971,Brooklyn,Crown Heights,40.67507,-73.95905,Private room,35,30,1,2,0,0
37944508,166019084,Brooklyn,Bedford-Stuyvesant,40.67986,-73.90764,Private room,49,4,19,1,72,3
38186479,227482082,Queens,Springfield Gardens,40.6849,-73.76061,Entire home/apt,80,30,63,1,34,16
38186786,108249932,Brooklyn,East New York,40.67536,-73.88939,Entire home/apt,170,3,83,3,311,39
38189009,19390192,Manhattan,Chelsea,40.74907,-73.99655,Entire home/apt,225,3,16,1,0,13
38019993,287848650,Queens,Long Island City,40.75687,-73.93205,Entire home/apt,345,1,86,2,101,44
37944546,194940666,Queens,Far Rockaway,40.60374,-73.75102,Entire home/apt,175,30,3,6,350,1
37953352,264090943,Manhattan,Financial District,40.71113,-74.00541,Private room,100,5,26,1,17,25
38020017,117563787,Bronx,Throgs Neck,40.81634,-73.81864,Entire home/apt,150,2,36,1,77,4
37956109,246623234,Brooklyn,Prospect-Lefferts Gardens,40.66353,-73.95469,Private room,76,4,6,1,13,4
38021015,1862880,Manhattan,Greenwich Village,40.72836,-73.99969,Entire home/apt,207,30,25,1,0,0
38190055,38017497,Manhattan,Upper West Side,40.7831,-73.97317,Entire home/apt,240,12,4,1,0,0
37957355,18065375,Manhattan,Harlem,40.80384,-73.95332,Entire home/apt,130,30,7,1,8,0
38021769,288477095,Brooklyn,Williamsburg,40.7179,-73.94257,Entire home/apt,357,2,103,5,323,47
37967241,287848650,Queens,Long Island City,40.75757,-73.9328,Entire home/apt,439,1,86,2,94,44
37971614,20587708,Brooklyn,East New York,40.66938,-73.88925,Entire home/apt,148,2,28,2,0,24
37971699,125444588,Queens,Rego Park,40.73186,-73.85667,Private room,38,30,2,1,0,0
38022576,4427595,Brooklyn,Carroll Gardens,40.68289,-73.99831,Private room,65,30,1,1,0,0
38023200,58237695,Queens,Ridgewood,40.69726,-73.90627,Private room,65,30,4,1,0,0
38024356,4938998,Brooklyn,Crown Heights,40.67518,-73.95081,Private room,175,2,14,1,73,6
38024535,266390808,Manhattan,Harlem,40.81739,-73.93831,Shared room,81,30,10,2,0,0
38027192,114410100,Manhattan,East Village,40.72574,-73.97785,Private room,75,10,6,1,32,6
38042164,20086738,Brooklyn,Bedford-Stuyvesant,40.68232,-73.91747,Entire home/apt,140,30,0,4,0,0
38191536,290208548,Brooklyn,East Flatbush,40.65588,-73.93791,Private room,211,30,2,1,365,0
38194280,173369017,Manhattan,East Village,40.72697,-73.9861,Entire home/apt,200,30,7,1,0,0
38198444,137358866,Queens,Woodside,40.7426,-73.89321,Private room,65,30,3,111,250,2
37971873,20266976,Manhattan,Upper West Side,40.79298,-73.97346,Private room,125,5,10,1,0,5
38202642,290200406,Brooklyn,Canarsie,40.64689,-73.89215,Entire home/apt,176,1,57,1,70,30
38205589,4392159,Manhattan,Upper West Side,40.80264,-73.965,Private room,99,30,0,2,0,0
38043614,38250741,Brooklyn,Williamsburg,40.70741,-73.9451,Entire home/apt,150,30,3,1,0,0
38045112,16781567,Manhattan,Upper West Side,40.79807,-73.96073,Private room,125,30,37,1,0,0
37973781,287945667,Manhattan,Harlem,40.82591,-73.94444,Entire home/apt,130,30,21,1,60,3
38210489,144149004,Brooklyn,Williamsburg,40.70367,-73.94339,Entire home/apt,215,30,1,2,0,0
38212423,48005494,Manhattan,Financial District,40.70952,-74.01468,Entire home/apt,262,30,1,38,336,1
38213232,110871178,Brooklyn,Sunset Park,40.6654,-73.99399,Entire home/apt,190,3,103,2,222,49
38214221,284548162,Brooklyn,Bedford-Stuyvesant,40.68151,-73.9454,Private room,63,30,2,8,299,1
38215588,241676154,Staten Island,Grant City,40.57935,-74.1101,Private room,33,30,6,14,135,3
38215806,151578279,Brooklyn,Flatlands,40.63002,-73.947,Shared room,1000,1,33,1,90,0
37974064,287940420,Brooklyn,East Flatbush,40.63773,-73.91992,Entire home/apt,143,3,40,1,347,22
38347351,8837750,Manhattan,West Village,40.73282,-74.00061,Entire home/apt,579,5,46,1,117,32
38045312,288688431,Manhattan,East Harlem,40.81133,-73.93737,Private room,50,30,23,1,0,0
38045508,284548162,Brooklyn,Bedford-Stuyvesant,40.68182,-73.94473,Shared room,43,30,5,8,341,0
38348978,291827066,Manhattan,Midtown,40.7527,-73.97237,Entire home/apt,190,3,63,1,85,32
38216322,290390044,Manhattan,Harlem,40.82429,-73.95184,Private room,65,3,2,2,165,0
38216335,50760404,Brooklyn,Crown Heights,40.67371,-73.92451,Private room,55,5,28,4,0,5
38355160,19015886,Brooklyn,Greenpoint,40.73089,-73.9604,Private room,100,2,26,2,188,1
38226409,290467718,Manhattan,Washington Heights,40.83528,-73.94122,Private room,125,30,23,1,0,0
38226783,9130040,Brooklyn,East Flatbush,40.66306,-73.93438,Private room,159,1,6,6,365,5
38230816,26359776,Queens,Sunnyside,40.74328,-73.91983,Entire home/apt,275,3,30,1,128,20
38048018,287433743,Manhattan,Washington Heights,40.85319,-73.93556,Private room,102,30,22,1,365,0
38060580,252633425,Queens,Woodhaven,40.69540276159349,-73.85126966157827,Private room,150,1,5,2,354,5
38355263,291891514,Brooklyn,Bedford-Stuyvesant,40.68481,-73.92589,Entire home/apt,120,30,0,1,0,0
38063248,120680778,Brooklyn,Clinton Hill,40.68355,-73.9639,Entire home/apt,155,30,2,1,0,0
38232271,290480767,Brooklyn,Brighton Beach,40.5808,-73.9646,Private room,90,30,11,1,0,0
38233279,290520510,Bronx,Hunts Point,40.8145,-73.88549,Private room,60,30,5,1,0,0
38355839,6253811,Brooklyn,Bushwick,40.68762,-73.91605,Private room,60,30,3,1,0,0
38235141,115638902,Queens,Ozone Park,40.68302,-73.86135,Private room,82,3,42,1,339,18
38236354,9130040,Brooklyn,East Flatbush,40.66287,-73.9342,Private room,159,1,8,6,365,2
38236463,17056215,Brooklyn,Williamsburg,40.70831,-73.94093,Entire home/apt,153,30,11,3,41,6
38236762,48005494,Manhattan,Financial District,40.70825,-74.01439,Entire home/apt,201,30,7,38,0,1
38236769,48005494,Manhattan,Financial District,40.70974,-74.0145,Entire home/apt,213,30,10,38,335,4
38236827,48005494,Manhattan,Financial District,40.71035,-74.01427,Entire home/apt,266,30,3,38,189,2
38236832,48005494,Manhattan,Financial District,40.71024,-74.01439,Entire home/apt,215,30,7,38,307,3
38236841,48005494,Manhattan,Financial District,40.70887,-74.01284,Entire home/apt,244,30,2,38,318,1
38236846,48005494,Manhattan,Financial District,40.71025,-74.01285,Entire home/apt,244,30,4,38,328,1
38063818,148145129,Brooklyn,Mill Basin,40.61367,-73.91809,Private room,110,3,22,2,20,2
38356236,196507406,Brooklyn,Flatlands,40.62896,-73.94688,Private room,85,1,4,2,180,4
38238356,46822312,Brooklyn,Bedford-Stuyvesant,40.68574,-73.92193,Private room,79,4,0,1,221,0
38359468,49494045,Queens,Queens Village,40.70783,-73.73896,Private room,40,30,9,1,70,1
38238758,290574460,Queens,Woodside,40.74463,-73.89991,Entire home/apt,239,30,25,1,0,0
38239419,10580254,Bronx,Mount Hope,40.848309,-73.904449,Private room,82,3,82,1,126,27
38069091,2143830,Manhattan,Tribeca,40.71991,-74.00551,Entire home/apt,249,1,17,1,19,12
38069261,18934709,Manhattan,Hell's Kitchen,40.75752,-73.9937,Private room,60,30,3,1,0,0
38072539,28408288,Brooklyn,Williamsburg,40.70723,-73.94773,Private room,70,30,5,1,0,0
38361278,91641151,Queens,Long Island City,40.76197,-73.92725,Entire home/apt,155,2,33,1,0,18
38075485,289003559,Brooklyn,Clinton Hill,40.6933,-73.96912,Entire home/apt,125,3,76,1,276,25
38085023,30916064,Manhattan,East Village,40.72285,-73.98833,Private room,60,30,0,1,0,0
38363300,2624554,Brooklyn,Williamsburg,40.71281,-73.94508,Private room,58,1,10,1,0,0
38088253,30272105,Queens,Flushing,40.76304,-73.82087,Entire home/apt,90,4,16,1,102,7
38088880,4267089,Brooklyn,Bedford-Stuyvesant,40.68237,-73.92923,Private room,120,4,3,2,83,0
38252605,280523783,Manhattan,Harlem,40.82473,-73.93978,Private room,134,1,28,1,120,18
38255575,257622821,Queens,Far Rockaway,40.59659,-73.74998,Entire home/apt,240,2,18,1,165,18
38371078,12878448,Bronx,Parkchester,40.83533,-73.86114,Private room,50,30,1,1,0,0
38256524,146656172,Brooklyn,Williamsburg,40.71986,-73.96103,Entire home/apt,300,30,2,1,0,0
38372835,75234771,Manhattan,Inwood,40.86291,-73.91783,Private room,73,1,134,2,165,65
38373110,11930874,Manhattan,Harlem,40.81269,-73.95272,Private room,70,30,3,1,0,0
38257050,2064585,Queens,Woodside,40.754131,-73.908043,Private room,100,14,36,1,91,9
38257778,48005494,Manhattan,Financial District,40.70895,-74.01282,Entire home/apt,243,30,4,38,319,3
38092217,197592915,Staten Island,Clifton,40.61993,-74.07329,Private room,55,30,12,1,0,0
38093635,289129604,Queens,Jackson Heights,40.75314,-73.87215,Private room,80,4,91,6,66,48
38375070,287577131,Manhattan,Theater District,40.75709,-73.98425,Private room,440,1,50,4,323,50
38095769,289154444,Queens,Rosedale,40.65409,-73.74515,Private room,60,5,53,3,327,16
38097887,113723310,Manhattan,Murray Hill,40.74574,-73.97812,Entire home/apt,230,30,4,60,341,1
38097971,92178097,Queens,Springfield Gardens,40.68704,-73.75602,Private room,40,1,16,2,280,0
38098602,6154819,Manhattan,Upper East Side,40.78216,-73.95379,Entire home/apt,600,30,3,1,0,0
38260628,153942159,Queens,East Elmhurst,40.76145,-73.87905,Entire home/apt,51,3,72,1,85,30
38375218,287577131,Manhattan,Theater District,40.75713,-73.98451,Private room,446,1,28,4,333,20
38375286,287577131,Manhattan,Theater District,40.75722,-73.98449,Hotel room,451,1,18,4,329,4
38375350,287577131,Manhattan,Theater District,40.75917,-73.98431,Private room,710,1,0,4,352,0
38376619,148145129,Brooklyn,Mill Basin,40.61387,-73.91961,Private room,65,1,1,2,0,0
38377098,231846634,Manhattan,East Harlem,40.79028,-73.9455,Shared room,90,30,0,2,0,0
38377227,292232026,Queens,Springfield Gardens,40.67373,-73.75516,Entire home/apt,170,3,55,1,359,19
38261351,286136716,Manhattan,Chelsea,40.73783,-73.99666,Entire home/apt,193,30,39,1,49,5
38101782,289221894,Queens,Woodside,40.74271,-73.9001,Entire home/apt,249,30,21,1,0,0
38377425,292256329,Manhattan,Hell's Kitchen,40.7622,-73.99141,Entire home/apt,175,30,1,1,0,0
38103427,67403262,Manhattan,Harlem,40.80735,-73.9526,Entire home/apt,125,14,4,1,0,0
38377430,252575625,Queens,College Point,40.78242,-73.841,Private room,65,30,3,1,0,0
38261496,243039099,Queens,Long Island City,40.75529,-73.93005,Entire home/apt,148,21,25,1,108,5
38265563,290842769,Queens,Laurelton,40.67571,-73.75185,Private room,95,2,15,1,73,2
38379068,5764038,Manhattan,Harlem,40.79896,-73.95373,Private room,100,3,82,1,232,44
38103481,288838837,Brooklyn,Gravesend,40.60791,-73.96789,Entire home/apt,130,7,0,1,30,0
38382611,95994558,Queens,Astoria,40.76793,-73.92834,Entire home/apt,250,30,7,1,0,0
38383048,147762665,Bronx,Wakefield,40.88642,-73.86021,Private room,59,1,14,7,361,8
38384355,154302755,Brooklyn,Bedford-Stuyvesant,40.68724,-73.92788,Private room,250,7,0,5,358,0
38384778,24678971,Brooklyn,DUMBO,40.70159,-73.98537,Entire home/apt,210,30,2,1,0,0
38103482,266836650,Queens,Woodhaven,40.68892,-73.85599,Private room,87,1,8,1,95,4
38104307,288480550,Brooklyn,Bushwick,40.70096,-73.91666,Private room,30,30,1,1,0,0
38269872,5362783,Brooklyn,Park Slope,40.67397,-73.97557,Entire home/apt,115,30,3,1,0,0
38385758,9836692,Brooklyn,Williamsburg,40.71045,-73.96653,Entire home/apt,333,3,61,1,145,18
38104983,289266935,Brooklyn,Williamsburg,40.71188,-73.94449,Private room,100,30,12,1,0,0
38390610,137358866,Queens,Jackson Heights,40.74827,-73.87856,Private room,83,30,6,111,339,4
38390957,292434893,Manhattan,East Harlem,40.78977,-73.94731,Private room,83,4,15,3,300,12
38105333,173483667,Manhattan,East Village,40.72846,-73.9824,Entire home/apt,195,30,5,1,0,0
38105387,159358124,Manhattan,Hell's Kitchen,40.76387,-73.99578,Entire home/apt,110,30,1,1,0,0
38281533,291007533,Queens,Arverne,40.58866,-73.79362,Entire home/apt,221,30,17,1,365,6
38282162,6655776,Manhattan,Upper West Side,40.8027,-73.96358,Private room,74,2,53,2,2,24
38392173,292461827,Manhattan,Upper East Side,40.77016,-73.94777,Entire home/apt,85,30,4,1,0,0
38392995,200546815,Bronx,Wakefield,40.89775,-73.84696,Private room,200,30,0,1,0,0
38404770,219517861,Manhattan,Financial District,40.70655,-74.00652,Entire home/apt,351,2,79,71,271,42
38409908,288477095,Brooklyn,Williamsburg,40.72,-73.94102,Entire home/apt,650,2,27,5,304,10
38411055,24594940,Brooklyn,Williamsburg,40.7158,-73.95114,Entire home/apt,140,5,5,1,0,2
38284238,291026998,Brooklyn,Sheepshead Bay,40.60047,-73.95921,Entire home/apt,145,30,0,4,365,0
38116815,289358257,Bronx,East Morrisania,40.83085,-73.89246,Entire home/apt,150,30,1,1,0,0
38411561,204773816,Queens,Flushing,40.75806,-73.81961,Entire home/apt,70,3,13,2,0,0
38413549,6444696,Manhattan,Harlem,40.80114,-73.95866,Private room,92,30,0,1,46,0
38284247,291026994,Queens,Hollis,40.7093,-73.76598,Entire home/apt,80,2,0,1,0,0
38285454,291033670,Brooklyn,Bedford-Stuyvesant,40.68074,-73.94437,Private room,63,30,7,8,327,2
38285818,107578176,Manhattan,Harlem,40.8115,-73.93957,Private room,100,2,36,1,268,27
38414583,277939812,Brooklyn,Williamsburg,40.71331,-73.96111,Private room,75,30,1,1,0,0
38286394,287627548,Queens,Rosedale,40.65697,-73.73013,Private room,120,30,54,4,159,1
38117909,19130629,Brooklyn,Bushwick,40.70488,-73.91636,Private room,80,1,40,1,12,19
38121272,19370447,Manhattan,Battery Park City,40.70899,-74.01785,Private room,116,3,0,2,0,0
38126513,50439960,Brooklyn,Fort Greene,40.69484,-73.97112,Entire home/apt,115,30,3,1,151,0
38128306,221851804,Brooklyn,Crown Heights,40.67075,-73.9415,Entire home/apt,168,3,15,2,0,1
38425543,1002452,Brooklyn,Williamsburg,40.71071,-73.94856,Private room,69,28,18,3,58,7
38428035,291033670,Brooklyn,Bedford-Stuyvesant,40.68074,-73.94437,Private room,63,30,4,8,311,1
38428985,292409387,Queens,East Elmhurst,40.76791,-73.877,Entire home/apt,164,30,11,1,0,0
38131250,199307,Manhattan,Theater District,40.76305,-73.98461,Private room,99,60,1,1,0,0
38131474,265248832,Manhattan,East Harlem,40.80011,-73.94315,Entire home/apt,319,30,15,1,0,0
38286841,6175955,Brooklyn,Greenpoint,40.72883,-73.9516,Entire home/apt,160,5,3,1,0,2
38287428,50760404,Brooklyn,Crown Heights,40.67291,-73.92374,Private room,40,3,31,4,0,4
38289819,291033670,Brooklyn,Bedford-Stuyvesant,40.68074,-73.94437,Shared room,43,30,4,8,299,2
38291768,683230,Manhattan,Midtown,40.75421,-73.96601,Entire home/apt,395,30,15,3,341,0
38437586,42291391,Queens,Maspeth,40.73231,-73.89163,Entire home/apt,42,2,11,1,0,0
38133113,92509169,Manhattan,Greenwich Village,40.73375,-73.99774,Entire home/apt,160,30,9,1,0,0
38437629,2321877,Brooklyn,Bedford-Stuyvesant,40.68482,-73.93029,Entire home/apt,160,4,79,2,261,40
38134394,61723596,Brooklyn,Bushwick,40.68678,-73.90653,Entire home/apt,230,7,74,1,104,33
38293257,286742341,Manhattan,Morningside Heights,40.80415,-73.9645,Entire home/apt,339,30,7,1,0,0
38442158,293045470,Manhattan,Upper East Side,40.78499,-73.95258,Entire home/apt,94,30,14,1,0,0
38293596,22646790,Manhattan,East Harlem,40.79432,-73.94929,Entire home/apt,68,30,3,1,33,1
38295791,291168522,Queens,Ridgewood,40.70790255395209,-73.91511582105015,Entire home/apt,315,28,6,2,180,3
38295943,137358866,Queens,Jackson Heights,40.74993,-73.8783,Private room,71,30,6,111,292,2
38135862,287131759,Manhattan,Harlem,40.81833,-73.93793,Entire home/apt,150,30,15,1,249,2
38135970,2930761,Queens,Flushing,40.75784,-73.78644,Private room,70,15,13,10,361,6
38449283,293105717,Manhattan,Upper East Side,40.77165,-73.95086,Entire home/apt,400,30,8,1,0,0
38138086,1690322,Brooklyn,East Flatbush,40.63398,-73.94694,Private room,100,4,14,1,0,0
38296895,210109752,Queens,Ditmars Steinway,40.7768,-73.90887,Entire home/apt,226,5,60,1,75,24
38298583,121851703,Queens,Queens Village,40.72271,-73.73588,Entire home/apt,97,30,11,3,0,2
38454938,81335,Manhattan,Upper West Side,40.78237,-73.97438,Private room,125,30,27,6,285,2
38456362,25171838,Brooklyn,Flatlands,40.6247,-73.93203,Entire home/apt,269,1,87,1,358,21
38456813,59169595,Brooklyn,Carroll Gardens,40.68289,-73.99259,Entire home/apt,60,30,2,1,0,0
38299089,135051329,Manhattan,Upper East Side,40.77797,-73.95368,Entire home/apt,400,5,10,2,139,2
38299724,135051329,Manhattan,Upper East Side,40.77034,-73.96015,Entire home/apt,250,5,1,2,0,0
38149897,289858949,Brooklyn,Sheepshead Bay,40.59828,-73.95259,Entire home/apt,121,3,50,2,144,23
38150817,26877037,Brooklyn,Sheepshead Bay,40.60063,-73.95975,Entire home/apt,135,30,0,4,365,0
38457731,293172460,Manhattan,East Harlem,40.78789,-73.94335,Private room,129,30,2,1,0,0
38153512,91436483,Manhattan,East Village,40.72973,-73.9883,Entire home/apt,690,2,98,1,115,35
38316335,78706106,Bronx,Pelham Gardens,40.86766,-73.84762,Entire home/apt,105,5,52,1,163,10
38459508,5941405,Manhattan,Lower East Side,40.71938,-73.9881,Private room,239,2,6,1,0,2
38153918,131886,Brooklyn,Park Slope,40.66997,-73.98689,Entire home/apt,260,30,3,1,0,0
38157081,285727534,Manhattan,Lower East Side,40.72026,-73.99376,Private room,91,30,0,28,0,0
38157396,285727534,Manhattan,Nolita,40.72185,-73.99386,Private room,78,30,0,28,0,0
38157609,285727534,Manhattan,Nolita,40.72192,-73.99506,Private room,78,30,0,28,0,0
38157886,285727534,Manhattan,Nolita,40.72019,-73.9952,Private room,78,30,0,28,0,0
38158125,285727534,Manhattan,Nolita,40.72153,-73.99547,Private room,81,30,0,28,0,0
38158359,285727534,Manhattan,Lower East Side,40.72025,-73.99395,Private room,81,30,0,28,0,0
38460129,290498726,Brooklyn,Canarsie,40.63647,-73.88602,Private room,60,30,1,1,0,0
38317159,267163589,Brooklyn,Crown Heights,40.67353,-73.95566,Entire home/apt,190,3,42,1,183,17
38461254,291033670,Brooklyn,Bedford-Stuyvesant,40.68074,-73.94437,Shared room,42,30,3,8,303,2
38461525,270631254,Manhattan,Upper West Side,40.79766,-73.97192,Private room,124,8,35,3,45,14
38462360,1495039,Manhattan,East Village,40.72425,-73.97904,Entire home/apt,232,7,13,2,12,8
38317957,291420067,Bronx,Williamsbridge,40.87712,-73.85696,Private room,49,3,3,1,126,0
38159915,4354856,Manhattan,Greenwich Village,40.73129,-74.00097,Private room,100,30,61,1,0,0
38462543,19528144,Manhattan,Harlem,40.81647,-73.93723,Private room,88,30,11,2,0,0
38161114,289948179,Manhattan,Upper East Side,40.77187,-73.96135,Entire home/apt,230,30,7,4,145,5
38464029,293262599,Queens,Ridgewood,40.70618,-73.91003,Private room,88,30,0,1,0,0
38318562,110846773,Queens,East Elmhurst,40.76365,-73.8613,Entire home/apt,159,4,3,1,312,0
38464389,14159944,Brooklyn,Williamsburg,40.70856,-73.96135,Entire home/apt,110,30,2,1,0,0
38161500,82124196,Brooklyn,Bushwick,40.69951,-73.91231,Entire home/apt,100,30,7,1,0,0
38464396,293264001,Brooklyn,Bedford-Stuyvesant,40.67966,-73.94369,Private room,70,30,7,7,340,0
38464911,293264001,Brooklyn,Bedford-Stuyvesant,40.68027,-73.9436,Shared room,40,30,6,7,341,3
38465274,293264001,Brooklyn,Bedford-Stuyvesant,40.6797,-73.94468,Shared room,45,30,2,7,342,1
38469091,77085687,Queens,Jamaica,40.672195,-73.77623,Entire home/apt,115,1,167,1,342,31
38161780,17925599,Queens,Ridgewood,40.69429,-73.90195,Private room,99,5,15,1,338,7
38162627,6407125,Brooklyn,Bushwick,40.69286,-73.90513,Private room,89,30,0,2,337,0
38164618,272591633,Brooklyn,East Flatbush,40.65553,-73.93153,Entire home/apt,150,30,27,1,0,0
38320677,291479768,Bronx,Norwood,40.8744,-73.88387,Private room,40,30,0,1,0,0
38323529,225889604,Queens,Flushing,40.76383,-73.82799,Private room,78,1,20,3,77,11
38325701,30509656,Bronx,Port Morris,40.80849,-73.93189,Shared room,35,1,26,10,94,24
38477712,146342086,Brooklyn,Bushwick,40.69921,-73.92159,Private room,43,5,19,3,309,7
38480777,219517861,Manhattan,Financial District,40.70657,-74.00491,Entire home/apt,747,2,173,71,317,53
38481108,10856865,Manhattan,Upper West Side,40.77685,-73.98055,Entire home/apt,100,30,30,2,116,0
38481169,263720409,Queens,Long Island City,40.75331,-73.93501,Hotel room,189,1,9,11,0,0
38483199,293448141,Brooklyn,Williamsburg,40.70707,-73.9382,Private room,56,1,71,3,0,0
38325958,291562857,Manhattan,East Harlem,40.79271,-73.94157,Private room,200,30,0,1,0,0
38325984,30509656,Bronx,Mott Haven,40.80984,-73.92992,Shared room,28,1,31,10,46,20
38326214,84597773,Manhattan,Hell's Kitchen,40.76748,-73.99194,Private room,205,2,1,1,11,1
38328609,291653222,Brooklyn,Canarsie,40.64917,-73.90642,Private room,138,3,1,3,175,0
38164809,119188725,Brooklyn,Williamsburg,40.70961,-73.95369,Private room,75,30,3,1,0,0
38165648,4456000,Brooklyn,Williamsburg,40.7207,-73.95621,Shared room,145,4,18,1,0,2
38526362,293848610,Queens,East Elmhurst,40.75767,-73.89801,Entire home/apt,271,2,54,1,170,16
38485346,27664722,Brooklyn,Bushwick,40.69534,-73.92294,Private room,45,30,0,2,0,0
38486378,219517861,Manhattan,Financial District,40.70824657773909,-74.00486571221595,Entire home/apt,754,2,7,71,213,0
38489046,14769509,Manhattan,Tribeca,40.72074,-74.01042,Entire home/apt,750,4,16,1,0,6
38526734,49867487,Queens,Long Island City,40.74923,-73.95086,Shared room,33,30,0,1,0,0
38329522,291667745,Manhattan,Washington Heights,40.85466,-73.93064,Entire home/apt,150,30,24,1,0,0
38489373,42951726,Manhattan,Financial District,40.70684,-74.01378,Entire home/apt,220,30,1,1,0,0
38330175,239548019,Brooklyn,Fort Hamilton,40.61466,-74.03348,Private room,89,1,98,1,99,36
38331745,291682595,Brooklyn,Prospect-Lefferts Gardens,40.66296,-73.95361,Entire home/apt,120,5,37,1,307,22
38707413,178696800,Brooklyn,Crown Heights,40.67829,-73.94823,Private room,70,30,0,2,0,0
38529246,120810666,Manhattan,Theater District,40.76056,-73.98706,Entire home/apt,341,3,143,1,177,52
38535656,293264001,Brooklyn,Bedford-Stuyvesant,40.67981,-73.94382,Private room,70,30,4,7,281,1
38536490,151273556,Brooklyn,Prospect-Lefferts Gardens,40.65607,-73.95715,Entire home/apt,106,2,6,2,0,0
38494298,20587708,Brooklyn,East New York,40.66958,-73.88896,Entire home/apt,130,2,109,2,82,70
38496782,135710202,Brooklyn,Canarsie,40.64045,-73.89297,Entire home/apt,94,1,218,2,351,62
38538837,16319448,Manhattan,East Harlem,40.78668,-73.94041,Private room,90,30,2,1,0,0
38539813,126077082,Brooklyn,Bedford-Stuyvesant,40.68086,-73.92826,Private room,43,30,11,1,0,0
38720591,296079529,Brooklyn,Williamsburg,40.71787,-73.94262,Entire home/apt,170,30,2,1,0,0
38720866,43964569,Brooklyn,Williamsburg,40.71032,-73.94623,Private room,70,30,2,1,0,0
38497561,293569524,Brooklyn,Bushwick,40.69869,-73.92754,Private room,35,30,1,1,0,0
38723597,290753427,Queens,Woodhaven,40.69031,-73.85632,Private room,75,30,0,1,0,0
38723925,7658427,Brooklyn,Williamsburg,40.71138,-73.9556,Entire home/apt,407,14,5,1,0,3
38541050,225075332,Brooklyn,Bushwick,40.69297,-73.92686,Private room,89,30,2,1,0,0
38542488,83786650,Manhattan,Upper East Side,40.75996,-73.96085,Entire home/apt,150,30,5,16,0,2
38544065,267927605,Manhattan,Hell's Kitchen,40.76149,-73.9881,Entire home/apt,170,30,1,1,0,0
38547653,37798237,Brooklyn,Bushwick,40.70639,-73.91953,Private room,50,30,2,1,0,0
38548283,45097961,Brooklyn,Greenpoint,40.7278,-73.9556,Private room,147,30,2,3,35,0
38550605,6655660,Manhattan,Greenwich Village,40.73235,-73.99791,Entire home/apt,175,30,19,1,275,2
38550982,7175319,Manhattan,Theater District,40.76108,-73.98478,Entire home/apt,995,30,0,1,355,0
38551651,70505953,Brooklyn,Prospect-Lefferts Gardens,40.66216,-73.94929,Entire home/apt,80,4,1,2,0,0
38552103,286945536,Brooklyn,Bushwick,40.68343,-73.90611,Private room,38,1,52,2,0,0
38498915,55223948,Brooklyn,Fort Greene,40.68768,-73.97085,Entire home/apt,95,30,30,1,0,0
38554448,101609386,Brooklyn,Bedford-Stuyvesant,40.69108,-73.92618,Private room,83,30,5,1,66,0
38510238,35390592,Manhattan,Washington Heights,40.83511,-73.94411,Entire home/apt,150,3,1,1,0,0
38558695,112452087,Manhattan,East Harlem,40.79811,-73.93942,Private room,125,30,32,2,0,0
38724583,260258030,Queens,Flushing,40.7242,-73.81021,Private room,250,1,14,3,0,0
38511282,293686703,Brooklyn,Flatbush,40.63452,-73.96537,Entire home/apt,135,5,35,1,28,21
38725189,284090766,Staten Island,West Brighton,40.63358,-74.11297,Entire home/apt,169,2,83,1,140,36
38559180,24968314,Manhattan,Upper West Side,40.79754,-73.96283,Entire home/apt,250,3,10,1,24,1
38515796,293727209,Manhattan,Roosevelt Island,40.76352,-73.94841,Private room,250,2,11,1,90,3
38563645,280444188,Manhattan,Upper East Side,40.77424,-73.95739,Entire home/apt,547,7,3,1,41,3
38571450,60116071,Brooklyn,Park Slope,40.67124,-73.97542,Entire home/apt,250,5,8,1,0,4
38573589,30585124,Bronx,Longwood,40.81992,-73.9079,Private room,60,30,11,3,328,4
38725893,259365836,Manhattan,Washington Heights,40.83628,-73.94392,Private room,44,30,8,1,0,0
38517357,293714508,Bronx,Williamsbridge,40.87775,-73.85832,Private room,175,4,5,2,180,0
38747811,72205340,Queens,Flushing,40.75653,-73.8234,Private room,45,30,7,1,0,0
38574077,250390126,Queens,Jackson Heights,40.7519,-73.86446,Private room,56,2,95,1,151,37
38575019,193488,Manhattan,East Village,40.73344,-73.98847,Private room,110,2,2,3,249,2
38575482,278925199,Manhattan,Upper East Side,40.76103,-73.9609,Entire home/apt,225,30,1,17,365,0
38575633,294332738,Brooklyn,Bedford-Stuyvesant,40.68793,-73.93852,Entire home/apt,352,4,44,2,145,20
38518781,293753583,Manhattan,Hell's Kitchen,40.7584,-73.99308,Entire home/apt,334,30,2,9,127,2
38582198,238908845,Brooklyn,Bushwick,40.69559,-73.91947,Private room,55,30,0,1,0,0
38583006,60101290,Manhattan,Harlem,40.79754,-73.94927,Private room,65,30,14,1,0,0
38749353,4912957,Brooklyn,Williamsburg,40.71789,-73.96165,Private room,80,3,3,1,0,0
38519757,292048746,Bronx,Concourse Village,40.82992,-73.91626,Private room,45,3,33,1,170,3
38752368,447895,Brooklyn,Williamsburg,40.71732,-73.96663,Entire home/apt,478,1,34,1,0,13
38521947,33449936,Brooklyn,Bedford-Stuyvesant,40.69582,-73.94565,Private room,80,30,0,1,0,0
38753560,296362224,Bronx,Fordham,40.86894,-73.89411,Private room,70,30,1,1,250,0
38755516,87399999,Manhattan,Harlem,40.82054,-73.9395,Private room,67,5,48,1,130,21
38756007,3363720,Brooklyn,Bushwick,40.68943,-73.91943,Private room,50,30,0,3,186,0
38774302,260258030,Queens,Flushing,40.72363,-73.81033,Private room,250,1,6,3,0,0
38774455,260258030,Queens,Flushing,40.72423,-73.80877,Private room,250,1,6,3,0,0
38584195,294428595,Brooklyn,Sunset Park,40.64528,-74.00465,Private room,60,1,48,7,147,22
38584270,278925199,Manhattan,Upper East Side,40.7593,-73.96107,Entire home/apt,198,30,11,17,334,5
38522188,2930761,Queens,Flushing,40.75784,-73.78813,Private room,108,7,16,10,33,3
38522224,293791261,Queens,Rosedale,40.65731,-73.72959,Entire home/apt,88,2,57,1,68,12
38584735,109716638,Brooklyn,Bedford-Stuyvesant,40.68749,-73.93744,Private room,75,30,0,1,0,0
38586165,119692067,Brooklyn,Borough Park,40.64367,-74.00059,Private room,40,1,117,8,301,75
38522305,112452087,Manhattan,East Harlem,40.79905,-73.93762,Private room,69,30,47,2,0,0
38524793,293714508,Bronx,Williamsbridge,40.87719697393565,-73.8597721211623,Entire home/apt,255,7,0,2,365,0
38924225,284548162,Brooklyn,Bedford-Stuyvesant,40.67981,-73.94347,Shared room,43,30,0,8,341,0
38924473,23772724,Brooklyn,Downtown Brooklyn,40.70058,-73.98702,Entire home/apt,200,30,0,58,249,0
38926445,198522134,Brooklyn,Bushwick,40.70433,-73.92685,Private room,45,60,4,2,0,0
38930954,689427,Brooklyn,Park Slope,40.67766,-73.97523,Entire home/apt,140,28,48,1,91,17
38586211,294187965,Manhattan,Nolita,40.72404,-73.99281,Entire home/apt,495,30,0,1,0,0
38586243,119692067,Brooklyn,Borough Park,40.6438,-74.00017,Private room,40,1,84,8,307,42
38598581,244361589,Manhattan,Theater District,40.7596,-73.98796,Hotel room,948,1,1,8,0,0
38774972,97322448,Brooklyn,Crown Heights,40.67704,-73.94143,Private room,55,1,6,1,0,0
38933996,298202707,Queens,Ridgewood,40.70204,-73.89544,Entire home/apt,78,2,77,2,90,51
38776007,296511624,Manhattan,Upper West Side,40.77831,-73.98267,Entire home/apt,1143,5,20,1,44,2
38776786,22540706,Queens,Whitestone,40.78284,-73.80585,Entire home/apt,140,30,1,1,0,0
38935166,105813928,Queens,Long Island City,40.75394,-73.92117,Private room,60,30,2,1,0,0
38779756,296574695,Brooklyn,Canarsie,40.63523,-73.91484,Entire home/apt,175,30,2,3,0,0
38780110,2930761,Queens,Fresh Meadows,40.75223,-73.78589,Private room,60,14,9,10,341,5
38780326,33681829,Brooklyn,Williamsburg,40.71091,-73.9499,Entire home/apt,75,3,9,1,0,0
38598735,272305353,Manhattan,Financial District,40.70684,-74.01231,Private room,125,30,2,3,0,0
38599093,244361589,Manhattan,Theater District,40.75968,-73.98709,Hotel room,922,1,0,8,0,0
38599141,272305353,Manhattan,Financial District,40.70516,-74.01281,Shared room,80,30,1,3,0,0
38936287,297907675,Brooklyn,Canarsie,40.64445,-73.89847,Private room,70,14,5,1,354,0
38599919,294553546,Queens,Laurelton,40.67607,-73.73991,Entire home/apt,100,30,18,1,0,0
38603451,13347167,Manhattan,Upper East Side,40.7731,-73.95783,Entire home/apt,123,30,1,31,306,1
38782462,296605957,Queens,Bayside,40.760452,-73.76606,Private room,174,1,1,24,115,0
38783953,296605957,Queens,Bayside,40.760452,-73.76606,Private room,171,1,0,24,114,0
38787352,55527442,Manhattan,Murray Hill,40.74815,-73.97679,Private room,118,4,7,1,0,2
38947926,298304737,Staten Island,Mariners Harbor,40.62667,-74.15076,Entire home/apt,120,2,32,1,179,15
38794460,14694408,Queens,Maspeth,40.7318,-73.89958,Private room,100,60,0,1,0,0
38795690,6264251,Manhattan,Lower East Side,40.72173,-73.99353,Entire home/apt,249,30,0,2,0,0
38796849,296745728,Brooklyn,East Flatbush,40.64869,-73.94718,Private room,40,5,13,1,50,2
38797417,296771080,Brooklyn,East Flatbush,40.65836,-73.92156,Private room,80,30,1,2,0,0
38617814,26644197,Brooklyn,Bedford-Stuyvesant,40.68077,-73.94036,Entire home/apt,260,5,43,1,233,20
38618143,9501531,Manhattan,Harlem,40.82252689154528,-73.94304815836888,Private room,91,2,1,3,318,1
38953430,9669675,Manhattan,Harlem,40.8063,-73.94862,Private room,70,5,17,2,276,9
38954037,24033902,Manhattan,Washington Heights,40.84526,-73.9427,Private room,51,30,7,2,108,7
38955140,297794139,Manhattan,Washington Heights,40.85522,-73.93311,Private room,45,30,0,3,145,0
38618500,294887247,Brooklyn,Carroll Gardens,40.6745,-73.99911,Entire home/apt,200,2,118,4,160,62
38956629,269305936,Manhattan,Midtown,40.75695,-73.97055,Hotel room,199,1,0,4,167,0
38956772,269305936,Manhattan,Midtown,40.75668,-73.97218,Hotel room,219,1,2,4,148,0
38956793,268613328,Manhattan,Murray Hill,40.74949,-73.97842,Hotel room,249,1,0,7,92,0
38956813,269305936,Manhattan,Midtown,40.75706,-73.97213,Hotel room,289,1,0,4,115,0
38956835,268613328,Manhattan,Murray Hill,40.74771,-73.97908,Hotel room,339,1,0,7,145,0
38956889,268613328,Manhattan,Murray Hill,40.74806,-73.97892,Hotel room,372,1,0,7,78,0
38956942,268613328,Manhattan,Murray Hill,40.74932,-73.97782,Hotel room,533,1,0,7,216,0
38956986,268613328,Manhattan,Murray Hill,40.74953,-73.97849,Hotel room,729,1,0,7,111,0
38957054,268613328,Manhattan,Murray Hill,40.74771,-73.9791,Hotel room,919,1,0,7,92,0
38958253,48005494,Manhattan,Financial District,40.70829,-74.01318,Entire home/apt,201,30,6,38,235,2
38958289,48005494,Manhattan,Financial District,40.71031,-74.01439,Entire home/apt,264,30,0,38,341,0
38958327,48005494,Manhattan,Financial District,40.71002,-74.01441,Entire home/apt,195,30,9,38,250,3
38958347,48005494,Manhattan,Financial District,40.71008,-74.01417,Entire home/apt,266,30,5,38,0,3
38958369,48005494,Manhattan,Financial District,40.70825,-74.01485,Entire home/apt,203,30,1,38,281,0
38958419,48005494,Manhattan,Financial District,40.71019,-74.01416,Entire home/apt,254,30,2,38,248,1
38958450,48005494,Manhattan,Financial District,40.71014,-74.01448,Entire home/apt,266,30,5,38,189,3
38958466,48005494,Manhattan,Financial District,40.71014,-74.01454,Entire home/apt,240,30,3,38,296,1
38962087,713747,Manhattan,SoHo,40.7235,-74.00473,Entire home/apt,565,11,10,1,162,10
38798075,296787187,Brooklyn,East Flatbush,40.64224,-73.94914,Entire home/apt,190,3,19,1,302,15
38799098,267272502,Bronx,Claremont Village,40.84353,-73.90542,Private room,65,5,5,28,340,0
38802035,63403077,Manhattan,East Harlem,40.79639,-73.93757,Private room,38,7,20,3,9,11
38970498,298543785,Brooklyn,Bushwick,40.69686199690796,-73.93272320530161,Entire home/apt,201,1,1,1,228,1
38802319,258804592,Manhattan,SoHo,40.72711,-74.00229,Entire home/apt,365,7,9,1,88,6
38623036,294941910,Bronx,Wakefield,40.90505,-73.84651,Private room,74,2,132,1,164,59
38624089,293765336,Brooklyn,Sunset Park,40.63533,-74.01187,Entire home/apt,608,3,7,1,173,3
38624428,278925199,Manhattan,Upper East Side,40.76081,-73.96153,Entire home/apt,249,30,3,17,365,3
38971745,298205971,Queens,Corona,40.73615,-73.85953,Private room,110,30,39,5,89,20
38624918,290408184,Brooklyn,Gowanus,40.68202,-73.98784,Private room,50,30,0,1,0,0
38624988,278925199,Manhattan,Upper East Side,40.76106,-73.95926,Entire home/apt,239,30,6,17,365,4
38625308,278925199,Manhattan,Upper East Side,40.75974,-73.96154,Entire home/apt,199,30,2,17,365,0
38812729,296937888,Brooklyn,Canarsie,40.64169,-73.8915,Entire home/apt,151,3,55,1,341,11
38813941,2578638,Manhattan,Upper West Side,40.78916,-73.97978,Entire home/apt,300,45,2,1,0,0
38973236,658618,Brooklyn,Bushwick,40.69137,-73.9109,Entire home/apt,220,2,22,1,1,15
38815886,92974704,Brooklyn,Crown Heights,40.67683,-73.95262,Private room,50,7,22,1,22,0
38816761,1407737,Brooklyn,Vinegar Hill,40.70358,-73.98246,Entire home/apt,160,30,11,1,0,0
38975498,120957439,Manhattan,Upper East Side,40.77562,-73.95162,Entire home/apt,160,10,10,1,12,2
38626886,295015804,Bronx,Kingsbridge,40.86817,-73.90162,Private room,56,30,14,1,0,0
38977877,40146897,Brooklyn,Crown Heights,40.67375,-73.92179,Private room,37,30,29,1,2,7
38978229,8704042,Manhattan,Chelsea,40.7433,-74.0017,Entire home/apt,220,120,18,1,154,4
38626897,295015902,Manhattan,East Village,40.73007,-73.98966,Entire home/apt,200,30,6,1,0,0
38628385,155913928,Queens,Elmhurst,40.73529,-73.87755,Private room,50,2,88,1,35,24
38633932,28270349,Queens,Flushing,40.76572,-73.79278,Shared room,49,30,2,4,218,0
38641232,5637358,Brooklyn,Boerum Hill,40.68487,-73.98068,Entire home/apt,400,31,3,1,10,1
38817916,11577427,Brooklyn,Park Slope,40.67967,-73.97663,Entire home/apt,264,3,130,1,305,55
38818309,146342086,Brooklyn,Bushwick,40.69921,-73.92159,Private room,40,5,18,3,291,9
38820519,109276977,Manhattan,NoHo,40.7248,-73.99364,Entire home/apt,150,2,15,1,0,1
38820911,52251660,Manhattan,Greenwich Village,40.72958,-73.99963,Private room,241,1,9,1,355,2
38978429,55293656,Manhattan,Greenwich Village,40.73287,-73.99913,Entire home/apt,260,10,4,1,249,0
38978583,1584008,Manhattan,Nolita,40.72218,-73.99702,Entire home/apt,169,2,16,1,0,0
38978715,57064846,Brooklyn,Fort Greene,40.69582,-73.97135,Entire home/apt,185,30,37,3,250,1
38822413,170234326,Manhattan,Midtown,40.75768,-73.96263,Private room,150,30,0,1,0,0
38825111,297236388,Manhattan,Harlem,40.80497,-73.94436,Private room,150,30,0,1,0,0
38826956,271561133,Brooklyn,Bay Ridge,40.62338,-74.02525,Private room,43,2,101,3,204,50
38827457,295860624,Manhattan,Chelsea,40.737,-73.99123,Entire home/apt,696,5,19,1,153,8
38827616,271561133,Brooklyn,Bay Ridge,40.62538,-74.02464,Private room,41,2,119,3,82,56
38831666,107434423,Manhattan,Upper East Side,40.7788913,-73.95349290000001,Entire home/apt,373,31,0,453,305,0
38644229,210040180,Queens,Jamaica,40.67908,-73.79145,Private room,85,1,16,5,355,16
38645543,121370311,Brooklyn,Gravesend,40.58793,-73.98866,Entire home/apt,50,30,6,1,9,0
38645666,274605727,Staten Island,Arrochar,40.59787,-74.06296,Entire home/apt,85,2,15,1,338,8
38978740,277189219,Queens,Rosedale,40.65766,-73.73464,Private room,65,2,2,1,0,0
38645667,295225889,Manhattan,Inwood,40.86687,-73.92632,Private room,55,30,0,2,0,0
38835934,6914686,Brooklyn,Bushwick,40.70241,-73.92257,Private room,80,2,7,1,151,1
38836825,210577527,Brooklyn,Gravesend,40.5899,-73.97151,Entire home/apt,135,30,3,1,0,0
38980221,4414774,Brooklyn,Bedford-Stuyvesant,40.68347,-73.92192,Entire home/apt,186,4,110,1,26,57
38837553,37909396,Brooklyn,Bushwick,40.6879,-73.9183,Private room,43,30,1,1,0,0
38645987,295229934,Brooklyn,Bedford-Stuyvesant,40.68531,-73.95541,Private room,200,30,39,1,0,0
38982533,75600172,Manhattan,East Harlem,40.78731,-73.95394,Private room,72,30,0,1,0,0
38646409,295247374,Queens,East Elmhurst,40.7632,-73.86946,Private room,75,1,114,7,72,39
38648046,73944266,Queens,Flushing,40.74238,-73.81703,Private room,58,30,11,4,66,2
38650247,156505456,Brooklyn,East New York,40.66083,-73.88827,Private room,69,2,9,32,363,6
38839113,297358362,Manhattan,Upper East Side,40.7837,-73.95267,Entire home/apt,200,30,2,1,0,0
38839819,80789850,Manhattan,Washington Heights,40.84623,-73.94103,Private room,73,1,38,1,47,21
38983890,77226038,Brooklyn,Bedford-Stuyvesant,40.68522,-73.93657,Entire home/apt,300,5,69,1,138,29
38984304,298691341,Queens,Jackson Heights,40.75571,-73.86378,Private room,100,30,0,1,0,0
38841106,27977002,Manhattan,Midtown,40.7528,-73.97157,Private room,200,2,2,1,0,1
38845103,113723310,Manhattan,Kips Bay,40.7446,-73.97788,Entire home/apt,380,30,4,60,336,1
38846563,271275048,Manhattan,Chelsea,40.74684,-73.99207,Entire home/apt,120,30,9,15,312,3
38848670,2807987,Manhattan,Gramercy,40.73301,-73.98437,Private room,198,4,2,2,3,0
38986627,11968663,Brooklyn,Greenpoint,40.72915,-73.95063,Entire home/apt,175,25,3,1,0,1
38849102,297452190,Manhattan,Chelsea,40.74064,-73.99945,Entire home/apt,428,3,100,1,49,35
38850758,229858536,Manhattan,Midtown,40.7516,-73.97187,Entire home/apt,299,2,6,2,0,1
38655825,295330450,Brooklyn,Bedford-Stuyvesant,40.68932,-73.93848,Entire home/apt,180,30,9,1,83,0
38990832,298747627,Queens,Flushing,40.75174,-73.8318,Private room,79,2,15,4,160,12
38664426,167510916,Brooklyn,East New York,40.66609,-73.87325,Entire home/apt,189,30,3,1,180,0
38853605,297498338,Bronx,Mount Hope,40.84997,-73.90533,Private room,27,30,2,1,0,0
38853953,7205570,Queens,Ditmars Steinway,40.77783,-73.91797,Private room,80,2,23,1,23,23
38866096,225530795,Staten Island,West Brighton,40.63033,-74.11345,Private room,60,30,22,3,33,0
38866268,1746765,Brooklyn,Bedford-Stuyvesant,40.68216,-73.91092,Entire home/apt,149,4,52,1,116,28
38866397,3043126,Brooklyn,Bedford-Stuyvesant,40.69431,-73.95537,Private room,65,7,3,2,157,3
38870540,297656889,Bronx,Unionport,40.8251,-73.84716,Entire home/apt,157,3,11,1,0,0
38871574,225530795,Staten Island,West Brighton,40.63045,-74.11493,Private room,60,30,3,3,218,0
38993493,298338860,Manhattan,Midtown,40.74924,-73.98722,Private room,10000,30,5,4,365,0
38871661,297673205,Bronx,Morris Park,40.84771,-73.84733,Private room,70,3,74,2,148,9
38875424,9293730,Manhattan,Upper East Side,40.769524,-73.956451,Entire home/apt,133,30,10,37,260,5
38877730,297734914,Manhattan,East Village,40.72518,-73.9845,Entire home/apt,358,1,112,1,250,43
38879859,297673205,Bronx,Morris Park,40.84622,-73.84862,Private room,70,5,58,2,330,2
38666081,8672281,Brooklyn,Bedford-Stuyvesant,40.69271,-73.9431,Entire home/apt,91,4,9,1,19,1
38667434,28270349,Queens,Flushing,40.76601,-73.79413,Private room,234,30,1,4,232,0
38670210,278925199,Manhattan,Upper East Side,40.75884,-73.95945,Entire home/apt,299,30,7,17,338,3
38674685,219517861,Manhattan,Financial District,40.70845049688586,-74.00560692624579,Entire home/apt,689,2,303,71,317,234
38993556,298338860,Manhattan,Midtown,40.74863,-73.98493,Private room,10000,30,3,4,365,0
38993616,298338860,Manhattan,Midtown,40.7488,-73.98717,Private room,10000,30,2,4,365,0
38993679,298338860,Manhattan,Midtown,40.75088,-73.98644,Private room,10000,30,1,4,365,0
38996102,144687633,Brooklyn,Bushwick,40.68788,-73.90799,Entire home/apt,171,5,53,1,113,28
38688328,113585636,Bronx,Clason Point,40.80862,-73.85311,Entire home/apt,189,1,70,1,347,30
38880364,297621781,Manhattan,Washington Heights,40.83496,-73.93801,Entire home/apt,130,1,13,1,79,13
38883635,297794139,Manhattan,Washington Heights,40.85469,-73.93299,Private room,49,30,8,3,130,4
38997592,298817288,Brooklyn,South Slope,40.66132,-73.98228,Entire home/apt,334,6,45,1,115,23
38888708,297826852,Brooklyn,Williamsburg,40.71339,-73.94634,Private room,86,30,2,2,0,0
38889455,297826852,Brooklyn,Williamsburg,40.71527,-73.94656,Private room,74,30,2,2,0,0
38694732,17832807,Brooklyn,Crown Heights,40.67337,-73.94967,Private room,88,30,5,1,0,0
38998620,195039053,Manhattan,Chelsea,40.75058,-74.00182,Entire home/apt,280,30,7,1,0,0
38998867,16569168,Manhattan,Murray Hill,40.74859,-73.97563,Entire home/apt,150,90,0,1,0,0
38695193,101290167,Manhattan,Two Bridges,40.71204,-73.99701,Private room,79,30,2,1,0,0
38696509,144006321,Manhattan,Washington Heights,40.84336,-73.943,Private room,66,1,89,2,62,29
38697036,31481921,Brooklyn,Carroll Gardens,40.67732,-74.0003,Entire home/apt,187,30,94,1,87,40
38698551,225011474,Manhattan,Midtown,40.74578,-73.98425,Entire home/apt,250,30,15,2,0,0
38699887,119692067,Brooklyn,Sunset Park,40.64509,-74.00222,Private room,50,1,98,8,310,52
38702827,279648327,Manhattan,Chelsea,40.73935,-73.99819,Private room,119,30,3,5,0,0
38703384,279648327,Manhattan,Chelsea,40.73897,-73.99801,Private room,99,30,8,5,0,0
38898269,297904807,Manhattan,Upper East Side,40.77208,-73.95351,Entire home/apt,220,2,91,1,244,67
38898702,23217966,Queens,Jamaica,40.70382,-73.81513,Private room,51,2,48,4,152,26
38902678,270414511,Manhattan,Washington Heights,40.83138,-73.94075,Entire home/apt,286,2,27,2,14,19
38999822,298560290,Queens,Woodside,40.75475,-73.9025,Private room,75,30,4,1,0,0
38703473,70995022,Brooklyn,Bedford-Stuyvesant,40.69293,-73.94971,Entire home/apt,99,30,3,1,0,0
38703805,5341818,Brooklyn,Bushwick,40.68846,-73.91047,Private room,42,1,29,4,71,17
38703932,279648327,Manhattan,Chelsea,40.73902,-73.99858,Private room,99,30,5,5,0,0
38704132,279648327,Manhattan,Chelsea,40.74069,-73.99783,Private room,99,30,4,5,0,0
39001725,27483010,Brooklyn,Flatbush,40.65106,-73.96183,Private room,85,2,29,1,17,27
38704688,34358062,Manhattan,Lower East Side,40.71171,-73.99189,Entire home/apt,150,60,0,1,297,0
38705874,93308233,Brooklyn,Bedford-Stuyvesant,40.68851,-73.94346,Private room,55,30,0,1,0,0
38905319,51954926,Brooklyn,Bedford-Stuyvesant,40.69433,-73.94808,Private room,86,1,48,2,12,12
38906302,51954926,Brooklyn,Bedford-Stuyvesant,40.69441,-73.94682,Private room,86,2,30,2,12,6
38908049,171521049,Manhattan,Upper East Side,40.77916,-73.95052,Entire home/apt,125,3,7,1,0,0
38908280,154061,Brooklyn,Williamsburg,40.71586,-73.95522,Entire home/apt,280,4,24,2,5,24
38908592,142352236,Manhattan,Hell's Kitchen,40.75409,-73.99675,Entire home/apt,230,30,6,5,124,3
38908757,209758777,Manhattan,Midtown,40.75358,-73.97244,Private room,130,30,5,1,0,0
38909595,10387090,Brooklyn,Bushwick,40.68312,-73.91057,Private room,300,30,0,10,340,0
38910508,142352236,Manhattan,Hell's Kitchen,40.75554,-73.99513,Entire home/apt,240,30,6,5,123,2
38923807,293264001,Brooklyn,Bedford-Stuyvesant,40.68147,-73.94498,Shared room,40,30,4,7,69,1
39003408,297249042,Queens,Ridgewood,40.70525,-73.90629,Entire home/apt,165,3,39,1,78,17
39036247,161140139,Brooklyn,Bushwick,40.69319,-73.91455,Private room,32,30,27,1,0,3
39036581,5341818,Brooklyn,Bushwick,40.68815,-73.91053,Private room,39,1,28,4,66,8
39036790,5341818,Brooklyn,Bushwick,40.68647,-73.91042,Private room,40,1,20,4,13,0
39003811,169967529,Manhattan,Hell's Kitchen,40.75488,-73.99402,Entire home/apt,120,30,16,1,0,0
39053850,182964421,Brooklyn,Midwood,40.61897,-73.95432,Entire home/apt,169,1,12,2,98,12
39053981,28822278,Manhattan,Greenwich Village,40.73122,-74.00118,Entire home/apt,83,30,9,1,0,0
39054797,61541256,Brooklyn,Brownsville,40.67111,-73.91361,Private room,45,4,13,2,5,9
39058347,101618737,Brooklyn,Bushwick,40.69376,-73.90709,Private room,81,30,2,2,0,0
39229191,301101607,Bronx,Throgs Neck,40.82749,-73.81481,Entire home/apt,225,30,14,1,365,0
39004732,36905253,Manhattan,Hell's Kitchen,40.76216,-73.99743,Entire home/apt,300,30,0,1,0,0
39229999,6299248,Manhattan,East Harlem,40.79396,-73.94087,Private room,105,3,2,1,158,1
39230578,301129067,Brooklyn,Bedford-Stuyvesant,40.69205,-73.94454,Private room,90,30,2,1,0,1
39058690,258629443,Queens,Cambria Heights,40.70052,-73.73884,Entire home/apt,111,1,61,1,70,24
39005390,1181122,Brooklyn,Bedford-Stuyvesant,40.6841,-73.94903,Entire home/apt,200,4,5,1,46,0
39059690,51857469,Manhattan,Washington Heights,40.83229,-73.94352,Entire home/apt,199,2,7,1,40,4
39059931,13324910,Manhattan,Upper East Side,40.78505,-73.95575,Entire home/apt,550,30,1,1,219,0
39005916,15617507,Bronx,Morris Park,40.85011,-73.86246,Entire home/apt,65,3,73,6,297,30
39022484,241889662,Manhattan,West Village,40.73888,-74.00343,Private room,425,1,5,12,290,1
39022754,11123843,Brooklyn,Bedford-Stuyvesant,40.68312,-73.94539,Entire home/apt,90,10,8,1,5,4
39023096,241889662,Manhattan,West Village,40.73671,-74.0054,Hotel room,497,1,4,12,312,1
39023376,241889662,Manhattan,West Village,40.73671,-74.00499,Hotel room,497,1,12,12,297,3
39023464,193529865,Queens,Kew Gardens,40.70606,-73.8322,Private room,95,3,6,3,265,2
39023600,241889662,Manhattan,West Village,40.73695,-74.00502,Hotel room,468,1,5,12,306,3
39024243,241889662,Manhattan,West Village,40.73757,-74.00316,Hotel room,468,1,5,12,327,0
39024245,27272337,Queens,Arverne,40.58935,-73.79265,Entire home/apt,130,31,2,1,0,0
39063314,299404927,Manhattan,Midtown,40.76436,-73.98317,Private room,175,30,2,1,0,0
39232121,3689829,Brooklyn,Clinton Hill,40.68479,-73.96378,Private room,154,2,18,1,64,17
39242516,102896902,Bronx,Concourse Village,40.83165,-73.91821,Private room,60,3,21,2,201,15
39243894,107434423,Manhattan,Hell's Kitchen,40.76778789999999,-73.99174099999999,Entire home/apt,461,31,0,453,0,0
39024603,299047468,Brooklyn,Bushwick,40.70026,-73.9376,Private room,55,30,12,2,0,0
39244920,21543930,Brooklyn,Bedford-Stuyvesant,40.68863,-73.95756,Entire home/apt,260,5,4,1,0,0
39024731,241889662,Manhattan,West Village,40.73892,-74.00478,Hotel room,468,1,4,12,303,2
39024944,241889662,Manhattan,West Village,40.73884,-74.00342,Hotel room,425,1,7,12,316,0
39025632,299047468,Brooklyn,Williamsburg,40.70225,-73.93779,Private room,58,30,8,2,0,0
39025645,291091342,Bronx,Allerton,40.86951,-73.85172,Private room,80,2,7,1,140,0
39028036,28723229,Brooklyn,Red Hook,40.67621,-74.0039,Private room,75,30,2,1,0,0
39028402,299080216,Brooklyn,Sunset Park,40.66167,-73.99132,Entire home/apt,148,2,47,1,5,23
39246597,301271821,Manhattan,Hell's Kitchen,40.76533,-73.98444,Entire home/apt,1225,30,15,1,0,0
39029793,4657597,Manhattan,West Village,40.732,-74.00283,Entire home/apt,180,30,5,1,0,0
39066657,299430284,Brooklyn,Crown Heights,40.67563,-73.92374,Entire home/apt,300,30,10,1,0,0
39029972,273344288,Manhattan,Kips Bay,40.74097,-73.98154,Entire home/apt,75,30,1,1,0,0
39072592,207773633,Brooklyn,Boerum Hill,40.68726,-73.98982,Entire home/apt,350,6,85,1,244,38
39074638,7289570,Brooklyn,Bedford-Stuyvesant,40.68361,-73.91959,Entire home/apt,166,4,57,2,151,43
39075477,44632313,Brooklyn,Williamsburg,40.71674,-73.94072,Private room,149,30,0,1,0,0
39247437,284411372,Queens,Flushing,40.75795,-73.83696,Private room,100,90,4,1,0,0
39031849,299111044,Manhattan,East Harlem,40.79614,-73.9481,Private room,119,3,177,1,68,71
39247788,14722556,Manhattan,Gramercy,40.73828,-73.98284,Entire home/apt,250,30,3,1,0,0
39032555,296605957,Queens,Bayside,40.760452,-73.76606,Private room,171,1,0,24,116,0
39033030,193529865,Queens,Kew Gardens,40.70633,-73.83232,Private room,85,3,5,3,254,2
39033318,299132013,Brooklyn,Crown Heights,40.67026,-73.93575,Entire home/apt,257,3,52,1,284,29
39249334,130753801,Brooklyn,Clinton Hill,40.6945,-73.9653,Entire home/apt,170,4,8,1,92,1
39081063,1358077,Manhattan,East Harlem,40.80189,-73.94375,Private room,99,1,5,1,0,0
39083120,2675644,Staten Island,Randall Manor,40.64167,-74.09808,Entire home/apt,850,30,0,5,365,0
39083177,26072577,Brooklyn,Bedford-Stuyvesant,40.6915,-73.92824,Private room,79,2,35,1,38,15
39083245,162280872,Manhattan,Upper East Side,40.77182,-73.95843,Entire home/apt,300,30,6,98,218,3
39084990,284126288,Queens,Flushing,40.74214,-73.81386,Private room,65,30,0,5,0,0
39086622,13006166,Manhattan,Lower East Side,40.71937,-73.9865,Private room,148,30,12,2,285,0
39087293,45601111,Queens,Laurelton,40.67242,-73.75004,Private room,61,30,1,6,365,1
39090973,299394723,Queens,Jackson Heights,40.75272,-73.88327,Private room,48,30,7,1,0,0
39091454,57306556,Manhattan,Upper West Side,40.79828,-73.96023,Private room,55,30,5,1,0,0
39100961,220229838,Manhattan,Midtown,40.76387,-73.97653,Private room,10000,30,0,11,365,0
39112224,194953121,Manhattan,Midtown,40.75309,-73.97134,Entire home/apt,771,2,1,25,101,0
39113138,11379822,Bronx,Mount Hope,40.8469,-73.90458,Private room,64,3,25,3,341,18
39114171,48684597,Queens,Maspeth,40.73637,-73.896,Private room,55,30,6,6,0,0
39034248,299128204,Queens,St. Albans,40.7009,-73.75192,Entire home/apt,134,3,30,3,357,5
39034756,194391932,Brooklyn,Bushwick,40.70449,-73.91669,Private room,125,30,0,1,0,0
39117708,115819687,Brooklyn,Bushwick,40.6975,-73.91591,Private room,70,30,2,1,0,0
39125813,77290831,Staten Island,Prince's Bay,40.52339,-74.20517,Entire home/apt,118,7,3,1,114,3
39128021,162280872,Manhattan,Upper East Side,40.76993,-73.95856,Entire home/apt,180,30,2,98,123,1
39128779,280383714,Manhattan,Midtown,40.76501,-73.98188,Private room,90,30,1,1,0,0
39131261,12625398,Brooklyn,Bushwick,40.70446,-73.91988,Private room,52,3,1,1,0,0
39251023,299874106,Bronx,Fordham,40.86814,-73.8946,Private room,150,30,0,1,0,0
39252056,53624923,Manhattan,Financial District,40.70358,-74.01121,Private room,120,30,2,1,0,0
39252523,52613466,Brooklyn,Brighton Beach,40.57722,-73.96205,Private room,35,30,0,1,6,0
39035186,31788137,Manhattan,Lower East Side,40.7182,-73.99388,Entire home/apt,245,2,1,1,0,0
39252851,92793705,Brooklyn,Williamsburg,40.71641,-73.95324,Entire home/apt,130,30,2,1,0,0
39253388,45314325,Brooklyn,Clinton Hill,40.69477,-73.96975,Private room,66,1,142,3,34,58
39132278,229454644,Queens,Jamaica Hills,40.70984,-73.80173,Entire home/apt,107,2,33,1,350,12
39035532,50686800,Brooklyn,Bedford-Stuyvesant,40.69097,-73.95068,Private room,49,30,12,2,0,0
39390463,155958005,Manhattan,Midtown,40.75383,-73.97362,Private room,275,2,1,1,0,0
39135437,48872790,Brooklyn,Bushwick,40.69111,-73.92453,Private room,130,1,53,2,164,25
39136879,874355,Brooklyn,Bushwick,40.69793,-73.92945,Entire home/apt,125,7,2,1,0,0
39139580,300216473,Manhattan,Lower East Side,40.71776,-73.98187,Private room,115,3,174,1,67,60
39146442,175152359,Bronx,Westchester Square,40.84327,-73.84721,Private room,55,2,26,4,21,0
39146672,150428984,Bronx,Hunts Point,40.81361,-73.88933,Private room,52,3,16,5,346,8
39254047,199075581,Queens,Jamaica,40.67003,-73.78013,Entire home/apt,193,2,58,1,159,20
39254951,55858529,Brooklyn,Flatbush,40.64366,-73.95547,Private room,52,2,67,2,37,33
39255187,297679759,Bronx,Tremont,40.84477,-73.89273,Private room,35,30,14,2,0,0
39256285,301357987,Bronx,Bronxdale,40.85378,-73.86383,Private room,100,30,0,1,0,0
39257912,239503360,Queens,Corona,40.74284,-73.85263,Private room,64,7,32,4,144,10
39392480,32981949,Manhattan,East Harlem,40.79232,-73.93804,Entire home/apt,195,4,5,1,26,2
39262054,283511343,Manhattan,Theater District,40.7591,-73.98587,Private room,170,6,71,2,219,25
39269487,291026998,Brooklyn,Sheepshead Bay,40.60094,-73.95847,Private room,92,30,0,4,365,0
39149013,300293489,Brooklyn,Bedford-Stuyvesant,40.6903,-73.95507,Entire home/apt,211,4,36,2,204,18
39150564,11726951,Manhattan,Upper East Side,40.77471,-73.95629,Entire home/apt,999,30,1,1,0,0
39393260,4089511,Manhattan,Harlem,40.81448,-73.94359,Entire home/apt,160,30,15,3,57,3
39394198,89842859,Brooklyn,Crown Heights,40.66744,-73.93452,Entire home/apt,150,30,1,1,0,0
39151119,266476728,Brooklyn,East New York,40.66955,-73.86958,Entire home/apt,120,2,7,1,159,0
39153649,289948179,Manhattan,Upper East Side,40.77057,-73.9621,Entire home/apt,190,30,0,4,218,0
39154426,162280872,Manhattan,Kips Bay,40.74005,-73.97995,Entire home/apt,160,30,2,98,283,0
39154799,162280872,Manhattan,Upper East Side,40.77513,-73.94952,Entire home/apt,180,30,1,98,267,0
39157606,294986115,Manhattan,Harlem,40.81553,-73.95275,Private room,85,2,11,1,0,0
39169415,905272,Brooklyn,Williamsburg,40.71195,-73.94648,Entire home/apt,446,1,53,1,126,47
39270581,300013181,Brooklyn,Williamsburg,40.7189,-73.94711,Private room,100,30,12,1,0,0
39272481,230085076,Staten Island,Mariners Harbor,40.63301,-74.14626,Private room,55,30,0,1,0,0
39272536,301502753,Manhattan,East Harlem,40.80117,-73.94036,Private room,55,1,21,1,0,0
39273168,50760404,Brooklyn,Crown Heights,40.67482,-73.92292,Private room,54,5,16,4,0,3
39273226,173685298,Manhattan,Midtown,40.75541,-73.97045,Private room,652,1,3,7,87,2
39277490,19528144,Manhattan,Harlem,40.81837,-73.93765,Entire home/apt,110,30,6,2,0,0
39395456,302423456,Queens,Jamaica,40.67194,-73.77711,Private room,55,1,90,3,322,17
39278092,46038731,Brooklyn,Williamsburg,40.71564,-73.94046,Private room,55,30,1,1,197,0
39280356,194940666,Queens,Far Rockaway,40.60527,-73.74962,Entire home/apt,156,30,5,6,364,2
39281912,5341818,Brooklyn,Bushwick,40.68801,-73.90828,Shared room,41,1,18,4,38,7
39173028,169899040,Brooklyn,Bedford-Stuyvesant,40.68469,-73.91994,Private room,65,1,13,1,0,4
39173096,130082352,Queens,Howard Beach,40.66165,-73.84127,Private room,159,30,2,1,0,0
39173246,297964927,Brooklyn,Crown Heights,40.6694,-73.9313,Private room,84,30,2,1,5,0
39396638,241158243,Brooklyn,Boerum Hill,40.68707,-73.97992,Private room,220,30,0,1,0,0
39286877,238133848,Manhattan,Midtown,40.7532,-73.99109,Private room,550,30,4,1,0,0
39398026,194953121,Manhattan,Midtown,40.75318,-73.97345,Entire home/apt,771,2,0,25,0,0
39398031,194953121,Manhattan,Midtown,40.75346,-73.9734,Entire home/apt,771,2,0,25,102,0
39398034,194953121,Manhattan,Midtown,40.7538,-73.97191,Entire home/apt,643,2,0,25,101,0
39398035,194953121,Manhattan,Midtown,40.75221,-73.9716,Entire home/apt,643,2,3,25,101,0
39399494,4582740,Brooklyn,Greenpoint,40.72827020866895,-73.95917830537043,Entire home/apt,200,7,0,1,102,0
39288788,31021293,Manhattan,Kips Bay,40.742,-73.97848,Private room,300,30,1,1,0,0
39289019,267272502,Bronx,Claremont Village,40.84395,-73.90565,Entire home/apt,110,4,3,28,9,1
39174155,300546461,Brooklyn,Williamsburg,40.71706,-73.95708,Entire home/apt,200,3,80,1,84,44
39174672,300552796,Queens,Ridgewood,40.7037,-73.9059,Private room,300,30,0,1,0,0
39176524,24103915,Brooklyn,Flatbush,40.64379,-73.95666,Entire home/apt,219,30,9,1,180,1
39411592,214922940,Queens,Flushing,40.7361,-73.79774,Private room,70,30,0,1,177,0
39291981,301662283,Brooklyn,Fort Greene,40.68432,-73.97116,Entire home/apt,200,30,9,1,0,0
39413551,15226172,Brooklyn,Sheepshead Bay,40.58587,-73.95089,Entire home/apt,54,90,0,1,0,0
39176548,54294445,Brooklyn,South Slope,40.66612,-73.99138,Entire home/apt,250,30,16,1,284,7
39177041,194940666,Queens,Far Rockaway,40.605166541590734,-73.74969825891387,Entire home/apt,413,30,4,6,309,0
39413681,61391963,Manhattan,Upper West Side,40.78156,-73.97643,Entire home/apt,142,30,12,116,266,4
39413941,61391963,Manhattan,Kips Bay,40.74433,-73.97878,Entire home/apt,133,30,4,116,37,0
39414106,61391963,Manhattan,Upper East Side,40.7702,-73.96281,Entire home/apt,142,30,5,116,168,2
39414688,302743217,Brooklyn,Bushwick,40.70256,-73.92385,Entire home/apt,140,30,17,3,314,4
39299540,301720129,Brooklyn,Prospect-Lefferts Gardens,40.66276,-73.95091,Entire home/apt,299,3,41,2,317,19
39300260,8898944,Brooklyn,Fort Hamilton,40.61902,-74.03969,Entire home/apt,120,2,42,1,134,35
39300752,259271575,Queens,Jamaica,40.6778,-73.78919,Shared room,40,1,3,1,0,0
39415178,302743217,Brooklyn,Bushwick,40.70055,-73.92282,Entire home/apt,180,30,12,3,319,5
39417163,212262327,Queens,Far Rockaway,40.59643,-73.76244,Private room,80,30,0,1,0,0
39301619,81921451,Brooklyn,Bedford-Stuyvesant,40.68941,-73.93482,Private room,90,30,0,1,179,0
39302944,107462006,Queens,Laurelton,40.67627,-73.73914,Entire home/apt,125,30,0,2,249,0
39312932,28230559,Manhattan,East Harlem,40.81036,-73.9358,Entire home/apt,220,30,13,1,365,4
39179129,300626523,Brooklyn,Brighton Beach,40.58209,-73.95404,Entire home/apt,120,1,2,1,0,0
39180803,228608906,Staten Island,Arrochar,40.59116,-74.06959,Private room,75,30,2,2,0,0
39189605,33068587,Queens,Jamaica,40.68523,-73.78873,Private room,89,2,0,1,88,0
39189765,48593753,Manhattan,Morningside Heights,40.80371,-73.9593,Entire home/apt,120,30,0,7,249,0
39189831,210408018,Manhattan,East Harlem,40.79626,-73.94388,Entire home/apt,95,5,9,1,0,3
39190658,221573750,Manhattan,East Village,40.72878,-73.98809,Private room,499,2,78,2,0,10
39191142,107434423,Manhattan,Upper East Side,40.7788913,-73.95349290000001,Entire home/apt,590,31,0,453,294,0
39192592,2807987,Manhattan,East Village,40.73118,-73.98508,Entire home/apt,479,4,11,2,7,10
39417250,286725076,Queens,Sunnyside,40.7444,-73.91773,Private room,200,1,1,1,0,0
39193812,15558725,Manhattan,Harlem,40.81586,-73.94081,Private room,200,30,5,1,90,0
39312974,24300850,Manhattan,West Village,40.73489,-74.00642,Entire home/apt,250,45,3,1,178,0
39313969,299128204,Queens,St. Albans,40.69983,-73.75368,Entire home/apt,145,2,27,3,357,9
39314886,33529126,Manhattan,West Village,40.7323,-74.00526,Entire home/apt,250,30,0,1,0,0
39421106,302283311,Manhattan,East Village,40.72251,-73.97956,Entire home/apt,278,6,39,2,258,22
39195247,257808847,Manhattan,Hell's Kitchen,40.7631,-73.98911,Entire home/apt,500,30,4,1,0,0
39196417,162280872,Manhattan,Upper East Side,40.76969,-73.95726,Entire home/apt,160,30,0,98,302,0
39197716,14978548,Brooklyn,Williamsburg,40.7178,-73.94129,Private room,40,30,4,1,0,0
39198133,300787611,Brooklyn,Fort Greene,40.68916,-73.97559,Entire home/apt,227,30,3,1,0,0
39421390,302205591,Brooklyn,Cypress Hills,40.68421,-73.88045,Private room,110,2,1,2,0,0
39199781,226503876,Manhattan,Chinatown,40.71356,-73.9904,Private room,90,5,33,1,275,20
39199816,22117802,Brooklyn,Crown Heights,40.672611,-73.955376,Entire home/apt,275,2,36,1,214,36
39201527,300812117,Brooklyn,Bushwick,40.69885,-73.92355,Entire home/apt,85,30,2,2,0,0
39201679,189625025,Brooklyn,Williamsburg,40.70906,-73.9422,Private room,102,2,39,5,347,32
39204077,31814602,Queens,Jamaica,40.68924,-73.77942,Entire home/apt,85,1,57,1,0,0
39204558,287627548,Queens,Rosedale,40.65703,-73.73174,Private room,100,30,45,4,159,0
39205502,287627548,Queens,Rosedale,40.65498,-73.73137,Private room,100,30,41,4,159,1
39316302,300815353,Manhattan,West Village,40.72874129251677,-74.00318222172484,Entire home/apt,506,7,52,1,320,23
39316522,135960773,Brooklyn,East New York,40.66931,-73.86632,Private room,75,4,5,1,96,4
39320195,32446721,Queens,Corona,40.7478,-73.86353,Shared room,52,1,1,9,357,0
39320317,297222629,Manhattan,Hell's Kitchen,40.75982,-73.99105,Private room,125,1,126,2,77,59
39320355,297240751,Manhattan,Hell's Kitchen,40.76207,-73.99196,Private room,132,1,103,2,90,46
39327039,301573494,Queens,Jamaica,40.69545,-73.78406,Private room,50,30,5,1,0,0
39330170,109671307,Bronx,Norwood,40.87152,-73.87713,Entire home/apt,155,1,103,6,86,27
39422367,155750958,Manhattan,Midtown,40.74736,-73.98811,Entire home/apt,599,30,0,2,0,0
39332857,302101015,Queens,Ridgewood,40.70532,-73.90259,Private room,81,5,12,4,45,6
39206061,23822553,Manhattan,Harlem,40.80858,-73.9555,Private room,93,2,13,4,78,10
39211315,28823649,Manhattan,SoHo,40.72568,-74.00165,Entire home/apt,235,30,4,2,0,0
39215776,1440109,Brooklyn,Windsor Terrace,40.65598,-73.97816,Entire home/apt,169,30,6,1,0,0
39216165,101498908,Brooklyn,East Flatbush,40.64909,-73.9504,Entire home/apt,249,5,2,2,0,0
39423751,58069023,Manhattan,Upper West Side,40.79813,-73.97022,Entire home/apt,150,90,1,1,0,0
39334075,207431103,Brooklyn,Greenpoint,40.72304,-73.94771,Private room,59,30,1,1,0,0
39335644,14327476,Manhattan,Upper East Side,40.77479,-73.9538,Entire home/apt,165,30,0,1,0,0
39335757,7055319,Brooklyn,Williamsburg,40.7135,-73.94792,Private room,50,30,1,1,0,0
39424633,218336964,Queens,Elmhurst,40.73134,-73.87188,Private room,32,30,7,1,0,0
39336273,2815983,Brooklyn,Cobble Hill,40.68713,-73.99832,Entire home/apt,245,2,49,1,29,38
39224718,301015334,Manhattan,Theater District,40.75983,-73.98777,Private room,186,3,102,1,100,37
39225271,8341543,Manhattan,Chelsea,40.74133,-73.99817,Entire home/apt,399,7,8,1,297,6
39428172,302847508,Queens,East Elmhurst,40.76874,-73.87308,Private room,65,30,44,3,342,0
39226095,105616582,Manhattan,West Village,40.73362,-74.00176,Entire home/apt,169,30,3,3,281,0
39226961,298198884,Bronx,Longwood,40.8181,-73.89533,Private room,36,30,8,1,342,3
39227915,299732232,Staten Island,Howland Hook,40.62468,-74.16731,Entire home/apt,239,2,81,1,291,30
39336993,302138294,Staten Island,Shore Acres,40.61129,-74.06357,Private room,66,2,20,2,361,15
39337020,20086738,Brooklyn,Bedford-Stuyvesant,40.6809,-73.91935,Private room,80,30,2,4,0,0
39340144,57155587,Brooklyn,Bushwick,40.70381,-73.92679,Private room,50,30,2,2,0,0
39340734,8977237,Brooklyn,Carroll Gardens,40.67921,-74.00111,Private room,75,90,0,1,177,0
39340742,302174650,Queens,Flushing,40.75832,-73.82947,Entire home/apt,10,30,0,1,0,0
39342683,297222629,Manhattan,Hell's Kitchen,40.76172,-73.99169,Private room,143,1,141,2,93,57
39344115,290103444,Brooklyn,Cypress Hills,40.68866,-73.87381,Private room,101,1,26,2,178,7
39345548,57023844,Queens,Jamaica,40.68719,-73.77831,Private room,58,3,2,3,358,1
39355550,12361493,Brooklyn,Bushwick,40.70405,-73.91487,Private room,70,30,10,1,0,0
39355943,147762665,Bronx,Wakefield,40.88812,-73.86039,Private room,59,1,64,7,358,22
39358131,89707030,Manhattan,West Village,40.73541,-74.00438,Entire home/apt,595,30,1,1,363,0
39362271,287238606,Brooklyn,Bedford-Stuyvesant,40.68994,-73.94263,Entire home/apt,175,1,2,1,0,0
39363832,40619768,Queens,Astoria,40.76378,-73.92231,Entire home/apt,99,30,19,1,19,6
39435705,23772724,Manhattan,Kips Bay,40.73925,-73.98031,Entire home/apt,120,30,0,58,267,0
39435760,23772724,Manhattan,Kips Bay,40.73934,-73.97988,Entire home/apt,145,30,0,58,330,0
39435765,23772724,Manhattan,Kips Bay,40.74065,-73.98125,Entire home/apt,120,30,0,58,253,0
39435773,23772724,Manhattan,Kips Bay,40.74128,-73.97862,Entire home/apt,145,30,0,58,335,0
39435811,23772724,Manhattan,Kips Bay,40.73954,-73.97943,Entire home/apt,156,30,0,58,281,0
39435835,23772724,Manhattan,Kips Bay,40.74207,-73.98128,Entire home/apt,156,30,0,58,279,0
39439169,269116777,Manhattan,Harlem,40.82027,-73.94709,Entire home/apt,424,3,89,1,304,68
39364371,297043828,Queens,Long Island City,40.7571,-73.93133,Entire home/apt,299,30,3,1,0,0
39440527,27314977,Manhattan,West Village,40.73272,-74.0086,Entire home/apt,90,30,0,1,0,0
39369799,13461496,Brooklyn,Sunset Park,40.65789,-74.0016,Entire home/apt,114,2,98,1,155,31
39369872,60915621,Manhattan,Chinatown,40.71433,-73.99264,Entire home/apt,150,3,3,2,0,0
39443002,276829981,Brooklyn,Flatbush,40.64047,-73.9653,Entire home/apt,156,30,14,4,0,6
39446832,566838,Manhattan,Harlem,40.81805,-73.9404,Private room,81,2,63,4,345,35
39447656,28801224,Brooklyn,Clinton Hill,40.68302,-73.96548,Entire home/apt,85,30,1,1,0,0
39370156,106265221,Brooklyn,Greenpoint,40.72809,-73.95556,Entire home/apt,264,4,61,1,66,21
39370929,287627548,Queens,Rosedale,40.65492,-73.72969,Private room,60,30,23,4,130,0
39526512,285088479,Brooklyn,Bedford-Stuyvesant,40.68716,-73.9189,Private room,44,60,0,2,0,0
39528624,114590,Brooklyn,Williamsburg,40.72006,-73.96019,Entire home/apt,350,7,5,1,266,5
39447878,15938594,Manhattan,Hell's Kitchen,40.76178,-73.99117,Entire home/apt,700,30,22,1,0,0
39371379,285373996,Manhattan,Lower East Side,40.71906,-73.98259,Entire home/apt,1250,30,40,1,0,0
39448065,303011364,Manhattan,Washington Heights,40.85506,-73.92872,Private room,75,30,0,1,0,0
39449410,3210260,Manhattan,Greenwich Village,40.7301,-73.99899,Entire home/apt,339,30,14,1,0,0
39449814,919218,Manhattan,Harlem,40.80639,-73.94951,Private room,75,30,1,2,326,1
39453401,57155587,Brooklyn,Bushwick,40.7043,-73.92512,Private room,60,30,2,2,0,0
39460155,17831516,Manhattan,East Harlem,40.7866,-73.94881,Entire home/apt,42,96,0,1,40,0
39372420,122649770,Bronx,Concourse,40.82864,-73.92469,Private room,200,2,2,3,89,0
39461768,1418912,Manhattan,West Village,40.73877,-74.0062,Entire home/apt,350,30,5,1,0,0
39380638,302488974,Brooklyn,Borough Park,40.62938,-73.99645,Private room,100,30,3,1,0,0
39380947,302423456,Queens,Jamaica,40.67223,-73.77906,Private room,66,1,120,3,161,49
39381034,607823,Brooklyn,Bedford-Stuyvesant,40.68622,-73.93016,Entire home/apt,513,3,2,1,327,2
39530302,21894865,Manhattan,Theater District,40.76123,-73.98513,Entire home/apt,139,30,1,1,0,0
39531655,302903408,Brooklyn,Gowanus,40.68397,-73.98836,Entire home/apt,880,30,8,5,335,0
39464274,64568710,Brooklyn,Williamsburg,40.71268,-73.94042,Private room,69,30,5,2,0,0
39381486,5423999,Manhattan,Two Bridges,40.71177,-73.99719,Entire home/apt,70,2,0,1,0,0
39381503,302494062,Bronx,Kingsbridge,40.88279,-73.89765,Private room,54,30,10,1,157,6
39465902,220161560,Queens,Elmhurst,40.7409,-73.88668,Private room,60,30,4,1,0,0
39385381,285299217,Manhattan,Washington Heights,40.85345,-73.92862,Private room,30,30,0,1,0,0
39532400,303726828,Queens,Elmhurst,40.73525,-73.87758,Entire home/apt,100,30,12,1,0,0
39466783,45065985,Manhattan,Hell's Kitchen,40.76177,-73.99026,Entire home/apt,600,30,18,1,0,0
39386362,83938323,Manhattan,East Village,40.72762,-73.98636,Entire home/apt,76,2,3,1,0,0
39469608,303185676,Manhattan,Hell's Kitchen,40.76072,-73.99131,Private room,129,2,7,1,0,0
39387412,116238997,Bronx,Belmont,40.84885,-73.88601,Entire home/apt,157,2,90,1,125,44
39535241,280764765,Brooklyn,Williamsburg,40.71667,-73.94054,Entire home/apt,350,300,15,1,365,0
39472394,49553194,Brooklyn,East Flatbush,40.66005,-73.93546,Entire home/apt,181,30,0,1,0,0
39535314,2723138,Brooklyn,Clinton Hill,40.68981,-73.96372,Entire home/apt,79,30,1,2,0,0
39535604,1997143,Brooklyn,Bedford-Stuyvesant,40.69531,-73.94403,Private room,100,1,12,9,344,0
39535849,303764720,Brooklyn,Flatbush,40.65328,-73.95967,Entire home/apt,440,1,1,1,180,0
39634804,304559935,Brooklyn,Bath Beach,40.60844,-74.00624,Entire home/apt,198,1,96,2,336,41
39643136,18405982,Brooklyn,Cypress Hills,40.69026,-73.86835,Private room,79,7,6,2,254,4
39480252,16851857,Bronx,Wakefield,40.89657,-73.85133,Entire home/apt,72,4,11,10,275,7
39480960,59037926,Brooklyn,Williamsburg,40.7119,-73.9405,Private room,90,30,0,1,0,0
39646001,73245,Brooklyn,Crown Heights,40.67482,-73.95991,Private room,67,3,6,1,7,0
39646352,33833944,Manhattan,Upper East Side,40.76075,-73.96459,Entire home/apt,132,30,13,4,60,5
39648018,296771080,Brooklyn,East Flatbush,40.65849,-73.92161,Private room,80,30,0,2,0,0
39481003,137817563,Brooklyn,Bedford-Stuyvesant,40.68455,-73.93127,Entire home/apt,100,4,17,2,160,12
39481793,14691130,Brooklyn,Clinton Hill,40.6839,-73.96096,Entire home/apt,170,30,10,1,67,7
39650425,301277352,Queens,Astoria,40.77341,-73.9227,Entire home/apt,93,30,4,1,0,0
39651899,43429598,Brooklyn,Carroll Gardens,40.68383,-73.99281,Entire home/apt,200,30,20,1,0,4
39536408,24243967,Manhattan,Lower East Side,40.71972,-73.97956,Private room,120,30,0,1,0,0
39483065,126917625,Manhattan,Washington Heights,40.85024,-73.93428,Private room,50,30,4,1,0,0
39537003,61024981,Manhattan,Midtown,40.75226,-73.97322,Entire home/apt,102,2,3,1,0,0
39483163,30009273,Brooklyn,Flatbush,40.63381,-73.96439,Entire home/apt,450,30,1,1,0,0
39537097,15267937,Queens,Ditmars Steinway,40.77465,-73.91985,Entire home/apt,103,1,285,1,46,81
39537553,217910985,Manhattan,Hell's Kitchen,40.76089,-73.99768,Entire home/apt,350,30,0,3,365,0
39541215,2119276,Manhattan,West Village,40.73694,-74.0023,Entire home/apt,175,30,3,22,310,2
39543637,50045329,Brooklyn,Dyker Heights,40.61832,-74.0082,Entire home/apt,150,30,2,2,301,1
39654727,186320943,Queens,Long Island City,40.76094,-73.92798,Private room,70,2,69,1,64,28
39664403,23861295,Brooklyn,East Flatbush,40.6446,-73.9398,Private room,59,1,3,2,310,0
39483179,2930761,Queens,Fresh Meadows,40.75243,-73.78603,Private room,75,3,5,10,1,3
39483421,302586724,Queens,Long Island City,40.75994,-73.93135,Private room,60,30,14,3,0,0
39667450,87524743,Brooklyn,Sheepshead Bay,40.58811,-73.95184,Private room,78,2,15,1,68,4
39551462,303884392,Manhattan,East Harlem,40.79772,-73.94215,Entire home/apt,420,2,169,1,223,51
39551766,268198789,Brooklyn,East New York,40.67648,-73.86767,Private room,98,30,6,4,0,0
39553432,266989293,Queens,Long Island City,40.75387,-73.92677,Private room,369,1,2,6,359,2
39483728,303133969,Manhattan,Upper West Side,40.79954,-73.96146,Private room,88,30,3,3,257,2
39553540,182965966,Brooklyn,Williamsburg,40.71749,-73.95015,Private room,119,2,71,1,15,22
39553672,23772724,Manhattan,Upper East Side,40.78321,-73.94558,Entire home/apt,115,30,6,58,161,4
39553889,266989293,Queens,Long Island City,40.75224,-73.92871,Private room,291,1,1,6,358,1
39554061,266989293,Queens,Long Island City,40.7518,-73.92744,Private room,282,1,128,6,356,71
39554366,266989293,Queens,Long Island City,40.75403,-73.92812,Private room,257,1,12,6,356,9
39671310,222302950,Manhattan,Upper West Side,40.78716,-73.97202,Private room,158,2,33,1,95,27
39484704,162280872,Manhattan,Kips Bay,40.73854,-73.98167,Entire home/apt,145,30,4,98,316,2
39485602,303319010,Manhattan,East Harlem,40.79925,-73.93257,Private room,100,1,14,1,80,4
39554417,40613794,Queens,Ditmars Steinway,40.77433,-73.89513,Entire home/apt,633,3,100,1,135,41
39485765,303320045,Queens,Astoria,40.76974800976473,-73.91930870507439,Private room,81,2,23,1,43,21
39485858,303321105,Brooklyn,Bedford-Stuyvesant,40.68458,-73.94413,Entire home/apt,102,7,15,1,56,8
39554590,48345272,Manhattan,Lower East Side,40.71342,-73.98901,Entire home/apt,140,30,28,2,264,4
39554839,266989293,Queens,Long Island City,40.75393,-73.92708,Private room,345,1,2,6,360,0
39556412,303929008,Manhattan,Upper East Side,40.77349,-73.94827,Entire home/apt,250,30,1,1,0,0
39672049,300577516,Staten Island,Clifton,40.6209,-74.07516,Private room,80,30,11,1,341,3
39486515,295225889,Manhattan,Inwood,40.86675,-73.92639,Private room,100,30,2,2,0,0
39487415,117645326,Brooklyn,Prospect-Lefferts Gardens,40.66171,-73.95699,Private room,82,3,62,1,18,35
39673143,34351646,Bronx,Parkchester,40.83996,-73.85937,Entire home/apt,229,3,112,1,69,40
39556673,84255932,Brooklyn,Brooklyn Heights,40.69967,-73.9946,Entire home/apt,1400,6,17,1,0,11
39558009,303941435,Manhattan,Roosevelt Island,40.76381,-73.94959,Private room,70,30,1,1,0,0
39558211,270340525,Brooklyn,East New York,40.66622,-73.87093,Entire home/apt,141,2,95,1,329,38
39559324,4231401,Brooklyn,Prospect-Lefferts Gardens,40.65561,-73.95853,Entire home/apt,165,30,1,1,0,0
39560327,263201642,Manhattan,Midtown,40.75181,-73.98406,Private room,9999,1,0,6,22,0
39560633,263201642,Manhattan,Midtown,40.75181,-73.98406,Private room,39,1,0,6,101,0
39488352,302786557,Brooklyn,Canarsie,40.64207,-73.90898,Entire home/apt,210,2,48,1,85,20
39560992,191422870,Manhattan,Inwood,40.86661,-73.91869,Private room,85,30,13,1,218,0
39561110,303344746,Manhattan,Hell's Kitchen,40.76582,-73.99056,Entire home/apt,436,3,141,1,124,77
39674685,215199591,Bronx,Throgs Neck,40.82005,-73.81651,Entire home/apt,152,2,66,1,175,24
39489592,70361714,Brooklyn,Williamsburg,40.70547,-73.92694,Private room,50,30,1,1,193,1
39675196,304921349,Brooklyn,Windsor Terrace,40.65545,-73.98014,Private room,125,2,4,2,322,4
39561368,23815582,Brooklyn,Canarsie,40.63444,-73.89509,Entire home/apt,200,2,9,4,155,0
39561658,260451506,Manhattan,Midtown,40.75786,-73.9802,Private room,339,1,3,5,352,0
39561775,260451506,Manhattan,Midtown,40.75634,-73.98223,Private room,339,1,2,5,358,2
39561836,260451506,Manhattan,Midtown,40.75602,-73.98186,Private room,371,1,4,5,325,1
39562028,303976214,Manhattan,Gramercy,40.73481,-73.98745,Entire home/apt,450,30,15,1,0,0
39563416,34457315,Queens,Woodhaven,40.69082,-73.86348,Entire home/apt,256,3,83,3,92,41
39566015,302586724,Queens,Long Island City,40.76181,-73.93087,Private room,70,30,17,3,0,0
39569142,302586724,Queens,Long Island City,40.75951,-73.93176,Private room,73,30,14,3,0,0
39574087,266741420,Manhattan,Lower East Side,40.71918,-73.99123,Private room,10000,1,0,3,365,0
39576696,271275048,Manhattan,Chelsea,40.74637,-73.99301,Entire home/apt,130,30,8,15,277,4
39577706,291033670,Brooklyn,Bedford-Stuyvesant,40.67958,-73.94352,Shared room,40,30,1,8,341,1
39579710,291033670,Brooklyn,Bedford-Stuyvesant,40.68187,-73.94485,Shared room,40,30,1,8,292,1
39581504,274767494,Brooklyn,Flatbush,40.64695,-73.96612,Entire home/apt,650,5,2,1,0,0
39584086,98454738,Manhattan,Upper West Side,40.7723,-73.99276,Entire home/apt,275,30,0,1,0,0
39584286,293264001,Brooklyn,Bedford-Stuyvesant,40.67995,-73.94541,Private room,70,30,2,7,341,1
39495668,155750958,Manhattan,Chelsea,40.74931,-73.98813,Private room,349,30,0,2,0,0
39495937,940333,Brooklyn,Clinton Hill,40.68592,-73.96043,Entire home/apt,150,30,3,1,262,3
39585440,304156529,Manhattan,Hell's Kitchen,40.76627,-73.98731,Entire home/apt,446,3,145,1,120,68
39677451,22661810,Brooklyn,East Flatbush,40.63231,-73.94628,Entire home/apt,95,4,56,1,327,22
39502675,229288524,Manhattan,Hell's Kitchen,40.76066,-73.99203,Entire home/apt,599,30,0,2,116,0
39503790,40905202,Brooklyn,South Slope,40.66424,-73.98685,Entire home/apt,395,6,2,1,0,0
39678744,667926,Brooklyn,Crown Heights,40.66757,-73.93627,Entire home/apt,246,2,2,1,0,0
39585946,304162990,Brooklyn,Cypress Hills,40.68464,-73.86793,Entire home/apt,195,4,33,2,158,17
39506904,303509327,Brooklyn,Flatbush,40.65175,-73.96446,Entire home/apt,100,30,4,1,0,0
39587759,304182642,Brooklyn,Canarsie,40.63226,-73.9087,Private room,75,30,1,1,173,0
39588134,56403037,Queens,Ozone Park,40.68789,-73.84938,Private room,48,30,9,2,289,1
39685422,4039777,Manhattan,Hell's Kitchen,40.7606,-73.99995,Entire home/apt,230,2,16,2,0,8
39689636,712590,Brooklyn,Prospect Heights,40.67894,-73.97284,Private room,70,2,1,2,0,0
39507366,303512557,Brooklyn,Bushwick,40.69694,-73.92952,Entire home/apt,149,30,3,1,83,1
39507510,2172367,Manhattan,East Village,40.73034,-73.98399,Private room,125,4,50,1,32,25
39690859,253125120,Brooklyn,Bushwick,40.70252,-73.92161,Private room,65,30,3,1,0,0
39507856,228562055,Bronx,East Morrisania,40.83149,-73.88841,Private room,200,30,7,1,89,0
39693688,305082237,Brooklyn,Crown Heights,40.66657,-73.93138,Private room,45,30,15,1,0,0
39693755,2545448,Brooklyn,Flatbush,40.63067,-73.95662,Private room,98,2,25,1,287,23
39590947,240065384,Bronx,Morris Park,40.85298,-73.85707,Private room,55,1,12,1,0,0
39598996,304261640,Brooklyn,Bushwick,40.68903,-73.90683,Entire home/apt,140,30,2,4,64,0
39601518,268353279,Brooklyn,Red Hook,40.67854,-74.00595,Private room,129,4,15,3,355,5
39508474,203039,Manhattan,Upper West Side,40.80234,-73.96858,Private room,135,30,4,1,90,1
39509523,303537032,Manhattan,Washington Heights,40.85824,-73.93309,Entire home/apt,99,30,14,1,0,0
39603782,153513107,Queens,Douglaston,40.76678,-73.74813,Entire home/apt,121,1,64,1,4,20
39509810,64568710,Brooklyn,Williamsburg,40.71074,-73.93995,Private room,90,30,4,2,0,0
39694948,57296783,Brooklyn,Bushwick,40.68402,-73.9115,Private room,65,30,0,1,0,0
39509872,245447340,Manhattan,Harlem,40.79984,-73.95532,Private room,100,30,1,1,0,0
39696136,1291410,Manhattan,Chelsea,40.73945,-74.00133,Entire home/apt,292,4,24,1,115,19
39697022,29874427,Manhattan,Chelsea,40.73807,-73.99693,Entire home/apt,210,30,2,1,0,0
39699359,301736408,Bronx,City Island,40.85658,-73.79095,Entire home/apt,102,5,36,1,115,15
39606116,6230230,Manhattan,SoHo,40.72174,-73.99804,Entire home/apt,250,30,3,1,91,0
39517970,301720129,Brooklyn,Prospect-Lefferts Gardens,40.66074,-73.94983,Entire home/apt,180,2,4,2,273,4
39520917,267696544,Manhattan,East Harlem,40.78954,-73.94842,Private room,85,30,1,1,0,0
39523142,303643917,Manhattan,Harlem,40.81745,-73.93776,Entire home/apt,68,30,0,1,0,0
39606161,261467487,Queens,Fresh Meadows,40.74261,-73.78616,Entire home/apt,110,1,4,1,354,2
39609829,6357228,Manhattan,East Harlem,40.79469,-73.94727,Private room,120,30,1,1,0,0
39610139,213388301,Manhattan,Midtown,40.75359,-73.97357,Private room,475,3,9,1,69,8
39610571,302843131,Bronx,Norwood,40.87972,-73.88012,Private room,70,30,0,1,0,0
39610836,293157326,Brooklyn,Fort Hamilton,40.61655,-74.03016,Entire home/apt,75,1,19,1,0,0
39700669,41193978,Manhattan,East Harlem,40.78983,-73.94799,Private room,65,6,3,1,0,1
39524646,1479833,Brooklyn,Crown Heights,40.67467,-73.95922,Entire home/apt,139,4,23,1,8,19
39525276,32708211,Brooklyn,Bedford-Stuyvesant,40.68945,-73.95452,Entire home/apt,109,2,82,7,272,32
39526252,42676520,Manhattan,Harlem,40.80679,-73.94817,Entire home/apt,129,30,23,3,73,6
39526281,241945355,Brooklyn,Flatlands,40.63153,-73.92616,Entire home/apt,138,1,14,4,72,10
39817538,266152296,Manhattan,Battery Park City,40.71038,-74.01595,Entire home/apt,279,30,2,1,0,0
39612224,120267512,Bronx,Williamsbridge,40.87934,-73.86055,Entire home/apt,126,5,49,1,195,10
39818487,306335409,Manhattan,Theater District,40.76265,-73.98537,Private room,119,30,5,1,0,0
39612323,3811358,Manhattan,Upper West Side,40.7862,-73.97208,Entire home/apt,110,30,2,1,0,0
39618927,146132198,Bronx,Wakefield,40.8961,-73.85651,Private room,40,2,9,3,57,0
39618966,304432775,Brooklyn,Williamsburg,40.71602,-73.94775,Entire home/apt,1200,2,8,1,0,0
39626325,106166531,Brooklyn,Williamsburg,40.71426,-73.94206,Private room,50,2,2,1,0,0
39700849,305136585,Brooklyn,East New York,40.66245,-73.89807,Entire home/apt,105,3,59,1,279,30
39701110,49481890,Manhattan,Washington Heights,40.83726,-73.94654,Private room,79,5,58,3,90,32
39820168,306349662,Queens,Ridgewood,40.71041,-73.89829,Private room,56,10,9,5,0,4
39702139,305144235,Brooklyn,Canarsie,40.6411,-73.90726,Entire home/apt,93,1,14,1,87,0
39702216,44875433,Brooklyn,Cypress Hills,40.68329,-73.87284,Entire home/apt,175,4,50,2,160,29
39702571,165136941,Brooklyn,Bedford-Stuyvesant,40.68561,-73.94407,Private room,78,2,21,2,137,10
39703551,867637,Brooklyn,Bushwick,40.69441,-73.92378,Entire home/apt,75,6,11,1,0,0
39626638,25034419,Brooklyn,Williamsburg,40.70812225341797,-73.95311737060547,Private room,143,10,1,1,9,0
39627703,304261640,Brooklyn,Bushwick,40.6888,-73.90847,Private room,33,30,13,4,66,0
39627727,219517861,Manhattan,Financial District,40.70816,-74.00625,Entire home/apt,490,2,259,71,320,189
39627918,304261640,Brooklyn,Bushwick,40.6873,-73.90662,Private room,45,30,14,4,64,0
39628066,226557968,Bronx,North Riverdale,40.90884,-73.9013,Entire home/apt,100,1,41,1,356,20
39820984,296574695,Brooklyn,Canarsie,40.6352,-73.91438,Private room,150,30,0,3,0,0
39821584,299362103,Bronx,Throgs Neck,40.81819,-73.82111,Entire home/apt,125,1,47,1,0,0
39628193,162540157,Queens,Whitestone,40.79058,-73.82328,Entire home/apt,80,30,10,1,0,0
39628230,304261640,Brooklyn,Bushwick,40.68723,-73.90792,Private room,59,30,11,4,64,0
39629775,53610697,Brooklyn,Prospect-Lefferts Gardens,40.6611,-73.95267,Entire home/apt,75,20,5,2,0,0
39717041,305256600,Brooklyn,Park Slope,40.67681,-73.97635,Entire home/apt,342,5,121,1,74,75
39717997,1902623,Manhattan,Chelsea,40.74559,-74.00057,Entire home/apt,146,4,17,1,64,5
39823177,304541267,Manhattan,Washington Heights,40.84075,-73.93651,Private room,90,30,5,3,365,3
39630152,59317338,Brooklyn,Crown Heights,40.66676,-73.94696,Entire home/apt,295,30,13,1,270,0
39833359,306482362,Queens,Astoria,40.7645,-73.91063,Entire home/apt,169,1,221,1,292,93
39723500,305308677,Queens,Corona,40.73767,-73.86405,Entire home/apt,90,30,4,1,0,0
39834665,27606853,Manhattan,Upper East Side,40.77853,-73.95668,Entire home/apt,150,30,6,1,283,1
39723526,66371088,Manhattan,Lower East Side,40.72028,-73.99057,Entire home/apt,250,2,2,1,0,0
39723878,268397728,Manhattan,Battery Park City,40.70955,-74.01502,Private room,94,1,0,1,365,0
39724050,268399048,Manhattan,Midtown,40.75274,-73.9734,Private room,114,1,0,2,365,0
39724266,268399048,Manhattan,Midtown,40.75235,-73.97367,Private room,159,1,1,2,107,1
39630715,14425324,Manhattan,SoHo,40.72445,-74.00853,Entire home/apt,600,30,0,1,83,0
39631364,57457584,Brooklyn,Bushwick,40.69427,-73.91058,Entire home/apt,85,30,1,1,0,0
39633723,242393668,Queens,Ridgewood,40.70731,-73.9085,Private room,34,30,0,1,0,0
39633917,302847508,Queens,East Elmhurst,40.76822,-73.87467,Private room,59,1,156,3,317,64
39634340,54657257,Brooklyn,Prospect-Lefferts Gardens,40.66311,-73.94583,Entire home/apt,80,30,7,1,0,1
39634396,5162192,Manhattan,Upper West Side,40.79644,-73.9619,Entire home/apt,295,30,1,20,250,0
39921646,306996701,Manhattan,Midtown,40.74498,-73.98754,Private room,189,1,2,6,0,1
39836117,11359705,Manhattan,Midtown,40.76528,-73.98274,Entire home/apt,200,30,6,1,0,0
39837248,302847508,Queens,East Elmhurst,40.76708,-73.87295,Private room,73,1,165,3,334,67
39837617,245003299,Bronx,Clason Point,40.81002,-73.85127,Entire home/apt,135,2,53,2,360,24
39839293,266092932,Manhattan,Hell's Kitchen,40.75789,-73.9945,Entire home/apt,299,2,88,4,252,43
39839498,266092932,Manhattan,Hell's Kitchen,40.75625,-73.9948,Entire home/apt,299,2,76,4,265,46
39839813,13755179,Brooklyn,Williamsburg,40.70864,-73.96613,Entire home/apt,195,4,34,1,125,28
39921713,307596523,Brooklyn,East New York,40.67334,-73.87495,Entire home/apt,116,2,47,1,121,20
39921718,306996701,Manhattan,Midtown,40.7451,-73.9876,Private room,219,1,1,6,0,0
39921812,306996701,Manhattan,Midtown,40.7444,-73.9879,Private room,442,1,1,6,0,0
39839863,119926735,Brooklyn,Williamsburg,40.71736,-73.94253,Entire home/apt,198,30,12,1,164,6
39840444,31796843,Manhattan,Hell's Kitchen,40.76604,-73.98856,Private room,119,30,41,2,0,0
39921961,306001668,Manhattan,Tribeca,40.71525,-74.008,Private room,149,1,4,7,0,4
39922192,306001668,Manhattan,Tribeca,40.71457,-74.00964,Private room,189,1,0,7,0,0
39922280,306001668,Manhattan,Tribeca,40.71662,-74.00945,Private room,189,1,0,7,0,0
39922347,306001668,Manhattan,Tribeca,40.71478,-74.00775,Private room,199,1,0,7,0,0
39922436,306001668,Manhattan,Tribeca,40.7143,-74.00974,Private room,219,1,0,7,0,0
39922527,306001668,Manhattan,Tribeca,40.7145,-74.00847,Private room,209,1,1,7,0,1
39922635,306001668,Manhattan,Tribeca,40.71657,-74.00981,Private room,379,1,1,7,0,1
39922785,305997139,Manhattan,Hell's Kitchen,40.76325,-73.98698,Private room,89,1,0,10,118,0
39922884,305997139,Manhattan,Hell's Kitchen,40.76325,-73.98698,Private room,99,1,0,10,118,0
39922973,305997139,Manhattan,Hell's Kitchen,40.76325,-73.98698,Private room,119,1,0,10,0,0
39923024,305997139,Manhattan,Hell's Kitchen,40.76325,-73.98698,Private room,119,1,0,10,0,0
39725042,305323614,Brooklyn,Bedford-Stuyvesant,40.69269,-73.92921,Entire home/apt,361,3,44,1,205,27
39843036,306615620,Queens,Flushing,40.76201,-73.79034,Entire home/apt,75,30,28,1,0,0
39725627,305327549,Manhattan,Kips Bay,40.74489,-73.97798,Entire home/apt,321,1,10,5,345,7
39726291,251852817,Manhattan,East Harlem,40.79943,-73.9435,Shared room,55,30,11,7,0,0
39726547,43426547,Brooklyn,Prospect-Lefferts Gardens,40.66215,-73.95158,Private room,37,30,2,1,0,0
39923048,30277418,Brooklyn,Prospect Heights,40.68099,-73.97387,Entire home/apt,150,4,0,1,0,0
39923116,305997139,Manhattan,Hell's Kitchen,40.76325,-73.98698,Private room,169,1,0,10,0,0
39923176,305997139,Manhattan,Hell's Kitchen,40.76325,-73.98698,Private room,159,1,0,10,0,0
39923241,305997139,Manhattan,Hell's Kitchen,40.76325,-73.98698,Private room,169,1,0,10,0,0
39923324,305997139,Manhattan,Hell's Kitchen,40.76325,-73.98698,Private room,129,1,0,10,227,0
39923544,305997139,Manhattan,Hell's Kitchen,40.76325,-73.98698,Private room,189,1,0,10,0,0
39923724,305997139,Manhattan,Hell's Kitchen,40.76325,-73.98698,Private room,155,1,0,10,118,0
39843067,19510808,Manhattan,Theater District,40.76348,-73.98477,Entire home/apt,200,30,1,1,0,0
39729023,270029540,Bronx,Kingsbridge,40.88485,-73.89343,Entire home/apt,85,30,2,1,0,0
39729652,45314325,Brooklyn,Fort Greene,40.69357,-73.97124,Private room,65,1,115,3,11,62
39732310,305387117,Queens,Long Island City,40.75251343867303,-73.93852156475155,Private room,165,21,10,6,92,7
39741956,305387117,Queens,Long Island City,40.751380134848056,-73.9405735164974,Private room,145,14,5,6,95,2
39846491,225283096,Queens,Rosedale,40.65596,-73.74496,Private room,55,30,25,2,281,0
39853302,2223883,Brooklyn,Fort Hamilton,40.61914,-74.0262,Private room,50,1,1,1,327,0
39925395,228778848,Brooklyn,Park Slope,40.67149,-73.98129,Entire home/apt,350,5,17,1,44,15
39854821,9408841,Brooklyn,Columbia St,40.682,-74.00387,Entire home/apt,150,30,1,1,0,0
39925642,222064628,Manhattan,Harlem,40.82982,-73.94831,Private room,125,30,10,1,0,0
39742323,299763364,Brooklyn,Crown Heights,40.67288,-73.92775,Private room,500,30,0,1,0,0
39742663,305387117,Queens,Long Island City,40.75111567444562,-73.94054766302024,Shared room,140,7,5,6,357,3
39747860,742100,Manhattan,Tribeca,40.71589,-74.0111,Entire home/apt,155,30,7,2,68,1
39748190,305503356,Queens,Fresh Meadows,40.7366,-73.78066,Shared room,80,30,0,1,0,0
39858224,306862995,Brooklyn,Bushwick,40.697548,-73.931587,Entire home/apt,243,3,15,1,164,11
39748344,59628601,Brooklyn,Gravesend,40.59169,-73.99189,Entire home/apt,185,1,1,1,160,0
39749416,113723310,Manhattan,Upper East Side,40.78477,-73.94988,Entire home/apt,220,30,7,60,281,1
39749681,113723310,Manhattan,East Harlem,40.785671,-73.949539,Entire home/apt,223,180,8,60,364,2
39749929,5190491,Manhattan,East Village,40.72973,-73.9884,Entire home/apt,314,2,148,1,214,56
39750172,165323807,Manhattan,Upper West Side,40.78526,-73.97456,Private room,157,2,25,3,151,23
39750608,285088479,Brooklyn,Bedford-Stuyvesant,40.68704,-73.91952,Private room,44,45,1,2,0,1
39751479,59521180,Manhattan,West Village,40.73628,-74.00453,Entire home/apt,250,30,1,1,0,0
39926268,4002775,Queens,Glendale,40.70632,-73.89378,Entire home/apt,55,30,15,1,0,0
39929061,13717740,Manhattan,Washington Heights,40.83311,-73.94238,Entire home/apt,75,30,5,2,125,2
39930214,15231059,Manhattan,Lower East Side,40.72038,-73.98504,Private room,97,30,39,4,313,2
39858506,54205873,Manhattan,Midtown,40.76463,-73.98107,Private room,270,4,0,1,0,0
39937438,307575749,Manhattan,Chelsea,40.74013,-74.00243,Entire home/apt,400,30,0,1,0,0
39939381,7939437,Brooklyn,Bedford-Stuyvesant,40.68838,-73.95895,Entire home/apt,295,30,0,2,0,0
39940774,107434423,Manhattan,Theater District,40.7607614,-73.98610550000001,Entire home/apt,325,31,1,453,289,0
39940831,107434423,Manhattan,Theater District,40.7607614,-73.98610550000001,Entire home/apt,429,31,0,453,104,0
39859278,306009315,Manhattan,Upper West Side,40.78355,-73.98196,Private room,129,1,0,13,0,0
39859368,306009315,Manhattan,Upper West Side,40.78328,-73.98026,Private room,149,1,1,13,0,1
39859439,306009315,Manhattan,Upper West Side,40.78306,-73.98224,Private room,159,1,2,13,0,2
39859606,306009315,Manhattan,Upper West Side,40.78361,-73.98214,Private room,209,1,1,13,0,1
39859670,306009315,Manhattan,Upper West Side,40.78191,-73.98232,Private room,149,1,0,13,0,0
39859862,306009315,Manhattan,Upper West Side,40.78207,-73.98001,Private room,189,1,0,13,0,0
39859926,306009315,Manhattan,Upper West Side,40.78276,-73.98216,Private room,229,1,0,13,0,0
39860004,306009315,Manhattan,Upper West Side,40.78309,-73.97998,Private room,229,1,0,13,0,0
39860062,306009315,Manhattan,Upper West Side,40.78321,-73.98227,Private room,355,1,0,13,0,0
39860155,306009315,Manhattan,Upper West Side,40.78125,-73.98013,Private room,505,1,1,13,0,1
39860690,268598785,Manhattan,Midtown,40.74644,-73.98448,Private room,580,1,53,11,359,24
39943815,2026554,Brooklyn,Bushwick,40.70276,-73.91469,Entire home/apt,95,2,59,1,1,43
39752892,305537389,Brooklyn,Clinton Hill,40.69457,-73.96181,Entire home/apt,329,30,105,2,249,39
39754062,19342672,Manhattan,West Village,40.73717,-74.00303,Entire home/apt,500,30,0,2,0,0
39754456,263564835,Queens,Long Island City,40.75523,-73.93428,Entire home/apt,297,30,1,1,335,0
39860856,268598785,Manhattan,Midtown,40.74522,-73.98284,Private room,556,1,190,11,364,52
39860936,268598785,Manhattan,Midtown,40.74519,-73.98244,Private room,521,1,24,11,361,8
39861059,268598785,Manhattan,Midtown,40.74645,-73.98253,Private room,518,1,90,11,364,21
39861127,268598785,Manhattan,Midtown,40.74715,-73.9846,Private room,549,1,15,11,357,7
39861182,268598785,Manhattan,Midtown,40.74579,-73.98447,Private room,623,1,32,11,365,9
39861293,268598785,Manhattan,Midtown,40.74502,-73.98428,Private room,647,1,18,11,360,14
39861389,268598785,Manhattan,Midtown,40.74504,-73.9823,Private room,583,1,24,11,364,20
39861458,268598785,Manhattan,Midtown,40.74519,-73.9839,Private room,855,1,0,11,328,0
39861566,268598785,Manhattan,Midtown,40.74531,-73.98435,Private room,621,30,0,11,346,0
39861650,268598785,Manhattan,Midtown,40.74555,-73.98258,Private room,698,1,39,11,360,28
39861730,7714461,Brooklyn,Williamsburg,40.71545,-73.9523,Private room,85,30,2,3,0,0
39866812,211666263,Brooklyn,East New York,40.66179,-73.8671,Entire home/apt,125,30,3,1,173,0
39756235,305567753,Manhattan,Murray Hill,40.75153,-73.97961,Entire home/apt,434,30,4,1,0,0
39756702,82889379,Bronx,Wakefield,40.89781,-73.85693,Private room,43,1,72,6,0,4
39757484,216419980,Manhattan,Harlem,40.82606,-73.95106,Entire home/apt,249,30,3,1,0,0
39945357,151076372,Manhattan,Harlem,40.82366,-73.95342,Private room,40,1,1,1,0,0
39867650,39399272,Brooklyn,Bushwick,40.68933,-73.91594,Entire home/apt,185,2,11,5,82,8
39947182,10133373,Manhattan,Midtown,40.76527,-73.98338,Private room,60,76,2,1,0,0
39950446,307970900,Manhattan,Morningside Heights,40.8102,-73.95913,Private room,139,1,131,2,154,66
39951152,307970900,Manhattan,Morningside Heights,40.81082,-73.95711,Private room,126,1,119,2,157,45
39758327,191009021,Manhattan,Chelsea,40.75264,-73.9956,Entire home/apt,316,3,103,1,140,53
39758510,169130719,Brooklyn,Crown Heights,40.67153,-73.9385,Private room,60,30,0,1,0,0
39760322,283812343,Manhattan,Kips Bay,40.7437,-73.98054,Entire home/apt,225,30,2,2,0,0
39767080,179383012,Queens,Flushing,40.745247755130656,-73.82951415234443,Entire home/apt,107,2,8,1,347,8
39868919,93470906,Manhattan,Washington Heights,40.85461,-73.92759,Private room,55,1,7,1,0,0
39769551,73564528,Queens,Springfield Gardens,40.66642,-73.75566,Entire home/apt,110,4,27,2,170,14
39953432,277436628,Manhattan,Hell's Kitchen,40.76151,-73.99173,Private room,500,30,5,1,0,0
39953514,293448141,Brooklyn,Williamsburg,40.70855,-73.93812,Private room,125,7,1,3,0,0
39954574,15231059,Manhattan,Lower East Side,40.7185,-73.98597,Private room,96,12,8,4,269,1
39955583,15787004,Brooklyn,Bushwick,40.69644,-73.92295,Private room,30,30,3,5,0,0
39869406,251817531,Brooklyn,Bedford-Stuyvesant,40.68798,-73.9551,Private room,80,2,79,1,293,33
39769985,46087238,Queens,Jamaica,40.68658,-73.78784,Private room,61,1,6,2,90,1
39870438,293448141,Brooklyn,Williamsburg,40.70674,-73.93874,Private room,57,28,35,3,0,0
39871722,143052745,Bronx,Mott Haven,40.80872,-73.92185,Private room,55,1,101,5,256,53
39872100,2928701,Manhattan,East Village,40.72702,-73.98441,Entire home/apt,315,7,19,4,251,13
39877934,107434423,Manhattan,Kips Bay,40.7410961,-73.97825230000001,Entire home/apt,541,31,0,453,27,0
39878031,107434423,Manhattan,Upper East Side,40.77595,-73.95559,Entire home/apt,454,31,1,453,0,0
39878065,107434423,Manhattan,Upper East Side,40.77595,-73.95559,Entire home/apt,335,31,0,453,335,0
39878087,107434423,Manhattan,Theater District,40.7607614,-73.98610550000001,Entire home/apt,356,31,0,453,233,0
39878204,107434423,Manhattan,Theater District,40.7607614,-73.98610550000001,Entire home/apt,796,31,0,453,350,0
39878242,107434423,Manhattan,Theater District,40.7607614,-73.98610550000001,Entire home/apt,454,31,0,453,331,0
39878798,23772724,Manhattan,Upper East Side,40.78111,-73.94586,Entire home/apt,155,30,4,58,341,2
39878837,23772724,Manhattan,Kips Bay,40.74,-73.97855,Entire home/apt,156,30,0,58,340,0
39879250,23772724,Manhattan,Upper East Side,40.78314,-73.95099,Private room,100,30,1,58,346,0
39885538,51340124,Manhattan,Gramercy,40.73657,-73.98265,Private room,200,15,18,1,125,0
39888825,3218421,Brooklyn,Bedford-Stuyvesant,40.69305,-73.94996,Entire home/apt,130,5,1,1,0,0
39961750,248707422,Manhattan,Battery Park City,40.71784,-74.01553,Entire home/apt,150,30,2,1,0,0
39890582,305598092,Brooklyn,Fort Greene,40.68859,-73.97699,Private room,80,30,4,1,0,0
39965017,289681097,Brooklyn,Williamsburg,40.70646,-73.93637,Entire home/apt,400,1,14,3,162,4
39771515,305725246,Brooklyn,Bushwick,40.69776,-73.91428,Private room,75,1,10,1,0,0
39892290,307205852,Manhattan,Midtown,40.75584,-73.96747,Entire home/apt,235,30,10,1,0,0
39772790,136941932,Manhattan,Midtown,40.76429,-73.98215,Private room,425,7,0,1,0,0
39965266,308116620,Brooklyn,Williamsburg,40.71163,-73.95716,Entire home/apt,481,30,3,1,89,0
39892396,22175061,Queens,Forest Hills,40.71943,-73.85495,Entire home/apt,140,2,97,2,48,49
39893733,5497062,Brooklyn,Clinton Hill,40.68411,-73.9636,Entire home/apt,1500,2,13,1,64,12
39965746,308124606,Manhattan,East Village,40.72502,-73.98803,Entire home/apt,132,30,1,1,0,0
39969175,48005494,Manhattan,Hell's Kitchen,40.75385,-73.99518,Entire home/apt,182,30,3,38,293,3
39969287,7849107,Brooklyn,Williamsburg,40.71515,-73.94205,Private room,60,3,8,1,0,0
39969457,186975506,Manhattan,East Village,40.72715,-73.98444,Private room,60,30,1,1,0,0
39970059,4765858,Brooklyn,Crown Heights,40.67679,-73.92536,Private room,78,1,30,3,15,29
39970944,135879317,Manhattan,Gramercy,40.73568,-73.98379,Private room,110,30,1,1,0,0
39971399,2544216,Queens,Long Island City,40.7446,-73.94942,Entire home/apt,147,30,6,1,235,0
39972810,308173820,Queens,Ditmars Steinway,40.76857,-73.89186,Entire home/apt,200,30,0,1,0,0
39976520,289681097,Brooklyn,Williamsburg,40.70525,-73.93822,Private room,103,1,8,3,77,5
39773237,243660343,Manhattan,Harlem,40.82623,-73.95145,Entire home/apt,265,30,4,2,0,1
39775445,207141784,Bronx,Highbridge,40.83375,-73.92715,Entire home/apt,129,1,6,1,0,0
39894957,19612095,Brooklyn,Williamsburg,40.70615,-73.93106,Private room,65,30,6,5,139,0
39898950,297311545,Brooklyn,East Flatbush,40.65248,-73.94584,Private room,45,30,8,2,249,2
39777931,28394125,Brooklyn,Williamsburg,40.70709,-73.9665,Entire home/apt,145,30,1,1,221,1
39780144,273632292,Queens,Ridgewood,40.70328,-73.90284,Entire home/apt,170,30,1,1,0,0
39780878,59905333,Manhattan,Lower East Side,40.72153,-73.98526,Entire home/apt,50,3,0,2,0,0
39781222,38284667,Manhattan,East Village,40.72833,-73.98404,Entire home/apt,117,27,12,1,205,9
39981492,304270755,Queens,Springfield Gardens,40.67339,-73.75604,Private room,130,3,41,1,359,12
39982698,128268523,Manhattan,Harlem,40.82048,-73.9389,Entire home/apt,150,1,7,1,272,0
39899915,307330962,Bronx,Concourse Village,40.82859,-73.91957,Private room,60,1,9,1,95,6
39985482,1694794,Brooklyn,Williamsburg,40.71985,-73.95541,Entire home/apt,450,4,3,1,8,1
39987747,14561160,Brooklyn,Greenpoint,40.72755,-73.95474,Entire home/apt,240,4,20,1,1,14
39989070,899579,Brooklyn,Williamsburg,40.71347,-73.95679,Entire home/apt,325,5,3,1,15,0
39989753,186322383,Queens,Ridgewood,40.71028,-73.90738,Private room,65,30,4,1,0,0
40002632,4726355,Brooklyn,Prospect-Lefferts Gardens,40.66186,-73.95039,Entire home/apt,104,3,7,1,41,4
40002939,284064678,Bronx,Fordham,40.86694,-73.89285,Private room,60,30,9,1,0,0
40003458,9817255,Brooklyn,Bushwick,40.6919,-73.9097,Entire home/apt,55,31,1,1,0,0
40003504,46374641,Brooklyn,Bedford-Stuyvesant,40.68839,-73.94564,Private room,125,2,7,2,68,6
40004654,3820014,Brooklyn,Williamsburg,40.71897,-73.95758,Private room,50,5,42,3,0,15
40006129,52862385,Brooklyn,East Flatbush,40.66279,-73.93565,Entire home/apt,150,30,0,3,295,0
40008777,108252768,Brooklyn,Bushwick,40.70615,-73.92442,Private room,75,5,0,1,0,0
40010350,211483713,Queens,Rego Park,40.73459,-73.85623,Private room,60,30,6,1,0,0
40010639,2162887,Manhattan,Hell's Kitchen,40.7612,-73.98784,Entire home/apt,109,30,1,1,0,0
39790114,15336136,Brooklyn,Bushwick,40.70635,-73.92039,Private room,240,2,64,2,5,37
39903508,307362200,Staten Island,New Springville,40.59339,-74.16128,Entire home/apt,150,2,54,1,161,25
39791749,134319027,Manhattan,Chelsea,40.74328,-73.99983,Entire home/apt,101,30,4,1,0,0
40011270,52377121,Brooklyn,Bushwick,40.69683,-73.934,Entire home/apt,164,2,27,1,2,8
39908466,105629983,Brooklyn,Bushwick,40.69592,-73.92576,Private room,130,5,9,1,66,4
39911155,306712634,Queens,Bellerose,40.72732,-73.71087,Private room,159,1,14,1,363,4
40011580,277698942,Queens,Flushing,40.75923,-73.82999,Private room,75,1,22,2,170,19
40012774,11639562,Brooklyn,Gowanus,40.6821,-73.98183,Entire home/apt,321,30,2,1,0,0
39796214,104277076,Queens,Astoria,40.76692,-73.91476,Entire home/apt,139,1,42,3,310,42
39803164,305171363,Queens,East Elmhurst,40.76633,-73.87363,Entire home/apt,99,30,2,1,0,0
39812564,296574695,Brooklyn,Canarsie,40.63744,-73.91434,Private room,150,30,0,3,0,0
40040224,135710202,Brooklyn,Canarsie,40.64064,-73.89364,Entire home/apt,90,1,174,2,344,53
39915635,307580016,Manhattan,Financial District,40.70455,-74.00854,Entire home/apt,90,30,0,1,0,0
39916681,12806055,Brooklyn,Prospect-Lefferts Gardens,40.65774,-73.96127,Entire home/apt,115,30,1,2,55,0
39919408,32212,Brooklyn,Bedford-Stuyvesant,40.68852,-73.92905,Entire home/apt,169,30,23,1,252,5
40040229,308809387,Bronx,East Morrisania,40.82965,-73.88403,Private room,40,30,3,1,0,0
40015168,154872149,Manhattan,Upper East Side,40.76529,-73.95708,Private room,52,30,3,1,0,0
40017071,304541267,Manhattan,Washington Heights,40.84075,-73.93651,Private room,90,30,5,3,353,4
39920435,2057341,Manhattan,East Harlem,40.80732,-73.93729,Entire home/apt,150,30,2,1,0,0
40026658,20713614,Brooklyn,Flatbush,40.63517,-73.96038,Entire home/apt,120,30,2,1,0,0
40040311,253839975,Manhattan,Upper East Side,40.77115,-73.95639,Entire home/apt,200,30,13,3,149,4
40047091,107434423,Manhattan,Theater District,40.7607614,-73.98610550000001,Entire home/apt,454,31,0,453,335,0
40053751,146598678,Queens,Rosedale,40.65474,-73.74426,Private room,70,30,0,1,0,0
40054504,214173940,Manhattan,Chelsea,40.73991,-73.99696,Entire home/apt,175,30,0,1,0,0
39920510,61391963,Manhattan,Midtown,40.75577,-73.96589,Entire home/apt,133,30,9,116,0,2
39920610,61391963,Manhattan,Midtown,40.74483,-73.98097,Entire home/apt,166,30,8,116,358,2
39920891,78277637,Queens,Corona,40.74276,-73.8655,Private room,57,1,9,1,0,0
40055504,178083627,Brooklyn,Bedford-Stuyvesant,40.67844,-73.91469,Private room,160,30,0,2,0,0
40056707,308942350,Queens,Jamaica Estates,40.72578,-73.78854,Entire home/apt,120,3,25,1,141,11
40056966,178083627,Brooklyn,Bedford-Stuyvesant,40.67811,-73.91257,Private room,80,30,1,2,0,0
40057138,308956896,Manhattan,Upper West Side,40.7697,-73.98768,Entire home/apt,300,30,5,3,0,0
40028007,33452526,Manhattan,Upper East Side,40.77149,-73.95363,Entire home/apt,250,30,1,1,89,0
39921190,275996876,Brooklyn,Bay Ridge,40.6244,-74.01886,Private room,55,30,0,3,0,0
39921325,306996701,Manhattan,Midtown,40.74513,-73.98735,Private room,151,1,1,6,0,0
39921443,306996701,Manhattan,Midtown,40.74293,-73.98643,Private room,174,1,0,6,0,0
39921579,306996701,Manhattan,Midtown,40.74433,-73.98811,Private room,174,1,0,6,0,0
40178205,98719211,Brooklyn,Bedford-Stuyvesant,40.68647,-73.95326,Entire home/apt,110,30,2,1,0,0
40028710,308723993,Manhattan,West Village,40.73732,-74.00417,Private room,115,30,0,1,0,0
40028728,104149113,Manhattan,Chelsea,40.74293,-73.99828,Entire home/apt,105,30,6,1,0,0
40178248,310229269,Manhattan,Washington Heights,40.84169,-73.93686,Private room,40,30,8,1,0,0
40030014,308732654,Manhattan,Harlem,40.82456,-73.94104,Entire home/apt,90,1,17,1,0,1
40059707,4623612,Manhattan,Chinatown,40.71511,-73.99293,Private room,50,5,4,1,0,0
40060307,169494045,Brooklyn,Crown Heights,40.66542,-73.95678,Private room,65,30,0,1,0,0
40061197,172857908,Queens,Bayswater,40.60765,-73.76446,Private room,58,1,117,2,249,38
40062883,120245209,Brooklyn,Canarsie,40.63455,-73.89494,Entire home/apt,139,1,73,3,354,40
40067442,302151163,Queens,Ridgewood,40.707,-73.90131,Private room,88,5,7,4,101,2
40068404,514261,Brooklyn,South Slope,40.6658,-73.98625,Private room,100,30,3,8,0,0
40070974,45935367,Brooklyn,Bedford-Stuyvesant,40.68961,-73.95511,Private room,49,60,5,1,0,0
40178609,7065964,Brooklyn,Cypress Hills,40.67953,-73.89488,Entire home/apt,216,3,112,4,133,21
40179986,310274555,Manhattan,Chelsea,40.74171,-74.00405,Entire home/apt,250,30,2,1,0,0
40078748,309202628,Manhattan,Chelsea,40.74532,-73.99797,Entire home/apt,156,30,1,1,0,0
40080502,309220263,Brooklyn,Bedford-Stuyvesant,40.6845,-73.94385,Private room,74,2,59,1,294,42
40030465,212878765,Queens,Jackson Heights,40.75566,-73.8813,Entire home/apt,108,30,46,1,0,0
40031760,308567156,Bronx,Kingsbridge,40.88517,-73.89753,Entire home/apt,250,30,4,1,0,0
40033880,4181378,Brooklyn,Bedford-Stuyvesant,40.68202,-73.9438,Entire home/apt,275,5,31,3,174,17
40035713,1261480,Manhattan,Harlem,40.80814,-73.95147,Private room,474,2,0,8,146,0
40037636,308798791,Bronx,Wakefield,40.89276,-73.84592,Private room,75,30,1,1,0,0
40180189,237075599,Brooklyn,Crown Heights,40.66599,-73.94581,Private room,60,30,11,1,0,0
40039476,90415527,Queens,Flushing,40.76179,-73.82697,Entire home/apt,110,30,8,1,0,0
40083498,309246567,Manhattan,Upper West Side,40.78564,-73.97041,Entire home/apt,155,30,1,1,341,0
40085827,116885950,Brooklyn,Canarsie,40.63801,-73.89746,Private room,70,7,7,1,249,5
40086154,302138294,Staten Island,Shore Acres,40.61225,-74.06337,Private room,169,1,3,2,364,1
40086915,309240711,Brooklyn,Crown Heights,40.67573,-73.95885,Private room,45,60,1,1,0,0
40181084,307784227,Bronx,Wakefield,40.89173,-73.85882,Private room,60,30,0,2,0,0
40088712,309271477,Brooklyn,Carroll Gardens,40.68312,-73.99143,Entire home/apt,375,5,89,2,305,39
40090536,51501835,Manhattan,Hell's Kitchen,40.76387,-73.98812,Entire home/apt,110,30,9,109,230,3
40091096,4117834,Manhattan,Hell's Kitchen,40.7594,-73.99535,Entire home/apt,100,30,1,1,0,0
40091689,3375376,Brooklyn,Bushwick,40.70326,-73.92259,Private room,28,60,0,1,0,0
40092387,185889529,Queens,St. Albans,40.7061,-73.75839,Private room,74,3,50,4,363,26
40092482,165776960,Manhattan,Gramercy,40.73246,-73.98511,Entire home/apt,150,30,6,8,184,3
40040199,291863483,Manhattan,Chelsea,40.75382,-73.99923,Entire home/apt,198,30,13,1,0,0
40182466,425506,Brooklyn,Clinton Hill,40.68544,-73.96077,Entire home/apt,330,50,0,1,0,0
40307183,98804213,Manhattan,West Village,40.73476,-74.00832,Private room,150,3,1,1,0,0
40182687,270631254,Manhattan,Upper West Side,40.79751,-73.97093,Private room,139,2,23,3,52,19
40184659,310317282,Bronx,Mount Hope,40.84662,-73.91067,Private room,85,30,1,1,0,0
40307620,13324284,Manhattan,East Village,40.72688,-73.9817,Entire home/apt,185,7,3,1,0,1
40308991,43172104,Manhattan,West Village,40.72978,-74.00473,Entire home/apt,125,30,3,1,0,0
40310349,9329143,Brooklyn,Bedford-Stuyvesant,40.67816,-73.92509,Entire home/apt,150,30,0,1,0,0
40092670,309358315,Manhattan,Roosevelt Island,40.76099,-73.95051,Private room,100,2,2,1,0,0
40093279,17840677,Brooklyn,Flatbush,40.64425,-73.95593,Private room,43,2,8,2,56,8
40093570,47265905,Manhattan,Nolita,40.72024,-73.99492,Entire home/apt,579,4,88,1,119,38
40093753,11816779,Brooklyn,Prospect-Lefferts Gardens,40.66168,-73.96204,Entire home/apt,100,5,7,2,0,0
40095318,302151163,Queens,Ridgewood,40.70535,-73.90261,Private room,68,3,14,4,308,8
40095816,101560248,Queens,Astoria,40.77026,-73.93334,Private room,79,30,1,1,0,0
40095902,15231059,Manhattan,Lower East Side,40.71849,-73.98572,Private room,87,30,0,4,1,0
40192946,5755982,Manhattan,Harlem,40.80513,-73.94999,Private room,278,3,27,1,133,25
40197148,278964509,Manhattan,Lower East Side,40.72222,-73.99193,Entire home/apt,250,30,0,1,0,0
40103744,221595048,Queens,Ridgewood,40.70513,-73.90976,Entire home/apt,200,3,38,1,154,29
40105828,20568490,Manhattan,Tribeca,40.7222,-74.00831,Private room,205,30,1,2,0,0
40316335,311531272,Brooklyn,Brownsville,40.659,-73.91211,Private room,50,1,62,2,66,0
40316923,22420999,Queens,Richmond Hill,40.6957,-73.83034,Private room,45,2,0,5,60,0
40197518,212526336,Staten Island,Bull's Head,40.60394,-74.16678,Entire home/apt,60,30,31,1,0,0
40319389,311555809,Manhattan,Harlem,40.81656,-73.94772,Private room,1275,304,0,1,0,0
40111031,70858872,Manhattan,Little Italy,40.71906,-73.99485,Entire home/apt,105,30,1,1,0,0
40111477,165136941,Brooklyn,Bedford-Stuyvesant,40.68436,-73.94593,Private room,76,2,20,2,135,18
40198915,310458391,Queens,Astoria,40.75967,-73.92044,Private room,100,2,38,2,296,35
40113121,116747751,Manhattan,Morningside Heights,40.80635,-73.96382,Private room,60,30,1,1,0,0
40115492,10387090,Brooklyn,Bedford-Stuyvesant,40.68313,-73.91111,Private room,41,30,3,10,294,3
40115768,11829141,Manhattan,Hell's Kitchen,40.75925,-73.99587,Entire home/apt,400,5,13,2,111,9
40199356,271990524,Manhattan,East Village,40.72828,-73.99055,Private room,80,30,1,1,0,0
40116841,309588677,Brooklyn,South Slope,40.66317,-73.98019,Private room,60,200,0,1,0,0
40320773,300447118,Bronx,Eastchester,40.87859,-73.84126,Private room,70,30,0,1,0,0
40199757,4316439,Manhattan,Theater District,40.75976,-73.98759,Private room,80,30,1,1,0,0
40322029,150954841,Manhattan,West Village,40.73211,-74.00484,Private room,115,30,1,1,0,0
40322951,297311545,Brooklyn,East Flatbush,40.65409,-73.94569,Private room,43,30,6,2,325,1
40324958,289183,Brooklyn,Fort Greene,40.69322,-73.97164,Entire home/apt,350,30,0,1,0,0
40200193,4579864,Brooklyn,Greenpoint,40.72926,-73.95981,Entire home/apt,120,3,2,1,0,0
40325387,44378460,Manhattan,Financial District,40.70929,-74.00851,Private room,70,30,0,1,0,0
40118140,176062518,Queens,Ridgewood,40.70732,-73.91408,Entire home/apt,220,30,0,1,0,0
40200949,10564283,Brooklyn,Bedford-Stuyvesant,40.69398,-73.94078,Entire home/apt,375,30,2,1,0,0
40202296,248335189,Brooklyn,Williamsburg,40.71532,-73.94495,Entire home/apt,105,30,5,1,0,0
40118407,309602458,Queens,Flushing,40.75924,-73.82989,Private room,86,1,7,1,0,4
40119361,84493226,Manhattan,East Harlem,40.81039,-73.93727,Private room,100,3,15,1,0,0
40325977,33667014,Brooklyn,Williamsburg,40.71113,-73.94488,Private room,50,30,2,1,0,0
40202748,310486079,Brooklyn,Williamsburg,40.71537,-73.94013,Entire home/apt,300,30,6,1,0,0
40327936,232542489,Manhattan,Financial District,40.71064,-74.00714,Entire home/apt,350,130,5,2,17,1
40330238,269045976,Brooklyn,Bedford-Stuyvesant,40.68014,-73.91835,Private room,80,3,49,5,41,20
40122178,309636649,Queens,Flushing,40.75683,-73.83027,Shared room,88,30,4,1,0,0
40127447,167769340,Bronx,Wakefield,40.90059,-73.8446,Entire home/apt,125,2,3,1,0,0
40130860,116695735,Manhattan,Upper East Side,40.76095,-73.96476,Entire home/apt,145,30,0,2,0,0
40131065,276829981,Brooklyn,Flatbush,40.63987,-73.96498,Entire home/apt,171,30,10,4,2,2
40203774,274584744,Brooklyn,Crown Heights,40.67535,-73.94489,Entire home/apt,150,2,66,2,53,38
40206021,113723310,Manhattan,Upper West Side,40.7892,-73.97423,Entire home/apt,375,30,4,60,311,0
40207943,28258694,Brooklyn,Bedford-Stuyvesant,40.6859,-73.94937,Entire home/apt,275,4,3,1,0,1
40331482,7658934,Brooklyn,Bushwick,40.68372,-73.90897,Entire home/apt,217,2,41,1,0,21
40208975,36749100,Brooklyn,Greenpoint,40.71918,-73.94963,Private room,85,2,5,2,0,0
40134763,75199843,Brooklyn,Williamsburg,40.71222,-73.94431,Private room,75,3,2,1,0,0
40211098,13536599,Brooklyn,Bedford-Stuyvesant,40.68343,-73.92452,Entire home/apt,150,30,1,1,0,0
40134882,6761185,Brooklyn,Greenpoint,40.72824,-73.95867,Entire home/apt,150,30,0,1,0,0
40212454,60411344,Manhattan,Upper West Side,40.7839,-73.97317,Private room,175,5,9,1,155,6
40215699,107434423,Manhattan,Tribeca,40.71579,-74.00587,Entire home/apt,822,31,0,453,97,0
40222146,310648323,Queens,Cambria Heights,40.69471,-73.72805,Entire home/apt,70,30,16,1,13,0
40134953,288251265,Manhattan,East Village,40.72341,-73.98205,Entire home/apt,110,2,5,1,0,0
40135849,145269309,Brooklyn,Dyker Heights,40.61812,-74.01083,Entire home/apt,50,30,2,1,0,0
40137674,8792814,Brooklyn,Bedford-Stuyvesant,40.69283,-73.94529,Private room,41,1,83,7,298,47
40137765,73068058,Brooklyn,Prospect Heights,40.67708,-73.97191,Entire home/apt,135,180,0,1,0,0
40331889,30384092,Brooklyn,Crown Heights,40.66607,-73.95029,Entire home/apt,300,5,3,1,0,3
40332564,50760404,Brooklyn,Crown Heights,40.673,-73.92391,Entire home/apt,65,3,10,4,0,0
40335341,9892520,Manhattan,Harlem,40.80893,-73.95568,Entire home/apt,115,1,59,1,277,44
40335381,183127881,Brooklyn,Canarsie,40.64664,-73.90157,Private room,70,31,12,4,365,0
40223498,189055563,Brooklyn,Bedford-Stuyvesant,40.6847,-73.95348,Private room,66,30,14,1,62,3
40140478,3857631,Manhattan,Hell's Kitchen,40.76357,-73.98594,Entire home/apt,200,182,0,1,169,0
40225204,61391963,Manhattan,Upper East Side,40.78107,-73.95306,Entire home/apt,142,30,8,116,246,1
40227162,25129166,Manhattan,East Village,40.72249,-73.97712,Entire home/apt,170,30,0,1,0,0
40140523,309828516,Queens,Howard Beach,40.65467,-73.82992,Entire home/apt,105,1,29,1,60,19
40140872,115929612,Brooklyn,Bedford-Stuyvesant,40.68,-73.90564,Private room,41,7,26,1,124,14
40335468,279469957,Brooklyn,Bedford-Stuyvesant,40.69006,-73.95249,Entire home/apt,155,7,41,1,37,21
40337032,68335750,Brooklyn,Coney Island,40.57488,-73.99403,Entire home/apt,100,30,8,3,236,3
40339270,269045976,Brooklyn,Bedford-Stuyvesant,40.6799,-73.91793,Private room,75,3,65,5,39,26
40339942,309612914,Queens,East Elmhurst,40.76383,-73.86367,Entire home/apt,159,30,1,7,169,0
40227195,308956896,Manhattan,Hell's Kitchen,40.76771,-73.98761,Private room,75,30,7,3,0,0
40228352,23582893,Brooklyn,Bushwick,40.68918,-73.91428,Private room,59,1,14,3,27,0
40229374,15099442,Manhattan,East Village,40.73268,-73.98841,Entire home/apt,290,2,35,1,202,23
40341041,264850701,Brooklyn,Bay Ridge,40.63316,-74.02951,Entire home/apt,86,30,1,2,0,0
40342902,90429772,Manhattan,East Village,40.72611,-73.98801,Private room,85,30,0,2,0,0
40141307,12913455,Brooklyn,Crown Heights,40.67293,-73.95006,Entire home/apt,152,2,100,1,17,42
40231357,41582866,Brooklyn,Greenpoint,40.72665,-73.94041,Entire home/apt,220,30,2,1,0,0
40152094,6770859,Queens,Long Island City,40.75311,-73.93714,Entire home/apt,580,1,5,2,179,0
40343900,15282203,Brooklyn,Sunset Park,40.65435,-74.00231,Entire home/apt,95,31,6,1,0,1
40231754,8815907,Manhattan,Hell's Kitchen,40.75797,-73.99136,Entire home/apt,165,5,4,1,22,3
40344826,311750205,Manhattan,East Harlem,40.78404,-73.94506,Private room,70,1,7,2,0,0
40345364,48593753,Manhattan,Morningside Heights,40.80365,-73.95927,Entire home/apt,120,30,4,7,266,1
40345464,10771121,Brooklyn,East New York,40.66125,-73.89198,Entire home/apt,199,3,3,2,249,0
40152377,309951650,Brooklyn,Fort Hamilton,40.61752,-74.03288,Private room,50,30,10,1,0,0
40233539,308956896,Manhattan,Hell's Kitchen,40.7684,-73.98938,Private room,75,30,8,3,0,0
40236049,48005494,Manhattan,Financial District,40.70506,-74.01634,Entire home/apt,258,30,3,38,281,1
40236060,48005494,Manhattan,Financial District,40.70525,-74.01441,Entire home/apt,217,30,1,38,321,0
40236063,48005494,Manhattan,Financial District,40.70512,-74.01639,Entire home/apt,200,30,3,38,347,1
40236067,48005494,Manhattan,Battery Park City,40.70571,-74.0163,Entire home/apt,247,30,0,38,343,0
40236072,48005494,Manhattan,Financial District,40.70545,-74.01463,Entire home/apt,216,30,0,38,318,0
40236074,48005494,Manhattan,Financial District,40.70685,-74.01474,Entire home/apt,240,30,2,38,294,2
40236081,48005494,Manhattan,Financial District,40.70574,-74.01439,Entire home/apt,247,30,2,38,320,2
40236084,48005494,Manhattan,Financial District,40.705,-74.0162,Entire home/apt,234,30,5,38,327,3
40237882,48189371,Manhattan,West Village,40.73433,-74.00669,Entire home/apt,150,30,4,1,0,0
40345720,25431451,Manhattan,East Village,40.72924,-73.98443,Entire home/apt,176,30,2,1,3,0
40239407,309534581,Queens,Cambria Heights,40.70296,-73.74271,Entire home/apt,176,7,34,1,151,14
40346585,12821514,Brooklyn,Bedford-Stuyvesant,40.68096,-73.92737,Entire home/apt,98,30,1,2,0,0
40347137,12821514,Brooklyn,Bedford-Stuyvesant,40.68289,-73.92676,Private room,37,30,0,2,0,0
40347199,148725429,Brooklyn,Bedford-Stuyvesant,40.68697,-73.91785,Entire home/apt,599,2,76,3,347,34
40154152,245686814,Bronx,Olinville,40.87953,-73.8669,Entire home/apt,134,1,41,1,125,15
40239419,47666490,Manhattan,Midtown,40.76459,-73.98442,Shared room,70,7,14,1,200,14
40239461,3591955,Brooklyn,Bedford-Stuyvesant,40.68534,-73.93462,Entire home/apt,330,3,1,1,83,1
40154213,166920306,Queens,Richmond Hill,40.69668,-73.83932,Private room,90,2,0,2,0,0
40348702,9948798,Manhattan,Greenwich Village,40.72878,-74.00066,Entire home/apt,175,30,1,1,0,0
40244371,309612914,Queens,East Elmhurst,40.76207,-73.85989,Entire home/apt,229,5,8,7,216,1
40247800,107434423,Manhattan,Upper West Side,40.7911888,-73.9737101,Entire home/apt,353,31,0,453,0,0
40253255,132777237,Manhattan,West Village,40.73511,-74.00005,Entire home/apt,210,30,4,7,311,1
40254550,310899081,Brooklyn,Bushwick,40.697,-73.90908,Entire home/apt,184,30,1,1,0,0
40349244,266561432,Brooklyn,Park Slope,40.67729,-73.97697,Entire home/apt,195,30,4,1,0,0
40350195,10771121,Brooklyn,East New York,40.66071,-73.89173,Entire home/apt,125,3,4,2,249,0
40350292,47554473,Brooklyn,Greenpoint,40.72883,-73.94485,Entire home/apt,261,3,4,14,95,2
40156479,5816670,Staten Island,Rosebank,40.61183,-74.07265,Entire home/apt,125,5,2,1,0,0
40157251,89774484,Manhattan,Chelsea,40.75063,-73.99223,Entire home/apt,600,2,1,1,0,0
40255977,137872960,Brooklyn,Bedford-Stuyvesant,40.69655,-73.94357,Private room,35,30,1,1,0,0
40157361,201246457,Brooklyn,East New York,40.66603,-73.8855,Entire home/apt,99,3,4,1,219,0
40351436,8681710,Manhattan,Upper West Side,40.78526,-73.97342,Private room,200,30,10,1,0,0
40357574,10870163,Manhattan,Midtown,40.7514,-73.97071,Entire home/apt,97,30,3,1,0,0
40256445,310907037,Manhattan,Lower East Side,40.71944,-73.98643,Entire home/apt,200,30,0,1,0,0
40256858,13670148,Brooklyn,Williamsburg,40.71068,-73.94852,Private room,45,30,16,2,0,0
40256959,310916292,Brooklyn,Bushwick,40.69305,-73.92214,Private room,45,30,0,1,0,0
40158014,278910533,Brooklyn,Bedford-Stuyvesant,40.68939,-73.94441,Private room,184,5,36,2,83,13
40158019,5309521,Brooklyn,Williamsburg,40.71327,-73.96523,Entire home/apt,180,3,105,1,110,52
40259327,152788806,Manhattan,Flatiron District,40.7425,-73.98858,Entire home/apt,219,30,14,1,275,4
40158792,310019068,Brooklyn,Flatbush,40.64813,-73.96965,Entire home/apt,200,30,0,1,0,0
40365807,69533355,Manhattan,Financial District,40.70827,-74.01066,Entire home/apt,1000,3,0,1,337,0
40261940,23772724,Manhattan,Midtown,40.75806,-73.96935,Entire home/apt,199,30,0,58,288,0
40263789,915031,Manhattan,Upper West Side,40.80081,-73.96461,Entire home/apt,295,2,37,1,0,28
40367448,3696506,Manhattan,Little Italy,40.7183,-73.99761,Private room,90,1,11,2,1,8
40368139,312027704,Manhattan,Lower East Side,40.71966,-73.98965,Entire home/apt,290,1,27,1,0,15
40264373,302101015,Queens,Ridgewood,40.70652,-73.90102,Private room,68,3,15,4,103,10
40264477,286080229,Brooklyn,Bushwick,40.70247,-73.92597,Private room,30,30,2,1,0,0
40368174,42061478,Manhattan,Washington Heights,40.85454,-73.93217,Private room,100,1000,1,1,179,0
40159138,229487253,Manhattan,Harlem,40.82129,-73.94783,Entire home/apt,195,3,81,1,287,48
40266114,11951664,Manhattan,Hell's Kitchen,40.75848,-73.992,Private room,59,3,16,3,0,0
40159446,188973593,Manhattan,Washington Heights,40.84987,-73.93168,Shared room,45,30,0,5,0,0
40369842,35699609,Manhattan,Flatiron District,40.74199,-73.99248,Private room,100,30,1,1,0,0
40369846,2495677,Manhattan,East Village,40.72728,-73.98675,Shared room,200,1,1,5,0,0
40268621,11951664,Manhattan,Hell's Kitchen,40.75871,-73.99257,Private room,60,30,10,3,0,0
40274732,311115491,Manhattan,Hell's Kitchen,40.76369,-73.98642,Private room,99,30,1,1,0,0
40160578,15912749,Queens,Maspeth,40.73047,-73.89474,Entire home/apt,179,2,40,1,313,24
40277371,30808123,Manhattan,Harlem,40.81245,-73.94087,Private room,39,28,6,1,0,0
40162918,70872290,Manhattan,Harlem,40.80739,-73.94909,Entire home/apt,70,3,5,1,0,4
40162964,188973593,Manhattan,Washington Heights,40.84983,-73.93342,Shared room,45,30,0,5,0,0
40163580,188973593,Manhattan,Washington Heights,40.8519,-73.93153,Shared room,45,30,2,5,0,0
40163701,188973593,Manhattan,Washington Heights,40.84971,-73.93267,Shared room,45,30,2,5,0,0
40163795,188973593,Manhattan,Washington Heights,40.84979,-73.93289,Shared room,45,30,1,5,0,0
40171124,105797763,Brooklyn,Williamsburg,40.70636,-73.94026,Entire home/apt,3500,90,0,1,0,0
40371175,188892696,Manhattan,Flatiron District,40.74191,-73.99115,Entire home/apt,499,4,17,1,1,3
40372320,311857989,Manhattan,Harlem,40.83081,-73.94662,Private room,65,30,1,1,0,0
40373080,2495677,Manhattan,East Village,40.72895,-73.98622,Private room,140,1,27,5,0,3
40374871,2495677,Manhattan,East Village,40.72887,-73.98835,Private room,120,1,33,5,0,2
40279289,303133969,Manhattan,Upper West Side,40.80028,-73.95967,Private room,89,30,5,3,251,2
40280060,284603393,Brooklyn,Bedford-Stuyvesant,40.68864,-73.9441,Private room,144,1,33,6,155,14
40281351,280929444,Manhattan,Harlem,40.81074,-73.9543,Private room,48,30,5,2,0,0
40283370,303007898,Manhattan,Harlem,40.81731,-73.95909,Private room,66,30,1,1,0,0
40376349,14290161,Brooklyn,Williamsburg,40.71843,-73.96069,Entire home/apt,225,2,142,1,31,73
40376779,51426261,Manhattan,Greenwich Village,40.73246,-73.99994,Entire home/apt,300,2,5,1,27,5
40378343,47185742,Brooklyn,Williamsburg,40.7133,-73.94517,Entire home/apt,250,14,19,1,23,10
40378832,221573750,Manhattan,East Village,40.73057,-73.98859,Private room,467,2,63,2,0,19
40380307,309612914,Queens,East Elmhurst,40.76588,-73.86285,Entire home/apt,188,3,1,7,18,0
40388964,16851857,Bronx,Wakefield,40.89648,-73.85145,Private room,250,30,0,10,365,0
40283716,94368269,Manhattan,Harlem,40.82449,-73.93861,Entire home/apt,300,4,1,1,0,0
40171561,308198882,Brooklyn,Bushwick,40.69822,-73.93419,Entire home/apt,260,30,4,1,0,0
40289316,311055083,Queens,Arverne,40.59566,-73.79231,Private room,100,30,2,1,364,0
40173750,306341427,Queens,Flushing,40.76738,-73.82631,Private room,55,30,2,1,0,0
40173982,308578179,Manhattan,Midtown,40.76602,-73.98047,Private room,269,3,5,4,15,4
40177928,310230118,Queens,Ditmars Steinway,40.77307,-73.91876,Private room,75,1,3,1,65,0
40394315,11773839,Manhattan,Chinatown,40.71589,-73.99016,Private room,150,30,3,2,0,0
40394743,11773839,Manhattan,Lower East Side,40.71782,-73.99193,Private room,145,30,3,2,0,0
40397243,302151163,Queens,Ridgewood,40.70663,-73.90317,Private room,75,5,12,4,162,11
40399598,302101015,Queens,Ridgewood,40.70696,-73.90243,Private room,65,3,13,4,122,5
40400671,237330464,Queens,Astoria,40.7708,-73.92028,Entire home/apt,105,499,13,1,66,13
40292818,205069056,Bronx,Unionport,40.82451,-73.85288,Entire home/apt,130,3,37,1,310,9
40403226,201411141,Brooklyn,Crown Heights,40.67546,-73.93034,Private room,75,30,0,1,0,0
40445094,9598256,Brooklyn,Cobble Hill,40.68687,-73.99296,Entire home/apt,150,30,1,1,0,0
40300360,16504373,Manhattan,Morningside Heights,40.8078,-73.95832,Entire home/apt,85,30,1,1,0,0
40445852,14789017,Brooklyn,Greenpoint,40.72722,-73.94897,Private room,51,30,1,1,0,0
40445885,1142068,Manhattan,East Village,40.72837,-73.98604,Private room,92,30,4,2,0,0
40301903,23772724,Manhattan,Upper East Side,40.77477,-73.95365,Entire home/apt,99,30,2,58,281,0
40302355,257908724,Manhattan,Morningside Heights,40.8044,-73.96574,Entire home/apt,50,1000,3,1,0,0
40447283,9941315,Brooklyn,Bushwick,40.70139,-73.93085,Entire home/apt,179,30,1,1,261,1
40448123,7077897,Brooklyn,Bushwick,40.70162,-73.92955,Entire home/apt,350,4,33,1,185,21
40448201,133123832,Manhattan,Upper West Side,40.78622,-73.96947,Entire home/apt,126,30,4,4,246,4
40450547,31796843,Manhattan,Hell's Kitchen,40.76404,-73.98827,Private room,119,30,0,2,0,0
40403662,12197079,Manhattan,Midtown,40.75756,-73.96582,Entire home/apt,795,30,19,1,365,0
40403927,183127881,Brooklyn,Canarsie,40.64496,-73.90225,Private room,70,30,32,4,365,0
40404032,49287703,Brooklyn,Bedford-Stuyvesant,40.68669,-73.95799,Entire home/apt,257,3,35,1,151,28
40405170,81767764,Manhattan,Midtown,40.74829,-73.98801,Entire home/apt,279,30,4,1,0,0
40405567,17266994,Manhattan,Harlem,40.80832,-73.95533,Entire home/apt,182,4,53,4,175,31
40302743,144149004,Brooklyn,Williamsburg,40.70366,-73.94288,Private room,100,30,1,2,0,0
40304217,307948944,Brooklyn,Bushwick,40.70505,-73.92731,Private room,101,2,45,2,308,17
40406049,217836856,Manhattan,Little Italy,40.71999,-73.99585,Private room,106,1,143,1,268,104
40407291,97106009,Brooklyn,Fort Greene,40.6962906,-73.9728678,Entire home/apt,124,1,0,1,335,0
40452839,154385604,Manhattan,Midtown,40.75331,-73.99243,Entire home/apt,168,30,15,4,36,3
40453546,312977896,Staten Island,Grymes Hill,40.6102,-74.09122,Entire home/apt,86,2,79,1,186,36
40454134,211136294,Bronx,Schuylerville,40.83577,-73.83502,Private room,91,2,67,6,58,38
40304242,241945355,Brooklyn,Flatlands,40.6312,-73.92639,Entire home/apt,150,1,24,4,162,13
40304512,307948944,Brooklyn,Bushwick,40.70497,-73.92612,Entire home/apt,300,3,0,2,259,0
40305212,209527549,Brooklyn,Crown Heights,40.67143,-73.96163,Entire home/apt,220,30,5,1,0,0
40409517,312486695,Manhattan,Hell's Kitchen,40.7622,-73.99258,Entire home/apt,140,2,12,1,0,0
40305281,141527490,Brooklyn,Williamsburg,40.71009,-73.96217,Private room,50,30,0,1,0,0
40418905,312475335,Manhattan,Hell's Kitchen,40.75362,-73.99578,Entire home/apt,529,30,2,1,0,0
40419375,312410720,Brooklyn,Sunset Park,40.66211,-73.99433,Private room,30,30,1,1,0,0
40467141,6670007,Brooklyn,East Flatbush,40.64246,-73.9493,Entire home/apt,206,30,25,2,141,3
40467322,21452718,Manhattan,Roosevelt Island,40.76295,-73.9487,Private room,95,4,20,1,21,15
40467433,1494472,Brooklyn,Fort Greene,40.69668,-73.97532,Entire home/apt,120,30,0,5,0,0
40305632,256877591,Manhattan,Harlem,40.81243,-73.9521,Private room,59,30,0,2,0,0
40306639,4334736,Brooklyn,Prospect Heights,40.67663,-73.96887,Entire home/apt,185,5,0,1,0,0
40467488,182475381,Bronx,Hunts Point,40.81275,-73.8896,Entire home/apt,85,3,5,1,273,0
40468300,1494472,Brooklyn,Navy Yard,40.69829,-73.97559,Entire home/apt,325,30,0,5,197,0
40564631,22259039,Manhattan,Midtown,40.76169,-73.97864,Private room,300,1,1,1,0,0
40469534,313120181,Manhattan,Upper West Side,40.77577,-73.98752,Private room,125,30,1,1,0,0
40470721,163703392,Brooklyn,Bushwick,40.69317,-73.90737,Private room,30,3,0,2,0,0
40565556,7985095,Manhattan,Hell's Kitchen,40.76332,-73.99032,Entire home/apt,345,9,25,3,94,10
40569633,95331018,Manhattan,Harlem,40.80383,-73.94965,Entire home/apt,53,180,7,4,122,1
40472064,205977876,Brooklyn,Bushwick,40.69868,-73.93756,Private room,279,30,7,1,364,0
40472747,3806936,Manhattan,Upper West Side,40.7804,-73.97986,Entire home/apt,270,3,1,1,41,0
40473913,79651295,Queens,Jamaica,40.67744,-73.78965,Private room,42,7,34,5,0,21
40474055,43963802,Manhattan,Harlem,40.82352,-73.94428,Entire home/apt,250,3,1,3,318,0
40419502,5200688,Manhattan,Lower East Side,40.72203,-73.98629,Entire home/apt,217,30,14,1,290,8
40424198,152478794,Brooklyn,Borough Park,40.64146,-73.99288,Entire home/apt,185,2,27,1,33,27
40425172,127292,Brooklyn,Clinton Hill,40.68252,-73.96543,Entire home/apt,108,30,11,3,183,2
40426424,113723310,Manhattan,Midtown,40.75526,-73.966133,Entire home/apt,235,30,8,60,250,0
40569773,314368230,Manhattan,Chelsea,40.74226,-73.99352,Entire home/apt,180,30,3,1,2,0
40474721,313251698,Queens,Bayswater,40.60697,-73.75908,Private room,80,30,1,2,0,0
40476469,88827012,Manhattan,Hell's Kitchen,40.7637,-73.98931,Private room,112,30,2,1,0,0
40570292,79589716,Brooklyn,Bushwick,40.69524,-73.91085,Private room,41,1,30,1,62,0
40427421,86847270,Manhattan,Harlem,40.81879,-73.95605,Private room,85,30,3,2,158,0
40428207,70671555,Manhattan,Midtown,40.75265,-73.97093,Private room,100,30,0,2,0,0
40430042,6080376,Brooklyn,Williamsburg,40.71324,-73.94669,Private room,87,2,10,2,31,2
40571315,4765858,Brooklyn,Bedford-Stuyvesant,40.67784,-73.92527,Private room,88,1,40,3,16,29
40576966,314410176,Manhattan,Harlem,40.80773,-73.95007,Entire home/apt,450,30,12,3,337,6
40430111,312697286,Brooklyn,Gravesend,40.60070992403608,-73.97816589406737,Entire home/apt,225,30,46,3,341,31
40483741,267636558,Manhattan,Chelsea,40.73962,-73.9993,Entire home/apt,70,30,7,1,0,0
40578920,50452489,Brooklyn,Brownsville,40.66766,-73.92276,Private room,50,30,4,1,0,0
40430542,312661846,Brooklyn,Brownsville,40.66888,-73.92116,Entire home/apt,585,3,90,3,117,34
40582333,314457702,Manhattan,Stuyvesant Town,40.73293,-73.97957,Entire home/apt,549,30,2,2,0,0
40432012,9478555,Brooklyn,Bedford-Stuyvesant,40.69457,-73.93319,Private room,30,30,1,1,0,0
40484385,94492921,Manhattan,Harlem,40.82663,-73.9458,Entire home/apt,120,30,0,1,0,0
40484867,20808466,Brooklyn,Bedford-Stuyvesant,40.68239,-73.95223,Private room,200,30,0,1,0,0
40582472,179746154,Bronx,Castle Hill,40.82092,-73.85138,Entire home/apt,96,1,221,1,309,76
40584021,27943798,Brooklyn,Williamsburg,40.70363,-73.95089,Entire home/apt,100,30,0,1,0,0
40484899,22171747,Brooklyn,Williamsburg,40.71754,-73.9423,Entire home/apt,105,7,2,1,0,1
40488178,3113316,Brooklyn,Greenpoint,40.72137,-73.94389,Entire home/apt,225,2,18,1,0,2
40440953,312841318,Manhattan,Harlem,40.81928,-73.93926,Private room,50,30,1,1,0,0
40586085,149380359,Brooklyn,Prospect-Lefferts Gardens,40.65999,-73.96099,Private room,80,30,2,2,0,0
40444242,197059898,Brooklyn,Bedford-Stuyvesant,40.6884,-73.95565,Private room,59,30,2,1,0,0
40488426,34508000,Queens,Rego Park,40.7233,-73.85822,Private room,70,30,0,1,0,0
40586837,290908,Brooklyn,Prospect-Lefferts Gardens,40.66207,-73.95604,Entire home/apt,150,6,50,2,76,31
40587039,82331771,Manhattan,East Harlem,40.7999,-73.93833,Entire home/apt,200,30,0,1,0,0
40491370,102336774,Queens,Sunnyside,40.74581,-73.91493,Private room,150,30,0,1,0,0
40491893,15687009,Manhattan,East Village,40.72352,-73.97617,Private room,67,7,1,2,0,0
40678945,65513259,Bronx,Morris Heights,40.8484,-73.92261,Private room,80,30,1,1,0,0
40587185,181161462,Brooklyn,Crown Heights,40.67069,-73.952,Entire home/apt,70,31,2,1,0,0
40680003,107243,Manhattan,Harlem,40.82409,-73.94022,Private room,115,2,57,1,124,27
40492034,212433512,Brooklyn,Greenpoint,40.72026,-73.94627,Entire home/apt,125,30,0,1,0,0
40492496,75248463,Brooklyn,East Flatbush,40.64503,-73.94641,Entire home/apt,435,3,0,6,259,0
40492690,7206421,Queens,Woodside,40.74257,-73.90537,Private room,50,30,1,1,0,0
40496135,68337710,Queens,Richmond Hill,40.67839,-73.82206,Private room,100,1,3,1,90,0
40587568,20222165,Brooklyn,Bushwick,40.69364,-73.90677,Private room,50,30,0,1,0,0
40587995,18476206,Brooklyn,Bedford-Stuyvesant,40.6869,-73.94944,Private room,159,1,32,2,341,18
40501316,110461101,Queens,Long Island City,40.7521,-73.94054,Entire home/apt,225,7,4,2,0,1
40681398,315721256,Bronx,Morrisania,40.83104,-73.89533,Entire home/apt,77,2,152,1,213,50
40591061,67931689,Brooklyn,East Flatbush,40.64797,-73.94355,Private room,65,1,6,1,55,5
40681902,20700305,Manhattan,East Village,40.72889,-73.98532,Entire home/apt,167,30,1,1,0,0
40682851,136081476,Manhattan,Harlem,40.80961,-73.94003,Entire home/apt,120,30,2,1,0,0
40683527,315758129,Brooklyn,East New York,40.67512,-73.89191,Entire home/apt,357,2,1,1,178,1
40692333,257348210,Manhattan,Gramercy,40.73304,-73.98301,Entire home/apt,350,30,0,1,0,0
40501642,29221329,Manhattan,Hell's Kitchen,40.7593,-73.99746,Entire home/apt,575,30,1,1,0,0
40591866,312983560,Brooklyn,Williamsburg,40.706,-73.95449,Entire home/apt,110,30,7,1,0,0
40502336,313557904,Brooklyn,Bushwick,40.70289,-73.9205,Private room,50,30,1,1,0,0
40592120,4380395,Brooklyn,Downtown Brooklyn,40.69009,-73.98312,Entire home/apt,299,2,147,1,315,50
40503118,8126206,Brooklyn,Bedford-Stuyvesant,40.69665,-73.9378,Entire home/apt,80,3,3,1,0,0
40695564,6833018,Manhattan,East Village,40.732,-73.98683,Private room,70,30,0,1,0,0
40592964,314533486,Manhattan,Hell's Kitchen,40.76458,-73.98997,Shared room,85,30,5,8,0,0
40595086,158613193,Manhattan,Washington Heights,40.84795,-73.93458,Private room,53,30,2,1,0,0
40597710,87428324,Manhattan,East Village,40.7218,-73.97935,Private room,63,1,0,1,0,0
40598227,171446547,Staten Island,Port Richmond,40.62773,-74.13181,Private room,70,30,10,1,64,0
40696690,315642866,Manhattan,Roosevelt Island,40.76515,-73.94717,Entire home/apt,70,80,0,1,0,0
40503640,313570467,Manhattan,West Village,40.73822,-74.00445,Entire home/apt,400,30,0,1,0,0
40598720,115879887,Queens,Woodside,40.74732,-73.90414,Private room,40,30,0,1,0,0
40505752,114027049,Brooklyn,Bushwick,40.70016,-73.92849,Shared room,65,31,1,1,0,0
40696745,315874064,Queens,Forest Hills,40.72192,-73.85108,Entire home/apt,125,2,1,1,0,0
40697042,16838708,Bronx,Throgs Neck,40.82935,-73.81375,Private room,82,1,8,1,167,8
40599033,118367648,Brooklyn,Williamsburg,40.71539,-73.95213,Private room,100,30,1,1,0,0
40697753,22805880,Brooklyn,Williamsburg,40.71355,-73.95006,Entire home/apt,89,3,8,1,0,0
40506037,6007970,Brooklyn,Williamsburg,40.71062,-73.95961,Private room,125,30,1,1,0,0
40599703,314597383,Brooklyn,Bushwick,40.68273,-73.90723,Private room,78,30,1,1,0,0
40506237,313591268,Manhattan,Harlem,40.80843,-73.9451,Entire home/apt,74,30,20,1,0,0
40699359,279768577,Manhattan,Roosevelt Island,40.76404,-73.94676,Private room,100,30,0,2,0,0
40606522,43103479,Brooklyn,Bushwick,40.68353,-73.90744,Entire home/apt,113,15,5,1,319,5
40701124,315905744,Manhattan,East Village,40.72997,-73.98804,Entire home/apt,325,30,5,1,0,0
40506862,3782356,Brooklyn,Bay Ridge,40.63588,-74.03457,Private room,40,30,0,1,0,0
40507751,63009560,Brooklyn,Prospect-Lefferts Gardens,40.65459,-73.96184,Entire home/apt,555,4,88,1,254,44
40608762,10413379,Queens,Sunnyside,40.74558,-73.91243,Entire home/apt,250,30,1,1,0,0
40508074,89035025,Brooklyn,Williamsburg,40.71533,-73.94403,Private room,70,2,1,1,0,0
40701936,21662822,Queens,Astoria,40.77325,-73.92514,Entire home/apt,70,2,6,1,0,2
40609969,64777265,Queens,Rockaway Beach,40.58592,-73.81827,Entire home/apt,200,30,1,8,362,0
40704152,315925829,Queens,Arverne,40.58724,-73.79401,Entire home/apt,600,30,8,1,0,0
40508388,45002777,Manhattan,Hell's Kitchen,40.76756,-73.99134,Entire home/apt,500,75,2,1,0,0
40509122,25858923,Brooklyn,Dyker Heights,40.63037,-74.01469,Private room,71,30,3,1,0,0
40611604,258806401,Queens,Ozone Park,40.67373,-73.84479,Entire home/apt,88,4,39,2,127,24
40509345,10087976,Brooklyn,Greenpoint,40.71887,-73.95205,Private room,130,30,4,1,0,0
40509532,279768577,Manhattan,Roosevelt Island,40.76502,-73.94635,Private room,100,90,1,2,0,0
40612147,238531391,Manhattan,Greenwich Village,40.73476,-73.99789,Entire home/apt,264,30,0,1,0,0
40613498,13874798,Brooklyn,South Slope,40.66064,-73.98146,Entire home/apt,130,30,0,2,0,0
40510964,86957449,Queens,Rego Park,40.7259,-73.85984,Private room,40,30,5,1,306,0
40704515,315928351,Brooklyn,Bushwick,40.68883,-73.91471,Private room,70,7,5,1,312,2
40614603,314722997,Brooklyn,Coney Island,40.5793,-73.98692,Private room,150,3,14,1,0,0
40704734,177360125,Brooklyn,Bushwick,40.70003,-73.91702,Private room,25,30,4,1,0,0
40704768,162280872,Manhattan,Upper East Side,40.77342,-73.9481,Entire home/apt,165,30,4,98,301,2
40704904,23772724,Manhattan,Chelsea,40.74782,-74.00348,Entire home/apt,299,30,5,58,364,0
40705021,314560315,Queens,Elmhurst,40.73519,-73.86645,Private room,50,30,1,2,0,0
40705032,162280872,Manhattan,Upper East Side,40.77558,-73.94757,Entire home/apt,185,30,3,98,312,0
40705586,99644584,Manhattan,Greenwich Village,40.73313,-73.99583,Entire home/apt,451,30,2,2,311,1
40511239,2960351,Brooklyn,Williamsburg,40.7141,-73.95104,Private room,174,4,13,1,67,6
40615352,314730370,Brooklyn,Crown Heights,40.67126,-73.93853,Private room,90,30,5,1,0,0
40511454,20092101,Brooklyn,Bedford-Stuyvesant,40.68075,-73.93411,Entire home/apt,245,180,0,1,1,0
40707829,92715725,Brooklyn,Williamsburg,40.70878,-73.94473,Entire home/apt,134,14,3,1,0,0
40708764,36711390,Brooklyn,Williamsburg,40.72018,-73.95639,Private room,100,30,1,2,0,0
40616073,1602951,Brooklyn,Bedford-Stuyvesant,40.69503,-73.94968,Entire home/apt,130,3,3,2,0,0
40710124,51297731,Brooklyn,Williamsburg,40.70752,-73.94633,Entire home/apt,120,30,1,2,38,0
40513927,312699480,Manhattan,East Harlem,40.79335,-73.94618,Private room,92,30,0,1,0,0
40516321,75248463,Brooklyn,East Flatbush,40.64334,-73.9478,Private room,94,3,4,6,277,1
40517002,75248463,Brooklyn,East Flatbush,40.64309,-73.94604,Private room,94,3,7,6,261,3
40528319,307784227,Bronx,Wakefield,40.89032,-73.85679,Private room,40,30,1,2,0,0
40616776,380838,Brooklyn,Williamsburg,40.71289,-73.93987,Entire home/apt,275,3,23,1,9,12
40528622,17010910,Manhattan,East Village,40.73022,-73.98658,Entire home/apt,93,30,3,1,0,0
40529147,115136074,Queens,St. Albans,40.69154,-73.7479,Entire home/apt,190,2,32,2,73,5
40529314,119341880,Queens,Sunnyside,40.74476,-73.91879,Entire home/apt,170,30,2,1,0,0
40711239,316004032,Bronx,Allerton,40.86263,-73.86518,Private room,77,1,122,1,83,46
40617954,314766638,Manhattan,Hell's Kitchen,40.76854,-73.99347,Entire home/apt,219,4,2,1,0,0
40719651,20222164,Brooklyn,Bedford-Stuyvesant,40.67978,-73.9429,Entire home/apt,125,30,1,1,0,0
40721525,7038904,Brooklyn,Bedford-Stuyvesant,40.69119,-73.95219,Entire home/apt,199,7,3,1,5,2
40721922,107434423,Manhattan,Tribeca,40.714,-74.00956,Entire home/apt,600,31,0,453,340,0
40529363,313802017,Manhattan,Murray Hill,40.74764,-73.97817,Entire home/apt,266,30,9,1,0,0
40618044,40157206,Manhattan,Hell's Kitchen,40.75914,-73.99022,Entire home/apt,150,30,3,1,0,0
40529935,4663765,Brooklyn,Bedford-Stuyvesant,40.69054,-73.93116,Entire home/apt,208,3,0,1,0,0
40723112,46508703,Queens,Long Island City,40.74759,-73.93944,Entire home/apt,150,30,1,1,0,0
40724128,41429901,Brooklyn,Prospect-Lefferts Gardens,40.6587,-73.94631,Entire home/apt,172,1,53,1,314,23
40725145,18954159,Brooklyn,Flatbush,40.65271,-73.95983,Private room,80,30,2,1,0,0
40618583,1364042,Manhattan,Civic Center,40.71345,-73.99912,Entire home/apt,227,5,48,2,183,40
40725405,6744636,Brooklyn,Bushwick,40.68877,-73.91375,Entire home/apt,153,2,133,1,28,53
40727235,54256065,Queens,Long Island City,40.76379,-73.93009,Private room,200,30,0,1,363,0
40727260,28342817,Brooklyn,Williamsburg,40.71412,-73.95204,Entire home/apt,450,5,0,1,0,0
40532296,303911109,Manhattan,Flatiron District,40.74199,-73.98499,Entire home/apt,242,30,3,2,349,0
40619768,235317126,Brooklyn,Bushwick,40.70182,-73.91651,Private room,68,1,118,1,38,62
40532760,313827191,Brooklyn,Bushwick,40.69933,-73.91734,Private room,55,30,1,1,0,0
40727326,65977070,Brooklyn,Bedford-Stuyvesant,40.67888,-73.94056,Entire home/apt,116,3,6,1,1,1
40728239,58882459,Manhattan,East Harlem,40.7891,-73.94769,Private room,90,2,73,1,22,49
40620489,313650853,Queens,Astoria,40.75967,-73.92685,Entire home/apt,449,2,121,1,233,53
40728425,218843230,Brooklyn,Williamsburg,40.7081,-73.96573,Private room,99,30,0,1,0,0
40621087,305152466,Queens,Ditmars Steinway,40.78037,-73.91472,Entire home/apt,118,80,0,1,0,0
40533508,27198421,Brooklyn,Crown Heights,40.67806,-73.95214,Entire home/apt,307,2,3,1,0,1
40623330,314533486,Manhattan,Hell's Kitchen,40.76629,-73.99152,Shared room,85,30,0,8,0,0
40623829,314533486,Manhattan,Hell's Kitchen,40.76679,-73.99154,Shared room,85,30,6,8,0,0
40623849,150428984,Bronx,Hunts Point,40.81244,-73.88938,Private room,48,3,42,5,337,20
40624017,314533486,Manhattan,Hell's Kitchen,40.76594,-73.99164,Shared room,85,30,2,8,0,0
40624194,314533486,Manhattan,Hell's Kitchen,40.76665,-73.99017,Shared room,85,30,11,8,0,0
40624298,314533486,Manhattan,Hell's Kitchen,40.76455,-73.99111,Shared room,85,30,3,8,0,0
40624423,314533486,Manhattan,Hell's Kitchen,40.76454,-73.98953,Shared room,85,30,2,8,0,0
40624525,314533486,Manhattan,Hell's Kitchen,40.76612,-73.99163,Shared room,85,30,0,8,0,0
40632335,194953121,Manhattan,Midtown,40.75313,-73.97329,Entire home/apt,643,2,1,25,101,0
40633892,8952737,Brooklyn,Williamsburg,40.71269,-73.9635,Private room,120,30,2,1,0,0
40533628,9892766,Manhattan,Chelsea,40.74367,-74.00587,Entire home/apt,900,30,0,1,0,0
40728639,110041840,Brooklyn,Greenpoint,40.72679,-73.94594,Private room,60,30,1,1,0,0
40636994,25668817,Brooklyn,Bedford-Stuyvesant,40.6981,-73.9376,Entire home/apt,100,30,6,1,0,0
40639431,50242408,Manhattan,Flatiron District,40.7418,-73.99164,Entire home/apt,269,3,18,1,0,8
40731070,84331328,Brooklyn,Williamsburg,40.72056,-73.95993,Entire home/apt,200,31,2,1,0,0
40534352,37126920,Manhattan,Lower East Side,40.7234,-73.99251,Entire home/apt,150,30,0,1,0,0
40639790,315123926,Brooklyn,Bushwick,40.69618,-73.93014,Entire home/apt,299,30,12,1,0,0
40535156,122853875,Brooklyn,Bedford-Stuyvesant,40.69033,-73.95895,Entire home/apt,120,5,12,1,50,3
40536398,310565256,Manhattan,East Village,40.725418,-73.988174,Private room,158,5,27,3,315,10
40640280,12428583,Brooklyn,Sunset Park,40.64202,-74.02021,Private room,80,3,5,1,56,1
40536570,20911595,Manhattan,Upper East Side,40.7687,-73.95221,Entire home/apt,280,5,26,1,161,11
40731114,642004,Brooklyn,Brooklyn Heights,40.69223,-73.9926,Entire home/apt,344,7,56,2,27,30
40640771,49725054,Queens,Jamaica,40.69464,-73.81108,Private room,66,30,17,3,1,0
40732157,316222128,Manhattan,Upper East Side,40.76152,-73.95967,Entire home/apt,70,30,4,1,0,0
40537018,308789394,Manhattan,Washington Heights,40.84401,-73.94048,Private room,53,30,2,1,0,0
40537723,291033670,Brooklyn,Bedford-Stuyvesant,40.6815,-73.94343,Private room,74,30,0,8,250,0
40641118,101076486,Brooklyn,Bedford-Stuyvesant,40.69338,-73.94683,Private room,75,30,1,1,0,0
40644195,315171069,Brooklyn,Boerum Hill,40.68821,-73.98452,Shared room,90,30,0,1,0,0
40538432,8287316,Brooklyn,Prospect Heights,40.67954,-73.96442,Private room,32,30,1,1,0,0
40734111,83102592,Staten Island,St. George,40.64061,-74.08582,Entire home/apt,135,2,87,2,126,46
40735445,149872054,Manhattan,Upper East Side,40.78278,-73.94819,Entire home/apt,179,4,61,1,250,41
40649368,4715469,Brooklyn,Gowanus,40.67956,-73.98168,Entire home/apt,250,2,22,1,293,6
40538599,61277311,Brooklyn,East Flatbush,40.65331,-73.93244,Entire home/apt,130,30,6,1,0,0
40651511,313345726,Queens,East Elmhurst,40.75568,-73.88489,Private room,55,30,2,1,0,0
40653017,272305353,Manhattan,Financial District,40.70524,-74.01272,Private room,120,30,3,3,0,0
40654219,315299719,Manhattan,Hell's Kitchen,40.76391,-73.9916,Entire home/apt,405,1,89,2,192,57
40538776,48634163,Manhattan,Midtown,40.75098,-73.98484,Private room,110,30,3,1,0,0
40735709,259736624,Queens,Astoria,40.7569,-73.91842,Private room,47,30,4,1,0,0
40737415,316295999,Brooklyn,Canarsie,40.63822,-73.90648,Entire home/apt,136,2,49,1,319,28
40738005,296605957,Queens,Bayside,40.760452,-73.76606,Private room,171,1,4,24,116,1
40744843,23772724,Brooklyn,Prospect-Lefferts Gardens,40.65879,-73.94152,Entire home/apt,150,30,0,58,310,0
40655748,315313267,Manhattan,East Village,40.72754,-73.97739,Entire home/apt,159,30,7,1,0,0
40745955,246225955,Manhattan,Midtown,40.75265,-73.97244,Entire home/apt,594,2,10,2,0,2
40538977,313912775,Manhattan,East Harlem,40.78856,-73.94981,Entire home/apt,169,30,0,1,180,0
40657002,16963843,Brooklyn,Red Hook,40.67684,-74.0135,Entire home/apt,140,14,1,1,0,0
40547488,314096824,Queens,Astoria,40.75845,-73.91821,Private room,100,30,0,1,0,0
40657056,315129847,Brooklyn,Bushwick,40.69445,-73.92989,Entire home/apt,229,30,8,1,0,0
40558329,256894207,Brooklyn,East Flatbush,40.65522,-73.93471,Private room,55,30,1,1,0,0
40750433,316440833,Manhattan,Greenwich Village,40.73045,-74.00037,Entire home/apt,268,17,2,1,0,0
40657464,3069996,Manhattan,Lower East Side,40.72121,-73.98429,Entire home/apt,167,7,0,1,0,0
40750579,316441195,Manhattan,East Village,40.72532,-73.98566,Entire home/apt,100,30,7,1,0,0
40750841,279648327,Manhattan,Chelsea,40.74535,-74.00903,Entire home/apt,549,30,1,5,0,0
40558396,20232428,Manhattan,Washington Heights,40.85529,-73.92779,Private room,78,30,0,1,0,0
40658053,178300668,Queens,Flushing,40.74617,-73.8202,Entire home/apt,198,1,8,1,0,0
40559773,313387251,Manhattan,Harlem,40.81993,-73.95388,Private room,59,30,11,1,0,0
40750941,20875858,Brooklyn,Bushwick,40.69536,-73.9312,Entire home/apt,70,30,0,1,0,0
40658238,150022684,Queens,Woodside,40.74376,-73.90008,Private room,85,30,1,1,0,0
40752323,205867697,Brooklyn,Bedford-Stuyvesant,40.68852,-73.92377,Private room,60,30,0,1,0,0
40753933,154629695,Queens,Astoria,40.75993,-73.90933,Private room,50,1,17,2,0,0
40754270,8273903,Brooklyn,Fort Greene,40.68781,-73.97759,Entire home/apt,175,30,2,1,31,2
40756088,2675644,Staten Island,Randall Manor,40.64120873388328,-74.09845686303,Private room,55,30,0,5,365,0
40561443,30532557,Brooklyn,Bedford-Stuyvesant,40.6881,-73.92849,Private room,37,30,1,26,341,1
40666703,156255637,Brooklyn,Bedford-Stuyvesant,40.67835,-73.90882,Private room,50,1,26,2,0,0
40668364,315497803,Manhattan,Little Italy,40.71916,-73.99681,Entire home/apt,325,30,4,1,0,0
40563247,45922975,Manhattan,West Village,40.73415,-74.00367,Entire home/apt,250,20,9,1,63,7
40563519,244116720,Bronx,Throgs Neck,40.82567,-73.82069,Private room,65,1,66,3,361,7
40756238,314151200,Manhattan,Financial District,40.70462,-74.01027,Private room,512,1,19,9,75,14
40756255,314151200,Manhattan,Financial District,40.70462,-74.01027,Private room,493,1,0,9,85,0
40756268,314151200,Manhattan,Financial District,40.70462,-74.01027,Private room,473,1,4,9,85,2
40756300,314151200,Manhattan,Financial District,40.70462,-74.01027,Private room,463,1,1,9,78,0
40756435,314151200,Manhattan,Financial District,40.70462,-74.01027,Private room,453,1,2,9,359,1
40756456,314151200,Manhattan,Financial District,40.70462,-74.01027,Private room,443,1,8,9,363,2
40756468,314151200,Manhattan,Financial District,40.70462,-74.01027,Private room,414,1,2,9,321,1
40756475,314151200,Manhattan,Financial District,40.70462,-74.01027,Private room,433,1,3,9,321,1
40756575,175529225,Brooklyn,Park Slope,40.66616,-73.97946,Entire home/apt,371,2,102,1,155,42
40759693,222426321,Brooklyn,East New York,40.66185,-73.88953,Entire home/apt,182,3,33,2,172,14
40668464,90153911,Manhattan,Harlem,40.82596,-73.95052,Private room,45,30,0,4,0,0
40668821,304921349,Brooklyn,Windsor Terrace,40.65369,-73.98046,Private room,180,2,3,2,43,1
40669571,314682730,Brooklyn,Bedford-Stuyvesant,40.68671,-73.91892,Private room,55,30,3,1,0,0
40760516,278241305,Queens,Jackson Heights,40.75223,-73.87836,Private room,59,30,2,1,0,0
40761556,665591,Brooklyn,Williamsburg,40.72059,-73.96182,Entire home/apt,180,20,2,1,0,2
40786379,316589948,Manhattan,Hell's Kitchen,40.75738,-73.99499,Entire home/apt,198,30,19,1,0,0
40787065,8312621,Brooklyn,Crown Heights,40.67076,-73.95278,Entire home/apt,200,1,46,1,7,28
40670872,10736621,Manhattan,Hell's Kitchen,40.76463,-73.99025,Entire home/apt,189,90,7,1,154,3
40761816,301512484,Queens,Long Island City,40.75486,-73.92858,Private room,52,30,5,1,0,0
40762381,316640117,Manhattan,Chelsea,40.74934,-73.99629,Entire home/apt,252,1,54,1,287,26
40763916,51380878,Brooklyn,Flatbush,40.65054,-73.96046,Private room,27,30,5,2,0,0
40764862,150428984,Bronx,Hunts Point,40.81418,-73.88878,Private room,40,6,36,5,326,22
40672621,196405027,Manhattan,Upper East Side,40.7831,-73.94799,Entire home/apt,299,30,1,1,0,0
40777106,316623077,Brooklyn,Flatlands,40.63015,-73.94045,Private room,250,30,1,1,0,0
40777336,23860096,Manhattan,Chinatown,40.71667,-73.98995,Entire home/apt,250,30,6,1,0,0
40791084,208384577,Bronx,West Farms,40.8424,-73.88425,Private room,55,2,17,1,12,17
40794509,16916853,Brooklyn,Sheepshead Bay,40.58542,-73.9352,Entire home/apt,250,30,1,3,88,1
40796348,18488454,Brooklyn,Crown Heights,40.6726,-73.94913,Entire home/apt,295,6,7,1,121,4
40797425,10450748,Brooklyn,Flatbush,40.64332,-73.95544,Entire home/apt,180,2,16,2,116,6
40673058,5381854,Manhattan,Harlem,40.81368,-73.95442,Private room,95,1,62,1,67,32
40676498,2638379,Brooklyn,Brooklyn Heights,40.69118,-73.99529,Entire home/apt,160,30,0,1,0,0
40677597,26071530,Brooklyn,Crown Heights,40.67585,-73.95068,Entire home/apt,160,30,2,2,3,1
40677711,3799437,Brooklyn,Williamsburg,40.71072,-73.96393,Entire home/apt,360,3,1,1,21,0
40797714,191063355,Brooklyn,Flatbush,40.64055,-73.95288,Entire home/apt,200,1,116,1,354,40
40798553,22251283,Manhattan,Hell's Kitchen,40.75602,-73.9935,Entire home/apt,115,30,3,2,19,0
40777849,316803872,Manhattan,Upper West Side,40.79683,-73.97012,Private room,50,1,7,1,0,0
40677959,298747627,Queens,Flushing,40.75346,-73.83273,Private room,80,1,38,4,150,36
40678317,194680216,Manhattan,East Village,40.72623,-73.9791,Private room,140,30,0,1,0,0
40799715,21743283,Manhattan,Upper East Side,40.76906,-73.95724,Private room,90,2,17,2,0,12
40800148,10478551,Brooklyn,Bedford-Stuyvesant,40.68053,-73.95219,Private room,80,30,2,1,0,0
40804600,194953121,Manhattan,Midtown,40.75326,-73.97169,Entire home/apt,643,2,0,25,101,0
40915004,302151163,Queens,Ridgewood,40.7053,-73.90283,Private room,81,5,14,4,129,5
40915046,50389867,Manhattan,Gramercy,40.7371,-73.98294,Private room,175,30,0,2,158,0
40780235,2519289,Brooklyn,Greenpoint,40.72848,-73.94914,Entire home/apt,95,30,0,1,0,0
40781102,72687291,Brooklyn,Bedford-Stuyvesant,40.6844,-73.95347,Entire home/apt,136,3,86,1,321,37
40783165,33053740,Brooklyn,Williamsburg,40.71273,-73.9584,Private room,61,30,2,2,0,0
40915227,21620922,Manhattan,Chinatown,40.71303,-73.9978,Entire home/apt,183,2,76,1,81,57
40783447,14472525,Manhattan,Chinatown,40.71708,-74.00244,Entire home/apt,189,30,0,1,0,0
40806055,5321232,Brooklyn,Columbia St,40.68536,-74.00351,Private room,158,17,22,1,23,17
40915527,318755919,Queens,Flushing,40.75647,-73.81255,Entire home/apt,106,1,165,1,151,79
40916964,19534131,Brooklyn,Bushwick,40.6926,-73.90614,Private room,27,30,2,1,0,0
40806145,34180306,Brooklyn,Red Hook,40.6783,-74.00533,Entire home/apt,250,1,13,2,0,1
40917921,16118005,Brooklyn,Williamsburg,40.71985,-73.96056,Entire home/apt,300,5,9,1,1,7
40918215,19955578,Brooklyn,Bedford-Stuyvesant,40.69379,-73.9453,Private room,29,30,2,1,0,0
40918843,317192469,Manhattan,East Village,40.73021,-73.98956,Entire home/apt,2850,30,0,1,0,0
40807542,239689464,Manhattan,Kips Bay,40.74221,-73.98,Private room,135,30,1,1,0,0
40919941,1997143,Brooklyn,Bedford-Stuyvesant,40.69382,-73.94364,Private room,338,1,41,9,344,12
40920279,110001541,Queens,Long Island City,40.74854,-73.93929,Entire home/apt,120,30,0,1,0,0
40920440,24413323,Manhattan,Chelsea,40.74305,-74.00711,Entire home/apt,250,30,0,1,0,0
40816022,315824,Manhattan,Little Italy,40.71707,-73.99821,Entire home/apt,218,2,76,1,216,43
40783667,316908165,Brooklyn,Bushwick,40.69397,-73.92767,Entire home/apt,199,30,12,1,0,0
40921592,255827154,Queens,Flushing,40.766796,-73.828362,Entire home/apt,182,2,58,3,56,40
40785094,166924212,Queens,Woodside,40.74679,-73.90175,Shared room,30,1,14,1,36,6
40816175,28980313,Queens,East Elmhurst,40.76628,-73.86635,Entire home/apt,201,1,116,2,331,58
40922585,1997143,Brooklyn,Bedford-Stuyvesant,40.69347,-73.94399,Private room,145,1,55,9,159,5
40922899,1997143,Brooklyn,Bedford-Stuyvesant,40.69473,-73.94553,Private room,145,1,24,9,344,0
40923448,149380359,Brooklyn,Prospect-Lefferts Gardens,40.6619,-73.96049,Entire home/apt,100,30,0,2,0,0
40924048,296605957,Queens,Bayside,40.760452,-73.76606,Private room,168,1,0,24,115,0
40924272,26681738,Brooklyn,Greenpoint,40.72357,-73.9435,Entire home/apt,85,60,0,1,0,0
40816205,165054817,Bronx,Schuylerville,40.83345,-73.82839,Entire home/apt,2000,1,8,1,364,8
40924849,296605957,Queens,Bayside,40.760452,-73.76606,Private room,171,1,0,24,116,0
40925502,296605957,Queens,Bayside,40.760452,-73.76606,Private room,168,1,0,24,115,0
40925588,130777278,Brooklyn,Crown Heights,40.67036,-73.95812,Entire home/apt,162,2,82,3,292,59
40926567,311750205,Manhattan,East Harlem,40.784,-73.94573,Private room,70,2,3,2,0,0
40927350,154763419,Brooklyn,Kensington,40.64091,-73.97085,Entire home/apt,203,1,52,2,54,52
40928652,37273608,Manhattan,Hell's Kitchen,40.7541,-73.99329,Private room,176,3,66,3,27,28
40816977,139528206,Brooklyn,Coney Island,40.58072,-74.00185,Entire home/apt,175,30,3,2,341,2
40817592,2269285,Manhattan,West Village,40.72996,-74.0079,Entire home/apt,185,3,1,1,0,0
40929480,37273608,Manhattan,Hell's Kitchen,40.75537,-73.99368,Entire home/apt,362,3,91,3,16,29
40930849,145563103,Queens,Astoria,40.75692,-73.92436,Entire home/apt,149,2,122,1,247,43
40786270,8518291,Manhattan,East Village,40.72891,-73.98994,Private room,50,30,0,1,0,0
41012815,78643953,Brooklyn,Bushwick,40.69025,-73.91424,Entire home/apt,200,4,44,3,278,23
40937837,166849424,Brooklyn,Bedford-Stuyvesant,40.69011,-73.94357,Private room,28,30,0,1,0,0
40823324,41573197,Brooklyn,Crown Heights,40.66589,-73.9542,Entire home/apt,75,30,0,1,0,0
40939047,4888319,Brooklyn,Clinton Hill,40.6928,-73.96652,Private room,39,30,7,1,0,0
40823839,312573023,Bronx,Highbridge,40.83171,-73.93003,Private room,190,3,1,2,365,1
40824219,317540555,Queens,Sunnyside,40.74698,-73.91763,Private room,85,6,8,2,2,3
41013323,212661987,Queens,Rosedale,40.67424,-73.7291,Private room,89,1,0,1,364,0
40941301,61339221,Manhattan,West Village,40.72867,-74.00379,Private room,70,30,1,1,0,0
40825740,7728754,Brooklyn,Crown Heights,40.67412,-73.94123,Entire home/apt,1200,30,1,1,269,1
40825964,238989521,Queens,Sunnyside,40.73776,-73.92555,Private room,36,30,1,17,0,0
40943610,319003483,Brooklyn,Flatbush,40.64502,-73.95868,Private room,60,30,0,1,0,0
40833186,68718914,Manhattan,Nolita,40.72314,-73.99323,Private room,79,30,0,1,0,0
40835207,317203979,Manhattan,Harlem,40.82295,-73.9484,Entire home/apt,195,30,2,1,213,0
40837137,317770098,Brooklyn,Sunset Park,40.64607,-74.00552,Private room,25,30,1,1,0,0
41021017,137364928,Brooklyn,East Flatbush,40.64634,-73.93296,Entire home/apt,75,30,20,1,0,0
41021292,24771677,Queens,Bayside,40.76332,-73.77117,Entire home/apt,115,30,3,6,135,2
41021580,261682551,Manhattan,Inwood,40.86737,-73.92662,Entire home/apt,90,30,1,2,0,0
41023393,3187466,Bronx,Mott Haven,40.80991,-73.91211,Entire home/apt,180,5,23,1,111,15
40943649,319004394,Manhattan,Lower East Side,40.71715,-73.98932,Entire home/apt,91,30,2,1,0,0
40838018,17211451,Brooklyn,Clinton Hill,40.6837,-73.96115,Entire home/apt,60,90,1,1,0,0
40839416,4765305,Manhattan,East Village,40.72147,-73.9827,Private room,72,6,7,8,87,6
40943894,319005512,Queens,Ridgewood,40.70524,-73.90328,Entire home/apt,134,3,62,1,47,37
41026711,186960276,Brooklyn,Borough Park,40.64793,-73.99587,Private room,50,30,5,1,0,0
41027184,186985759,Brooklyn,Flatbush,40.65126,-73.96095,Private room,55,30,5,2,10,3
40944094,45937956,Queens,Jackson Heights,40.75156,-73.89344,Entire home/apt,147,3,17,3,48,10
40944374,306295899,Manhattan,Midtown,40.74724,-73.98938,Shared room,92,3,119,9,59,59
41033426,320413124,Manhattan,Midtown,40.7462,-73.9835,Entire home/apt,210,5,42,1,19,36
41033943,1863756,Queens,Sunnyside,40.74325,-73.91666,Entire home/apt,150,30,0,1,75,0
40843961,35355701,Brooklyn,Bedford-Stuyvesant,40.69225,-73.94529,Entire home/apt,190,30,6,2,156,1
40843980,295370107,Queens,Ozone Park,40.6823,-73.84545,Entire home/apt,109,2,72,2,168,35
40945277,113058525,Manhattan,Chinatown,40.71555,-73.99947,Private room,145,30,0,1,0,0
40844212,288485926,Brooklyn,Bushwick,40.69454,-73.91363,Private room,40,30,0,1,0,0
40846105,302101015,Queens,Ridgewood,40.70652,-73.90286,Private room,75,5,13,4,124,7
41036226,319067048,Manhattan,East Village,40.73001,-73.98276,Private room,60,5,5,3,0,0
41036318,4307196,Queens,Glendale,40.69604,-73.89385,Private room,59,30,0,1,0,0
41036360,212147885,Brooklyn,Bedford-Stuyvesant,40.67737,-73.90923,Entire home/apt,169,4,9,4,129,0
40946280,126906679,Queens,Queens Village,40.70368,-73.74064,Private room,30,30,0,1,0,0
41036391,201543093,Brooklyn,Sunset Park,40.63961,-74.01678,Private room,700,30,0,1,0,0
40848653,44369272,Manhattan,Harlem,40.81632,-73.9408,Private room,95,30,0,1,0,0
40946694,162280872,Manhattan,Upper East Side,40.76966,-73.95821,Entire home/apt,170,30,5,98,265,2
40946832,4218449,Manhattan,Hell's Kitchen,40.76955,-73.98817,Entire home/apt,80,30,0,1,0,0
40849947,14422667,Manhattan,Battery Park City,40.71044,-74.0177,Entire home/apt,300,30,0,1,0,0
40860187,145556205,Brooklyn,Canarsie,40.64873,-73.89826,Entire home/apt,51,3,1,1,0,0
41042473,320632879,Manhattan,East Harlem,40.79566,-73.93437,Private room,80,30,0,1,0,0
40947476,319039899,Brooklyn,Bedford-Stuyvesant,40.69048,-73.95914,Entire home/apt,175,30,0,1,0,0
40860829,9160985,Manhattan,Midtown,40.7646,-73.98262,Entire home/apt,108,30,5,1,243,4
40861223,28764867,Manhattan,Lower East Side,40.71307,-73.98252,Entire home/apt,250,30,1,1,0,0
40861640,36793116,Manhattan,Midtown,40.76561,-73.97729,Entire home/apt,315,30,7,5,222,3
40949156,175943567,Manhattan,Upper West Side,40.80086,-73.96195,Private room,75,30,2,1,0,0
40864895,318094946,Brooklyn,Bath Beach,40.60495,-74.01262,Entire home/apt,109,30,1,1,162,0
40867515,171697479,Manhattan,Midtown,40.74517,-73.98098,Private room,120,28,15,26,334,6
40868745,55607877,Brooklyn,Williamsburg,40.71478,-73.96382,Private room,80,30,1,1,0,0
40869871,219517861,Manhattan,Financial District,40.707972098527655,-74.00682651807061,Entire home/apt,382,2,19,71,300,13
41043399,12001318,Brooklyn,Clinton Hill,40.68864,-73.96745,Private room,65,3,0,1,0,0
40950740,20971383,Brooklyn,Prospect-Lefferts Gardens,40.65854,-73.95407,Entire home/apt,132,30,1,1,179,0
40950941,214320776,Brooklyn,Bushwick,40.6869,-73.91044,Private room,180,3,1,1,0,0
40870366,318184283,Brooklyn,Bushwick,40.68785,-73.91803,Private room,45,60,0,1,0,0
40951904,230490856,Brooklyn,Williamsburg,40.71483,-73.95942,Entire home/apt,247,2,17,1,1,9
40870831,12743691,Queens,Sunnyside,40.74737,-73.91758,Entire home/apt,89,2,21,1,0,11
40871071,15363371,Brooklyn,Williamsburg,40.71371,-73.94297,Private room,75,30,0,1,0,0
40871135,318194430,Manhattan,Lower East Side,40.7197,-73.99284,Entire home/apt,130,2,5,1,0,0
40871301,318199288,Brooklyn,Bushwick,40.68977,-73.91641,Private room,70,30,0,1,0,0
41043703,194696447,Manhattan,Hell's Kitchen,40.76405,-73.99373,Entire home/apt,200,30,1,1,0,0
41044235,4646395,Brooklyn,Prospect Heights,40.68127,-73.96518,Entire home/apt,200,2,6,1,0,6
41048204,6997654,Manhattan,Upper East Side,40.77783,-73.95476,Entire home/apt,85,30,2,1,0,0
40952752,3779326,Brooklyn,Williamsburg,40.70852,-73.96133,Entire home/apt,300,30,0,1,178,0
40962319,1434956,Manhattan,Nolita,40.72169,-73.99588,Entire home/apt,200,30,0,1,0,0
40962884,149962548,Brooklyn,Williamsburg,40.71411,-73.96146,Entire home/apt,187,3,1,1,4,1
41048662,4372524,Brooklyn,Williamsburg,40.71585,-73.95142,Shared room,123,30,3,1,0,0
41048681,212147885,Brooklyn,Crown Heights,40.67555,-73.91053,Private room,169,5,10,4,68,0
41048914,150981064,Brooklyn,Bedford-Stuyvesant,40.69167,-73.94736,Entire home/apt,135,4,33,1,1,12
40872251,124771208,Manhattan,Harlem,40.82631,-73.95085,Private room,25,30,3,1,0,0
40965070,319053984,Manhattan,East Village,40.72694,-73.98259,Entire home/apt,300,2,0,1,0,0
40873601,3106679,Brooklyn,Downtown Brooklyn,40.69134,-73.98313,Entire home/apt,325,2,76,1,164,40
40965443,250772683,Brooklyn,Cypress Hills,40.68119,-73.88311,Private room,80,30,0,2,0,0
41048929,65354277,Brooklyn,Bushwick,40.69495,-73.91028,Private room,60,30,0,1,0,0
40966210,77409890,Manhattan,Harlem,40.81735,-73.94091,Entire home/apt,99,2,1,1,0,0
41049086,319093849,Brooklyn,Prospect-Lefferts Gardens,40.65587,-73.94376,Private room,40,30,1,2,0,0
40873866,143127602,Brooklyn,East New York,40.65953,-73.89367,Private room,60,1,37,4,342,31
40874249,143127602,Brooklyn,East New York,40.6596,-73.89379,Private room,60,1,48,4,335,38
40874456,143127602,Brooklyn,East New York,40.65798,-73.89501,Private room,64,1,48,4,330,46
40874667,143127602,Brooklyn,East New York,40.65752,-73.89313,Private room,50,1,52,4,329,44
40886497,30301198,Brooklyn,Bedford-Stuyvesant,40.67966,-73.94086,Entire home/apt,200,30,0,1,0,0
40966272,12959277,Manhattan,Hell's Kitchen,40.76458,-73.99006,Private room,190,30,3,1,0,0
40886721,318397654,Manhattan,Midtown,40.7562,-73.96874,Entire home/apt,225,30,3,1,0,0
40887882,23772724,Manhattan,Upper East Side,40.7836,-73.95221,Entire home/apt,94,30,2,58,364,2
40888693,318425752,Manhattan,East Village,40.72106,-73.97981,Entire home/apt,249,30,8,1,0,0
41050833,320796742,Queens,Sunnyside,40.74506,-73.92224,Private room,70,30,0,1,0,0
40968313,37084465,Manhattan,East Harlem,40.7878,-73.94746,Entire home/apt,103,4,12,1,0,7
41051147,103818938,Brooklyn,Greenpoint,40.72177,-73.93995,Entire home/apt,63,1,2,1,0,0
41058789,311531272,Brooklyn,Brownsville,40.65866,-73.91312,Private room,50,1,2,2,64,0
41061100,82003805,Brooklyn,Prospect-Lefferts Gardens,40.65817,-73.96161,Entire home/apt,70,30,1,1,0,0
40889145,109853394,Brooklyn,Sunset Park,40.64264,-74.01423,Entire home/apt,170,30,1,1,179,0
40889966,318440309,Queens,Flushing,40.74234,-73.81917,Private room,750,30,0,1,0,0
40890824,318453838,Manhattan,Upper West Side,40.78104,-73.98479,Entire home/apt,95,30,3,1,0,0
40892321,318182596,Brooklyn,Clinton Hill,40.68411,-73.96655,Private room,80,30,1,1,0,0
40893251,316886271,Brooklyn,Bushwick,40.69499,-73.92823,Entire home/apt,259,30,9,1,0,0
40893641,255827154,Queens,Flushing,40.766796,-73.828362,Entire home/apt,149,2,63,3,53,39
40894010,283430433,Queens,Sunnyside,40.7428,-73.91294,Entire home/apt,250,30,0,1,0,0
40894061,318515549,Manhattan,Upper West Side,40.77974,-73.98592,Entire home/apt,150,30,2,1,0,0
40894601,1423098,Manhattan,Midtown,40.76264,-73.97873,Private room,120,30,0,1,0,0
40896294,261682551,Manhattan,Inwood,40.86725,-73.92702,Entire home/apt,90,30,1,2,0,0
40896611,61391963,Manhattan,Murray Hill,40.75112,-73.9786,Entire home/apt,175,30,6,116,311,4
40896785,61391963,Manhattan,Murray Hill,40.74913,-73.97815,Entire home/apt,150,30,2,116,0,0
40896822,238989521,Queens,Sunnyside,40.73965,-73.9278,Private room,34,30,4,17,0,0
40968328,173083297,Manhattan,Upper West Side,40.77564,-73.97663,Private room,312,1,68,5,341,8
40969708,5166944,Brooklyn,Williamsburg,40.71147,-73.96283,Private room,72,1,67,2,0,25
40897147,25768880,Queens,Astoria,40.76579,-73.9095,Private room,45,30,1,1,0,0
41062559,320020592,Queens,Flushing,40.76619,-73.82839,Entire home/apt,138,2,65,4,59,49
41062634,108197310,Manhattan,Hell's Kitchen,40.76471,-73.98641,Entire home/apt,305,30,0,1,0,0
40969893,78679311,Manhattan,Midtown,40.75257,-73.97249,Entire home/apt,407,2,0,2,0,0
40897425,168240837,Staten Island,Mariners Harbor,40.63561,-74.15415,Entire home/apt,60,1,32,1,341,0
40897658,95303084,Manhattan,Upper West Side,40.78673,-73.96956,Entire home/apt,175,4,93,6,210,41
40971027,62633968,Brooklyn,Fort Greene,40.69589,-73.97285,Entire home/apt,65,3,5,1,0,0
40899576,318589021,Queens,East Elmhurst,40.76733,-73.86991,Entire home/apt,75,1,148,1,210,55
40900757,5188582,Brooklyn,Clinton Hill,40.69517,-73.96711,Entire home/apt,115,10,12,1,150,3
40901664,21660030,Brooklyn,South Slope,40.66644,-73.99198,Entire home/apt,85,30,1,1,0,0
40902573,143476,Manhattan,East Village,40.72719,-73.98548,Entire home/apt,75,30,1,1,0,0
41063102,273812306,Manhattan,Midtown,40.75357,-73.97365,Private room,222,30,0,1,0,0
41068409,313368776,Brooklyn,Williamsburg,40.70231,-73.94604,Entire home/apt,85,30,1,1,0,0
40971624,48005494,Manhattan,Upper West Side,40.77371,-73.98043,Entire home/apt,192,30,13,38,0,5
40971650,48005494,Manhattan,Upper West Side,40.77238,-73.98237,Entire home/apt,185,30,1,38,0,0
40971667,48005494,Manhattan,Upper West Side,40.77266,-73.98039,Entire home/apt,357,30,4,38,237,2
40971681,2157189,Brooklyn,Bedford-Stuyvesant,40.69528,-73.93631,Private room,52,15,8,2,104,5
41069298,96013929,Queens,Jackson Heights,40.7507,-73.89314,Entire home/apt,152,3,29,1,48,23
40903966,316493772,Manhattan,East Harlem,40.78855,-73.94525,Private room,43,100,20,1,0,0
40905066,15231059,Manhattan,Lower East Side,40.71854,-73.98464,Private room,97,31,2,4,306,1
40973933,20271527,Brooklyn,Park Slope,40.67893,-73.97539,Entire home/apt,350,2,4,1,35,4
40980998,89580862,Brooklyn,Bushwick,40.70232,-73.92858,Private room,40,30,1,3,0,0
40985898,78679311,Manhattan,Midtown,40.75257,-73.97249,Entire home/apt,407,2,0,2,0,0
40986210,162921021,Manhattan,Upper West Side,40.79437,-73.96429,Private room,107,1,126,3,43,64
40986283,206217143,Manhattan,Harlem,40.81792,-73.93789,Private room,50,30,0,1,0,0
40910681,152994552,Manhattan,Washington Heights,40.83469,-73.94121,Entire home/apt,71,30,15,2,77,5
40911813,269664482,Queens,Ridgewood,40.70701,-73.91565,Entire home/apt,165,30,5,4,337,5
40912721,7022470,Brooklyn,Park Slope,40.6762,-73.98,Entire home/apt,110,30,1,1,201,1
40913517,194953121,Manhattan,Midtown,40.75171,-73.97136,Entire home/apt,643,2,0,25,101,0
40913839,8425251,Manhattan,East Village,40.72306,-73.98148,Entire home/apt,130,30,2,1,0,0
41075946,127227897,Bronx,Allerton,40.86823,-73.85762,Entire home/apt,145,30,5,1,365,3
41078843,138203985,Queens,Ridgewood,40.70868,-73.91133,Entire home/apt,177,1,100,1,140,76
40986705,162921021,Manhattan,Upper West Side,40.79433,-73.96364,Private room,100,1,138,3,67,57
40986707,308020665,Brooklyn,East New York,40.66889,-73.88488,Entire home/apt,199,2,106,1,357,35
41082583,26662589,Queens,Sunnyside,40.73951,-73.93002,Entire home/apt,75,30,2,1,0,0
41178612,161432983,Manhattan,Chinatown,40.71701,-73.99961,Entire home/apt,400,30,41,1,336,36
40988010,147791016,Brooklyn,Bedford-Stuyvesant,40.69494,-73.9481,Entire home/apt,362,3,62,2,306,35
41178871,215512685,Brooklyn,Crown Heights,40.67763,-73.93717,Entire home/apt,276,1,181,2,54,76
41179503,167270001,Manhattan,Hell's Kitchen,40.75692,-73.99271,Entire home/apt,380,1,16,6,267,14
41082801,321252889,Manhattan,Midtown,40.74808,-73.98828,Entire home/apt,308,1,49,5,115,21
40989318,305489297,Manhattan,Chinatown,40.71642,-73.99923,Entire home/apt,200,30,6,6,281,0
41179618,53127489,Brooklyn,Bedford-Stuyvesant,40.69212,-73.95173,Entire home/apt,90,30,0,1,0,0
41179889,128986377,Queens,East Elmhurst,40.75985,-73.87442,Private room,60,30,0,1,0,0
41190461,107434423,Manhattan,Theater District,40.760189,-73.984353,Entire home/apt,347,31,0,453,335,0
40992236,319743936,Brooklyn,Canarsie,40.64601,-73.90852,Entire home/apt,145,3,104,1,96,43
41191723,7537879,Brooklyn,Williamsburg,40.71499,-73.96279,Private room,37,30,1,1,0,0
41194774,254372359,Manhattan,East Harlem,40.79597,-73.93812,Entire home/apt,300,30,8,2,180,2
40998503,266360944,Queens,Springfield Gardens,40.66181,-73.76396,Private room,80,1,17,2,358,15
41000928,23307388,Brooklyn,Kensington,40.62989,-73.97656,Private room,40,30,2,1,0,0
41208101,13322715,Brooklyn,Flatbush,40.64844,-73.97085,Entire home/apt,212,4,45,1,303,29
41000946,298747627,Queens,Flushing,40.75258,-73.83045,Private room,80,1,27,4,152,23
41001194,4405241,Manhattan,Stuyvesant Town,40.7297,-73.97399,Entire home/apt,150,30,1,1,0,0
41208841,316179573,Manhattan,Midtown,40.74601,-73.98306,Entire home/apt,150,30,15,1,0,0
41085750,224972356,Manhattan,Washington Heights,40.8387,-73.93965,Private room,1000,30,0,1,0,0
41086006,306295899,Manhattan,Chelsea,40.74744,-73.99118,Shared room,91,3,135,9,70,72
41004118,183127881,Brooklyn,Canarsie,40.6446,-73.90154,Private room,80,30,17,4,365,3
41004775,319891468,Queens,Jamaica Hills,40.71169,-73.80159,Private room,140,2,1,1,88,0
41006120,46399563,Manhattan,Inwood,40.86881,-73.92304,Private room,70,1,7,1,280,2
41006251,311607537,Manhattan,East Harlem,40.79647,-73.93547,Private room,35,30,1,1,0,0
41212093,318046812,Brooklyn,Clinton Hill,40.68112,-73.96268,Private room,141,4,44,1,121,17
41213862,17770510,Queens,Woodside,40.74599,-73.90917,Entire home/apt,75,30,0,1,0,0
41006656,275548200,Manhattan,Washington Heights,40.84933,-73.93424,Private room,52,1,50,1,0,15
41214610,351236426,Queens,Springfield Gardens,40.68659,-73.75,Entire home/apt,86,2,52,2,355,21
41089850,321364483,Queens,Springfield Gardens,40.66311,-73.76066,Entire home/apt,139,7,8,1,260,3
41091413,250772683,Brooklyn,Cypress Hills,40.68116,-73.88142,Private room,80,30,0,2,0,0
41091898,25108946,Brooklyn,Williamsburg,40.71404,-73.94299,Private room,45,30,4,1,0,0
41105251,241676154,Staten Island,Grant City,40.5775,-74.11038,Private room,41,30,6,14,79,3
41106442,194953121,Manhattan,Midtown,40.75188,-73.97304,Entire home/apt,643,2,0,25,101,0
41106448,194953121,Manhattan,Midtown,40.75165,-73.97124,Entire home/apt,643,2,1,25,101,0
41106450,194953121,Manhattan,Midtown,40.75321,-73.97358,Entire home/apt,643,2,1,25,101,0
41107092,321252889,Manhattan,Midtown,40.74795,-73.98692,Entire home/apt,274,1,47,5,310,28
41107719,321571873,Manhattan,Harlem,40.80902,-73.95492,Private room,150,30,0,1,0,0
41007370,174786681,Staten Island,Randall Manor,40.63587,-74.1213,Private room,49,7,13,1,48,7
41008859,319990351,Brooklyn,Williamsburg,40.71359,-73.95289,Entire home/apt,150,30,35,2,21,7
41008894,116171108,Queens,Ridgewood,40.7044,-73.90594,Private room,35,30,0,1,0,0
41108306,10921790,Brooklyn,Bushwick,40.70732,-73.92137,Entire home/apt,122,14,8,1,37,5
41108462,180380802,Bronx,Bronxdale,40.85559,-73.86235,Entire home/apt,100,2,6,2,0,1
41226843,22345670,Queens,Rockaway Beach,40.58985,-73.80592,Private room,125,30,0,1,0,0
41009396,27610676,Queens,Bayside,40.7616,-73.77284,Entire home/apt,120,30,4,2,297,2
41109712,321252889,Manhattan,Midtown,40.74829,-73.98757,Entire home/apt,319,1,60,5,117,39
41010332,320020592,Queens,Flushing,40.76767,-73.82763,Entire home/apt,132,2,10,4,59,8
41010459,319453843,Manhattan,Harlem,40.81566,-73.93921,Entire home/apt,100,30,0,1,0,0
41112420,39541683,Brooklyn,Vinegar Hill,40.70417,-73.98436,Private room,130,30,1,1,0,0
41123504,1220317,Brooklyn,Greenpoint,40.72484,-73.95035,Entire home/apt,100,25,3,1,0,0
41125049,1360423,Brooklyn,Crown Heights,40.67703,-73.94214,Entire home/apt,165,30,0,1,0,0
41125441,222426321,Brooklyn,East New York,40.66177,-73.89034,Entire home/apt,189,3,38,2,176,16
41127989,321252889,Manhattan,Midtown,40.7476,-73.98691,Entire home/apt,276,1,78,5,117,35
41129980,319093849,Brooklyn,East Flatbush,40.65367,-73.94434,Private room,79,30,1,2,0,0
41131891,7652744,Manhattan,Midtown,40.76196,-73.97021,Entire home/apt,235,3,115,4,16,61
41228499,84510411,Brooklyn,Bedford-Stuyvesant,40.69091,-73.94753,Entire home/apt,110,30,0,1,0,0
41011491,159239228,Manhattan,East Harlem,40.79694,-73.93668,Entire home/apt,275,30,8,1,0,0
41229239,185979641,Manhattan,Theater District,40.75959,-73.98748,Entire home/apt,230,30,10,13,230,3
41132137,321952505,Queens,Astoria,40.75969,-73.91764,Private room,120,30,1,1,0,0
41133434,287131923,Manhattan,West Village,40.73836,-74.00269,Entire home/apt,80,30,4,1,0,0
41374977,306349662,Queens,Ridgewood,40.71257,-73.90038,Private room,30,10,6,5,47,5
41375164,325305411,Brooklyn,East New York,40.66301,-73.86314,Entire home/apt,131,4,42,3,123,24
41234256,323658450,Brooklyn,East Flatbush,40.65373,-73.93606,Entire home/apt,75,2,11,1,323,2
41375705,306349662,Queens,Ridgewood,40.70981,-73.89823,Private room,35,10,1,5,54,1
41377652,306295899,Manhattan,Chelsea,40.74691,-73.9915,Shared room,82,3,136,9,69,68
41379597,275135522,Brooklyn,Bedford-Stuyvesant,40.681004,-73.913139,Private room,63,1,44,1,54,20
41234346,3952722,Brooklyn,Crown Heights,40.66646,-73.95148,Private room,71,30,2,1,341,1
41133573,93080182,Manhattan,Upper West Side,40.78956,-73.97012,Entire home/apt,105,28,3,1,292,3
41133767,71009894,Brooklyn,Cypress Hills,40.67739,-73.90007,Private room,91,1,41,4,161,8
41134066,2119276,Manhattan,West Village,40.73373,-74.00654,Entire home/apt,250,30,2,22,130,1
41380528,261581535,Manhattan,Hell's Kitchen,40.75616,-73.99538,Entire home/apt,660,30,9,1,0,0
41136941,321010018,Manhattan,SoHo,40.72098,-73.99851,Private room,185,30,0,1,89,0
41137428,194953121,Manhattan,Midtown,40.75196,-73.97148,Entire home/apt,900,2,0,25,0,0
41144739,233354151,Queens,Elmhurst,40.73752,-73.88342,Private room,55,30,0,1,0,0
41237808,323494574,Brooklyn,Bedford-Stuyvesant,40.68138,-73.94128,Entire home/apt,115,30,16,1,126,0
41380850,180380802,Bronx,Allerton,40.85746,-73.86339,Entire home/apt,100,2,9,2,363,2
41382383,303719667,Manhattan,Midtown,40.75119,-73.97166,Entire home/apt,599,4,0,3,0,0
41238284,293514147,Manhattan,East Harlem,40.78679,-73.94994,Entire home/apt,100,30,1,1,112,0
41241319,201174295,Queens,Flushing,40.76287,-73.82352,Private room,60,1,29,1,0,2
41148267,320932432,Manhattan,Washington Heights,40.85125,-73.9291,Entire home/apt,350,30,5,1,0,0
41149321,10413872,Brooklyn,Williamsburg,40.70968,-73.94857,Entire home/apt,110,30,3,1,14,1
41151871,330371,Brooklyn,Bedford-Stuyvesant,40.68602,-73.945,Entire home/apt,175,5,48,1,0,31
41383676,1978714,Brooklyn,Flatbush,40.64344,-73.96109,Entire home/apt,150,5,28,1,39,9
41383774,154869920,Queens,Howard Beach,40.65576,-73.83425,Entire home/apt,88,307,4,1,0,0
41152114,322305644,Brooklyn,Bedford-Stuyvesant,40.68131,-73.91606,Private room,47,5,25,5,61,13
41152864,322305644,Brooklyn,Bedford-Stuyvesant,40.68211,-73.91406,Private room,44,5,27,5,104,18
41153501,322305644,Brooklyn,Bedford-Stuyvesant,40.68261,-73.9142,Private room,15,28,10,5,2,5
41154121,322305644,Brooklyn,Bedford-Stuyvesant,40.68304,-73.91458,Private room,50,5,27,5,328,19
41155955,322352856,Queens,Elmhurst,40.74179,-73.88172,Entire home/apt,193,60,6,2,0,0
41159052,322484729,Brooklyn,Flatlands,40.63045,-73.93977,Private room,101,2,5,1,0,0
41169295,314560315,Queens,Elmhurst,40.73569,-73.86554,Private room,70,30,0,2,0,0
41171427,21536998,Brooklyn,Midwood,40.62342,-73.96018,Private room,70,7,11,2,1,6
41242461,228750325,Brooklyn,East New York,40.67342,-73.89381,Entire home/apt,118,30,16,1,0,0
41395051,185979641,Manhattan,Hell's Kitchen,40.76178,-73.9873,Entire home/apt,189,30,2,13,277,0
41395190,325570729,Manhattan,Chelsea,40.74244,-73.99551,Private room,66,2,85,1,122,56
41243251,140073773,Brooklyn,Kensington,40.64776,-73.9756,Entire home/apt,59,30,1,1,0,0
41243309,1451723,Manhattan,East Harlem,40.79262,-73.93861,Private room,70,7,26,2,308,17
41243629,322352856,Queens,Elmhurst,40.74105,-73.88173,Entire home/apt,225,30,5,2,0,0
41171506,209553620,Manhattan,Upper West Side,40.78935,-73.96989,Entire home/apt,54,31,0,1,0,0
41173094,38650653,Queens,Flushing,40.74596,-73.82688,Entire home/apt,414,3,33,1,171,20
41174759,320020592,Queens,Flushing,40.766796,-73.828362,Entire home/apt,189,2,64,4,43,43
41395481,306349662,Queens,Ridgewood,40.71057,-73.89799,Private room,66,10,5,5,65,4
41399557,4500999,Manhattan,East Harlem,40.7956,-73.945,Private room,115,2,13,2,89,13
41400433,325616993,Manhattan,Harlem,40.82022,-73.95387,Private room,145,30,1,2,218,0
41175544,45143217,Manhattan,Washington Heights,40.84855,-73.93681,Entire home/apt,120,30,45,1,64,2
41175790,255787023,Brooklyn,East Flatbush,40.65913,-73.93535,Private room,46,2,19,2,154,11
41177251,320020592,Queens,Flushing,40.76625,-73.82934,Entire home/apt,182,10,0,4,90,0
41247450,20687253,Manhattan,West Village,40.73537,-74.00643,Entire home/apt,295,5,12,1,3,3
41402380,306349662,Queens,Ridgewood,40.70844,-73.89875,Private room,50,10,7,5,65,6
41403289,54382354,Brooklyn,East Flatbush,40.6495,-73.93226,Entire home/apt,128,30,27,1,0,0
41403642,288388758,Brooklyn,Bushwick,40.69534,-73.92904,Private room,35,30,1,1,0,0
41256075,323924258,Queens,Springfield Gardens,40.66007,-73.75944,Entire home/apt,251,2,50,1,345,24
41257755,107434423,Manhattan,Hell's Kitchen,40.76778789999999,-73.99174099999999,Entire home/apt,612,31,0,453,86,0
41404723,273301089,Queens,Elmhurst,40.7339,-73.88809,Private room,88,30,6,2,0,0
41177309,322791021,Manhattan,Hell's Kitchen,40.75524,-73.99459,Entire home/apt,500,1,7,3,268,3
41405716,205386178,Manhattan,Theater District,40.75906,-73.98423,Entire home/apt,160,30,0,1,0,0
41567947,327541101,Brooklyn,Bushwick,40.70541,-73.92392,Entire home/apt,100,30,14,1,33,5
41567989,296605957,Queens,Bayside,40.760452,-73.76606,Private room,171,1,1,24,116,1
41257880,42860495,Brooklyn,Bushwick,40.6958,-73.93189,Private room,700,30,6,1,0,0
41258335,4373699,Brooklyn,Greenpoint,40.73552,-73.9571,Entire home/apt,250,30,8,1,61,4
41263496,255827154,Queens,Flushing,40.766796,-73.828362,Entire home/apt,125,2,39,3,66,30
41406338,11293987,Manhattan,Upper East Side,40.7765,-73.94955,Entire home/apt,120,30,4,1,0,0
41263658,324004844,Queens,Flushing,40.76614,-73.82935,Entire home/apt,162,2,2,2,73,0
41568190,123063094,Bronx,Morris Park,40.84754,-73.84657,Private room,65,7,38,1,78,6
41569497,248021206,Queens,Glendale,40.70459,-73.8646,Private room,68,30,0,4,0,0
41569923,13791418,Brooklyn,Williamsburg,40.71552,-73.95539,Entire home/apt,200,30,4,2,241,1
41408159,72163559,Brooklyn,Bedford-Stuyvesant,40.68842,-73.92269,Private room,42,29,0,1,0,0
41267118,123977712,Brooklyn,Williamsburg,40.70631,-73.92956,Private room,41,15,2,2,0,0
41410344,324599806,Brooklyn,Flatlands,40.62962484861284,-73.93702818472059,Private room,175,1,3,3,180,3
41580681,282074657,Manhattan,Chelsea,40.73953,-74.00084,Entire home/apt,170,1,28,1,0,15
41420151,3136103,Brooklyn,Greenpoint,40.72753,-73.95606,Private room,115,3,15,3,1,13
41425572,262985820,Manhattan,Midtown,40.7553,-73.97288,Private room,3974,1,0,7,354,0
41425597,262985820,Manhattan,Midtown,40.7553,-73.97288,Private room,2614,1,0,7,353,0
41425624,262985820,Manhattan,Midtown,40.75615,-73.97406,Private room,1642,1,1,7,351,1
41430114,279237710,Brooklyn,Williamsburg,40.71442,-73.96233,Entire home/apt,151,30,4,1,0,0
41581379,327409561,Queens,Flushing,40.76496,-73.83085,Private room,79,30,8,4,342,1
41582089,317893501,Manhattan,Chelsea,40.74954,-73.9968,Entire home/apt,1395,1,33,2,310,12
41268569,324092165,Manhattan,Upper East Side,40.77454,-73.95194,Entire home/apt,240,30,0,1,361,0
41430275,13419129,Manhattan,East Harlem,40.79983,-73.94118,Entire home/apt,100,25,12,2,0,4
41430801,321299357,Queens,St. Albans,40.69865,-73.76679,Entire home/apt,399,14,1,1,268,0
41270387,53771409,Staten Island,Tompkinsville,40.63286,-74.08022,Entire home/apt,135,30,1,1,0,0
41271575,324127038,Manhattan,Harlem,40.80948,-73.94727,Entire home/apt,385,2,78,1,229,66
41285031,8833885,Brooklyn,Greenpoint,40.72556,-73.94451,Entire home/apt,559,60,0,2,74,0
41285370,2521127,Manhattan,Hell's Kitchen,40.76797,-73.98513,Entire home/apt,1495,30,5,2,190,2
41289512,211549023,Manhattan,Midtown,40.7484,-73.98757,Entire home/apt,377,2,66,16,309,33
41582140,228940773,Manhattan,Hell's Kitchen,40.76613,-73.99306,Entire home/apt,2500,2,9,1,0,0
41582446,4264248,Brooklyn,Sunset Park,40.65963,-73.98923,Entire home/apt,102,30,0,1,0,0
41431376,325949990,Brooklyn,Prospect-Lefferts Gardens,40.6571,-73.95195,Entire home/apt,211,2,77,1,75,38
41583204,109913814,Brooklyn,Bedford-Stuyvesant,40.68353,-73.9368,Entire home/apt,156,7,5,1,0,0
41432416,3415891,Brooklyn,Williamsburg,40.7168,-73.95699,Private room,76,4,10,1,0,6
41583537,11789134,Manhattan,Kips Bay,40.7446,-73.97896,Entire home/apt,110,30,0,1,0,0
41585180,162280872,Manhattan,Upper East Side,40.77011,-73.95687,Entire home/apt,260,30,4,98,328,3
41586173,162280872,Manhattan,Kips Bay,40.73868,-73.97963,Entire home/apt,140,30,1,98,262,0
41588070,313246536,Manhattan,Hell's Kitchen,40.7572,-73.99568,Entire home/apt,1310,1,29,2,342,8
41290557,265512187,Bronx,Highbridge,40.83399,-73.92512,Shared room,80,30,0,1,0,0
41433498,15053086,Manhattan,Hell's Kitchen,40.76605,-73.98434,Entire home/apt,225,30,0,2,216,0
41588607,327789681,Brooklyn,Bushwick,40.685,-73.909,Entire home/apt,115,32,9,1,34,6
41588916,218260240,Brooklyn,Williamsburg,40.70951,-73.95931,Entire home/apt,800,30,6,1,89,1
41593082,285481439,Manhattan,SoHo,40.72363,-74.0026,Private room,390,30,2,3,0,1
41593430,282655,Brooklyn,Flatbush,40.63134,-73.9572,Entire home/apt,251,3,49,4,338,24
41433641,203266238,Bronx,Morris Park,40.85251,-73.85052,Private room,55,15,0,6,64,0
41433908,21853180,Brooklyn,Carroll Gardens,40.68505,-73.99436,Entire home/apt,236,4,12,1,14,0
41596532,327930312,Brooklyn,Bedford-Stuyvesant,40.69598,-73.94185,Entire home/apt,191,3,63,1,95,21
41596963,296605957,Queens,Bayside,40.760452,-73.76606,Private room,171,1,1,24,116,0
41294234,324275419,Queens,Flushing,40.73772,-73.82984,Private room,80,30,0,1,0,0
41295029,323985104,Manhattan,Chelsea,40.74176,-74.00038,Entire home/apt,650,4,83,1,292,34
41295300,295247374,Queens,East Elmhurst,40.7634,-73.86871,Private room,70,1,54,7,23,45
41295524,1637060,Brooklyn,Crown Heights,40.67627,-73.94137,Entire home/apt,167,3,136,1,40,60
41301073,40176101,Brooklyn,Bedford-Stuyvesant,40.69028,-73.92886,Private room,81,1,54,8,3,27
41434697,286844487,Queens,Corona,40.7461,-73.86559,Private room,75,3,32,1,25,19
41454695,127701091,Brooklyn,Fort Hamilton,40.6155,-74.02949,Entire home/apt,110,5,22,1,29,17
41310526,283295633,Manhattan,Chelsea,40.74085,-73.99453,Entire home/apt,399,30,7,1,0,0
41313164,194953121,Manhattan,Midtown,40.75149,-73.97127,Entire home/apt,643,2,0,25,101,0
41314406,324599806,Brooklyn,Flatlands,40.62941,-73.93536,Private room,125,3,1,3,180,0
41316043,320262763,Manhattan,Midtown,40.75426,-73.97031,Private room,80,100,2,1,0,0
41316343,5124670,Brooklyn,Williamsburg,40.71564,-73.94091,Entire home/apt,149,7,0,2,0,0
41598391,327961860,Brooklyn,Brighton Beach,40.57674,-73.96193,Private room,50,30,12,3,46,0
41609145,107434423,Manhattan,Tribeca,40.714,-74.00956,Entire home/apt,549,31,0,453,0,0
41609269,21266886,Manhattan,Upper East Side,40.77233,-73.95668,Entire home/apt,283,3,26,1,47,16
41454887,17551871,Manhattan,SoHo,40.72678,-74.00176,Entire home/apt,180,30,3,1,267,3
41612833,328102609,Bronx,Morris Park,40.85594,-73.83881,Private room,100,1,0,1,0,0
41456016,324004844,Queens,Flushing,40.76789,-73.82726,Entire home/apt,172,2,57,2,58,48
41456307,71009894,Brooklyn,Cypress Hills,40.67723,-73.89856,Entire home/apt,91,1,53,4,138,8
41456919,51501835,Manhattan,Hell's Kitchen,40.76685,-73.98983,Entire home/apt,125,30,3,109,18,0
41458624,288477095,Brooklyn,Williamsburg,40.71969,-73.94079,Entire home/apt,414,2,79,5,327,61
41459574,288477095,Brooklyn,Greenpoint,40.71949,-73.94052,Entire home/apt,1400,3,4,5,297,2
41462107,2897094,Bronx,Baychester,40.86871,-73.83454,Entire home/apt,200,30,0,1,0,0
41462717,2478763,Brooklyn,Williamsburg,40.71445,-73.9384,Private room,95,2,12,1,167,12
41466873,2034271,Manhattan,Upper East Side,40.78196,-73.95055,Private room,130,30,0,1,311,0
41318881,68894577,Manhattan,Upper West Side,40.80232,-73.96347,Private room,240,30,0,1,0,0
41472347,3136103,Brooklyn,Greenpoint,40.72929,-73.95756,Private room,115,5,7,3,139,7
41474950,211549023,Manhattan,Midtown,40.74608,-73.98852,Entire home/apt,260,2,53,16,296,28
41475250,211549023,Manhattan,Midtown,40.74797,-73.98876,Entire home/apt,240,2,11,16,287,5
41479095,153555756,Manhattan,East Harlem,40.79054,-73.94186,Entire home/apt,169,30,4,2,0,0
41319343,980101,Brooklyn,Bedford-Stuyvesant,40.68092,-73.92078,Entire home/apt,177,3,37,1,73,5
41614248,328114678,Staten Island,Tompkinsville,40.63205,-74.09133,Entire home/apt,122,3,99,1,295,54
41616614,328102314,Brooklyn,Bedford-Stuyvesant,40.6844,-73.93477,Entire home/apt,244,2,66,1,24,14
41617032,15196926,Brooklyn,Prospect-Lefferts Gardens,40.65709,-73.94877,Entire home/apt,179,3,57,1,183,30
41620668,300448271,Queens,Astoria,40.76525,-73.92647,Private room,80,1,165,4,292,79
41480537,273057459,Manhattan,East Village,40.7225,-73.97953,Entire home/apt,299,30,9,1,0,0
41485666,71009894,Brooklyn,Cypress Hills,40.67614,-73.90038,Entire home/apt,140,1,92,4,138,41
41490532,82889379,Bronx,Wakefield,40.89649,-73.85695,Private room,45,1,73,6,0,17
41492412,301792915,Brooklyn,Borough Park,40.6426,-73.99851,Entire home/apt,200,30,3,1,0,0
41625711,328312067,Brooklyn,Bushwick,40.69005,-73.91931,Private room,36,30,2,1,0,0
41634332,7241982,Manhattan,East Village,40.72865,-73.97782,Entire home/apt,350,10,2,1,157,2
41320665,28242204,Manhattan,Lower East Side,40.7234,-73.9904,Entire home/apt,175,30,3,1,0,0
41321694,7167968,Queens,Arverne,40.5943,-73.79492,Entire home/apt,200,3,39,1,344,17
41493321,326666759,Manhattan,Harlem,40.8032,-73.9522,Entire home/apt,450,30,1,1,0,0
41494796,52807146,Brooklyn,Sunset Park,40.63996,-74.02032,Entire home/apt,108,3,13,1,311,11
41321794,366557107,Brooklyn,Cypress Hills,40.68205,-73.89361,Entire home/apt,139,5,40,3,41,18
41634451,328405822,Staten Island,Mariners Harbor,40.63686,-74.1537,Entire home/apt,60,15,9,1,91,3
41494959,326205628,Manhattan,Harlem,40.81977,-73.95643,Private room,79,30,0,2,364,0
41636635,169413988,Queens,Elmhurst,40.74329,-73.89043,Private room,80,30,2,6,0,0
41322723,2091048,Brooklyn,Williamsburg,40.71135,-73.94946,Entire home/apt,298,4,21,1,97,14
41496244,318743673,Queens,Astoria,40.76346,-73.91785,Entire home/apt,150,2,71,1,89,41
41637801,281003986,Manhattan,Upper West Side,40.78538,-73.97074,Entire home/apt,120,30,6,1,208,4
41637835,248021206,Queens,Glendale,40.70439,-73.86589,Private room,50,30,3,4,0,0
41641376,248021206,Queens,Glendale,40.70631,-73.86421,Private room,60,30,0,4,0,0
41497420,326709817,Queens,Rosedale,40.66524,-73.73778,Entire home/apt,183,5,21,1,329,10
41499023,326725787,Queens,Long Island City,40.75542,-73.92047,Entire home/apt,132,4,116,4,266,52
41642747,314325074,Queens,Laurelton,40.67389,-73.75,Entire home/apt,80,4,47,2,340,23
41322811,251548891,Bronx,Parkchester,40.83555,-73.86655,Private room,70,30,0,1,0,0
41324037,273301089,Queens,Elmhurst,40.7339,-73.8883,Private room,120,30,10,2,0,0
41326373,76451380,Brooklyn,East Flatbush,40.64136,-73.94928,Private room,116,14,14,5,343,13
41499398,137605130,Manhattan,Chinatown,40.71642,-73.99836,Entire home/apt,129,1,71,1,154,53
41499645,53722078,Brooklyn,Williamsburg,40.71507,-73.95768,Entire home/apt,275,15,4,1,0,3
41502557,161768861,Manhattan,Hell's Kitchen,40.77186,-73.99311,Entire home/apt,140,30,0,1,0,0
41506185,162280872,Manhattan,Kips Bay,40.73929,-73.98178,Entire home/apt,160,30,4,98,347,2
41509036,297346772,Queens,Long Island City,40.76279,-73.92756,Entire home/apt,84,3,78,1,0,44
41509796,110062861,Manhattan,Harlem,40.81616,-73.94689,Entire home/apt,90,30,0,2,299,0
41527827,267735490,Queens,Arverne,40.5928,-73.79781,Entire home/apt,136,3,37,3,229,11
41529631,129772930,Brooklyn,Greenpoint,40.72749,-73.95069,Entire home/apt,1500,3,4,1,73,2
41326428,267681228,Manhattan,East Harlem,40.79861,-73.9436,Private room,150,30,0,1,0,0
41646887,328575368,Bronx,City Island,40.85726,-73.78951,Entire home/apt,120,3,41,1,355,29
41531671,321252889,Manhattan,Midtown,40.74815,-73.98892,Entire home/apt,299,1,75,5,108,43
41536763,12398671,Queens,Springfield Gardens,40.66036,-73.7563,Entire home/apt,195,3,12,1,348,7
41662321,251126565,Brooklyn,Prospect-Lefferts Gardens,40.658,-73.95406,Entire home/apt,100,30,3,1,0,0
41336130,324844778,Manhattan,Upper East Side,40.77644,-73.9539,Entire home/apt,135,30,2,1,0,0
41336712,2521127,Manhattan,Upper West Side,40.76862,-73.98513,Entire home/apt,995,30,1,2,335,1
41341561,22088164,Manhattan,East Harlem,40.80698,-73.941,Private room,167,3,14,2,49,13
41538377,56120055,Manhattan,Harlem,40.82697,-73.93944,Private room,90,2,54,2,86,46
41547677,3245431,Manhattan,NoHo,40.7253,-73.99395,Entire home/apt,275,30,9,2,99,4
41549233,4311270,Brooklyn,Greenpoint,40.73347,-73.95437,Entire home/apt,80,30,7,1,0,0
41552433,327337748,Manhattan,Upper East Side,40.774628,-73.964371,Entire home/apt,410,30,0,3,159,0
41343124,324906509,Brooklyn,Cypress Hills,40.68407,-73.87759,Private room,58,3,7,2,351,7
41343292,324906509,Brooklyn,Cypress Hills,40.68313,-73.87731,Private room,60,4,4,2,362,4
41348519,141746424,Bronx,Throgs Neck,40.81465,-73.81808,Private room,105,30,1,1,0,0
41663709,314027406,Manhattan,Chelsea,40.74159,-74.00029,Entire home/apt,449,2,99,1,186,47
41664099,229296368,Queens,Ozone Park,40.67723,-73.84103,Private room,39,30,5,1,0,0
41552434,3213737,Bronx,Pelham Gardens,40.85924,-73.8495,Private room,60,2,3,1,64,2
41665066,328778819,Brooklyn,Williamsburg,40.71783,-73.94463,Entire home/apt,325,3,4,1,64,4
41665877,157337532,Queens,College Point,40.77892,-73.84258,Entire home/apt,114,2,77,4,75,44
41348789,346356,Brooklyn,Fort Greene,40.68834,-73.97729,Entire home/apt,450,30,9,1,174,2
41558676,210242250,Brooklyn,Williamsburg,40.71286,-73.95799,Private room,60,30,0,1,0,0
41349499,2134465,Queens,Richmond Hill,40.70341,-73.82744,Entire home/apt,110,1,0,1,0,0
41666160,306361395,Manhattan,Chelsea,40.74994,-73.99831,Entire home/apt,265,30,1,1,123,0
41558910,27712875,Brooklyn,Bedford-Stuyvesant,40.68629,-73.93082,Entire home/apt,100,30,3,1,0,0
41666464,328804543,Manhattan,Hell's Kitchen,40.76434,-73.99464,Entire home/apt,799,30,8,1,5,0
41666895,48805583,Manhattan,SoHo,40.72052,-73.99802,Entire home/apt,75,3,29,1,0,0
41350522,62533391,Brooklyn,Borough Park,40.63545,-74.00564,Private room,98,30,2,3,0,0
41352166,110062117,Brooklyn,Bedford-Stuyvesant,40.67947,-73.94293,Entire home/apt,255,3,28,1,259,26
41559646,327409561,Queens,Flushing,40.76324,-73.82956,Private room,59,30,13,4,271,2
41668296,138994918,Manhattan,East Harlem,40.80546,-73.94036,Private room,53,30,0,2,0,0
41668852,157337532,Queens,College Point,40.77888,-73.84474,Entire home/apt,128,2,25,4,81,12
41670137,169413988,Queens,Elmhurst,40.74178,-73.89023,Private room,35,30,7,6,0,0
41670159,350773,Manhattan,East Village,40.72762,-73.98941,Private room,79,5,6,1,46,3
41670313,169413988,Queens,Elmhurst,40.74134,-73.88844,Private room,30,30,4,6,0,0
41682580,327409561,Queens,Flushing,40.76538,-73.83054,Private room,79,30,8,4,265,1
41563296,327474404,Manhattan,Washington Heights,40.84704,-73.93503,Entire home/apt,700,30,0,1,0,0
41564056,61391963,Manhattan,Kips Bay,40.74447,-73.97961,Entire home/apt,142,30,1,116,190,0
41564625,327501398,Queens,East Elmhurst,40.76448,-73.86508,Entire home/apt,95,3,105,1,18,56
41565203,90144524,Queens,Flushing,40.76558,-73.83058,Private room,69,30,11,1,311,2
41352511,325084969,Bronx,Tremont,40.8436,-73.89071,Private room,170,30,0,1,0,0
41567004,296605957,Queens,Bayside,40.760452,-73.76606,Private room,171,1,1,24,116,0
41567418,296605957,Queens,Bayside,40.760452,-73.76606,Private room,171,1,0,24,116,0
41567868,296605957,Queens,Bayside,40.760452,-73.76606,Private room,171,1,0,24,116,0
41749993,1273081,Brooklyn,Williamsburg,40.71801,-73.95482,Entire home/apt,275,5,0,1,62,0
41752911,52831325,Brooklyn,Williamsburg,40.70804,-73.95672,Private room,52,1,13,1,0,0
41353712,322739195,Brooklyn,Bedford-Stuyvesant,40.68963,-73.93174,Entire home/apt,113,3,95,1,16,42
41686149,326153230,Brooklyn,Williamsburg,40.71295,-73.95542,Entire home/apt,790,2,4,1,325,4
41689315,57064846,Brooklyn,Fort Greene,40.69652,-73.97125,Entire home/apt,185,30,26,3,171,5
41690071,8654456,Brooklyn,Sunset Park,40.64876,-74.00597,Entire home/apt,155,2,66,1,6,27
41690158,300448271,Queens,Astoria,40.76701,-73.92632,Private room,80,1,137,4,315,63
41691667,92610445,Brooklyn,East New York,40.66852,-73.87476,Private room,120,1,5,1,365,5
41691772,183239892,Brooklyn,East Flatbush,40.66166,-73.92155,Private room,49,4,25,2,37,16
41692454,302423456,Queens,Jamaica,40.67129,-73.77873,Private room,64,1,114,3,349,62
41753654,18474702,Bronx,Kingsbridge,40.88395,-73.89777,Entire home/apt,98,2,82,1,98,41
41762302,329916089,Brooklyn,Brighton Beach,40.57557,-73.95533,Entire home/apt,150,30,0,1,94,0
41693525,282409256,Brooklyn,Bay Ridge,40.62415,-74.03303,Private room,55,30,0,1,0,0
41353833,6707708,Manhattan,Chelsea,40.74179,-74.00401,Entire home/apt,159,12,10,1,94,7
41354840,71864149,Manhattan,Hell's Kitchen,40.7600133523402,-73.98961729897604,Shared room,140,1,10,2,6,9
41365538,176950173,Manhattan,Midtown,40.76526,-73.9767,Entire home/apt,858,7,1,14,353,0
41367371,248880851,Brooklyn,Williamsburg,40.71293,-73.96533,Private room,135,2,17,2,1,17
41369046,176950173,Manhattan,Midtown,40.7653,-73.97642,Entire home/apt,571,7,3,14,359,0
41764922,329941458,Brooklyn,Gowanus,40.67675,-73.98409,Entire home/apt,570,4,59,3,211,26
41370571,325264952,Queens,Maspeth,40.71636,-73.90347,Private room,100,7,0,2,0,0
41370965,288246707,Brooklyn,Bedford-Stuyvesant,40.69087,-73.9247,Private room,45,4,1,2,0,1
41371194,176950173,Manhattan,Midtown,40.76337,-73.97508,Entire home/apt,819,7,1,14,0,1
41371860,325269068,Bronx,Wakefield,40.90215,-73.84649,Private room,54,14,2,1,340,2
41693557,26249208,Manhattan,Upper East Side,40.77951,-73.94831,Entire home/apt,1000,30,1,1,44,0
41709744,57064846,Brooklyn,Fort Greene,40.69731,-73.97144,Entire home/apt,185,30,20,3,133,3
41710457,329320254,Brooklyn,Bedford-Stuyvesant,40.68944,-73.94402,Entire home/apt,172,2,86,1,311,38
41710729,6609228,Manhattan,East Harlem,40.78643,-73.94858,Entire home/apt,168,59,1,1,0,0
41767375,210518607,Brooklyn,Bedford-Stuyvesant,40.68554,-73.92618,Private room,29,90,2,1,0,0
41712212,326064814,Brooklyn,Crown Heights,40.67742,-73.9468,Entire home/apt,199,2,41,1,150,30
41715665,92856848,Manhattan,SoHo,40.72439,-74.00446,Entire home/apt,120,30,0,1,0,0
41718756,174215541,Brooklyn,Williamsburg,40.70956,-73.94896,Private room,42,30,3,1,0,0
41372828,180267038,Brooklyn,Prospect Heights,40.68051,-73.96709,Entire home/apt,125,30,6,1,0,0
41373193,176950173,Manhattan,Midtown,40.76436,-73.97562,Entire home/apt,1764,7,0,14,92,0
41373717,296460893,Manhattan,Midtown,40.7639,-73.98376,Entire home/apt,399,30,1,1,0,0
41373989,325297928,Queens,East Elmhurst,40.75918,-73.87907,Private room,45,30,2,1,0,1
41767810,329966232,Manhattan,Hell's Kitchen,40.75943,-73.99629,Entire home/apt,160,30,1,1,0,0
41944642,331905106,Queens,Astoria,40.75726,-73.91835,Private room,700,30,0,1,0,0
41952215,14456700,Brooklyn,Williamsburg,40.71584,-73.9588,Private room,60,30,1,2,0,0
41719216,329426487,Manhattan,Upper West Side,40.79633,-73.96262,Entire home/apt,85,30,2,1,0,0
41720005,10981634,Brooklyn,Prospect Heights,40.67409,-73.96691,Private room,55,30,0,1,16,0
41720411,154984900,Queens,Woodside,40.74515,-73.89434,Private room,62,30,2,1,0,0
41720653,285481439,Manhattan,SoHo,40.72174,-74.0041,Entire home/apt,1600,30,4,3,0,0
41721779,269045976,Brooklyn,Crown Heights,40.67558,-73.92374,Private room,60,3,16,5,39,16
41722400,33053740,Brooklyn,Williamsburg,40.71154,-73.95816,Private room,61,30,0,2,0,0
41725492,295596237,Brooklyn,East New York,40.66749,-73.8836,Entire home/apt,229,2,27,2,108,4
41769297,32789287,Manhattan,Harlem,40.82745,-73.94783,Private room,100,31,6,1,95,0
41770189,324684959,Manhattan,Harlem,40.81743,-73.94215,Private room,75,30,1,1,0,0
41726620,204092320,Manhattan,Inwood,40.867123,-73.927231,Entire home/apt,141,6,31,2,39,14
41733738,329582733,Brooklyn,Bergen Beach,40.62806,-73.91445,Entire home/apt,155,1,127,1,362,26
41952713,331991635,Brooklyn,Bedford-Stuyvesant,40.68364,-73.94186,Private room,120,3,0,1,243,0
41953191,15823815,Queens,Forest Hills,40.71878,-73.8425,Private room,120,30,0,1,0,0
41955235,302205591,Brooklyn,Cypress Hills,40.68467,-73.88249,Private room,65,2,1,2,0,0
41956902,48005494,Manhattan,Midtown,40.76132,-73.96908,Entire home/apt,367,30,3,38,287,1
41959247,277413518,Brooklyn,Bedford-Stuyvesant,40.67777,-73.9196,Entire home/apt,239,1,45,3,144,18
41959506,277413518,Brooklyn,Bedford-Stuyvesant,40.67818,-73.91835,Entire home/apt,483,1,31,3,136,19
41770339,9052422,Brooklyn,Williamsburg,40.70811,-73.94474,Entire home/apt,80,30,10,1,39,6
41959882,332058136,Brooklyn,Bedford-Stuyvesant,40.68294,-73.9159,Entire home/apt,174,2,54,1,27,39
41962326,332126165,Queens,College Point,40.78707,-73.84912,Private room,73,2,91,1,71,57
41771957,30532557,Brooklyn,Bedford-Stuyvesant,40.68896,-73.92877,Private room,41,30,2,26,241,1
41772235,201833647,Brooklyn,Park Slope,40.67412,-73.98076,Entire home/apt,395,4,55,1,287,39
41962719,208796706,Queens,Corona,40.73739,-73.86143,Private room,60,30,1,1,0,0
41739955,60084155,Queens,Long Island City,40.75385,-73.92912,Entire home/apt,105,30,1,1,0,0
41742714,1181908,Brooklyn,Park Slope,40.67739,-73.97324,Private room,104,3,20,2,21,20
41775678,285042037,Manhattan,Chelsea,40.7452,-74.00125,Entire home/apt,90,30,0,1,0,0
41742930,130136946,Manhattan,Harlem,40.82954,-73.94108,Entire home/apt,70,30,1,1,0,0
41964148,332191967,Queens,Richmond Hill,40.69541,-73.84731,Entire home/apt,135,2,14,2,80,9
41964371,332191967,Queens,Richmond Hill,40.6976,-73.84717,Entire home/apt,139,2,30,2,80,19
41776263,33068490,Brooklyn,Williamsburg,40.71684,-73.94053,Entire home/apt,500,7,1,1,355,1
41783575,144687306,Brooklyn,Prospect-Lefferts Gardens,40.65614,-73.95171,Private room,50,1,3,5,0,0
41786442,330157466,Brooklyn,Bedford-Stuyvesant,40.69169,-73.95744,Entire home/apt,213,4,23,1,113,20
41972453,332259898,Brooklyn,Bedford-Stuyvesant,40.69269,-73.95641,Entire home/apt,52,30,2,1,0,0
41746645,14973101,Brooklyn,Williamsburg,40.71367,-73.93825,Entire home/apt,158,1,22,1,19,3
41746849,49725054,Queens,Jamaica,40.69509,-73.81158,Private room,66,30,4,3,0,1
41789758,23772724,Manhattan,Upper East Side,40.78311,-73.94711,Entire home/apt,250,30,6,58,270,2
41790722,295596237,Brooklyn,East New York,40.6682,-73.88527,Entire home/apt,214,30,28,2,295,0
41793009,184859394,Manhattan,East Harlem,40.79442,-73.94127,Entire home/apt,180,30,0,1,0,0
41798673,209921907,Brooklyn,Crown Heights,40.670181,-73.927567,Entire home/apt,108,3,30,2,63,21
41799247,330259130,Manhattan,Harlem,40.80237,-73.94978,Private room,75,30,1,1,0,0
41747413,31719788,Brooklyn,Bushwick,40.69849,-73.92999,Private room,81,3,18,1,156,17
41973806,332269295,Brooklyn,East Flatbush,40.64124,-73.94671,Entire home/apt,135,2,1,1,0,0
41799372,330257584,Manhattan,West Village,40.73912,-74.00113,Entire home/apt,375,3,42,1,134,19
41974087,255476834,Brooklyn,Brownsville,40.67559,-73.90799,Entire home/apt,450,2,9,3,335,9
41976399,284286042,Queens,Astoria,40.768887,-73.933014,Private room,72,3,26,2,188,19
41978193,144687306,Brooklyn,Flatbush,40.65478,-73.95425,Private room,45,2,0,5,0,0
41980825,48005494,Manhattan,Midtown,40.76135,-73.96952,Entire home/apt,320,30,4,38,254,1
41983250,728097,Brooklyn,Prospect-Lefferts Gardens,40.66109,-73.96129,Entire home/apt,140,5,2,1,50,2
41984853,45677054,Brooklyn,Bedford-Stuyvesant,40.68017,-73.91665,Entire home/apt,435,2,36,2,285,27
41749492,214596396,Manhattan,Upper East Side,40.77129,-73.95342,Entire home/apt,120,30,10,1,64,1
42094258,23822553,Manhattan,Harlem,40.80866,-73.95562,Private room,100,2,36,4,62,22
41802649,34238426,Brooklyn,Clinton Hill,40.68305,-73.96615,Private room,55,30,9,1,0,0
42094751,333828322,Brooklyn,Crown Heights,40.67333,-73.96272,Entire home/apt,165,30,3,1,0,0
41993997,332593300,Queens,Long Island City,40.74671,-73.95102,Entire home/apt,850,30,0,1,0,0
41803993,284354626,Queens,Jackson Heights,40.75413,-73.86037,Private room,43,30,4,1,0,0
41996522,332290375,Bronx,Longwood,40.82155,-73.89805,Private room,130,30,0,1,0,0
41997438,107434423,Manhattan,Chelsea,40.753011,-73.995934,Entire home/apt,365,31,0,453,0,0
41997469,107434423,Manhattan,Chelsea,40.753011,-73.995934,Entire home/apt,399,31,1,453,277,0
41997496,107434423,Manhattan,Midtown,40.7552873,-73.9678204,Entire home/apt,621,31,0,453,100,0
41997533,107434423,Manhattan,Financial District,40.70849320000001,-74.006492,Entire home/apt,319,31,0,453,248,0
42096534,333713350,Brooklyn,Canarsie,40.63765,-73.91073,Private room,100,30,0,1,0,0
41808573,36749100,Brooklyn,Greenpoint,40.71944,-73.94971,Private room,275,2,0,2,0,0
41811144,268194413,Brooklyn,Prospect-Lefferts Gardens,40.66378,-73.95267,Entire home/apt,100,30,13,1,284,4
41998444,332637994,Bronx,Concourse,40.82573,-73.9252,Private room,90,1,1,1,0,0
41818659,2822805,Brooklyn,Bedford-Stuyvesant,40.68613,-73.95123,Private room,78,30,6,10,341,2
41823106,222987131,Queens,Jamaica,40.68457,-73.78063,Private room,45,45,0,1,0,0
41999241,332644295,Bronx,Wakefield,40.89044,-73.85592,Private room,63,7,67,4,85,10
41999901,6059621,Manhattan,Midtown,40.75341,-73.9687,Private room,125,30,0,3,0,0
42001164,154385604,Manhattan,Midtown,40.7526,-73.99308,Entire home/apt,199,5,20,4,21,10
42002119,255526462,Brooklyn,Bedford-Stuyvesant,40.67886,-73.94771,Private room,40,14,2,4,0,0
42096541,333870992,Brooklyn,Canarsie,40.63751,-73.91044,Shared room,100,30,0,1,0,0
42097281,49177258,Brooklyn,Bedford-Stuyvesant,40.68018,-73.92734,Entire home/apt,360,2,21,1,359,18
42098453,23267477,Queens,Flushing,40.766811,-73.828285,Entire home/apt,149,2,34,1,41,28
42098504,306295899,Manhattan,Chelsea,40.74585,-73.99151,Shared room,73,3,36,9,300,31
42099788,332644295,Bronx,Wakefield,40.89014,-73.85801,Private room,83,7,47,4,85,14
42099961,332644295,Bronx,Wakefield,40.88986,-73.85775,Private room,73,7,46,4,85,14
41827333,330366896,Manhattan,Upper West Side,40.79519,-73.96825,Entire home/apt,195,365,6,3,92,1
42100414,159494837,Queens,Far Rockaway,40.59894,-73.75657,Private room,78,1,25,1,249,6
42002291,75547780,Queens,Briarwood,40.70909,-73.8147,Entire home/apt,186,1,135,1,74,46
41832277,330366896,Manhattan,Upper West Side,40.79396,-73.96665,Entire home/apt,280,365,3,3,0,1
41832407,294947030,Queens,Howard Beach,40.66598,-73.85381,Private room,37,1,3,2,0,0
42100726,333913247,Manhattan,Battery Park City,40.71082,-74.01562,Entire home/apt,116,30,0,1,0,0
41836700,166920306,Queens,Richmond Hill,40.69664,-73.83874,Private room,120,30,0,2,0,0
41838215,24709527,Manhattan,Chelsea,40.74858,-73.99569,Entire home/apt,151,30,2,1,0,0
42002364,172311922,Queens,Woodside,40.74761,-73.90005,Private room,49,30,1,1,0,0
42002958,255526462,Brooklyn,Crown Heights,40.67673,-73.94722,Private room,27,14,3,4,0,0
41840320,3777978,Manhattan,Harlem,40.82404,-73.946,Private room,114,2,27,5,45,21
41840700,2423061,Brooklyn,Crown Heights,40.67974,-73.96149,Entire home/apt,270,150,1,1,228,0
41841726,330729840,Brooklyn,Bushwick,40.69906,-73.91932,Entire home/apt,135,30,0,1,0,0
41848350,23502626,Brooklyn,Vinegar Hill,40.70228,-73.98134,Private room,75,30,4,1,191,3
41852184,6200411,Manhattan,Greenwich Village,40.73362,-73.99435,Entire home/apt,125,30,0,1,0,0
42005015,13968825,Manhattan,Hell's Kitchen,40.76303,-73.98875,Private room,69,30,4,2,0,0
42005309,71864149,Manhattan,Hell's Kitchen,40.76081,-73.9886,Entire home/apt,171,30,3,2,350,2
42006106,169413988,Queens,Elmhurst,40.74176,-73.89036,Entire home/apt,100,30,4,6,0,0
42006235,13968825,Manhattan,Hell's Kitchen,40.76196,-73.98885,Private room,65,30,4,2,0,0
42012197,211549023,Manhattan,Midtown,40.7476,-73.98666,Entire home/apt,413,2,45,16,298,24
42015560,61391963,Manhattan,Kips Bay,40.74039,-73.98025,Entire home/apt,217,30,5,116,259,1
41854595,49725054,Queens,Jamaica,40.69456,-73.81007,Private room,75,31,2,3,0,0
41857370,330894543,Queens,Jackson Heights,40.75183,-73.88318,Private room,40,30,1,1,0,0
42101442,88221919,Brooklyn,Bushwick,40.70069,-73.91697,Private room,60,30,0,1,0,0
42106453,137358866,Queens,Woodside,40.74468,-73.90795,Private room,111,30,6,111,311,2
42108441,143979755,Bronx,Pelham Gardens,40.86272,-73.84563,Entire home/apt,75,1,9,2,125,0
42108730,1849974,Manhattan,Harlem,40.81808613657467,-73.94350369704232,Private room,125,30,0,2,6,0
41861321,31241183,Manhattan,Washington Heights,40.83899,-73.94101,Private room,65,30,0,3,307,0
41862437,331034050,Brooklyn,Borough Park,40.62798,-74.00247,Private room,75,30,0,1,0,0
42109614,334001488,Manhattan,Kips Bay,40.74547,-73.97805,Entire home/apt,135,30,0,1,0,0
42110436,326205628,Manhattan,Harlem,40.82055,-73.95465,Private room,80,30,3,2,364,0
42112694,163362268,Manhattan,Gramercy,40.73383,-73.98502,Private room,59,30,1,6,341,1
42113651,120343382,Manhattan,Harlem,40.8024,-73.94819,Entire home/apt,200,30,1,1,0,0
42015995,255845850,Queens,Sunnyside,40.73606,-73.91926,Entire home/apt,103,3,4,2,250,4
42016973,20196756,Manhattan,Hell's Kitchen,40.76036,-73.99942,Entire home/apt,350,5,2,1,2,1
41867299,23772724,Manhattan,Upper East Side,40.78141,-73.94656,Entire home/apt,116,30,4,58,342,3
41871626,331107830,Queens,Jackson Heights,40.7479,-73.88179,Entire home/apt,95,3,1,1,0,0
42017846,129864892,Manhattan,Harlem,40.80503,-73.95005,Entire home/apt,180,90,0,1,0,0
42018495,2648341,Manhattan,Greenwich Village,40.736,-73.99719,Entire home/apt,263,2,115,1,121,61
42020878,106317729,Manhattan,Upper East Side,40.77517,-73.9456,Entire home/apt,285,2,44,1,70,40
42115659,334009535,Queens,Astoria,40.76825,-73.91971,Private room,101,30,1,1,0,0
41872097,237240617,Brooklyn,Prospect Heights,40.67369,-73.96532,Entire home/apt,200,1,0,1,0,0
42115999,183272436,Manhattan,Harlem,40.82773,-73.94484,Private room,50,30,0,1,0,0
42022194,69781074,Brooklyn,Williamsburg,40.70604,-73.94277,Private room,45,30,1,1,0,0
41880997,73098313,Bronx,Highbridge,40.84106,-73.92465,Private room,60,4,5,3,0,3
42120317,256748856,Brooklyn,Bedford-Stuyvesant,40.68972,-73.93183,Private room,35,30,1,1,0,0
41882330,331185230,Manhattan,Upper East Side,40.77392,-73.95222,Entire home/apt,279,7,4,10,314,1
42022514,216994736,Queens,Jamaica,40.69861,-73.80897,Private room,75,30,0,1,0,0
41886368,329342616,Brooklyn,Crown Heights,40.67449,-73.9126,Private room,86,1,10,1,364,0
42022710,327105042,Brooklyn,Bedford-Stuyvesant,40.69218,-73.94836,Private room,51,30,1,1,0,0
42128082,281692056,Bronx,Concourse Village,40.83442,-73.91494,Private room,60,30,2,1,0,0
42132039,247463087,Manhattan,East Village,40.72436,-73.98241,Entire home/apt,550,30,2,1,0,0
41887235,162021586,Queens,Elmhurst,40.74851,-73.87498,Private room,70,3,55,3,306,22
42133129,4136824,Brooklyn,Kensington,40.64299,-73.98101,Private room,34,1,5,1,0,0
42022909,16050180,Manhattan,East Harlem,40.79705,-73.93374,Private room,160,2,5,1,31,3
41887622,187887120,Queens,Laurelton,40.66816,-73.74901,Entire home/apt,48,14,0,1,0,0
42023090,333026020,Queens,Ridgewood,40.70136,-73.90122,Entire home/apt,150,3,17,1,134,14
42023288,1356573,Manhattan,Inwood,40.86116,-73.93006,Entire home/apt,165,30,1,1,89,1
42024631,14076492,Manhattan,Upper West Side,40.79884,-73.96932,Private room,70,30,0,2,0,0
42134520,334297178,Manhattan,East Village,40.72606,-73.98622,Entire home/apt,400,30,0,1,0,0
41888195,330408656,Manhattan,Financial District,40.70377,-74.00835,Entire home/apt,185,30,5,5,336,3
41889774,327409561,Queens,Flushing,40.76537,-73.83054,Private room,120,30,0,4,342,0
41890621,223426581,Manhattan,Chelsea,40.74531,-74.00512,Entire home/apt,399,2,15,2,10,15
41893558,154741428,Manhattan,Harlem,40.82188,-73.95719,Entire home/apt,469,30,1,1,365,0
42137211,41834661,Manhattan,Kips Bay,40.73938,-73.98387,Entire home/apt,250,30,3,1,156,2
42137790,326036796,Queens,Kew Gardens Hills,40.72708,-73.829,Entire home/apt,120,7,2,1,164,2
42024759,228420131,Brooklyn,Windsor Terrace,40.65958,-73.98441,Entire home/apt,125,7,9,1,0,7
41895103,23772724,Manhattan,Upper East Side,40.78117,-73.94656,Entire home/apt,275,30,2,58,99,1
41899401,275996876,Brooklyn,Bay Ridge,40.62566,-74.01968,Shared room,55,30,1,3,0,0
41899583,5214644,Bronx,City Island,40.85477,-73.78871,Entire home/apt,110,30,0,2,1,0
41900007,29358602,Manhattan,Harlem,40.80746,-73.94989,Entire home/apt,180,1,163,4,248,68
41907518,45440805,Brooklyn,Bedford-Stuyvesant,40.69213,-73.93788,Private room,39,2,5,1,0,0
42030455,333057838,Brooklyn,Flatlands,40.63273,-73.92165,Entire home/apt,495,1,11,9,365,3
42033943,192383231,Bronx,Melrose,40.82048,-73.91592,Private room,44,30,1,2,0,0
41908637,27107891,Brooklyn,Williamsburg,40.71445,-73.95581,Private room,150,30,3,1,180,2
42141925,334383362,Brooklyn,Bedford-Stuyvesant,40.69398,-73.93283,Shared room,40,90,3,4,267,1
41908671,72110132,Brooklyn,Williamsburg,40.71881,-73.96339,Entire home/apt,200,30,2,1,0,0
42142538,4270399,Brooklyn,Fort Greene,40.69228,-73.97265,Entire home/apt,250,2,5,1,8,5
42034456,97824215,Manhattan,Midtown,40.76601,-73.98181,Private room,430,4,0,1,0,0
41909354,231727934,Manhattan,Hell's Kitchen,40.75698,-73.99425,Entire home/apt,161,10,2,3,312,0
41909568,331402258,Brooklyn,Flatbush,40.64652,-73.95631,Entire home/apt,207,3,7,1,344,1
42038789,144485210,Brooklyn,Canarsie,40.63599,-73.89892,Private room,50,30,0,1,0,0
42149370,319622263,Brooklyn,Kensington,40.64371,-73.9866,Private room,40,1,2,2,0,0
42151482,44152990,Brooklyn,Greenpoint,40.73448,-73.95943,Entire home/apt,140,7,4,2,0,0
42151717,33472611,Brooklyn,Clinton Hill,40.68759,-73.96062,Entire home/apt,123,30,0,1,0,0
41914819,3751841,Manhattan,Midtown,40.75544,-73.96321,Entire home/apt,165,30,3,1,155,2
41915323,17530762,Brooklyn,Williamsburg,40.70727,-73.95185,Entire home/apt,200,5,2,1,0,2
42153254,334495442,Brooklyn,Bushwick,40.68842,-73.91431,Private room,102,1,115,2,64,77
42153536,293871619,Manhattan,Lower East Side,40.71855,-73.98755,Private room,119,3,60,1,238,19
42040158,153624920,Queens,Forest Hills,40.72536,-73.85088,Private room,50,30,0,1,0,0
41915430,42121413,Brooklyn,East Flatbush,40.6438,-73.94973,Entire home/apt,200,28,19,1,111,12
42043698,117661879,Manhattan,Midtown,40.76344,-73.97842,Entire home/apt,170,10,11,1,3,1
42045073,22003269,Manhattan,Hell's Kitchen,40.76131,-73.99148,Private room,120,1,1,2,0,0
42046105,14719992,Brooklyn,Cypress Hills,40.67872,-73.89037,Private room,22,30,1,4,0,0
42154630,334500807,Brooklyn,Bedford-Stuyvesant,40.68386,-73.95246,Entire home/apt,182,2,68,1,288,40
42155009,122696032,Queens,Ridgewood,40.69629,-73.90328,Entire home/apt,265,7,10,1,169,6
41921432,45845050,Queens,Jackson Heights,40.75021,-73.88902,Private room,80,5,0,2,64,0
41922570,137358866,Queens,Woodside,40.74674,-73.90877,Private room,119,30,3,111,218,2
41928437,3020145,Manhattan,SoHo,40.72521,-74.00275,Private room,129,3,2,2,0,2
41929962,331603166,Manhattan,East Harlem,40.79723,-73.94842,Private room,116,1,7,2,63,1
42156206,17380286,Manhattan,Greenwich Village,40.72823,-74.0013,Entire home/apt,200,5,1,1,0,0
42156533,325646128,Bronx,Kingsbridge,40.87979,-73.9056,Private room,63,30,0,1,0,0
42156706,234351695,Manhattan,Murray Hill,40.74484,-73.97311,Entire home/apt,150,30,0,1,0,0
42156917,322305644,Brooklyn,Bedford-Stuyvesant,40.68299,-73.91392,Shared room,40,2,17,5,310,10
42157672,334567920,Queens,Howard Beach,40.66296,-73.83533,Entire home/apt,132,2,6,1,29,5
42158612,334592074,Brooklyn,Flatbush,40.64118,-73.95231,Private room,60,2,19,2,53,11
42159545,26924376,Queens,Ozone Park,40.68435,-73.85178,Entire home/apt,185,4,11,1,351,5
42160136,334611519,Queens,Elmhurst,40.73812,-73.88313,Entire home/apt,144,1,111,14,290,64
42047050,333263893,Manhattan,Washington Heights,40.83822,-73.94418,Private room,55,30,0,1,0,0
42049377,55979182,Brooklyn,Bensonhurst,40.61611,-74.00476,Shared room,50,30,0,1,0,0
42049436,333012251,Brooklyn,East New York,40.67641,-73.8824,Entire home/apt,184,15,13,1,313,9
42054081,183375401,Queens,Howard Beach,40.66613,-73.85371,Private room,140,30,0,1,0,0
42058731,11866840,Brooklyn,Williamsburg,40.71638,-73.94137,Private room,62,14,23,2,116,8
41930976,331603166,Manhattan,East Harlem,40.79728,-73.94868,Private room,106,1,43,2,56,28
41931081,244734699,Brooklyn,Williamsburg,40.71038,-73.95172,Private room,150,6,3,1,265,2
42060310,275322789,Brooklyn,Bedford-Stuyvesant,40.69338,-73.93776,Private room,110,30,0,1,0,0
42160230,110240064,Staten Island,New Brighton,40.638,-74.08768,Entire home/apt,1200,30,0,1,90,0
41933554,49481890,Manhattan,Washington Heights,40.83741,-73.94554,Private room,69,5,51,3,67,34
41934934,36793116,Manhattan,Midtown,40.76493,-73.97814,Entire home/apt,210,30,4,5,294,2
41936946,67666629,Brooklyn,Brownsville,40.65703,-73.9114,Entire home/apt,300,30,0,1,0,0
41938628,296605957,Queens,Bayside,40.760452,-73.76606,Private room,171,1,0,24,116,0
41938821,296605957,Queens,Bayside,40.760452,-73.76606,Private room,171,1,0,24,116,0
41938947,296605957,Queens,Bayside,40.760452,-73.76606,Private room,174,1,0,24,115,0
41939017,296605957,Queens,Bayside,40.760452,-73.76606,Private room,174,1,0,24,115,0
41939842,331591329,Manhattan,Hell's Kitchen,40.75999,-73.99538,Entire home/apt,185,30,3,3,0,0
42064801,333405407,Manhattan,Harlem,40.82213,-73.9441,Private room,33,30,0,1,0,0
41940305,172894027,Manhattan,Harlem,40.82208,-73.93799,Entire home/apt,176,3,52,1,137,43
42169326,47924569,Brooklyn,East Flatbush,40.64809,-73.93217,Entire home/apt,111,5,20,1,321,13
42174032,162021586,Queens,Elmhurst,40.74829,-73.87492,Private room,70,3,58,3,129,27
41940404,331591329,Manhattan,Hell's Kitchen,40.75948,-73.99509,Entire home/apt,280,30,0,3,0,0
41940501,331846889,Manhattan,Harlem,40.82818,-73.94152,Private room,85,3,11,1,322,9
42174432,1096771,Manhattan,East Village,40.72655,-73.98164,Entire home/apt,300,3,1,1,143,1
41940576,331591329,Manhattan,Hell's Kitchen,40.76076,-73.99511,Entire home/apt,185,30,2,3,0,0
42265116,335801810,Manhattan,East Harlem,40.7984,-73.94013,Entire home/apt,88,5,0,1,0,0
42176500,334767186,Brooklyn,East Flatbush,40.64897,-73.91725,Entire home/apt,108,30,0,1,0,0
42180416,123977712,Brooklyn,Williamsburg,40.70712,-73.92777,Private room,49,30,0,2,0,0
42180684,34060722,Manhattan,Upper East Side,40.7691,-73.94854,Entire home/apt,125,30,0,1,0,0
42182167,294428595,Brooklyn,Sunset Park,40.64542,-74.00641,Private room,70,1,43,7,344,28
42182416,294428595,Brooklyn,Sunset Park,40.64329,-74.00626,Private room,70,1,24,7,348,13
42182460,294428595,Brooklyn,Sunset Park,40.64494,-74.00678,Private room,50,1,57,7,332,40
42194646,26877037,Brooklyn,Sheepshead Bay,40.60035,-73.95979,Entire home/apt,135,30,0,4,270,0
42195148,162280872,Manhattan,Kips Bay,40.73903,-73.98068,Entire home/apt,175,30,4,98,290,2
42195727,169413988,Queens,Elmhurst,40.74193,-73.88844,Private room,40,30,4,6,0,0
42196666,3447539,Manhattan,Washington Heights,40.85034,-73.93761,Private room,69,30,4,2,280,3
42265787,172208473,Manhattan,Harlem,40.80111,-73.95658,Private room,550,30,0,1,147,0
42198552,66099031,Manhattan,West Village,40.73339,-74.00146,Entire home/apt,1242,5,83,1,321,46
42273545,2979971,Brooklyn,Prospect-Lefferts Gardens,40.66007,-73.95372,Private room,45,30,5,2,279,4
42274209,23772724,Manhattan,Upper East Side,40.7749,-73.95336,Entire home/apt,150,30,3,58,259,2
42274546,321182575,Manhattan,Harlem,40.82649,-73.94434,Entire home/apt,175,30,1,1,0,0
42198593,291554896,Brooklyn,Greenpoint,40.72509,-73.95321,Private room,95,4,10,1,300,4
42202440,334591997,Manhattan,Hell's Kitchen,40.75374,-73.9926,Entire home/apt,400,30,4,2,0,0
42203409,335126650,Queens,Astoria,40.77263,-73.9266,Entire home/apt,111,1,78,1,307,41
42205519,50768537,Manhattan,Upper West Side,40.77125,-73.98118,Private room,290,30,0,1,0,0
42205919,18825679,Brooklyn,Williamsburg,40.71352,-73.94707,Entire home/apt,135,3,2,1,0,0
42206628,24714733,Manhattan,Stuyvesant Town,40.72988,-73.97535,Private room,59,30,2,1,0,0
42067285,113295877,Staten Island,New Brighton,40.63651,-74.08917,Private room,56,3,24,3,327,10
42072428,162280872,Manhattan,Upper East Side,40.77519,-73.94801,Entire home/apt,145,30,4,98,321,1
42073495,94426860,Manhattan,Midtown,40.7481,-73.98725,Private room,100,30,1,1,0,0
42274866,43825948,Manhattan,Inwood,40.8691,-73.92575,Entire home/apt,105,9,10,1,98,1
42275019,143767350,Queens,Bellerose,40.72762,-73.72408,Private room,70,30,0,1,0,0
42207141,319061072,Brooklyn,Bushwick,40.69745,-73.92809,Entire home/apt,210,30,3,8,236,1
42207528,169413988,Queens,Elmhurst,40.74331,-73.88896,Entire home/apt,100,30,2,6,0,0
42215206,193216321,Brooklyn,Bushwick,40.69187,-73.9142,Entire home/apt,275,2,20,1,112,20
42215473,146741271,Bronx,University Heights,40.85569,-73.90818,Private room,95,30,1,1,0,0
42220001,291026998,Brooklyn,Sheepshead Bay,40.60035,-73.95957,Entire home/apt,135,30,0,4,179,0
42220146,291026998,Brooklyn,Sheepshead Bay,40.60026,-73.95793,Private room,99,30,0,4,179,0
42220178,224889039,Bronx,Fordham,40.85988,-73.90284,Private room,38,2,2,1,0,0
42223418,313653397,Manhattan,Kips Bay,40.74344,-73.98012,Private room,110,30,1,1,0,0
42223726,223374565,Manhattan,Midtown,40.74301,-73.98476,Entire home/apt,259,30,0,4,356,0
42227393,2130954,Manhattan,Upper East Side,40.78252,-73.95747,Entire home/apt,125,31,0,1,0,0
42076501,246481831,Queens,Ozone Park,40.6822,-73.83824,Entire home/apt,139,2,38,1,11,11
42082740,113723310,Manhattan,Upper East Side,40.78569,-73.95084,Entire home/apt,345,30,3,60,342,2
42083453,70672205,Brooklyn,Canarsie,40.63928,-73.91131,Entire home/apt,153,2,21,1,166,21
42282238,286632901,Queens,Jamaica,40.68052,-73.76537,Entire home/apt,89,2,37,1,341,24
42231473,91806581,Manhattan,Kips Bay,40.74305,-73.97175,Entire home/apt,395,35,0,12,365,0
42233148,125076766,Brooklyn,Bushwick,40.70239531246388,-73.92187852256002,Private room,126,2,7,1,341,7
42243006,319061072,Brooklyn,Bushwick,40.70175,-73.92473,Entire home/apt,180,30,0,8,218,0
42244519,3483222,Queens,Astoria,40.76086,-73.9219,Private room,40,31,0,1,0,0
42245079,61391963,Manhattan,Kips Bay,40.74446,-73.98083,Entire home/apt,150,30,8,116,341,5
42245107,61391963,Manhattan,Kips Bay,40.74471,-73.9809,Entire home/apt,150,30,6,116,342,3
42249744,39543399,Brooklyn,Park Slope,40.67096,-73.97813,Entire home/apt,500,5,10,2,64,6
42257616,332644295,Bronx,Wakefield,40.89025,-73.85802,Private room,299,7,1,4,85,0
42289444,319061072,Brooklyn,Bushwick,40.70224,-73.92487,Entire home/apt,180,30,0,8,319,0
42289487,319061072,Brooklyn,Bushwick,40.70104,-73.92459,Entire home/apt,140,30,0,8,286,0
42289524,319061072,Brooklyn,Bushwick,40.70194,-73.92469,Entire home/apt,140,30,0,8,314,0
42289549,319061072,Brooklyn,Bushwick,40.6985,-73.92798,Entire home/apt,140,30,2,8,306,1
42289754,229853761,Queens,Kew Gardens Hills,40.72051,-73.81127,Private room,40,7,3,1,0,0
42289806,162251663,Brooklyn,Sunset Park,40.66558,-73.99533,Private room,53,2,68,1,5,49
42087581,333740096,Brooklyn,Prospect-Lefferts Gardens,40.663,-73.95386,Entire home/apt,226,2,43,1,288,21
42088954,333256736,Brooklyn,Canarsie,40.63704,-73.90921,Private room,72,2,43,5,355,18
42303747,58453451,Brooklyn,East New York,40.67286,-73.88812,Private room,37,2,13,3,27,9
42303999,336247977,Manhattan,Upper East Side,40.76871,-73.96525,Entire home/apt,225,30,0,1,0,0
42435000,227629764,Brooklyn,Carroll Gardens,40.68538,-73.99329,Entire home/apt,249,30,1,1,0,1
42435649,289129604,Queens,Jackson Heights,40.75339,-73.87009,Private room,98,4,47,6,63,44
42307209,58453451,Brooklyn,East New York,40.67339,-73.88723,Private room,34,2,36,3,105,5
42310158,15222883,Brooklyn,Bedford-Stuyvesant,40.68618,-73.92154,Entire home/apt,154,1,25,1,38,25
42311578,23147135,Brooklyn,Carroll Gardens,40.68023,-74.00107,Entire home/apt,215,30,74,1,308,49
42436819,16466962,Brooklyn,Prospect Heights,40.67921,-73.96423,Entire home/apt,50,30,2,1,0,0
42576029,73659867,Manhattan,Upper West Side,40.7858,-73.97867,Entire home/apt,149,180,0,1,0,0
42312278,61042,Manhattan,East Harlem,40.79953,-73.94198,Private room,49,5,19,7,0,12
42313819,268831865,Brooklyn,Williamsburg,40.70974,-73.94164,Entire home/apt,302,30,2,1,0,0
42316455,336438781,Brooklyn,Williamsburg,40.70878,-73.96338,Entire home/apt,170,30,5,1,0,0
42437972,10085003,Brooklyn,Williamsburg,40.70585,-73.95354,Shared room,165,30,0,1,0,0
42438973,1171497,Manhattan,Harlem,40.80816,-73.95192,Entire home/apt,146,3,53,8,202,18
42439366,75981937,Queens,Astoria,40.76194,-73.92204,Entire home/apt,115,29,7,3,66,6
42440198,337853119,Brooklyn,Crown Heights,40.67266,-73.91323,Entire home/apt,165,2,28,1,231,28
42444354,23772724,Manhattan,Upper East Side,40.78559,-73.95286,Entire home/apt,225,30,4,58,1,1
42322230,336501346,Queens,Jackson Heights,40.75334,-73.87747,Private room,50,30,0,1,0,0
42446225,4461031,Brooklyn,Prospect-Lefferts Gardens,40.66132,-73.96272,Entire home/apt,80,30,10,1,174,4
42446402,9006067,Manhattan,Midtown,40.7651,-73.98362,Private room,175,30,0,2,0,0
42449569,4069855,Brooklyn,Bushwick,40.69494,-73.90699,Private room,100,1,0,1,0,0
42579856,195000564,Queens,Fresh Meadows,40.74651,-73.79138,Private room,70,30,0,2,0,0
42579881,176950781,Manhattan,Theater District,40.7572,-73.98509,Entire home/apt,480,7,26,5,363,20
42580405,195000564,Queens,Fresh Meadows,40.74173,-73.77952,Entire home/apt,230,30,0,2,0,0
42325412,206451695,Manhattan,Hell's Kitchen,40.76081,-73.99885,Entire home/apt,600,30,0,6,0,0
42582390,339192135,Manhattan,Morningside Heights,40.81327,-73.95989,Private room,155,30,0,1,90,0
42584450,159598333,Manhattan,Upper East Side,40.78287,-73.9451,Entire home/apt,110,30,1,12,69,1
42449656,308165996,Brooklyn,Bushwick,40.699,-73.92639,Entire home/apt,140,30,11,4,117,6
42451008,23772724,Manhattan,Upper East Side,40.77415,-73.95534,Entire home/apt,99,30,5,58,228,1
42326667,268802089,Queens,Ozone Park,40.68754,-73.83878,Entire home/apt,150,30,0,1,0,0
42453983,18670647,Brooklyn,Clinton Hill,40.68866,-73.96375,Entire home/apt,125,5,15,1,0,5
42584572,256878517,Brooklyn,Crown Heights,40.6721,-73.93042,Entire home/apt,510,1,185,1,102,58
42586350,64018594,Manhattan,Harlem,40.8086,-73.95257,Private room,40,30,1,2,0,0
42586385,19303369,Brooklyn,Williamsburg,40.70472,-73.94186,Private room,79,30,1,175,31,1
42586747,19303369,Brooklyn,Williamsburg,40.70384,-73.94193,Private room,55,30,0,175,0,0
42587049,19303369,Brooklyn,Williamsburg,40.7042,-73.94213,Private room,69,30,0,175,0,0
42587306,19303369,Brooklyn,Williamsburg,40.70397,-73.94403,Private room,55,30,1,175,0,1
42589705,163031343,Queens,Flushing,40.75762,-73.81478,Private room,45,3,16,3,0,0
42589996,163031343,Queens,Flushing,40.75753,-73.81287,Private room,60,3,8,3,0,0
42590105,163031343,Queens,Flushing,40.75745,-73.81402,Private room,50,3,10,3,0,0
42596536,23772724,Manhattan,Upper East Side,40.7732,-73.95157,Entire home/apt,125,30,0,58,249,0
42602038,113723310,Manhattan,Kips Bay,40.74407,-73.9781,Entire home/apt,335,30,8,60,280,1
42326675,2320031,Manhattan,Lower East Side,40.71309,-73.98901,Entire home/apt,325,30,9,3,119,6
42327095,2320031,Manhattan,Lower East Side,40.71313,-73.98896,Entire home/apt,310,30,9,3,88,7
42327227,2320031,Manhattan,Lower East Side,40.71318,-73.98902,Entire home/apt,325,30,8,3,96,4
42331212,336581747,Manhattan,Midtown,40.75619,-73.96259,Entire home/apt,340,30,2,8,356,1
42602375,339365455,Brooklyn,Bay Ridge,40.6316,-74.02938,Entire home/apt,100,30,0,2,0,0
42456657,78640950,Manhattan,East Village,40.72701,-73.97947,Entire home/apt,115,30,0,1,0,0
42456767,296605957,Queens,Bayside,40.760452,-73.76606,Private room,171,1,0,24,116,0
42457331,296605957,Queens,Bayside,40.760452,-73.76606,Private room,171,1,1,24,116,0
42457450,296605957,Queens,Bayside,40.760452,-73.76606,Private room,171,1,0,24,116,0
42457568,296605957,Queens,Bayside,40.760452,-73.76606,Private room,171,1,0,24,116,0
42457643,296605957,Queens,Bayside,40.760452,-73.76606,Private room,171,1,1,24,116,0
42457860,296605957,Queens,Bayside,40.760452,-73.76606,Private room,171,1,0,24,116,0
42457949,296605957,Queens,Bayside,40.760452,-73.76606,Private room,171,1,0,24,116,0
42458042,296605957,Queens,Bayside,40.760452,-73.76606,Private room,171,1,0,24,116,0
42467234,181756,Brooklyn,South Slope,40.66472,-73.98609,Entire home/apt,260,14,10,1,180,5
42332206,336581747,Manhattan,Midtown,40.75656,-73.96394,Entire home/apt,350,30,1,8,251,0
42332401,336581747,Manhattan,Midtown,40.75661,-73.96302,Entire home/apt,323,30,1,8,356,1
42333605,44781865,Brooklyn,Williamsburg,40.70771,-73.94805,Private room,181,2,13,2,2,11
42336485,9952523,Queens,Queens Village,40.728,-73.74948,Entire home/apt,236,3,27,2,0,3
42337079,95331018,Manhattan,Harlem,40.80369,-73.9518,Entire home/apt,95,110,7,4,189,2
42338062,41329387,Manhattan,Harlem,40.80802,-73.95139,Entire home/apt,197,3,104,2,259,55
42343069,2269766,Manhattan,Kips Bay,40.74101,-73.98221,Entire home/apt,120,30,7,2,0,0
42470218,64334867,Brooklyn,Williamsburg,40.71568,-73.964,Private room,50,30,0,1,0,0
42471821,313251698,Queens,Bayswater,40.60897,-73.75747,Private room,80,30,0,2,0,0
42603616,265666981,Manhattan,Hell's Kitchen,40.76183,-73.99262,Private room,249,30,1,1,0,0
42344532,2269766,Manhattan,Kips Bay,40.74093,-73.98298,Entire home/apt,100,30,1,2,0,0
42356174,72497941,Bronx,Baychester,40.87677,-73.84553,Entire home/apt,100,3,2,2,156,0
42357974,125817047,Queens,Jackson Heights,40.75563,-73.88271,Entire home/apt,115,1,83,2,327,37
42360275,295247374,Queens,East Elmhurst,40.76183,-73.86871,Entire home/apt,249,1,50,7,115,0
42360787,322060693,Manhattan,Harlem,40.81371,-73.95223,Private room,100,30,0,1,0,0
42608006,102886686,Queens,Long Island City,40.74659,-73.95521,Entire home/apt,180,10,4,1,83,3
42471990,314493836,Queens,Long Island City,40.73636,-73.9276,Private room,500,1,2,1,90,0
42472632,38815234,Manhattan,Harlem,40.82734,-73.942,Private room,55,30,2,3,334,2
42472907,28787513,Manhattan,Upper West Side,40.79615,-73.97578,Entire home/apt,139,31,0,1,0,0
42361514,334376746,Manhattan,Upper West Side,40.7995,-73.95923,Private room,88,90,1,3,245,0
42362567,336953334,Queens,College Point,40.78148,-73.84857,Entire home/apt,69,30,10,1,0,0
42473749,17944053,Brooklyn,Bushwick,40.6954,-73.91298,Entire home/apt,99,30,7,1,202,2
42473796,338198692,Manhattan,Hell's Kitchen,40.76323,-73.98857,Entire home/apt,345,30,14,1,0,0
42364937,333872090,Brooklyn,East New York,40.65999,-73.89298,Private room,70,30,0,1,0,0
42374905,337058327,Manhattan,Lower East Side,40.7198,-73.99291,Private room,99,30,0,1,0,0
42475458,265620278,Queens,Astoria,40.7692,-73.92849,Private room,90,30,1,1,0,0
42475642,109250819,Manhattan,Midtown,40.75257,-73.97249,Private room,1250,4,0,1,0,0
42476362,81335,Manhattan,Upper West Side,40.78202,-73.97593,Entire home/apt,285,30,13,6,342,2
42608714,332891617,Manhattan,Hell's Kitchen,40.76601,-73.99284,Entire home/apt,259,30,0,1,0,0
42608999,57528994,Brooklyn,Bedford-Stuyvesant,40.67685,-73.91224,Private room,35,1,0,1,0,0
42609306,306295899,Manhattan,Midtown,40.74708,-73.98934,Shared room,86,3,52,9,72,46
42611563,19303369,Brooklyn,Bushwick,40.68642,-73.9143,Private room,29,30,0,175,0,0
42377787,4375988,Brooklyn,Prospect-Lefferts Gardens,40.65918,-73.95527,Private room,95,7,4,2,218,4
42378243,337081866,Bronx,Concourse,40.82607,-73.92744,Entire home/apt,271,1,46,1,351,22
42619785,331277805,Brooklyn,Sunset Park,40.6439,-74.01449,Entire home/apt,140,30,0,1,0,0
42484276,322248050,Brooklyn,Williamsburg,40.71201,-73.96093,Entire home/apt,86,30,0,1,0,0
42379175,337088173,Brooklyn,East Flatbush,40.65479,-73.92456,Private room,66,2,13,1,135,13
42379755,296130757,Manhattan,Midtown,40.76557,-73.98013,Private room,660,7,0,1,62,0
42380644,11308947,Brooklyn,Flatbush,40.65368,-73.96131,Private room,65,1,69,3,59,29
42380790,197372149,Manhattan,Harlem,40.81528,-73.94842,Private room,101,1,212,3,213,77
42485035,49410148,Brooklyn,Williamsburg,40.70267,-73.93595,Entire home/apt,93,1,29,2,0,9
42485189,17017313,Manhattan,Upper West Side,40.77646,-73.98382,Entire home/apt,600,30,0,1,0,0
42488076,16480700,Manhattan,Harlem,40.81903,-73.95314,Private room,181,1,4,12,71,4
42620528,299565154,Manhattan,Harlem,40.80686,-73.94846,Entire home/apt,207,2,51,1,101,46
42381143,337103567,Manhattan,Hell's Kitchen,40.75834,-73.99581,Entire home/apt,120,31,0,1,0,0
42489045,323626042,Manhattan,Chinatown,40.71777,-73.99722,Entire home/apt,120,30,0,1,0,0
42490046,57655724,Manhattan,Upper West Side,40.77989,-73.97948,Entire home/apt,828,3,89,3,196,63
42386569,50618720,Brooklyn,East Flatbush,40.654268658514304,-73.91952301085921,Entire home/apt,142,2,0,3,334,0
42490385,336064553,Manhattan,Financial District,40.7061,-74.00724,Private room,65,30,1,4,0,0
42494731,314325074,Queens,Laurelton,40.67348,-73.75094,Entire home/apt,164,4,47,2,332,23
42621078,186476960,Brooklyn,Flatbush,40.64095,-73.96185,Private room,85,30,2,1,0,0
42621960,339365455,Brooklyn,Bay Ridge,40.63162,-74.02788,Private room,60,30,0,2,0,0
42622159,95331018,Manhattan,Harlem,40.80531,-73.9495,Entire home/apt,60,273,0,4,342,0
42622550,7652744,Manhattan,Midtown,40.75977,-73.97073,Entire home/apt,295,3,101,4,13,53
42624244,19303369,Brooklyn,Bedford-Stuyvesant,40.68637,-73.95041,Private room,55,30,4,175,0,2
42624276,339556605,Manhattan,Upper West Side,40.77999,-73.97958,Entire home/apt,938,3,37,4,286,30
42388432,162280872,Manhattan,Hell's Kitchen,40.7633,-73.99365,Entire home/apt,150,30,6,98,268,3
42389365,24191602,Brooklyn,Williamsburg,40.70876,-73.96418,Entire home/apt,115,30,24,3,289,5
42495508,338412156,Staten Island,St. George,40.64578,-74.08509,Entire home/apt,150,3,23,3,359,14
42495863,338416949,Manhattan,Upper West Side,40.8022,-73.96535,Entire home/apt,85,99,0,1,0,0
42389679,285523117,Brooklyn,Williamsburg,40.71075,-73.96164,Entire home/apt,110,30,48,3,284,2
42626375,337608527,Manhattan,Murray Hill,40.74709,-73.97245,Entire home/apt,225,30,0,1,0,0
42389957,269609725,Manhattan,Lower East Side,40.71232,-73.99148,Entire home/apt,95,30,27,1,284,6
42627101,339584418,Brooklyn,Bushwick,40.68883,-73.91853,Entire home/apt,258,4,43,3,335,13
42627429,10415675,Manhattan,Harlem,40.8218,-73.95299,Private room,62,30,2,6,0,0
42497008,45425074,Manhattan,Stuyvesant Town,40.73281842642479,-73.97669194278761,Entire home/apt,230,1,1,1,264,1
42497920,19303369,Brooklyn,Williamsburg,40.70294,-73.94412,Private room,55,30,0,175,3,0
42498442,19303369,Brooklyn,Williamsburg,40.70473,-73.94256,Private room,59,30,2,175,50,2
42498458,19303369,Brooklyn,Williamsburg,40.70383,-73.94212,Private room,73,30,0,175,0,0
42498484,19303369,Brooklyn,Williamsburg,40.70471,-73.9434,Private room,65,30,0,175,1,0
42504616,61391963,Manhattan,Upper East Side,40.77916,-73.95661,Entire home/apt,175,30,15,116,160,6
42507431,28774044,Manhattan,Chelsea,40.73789,-73.9922,Entire home/apt,150,30,0,1,0,0
42390283,303744808,Manhattan,Upper East Side,40.76282,-73.95857,Entire home/apt,180,30,0,1,0,0
42638833,12606076,Manhattan,Hell's Kitchen,40.76423,-73.98564,Entire home/apt,200,30,0,1,365,0
42390702,319616744,Manhattan,Upper East Side,40.78055,-73.9509,Entire home/apt,167,30,0,1,0,0
42638992,154158582,Queens,St. Albans,40.69014,-73.75173,Entire home/apt,147,2,9,2,332,9
42507723,19258174,Brooklyn,Crown Heights,40.67662,-73.92938,Entire home/apt,253,2,117,1,127,45
42391932,8758237,Manhattan,Harlem,40.82983,-73.94603,Entire home/apt,100,14,0,1,326,0
42399499,4422415,Manhattan,Upper West Side,40.79721,-73.96916,Entire home/apt,399,3,8,1,341,7
42508957,287514704,Queens,Jamaica Estates,40.71396,-73.78238,Private room,933,30,0,1,0,0
42640224,60258860,Manhattan,Theater District,40.7625,-73.98161,Entire home/apt,250,90,0,1,362,0
42401212,130030703,Brooklyn,Williamsburg,40.71409,-73.96236,Entire home/apt,130,30,67,2,295,4
42643177,61172932,Staten Island,Midland Beach,40.57303,-74.08528,Entire home/apt,180,2,92,1,326,49
42645101,335368354,Manhattan,Hell's Kitchen,40.76052,-73.99645,Entire home/apt,1140,5,97,1,236,44
42511429,52413373,Brooklyn,Clinton Hill,40.68264,-73.96645,Entire home/apt,150,30,0,1,0,0
42514191,338498911,Brooklyn,Canarsie,40.63451,-73.91169,Entire home/apt,121,2,63,1,337,26
42515226,12300501,Manhattan,Hell's Kitchen,40.76134,-73.99093,Entire home/apt,299,1,62,1,7,34
42402892,337459786,Manhattan,Harlem,40.82389,-73.93623,Private room,49,36,0,1,0,0
42515407,805344,Brooklyn,Carroll Gardens,40.68464,-73.99115,Entire home/apt,129,2,0,1,0,0
42646331,339756700,Manhattan,Upper West Side,40.78018,-73.98007,Entire home/apt,871,1,69,1,309,48
42646388,11376150,Brooklyn,Bedford-Stuyvesant,40.68075,-73.93835,Entire home/apt,100,30,7,1,0,0
42646413,200239515,Brooklyn,Williamsburg,40.703,-73.94398,Private room,75,30,0,158,31,0
42646624,200239515,Brooklyn,Williamsburg,40.70242,-73.94395,Private room,75,30,1,158,0,0
42646720,200239515,Brooklyn,Williamsburg,40.7033,-73.94197,Private room,69,30,1,158,0,0
42404261,337471235,Queens,Springfield Gardens,40.67475,-73.76032,Entire home/apt,120,7,2,1,365,0
42653979,339808768,Brooklyn,Crown Heights,40.6704,-73.95133,Entire home/apt,125,30,1,1,0,0
42655702,113723310,Manhattan,Midtown,40.75445,-73.96512,Entire home/apt,210,30,9,60,341,2
42517630,153432838,Manhattan,Upper West Side,40.79212,-73.97835,Private room,85,30,0,1,0,0
42404465,114351542,Brooklyn,Bedford-Stuyvesant,40.69355,-73.94479,Private room,130,30,0,1,0,0
42657328,5387997,Queens,Astoria,40.77279,-73.92674,Private room,90,30,0,1,0,0
42664029,285727534,Manhattan,Little Italy,40.72,-73.99581,Entire home/apt,348,30,0,28,0,0
42664307,285727534,Manhattan,Lower East Side,40.72087,-73.9937,Entire home/apt,348,30,0,28,0,0
42664793,285727534,Manhattan,Lower East Side,40.72027,-73.99347,Entire home/apt,431,30,0,28,0,0
42665214,6752504,Brooklyn,Gravesend,40.60312,-73.97481,Entire home/apt,180,30,0,7,0,0
42404526,107434423,Manhattan,Tribeca,40.714,-74.00956,Entire home/apt,469,31,0,453,203,0
42404625,107434423,Manhattan,Midtown,40.7604361,-73.96852299999999,Entire home/apt,389,31,0,453,249,0
42404665,107434423,Manhattan,Midtown,40.7604361,-73.96852299999999,Entire home/apt,331,31,1,453,310,1
42404707,107434423,Manhattan,Midtown,40.7604361,-73.96852299999999,Entire home/apt,473,31,0,453,320,0
42405152,206722794,Brooklyn,Williamsburg,40.71,-73.95939,Entire home/apt,115,30,16,4,162,4
42666455,11358628,Manhattan,Midtown,40.75516,-73.96736,Entire home/apt,116,90,0,1,0,0
42666898,8686625,Manhattan,Midtown,40.75619,-73.96632,Entire home/apt,136,2,96,1,0,54
42667303,165776960,Manhattan,East Village,40.72794,-73.98324,Entire home/apt,126,30,1,8,234,1
42667393,165776960,Manhattan,East Village,40.72915,-73.98531,Entire home/apt,145,30,1,8,194,1
42668342,53710434,Brooklyn,Bushwick,40.70167,-73.93387,Private room,60,2,1,2,0,0
42518035,338640411,Queens,Elmhurst,40.74697,-73.88525,Private room,65,30,0,1,0,0
42518270,154302755,Brooklyn,Bedford-Stuyvesant,40.68887,-73.92814,Entire home/apt,290,10,4,5,151,2
42518749,5501712,Manhattan,Midtown,40.75207,-73.98591,Private room,500,30,0,1,0,0
42406076,230403448,Brooklyn,Williamsburg,40.70806,-73.96099,Entire home/apt,145,30,40,4,293,4
42406399,175152359,Bronx,Westchester Square,40.84444,-73.84873,Private room,75,2,6,4,350,3
42410393,133123832,Manhattan,Upper West Side,40.78629,-73.97081,Entire home/apt,129,30,1,4,309,1
42413048,217590669,Queens,Cambria Heights,40.695,-73.72661,Private room,60,1,6,1,92,6
42669190,339925294,Manhattan,East Village,40.73193,-73.98523,Entire home/apt,150,30,0,1,0,0
42669255,339927331,Manhattan,Harlem,40.81766,-73.94363,Entire home/apt,150,4,70,1,132,34
42414332,29525065,Manhattan,Upper West Side,40.77609,-73.97834,Entire home/apt,150,30,5,1,255,1
42415119,1677119,Manhattan,Upper East Side,40.77552,-73.94586,Entire home/apt,200,30,5,1,8,0
42670169,7173996,Queens,Ridgewood,40.69762,-73.90694,Private room,100,30,0,1,0,0
42519378,160660639,Manhattan,Little Italy,40.71716,-73.99861,Entire home/apt,150,1,66,1,0,34
42426655,337711840,Queens,Rego Park,40.73444,-73.85592,Private room,36,30,0,1,0,0
42521278,93526944,Brooklyn,Cypress Hills,40.68675,-73.87078,Entire home/apt,179,3,36,2,292,36
42670184,324311285,Manhattan,Midtown,40.74654,-73.98662,Entire home/apt,145,30,0,1,0,0
42427593,43194795,Brooklyn,Crown Heights,40.68018,-73.96353,Entire home/apt,125,28,3,2,0,0
42428999,200054148,Queens,Richmond Hill,40.68942,-73.82511,Entire home/apt,64,5,38,1,4,19
42429756,8663057,Manhattan,Harlem,40.80247,-73.95097,Entire home/apt,114,28,1,2,150,1
42432307,5639190,Brooklyn,Crown Heights,40.66789,-73.95744,Entire home/apt,90,30,3,1,183,1
42433863,337780960,Queens,Elmhurst,40.74186,-73.87475,Entire home/apt,169,1,77,2,134,32
42670316,238940472,Brooklyn,Bay Ridge,40.63296,-74.03123,Private room,51,2,64,2,301,42
42670856,274452385,Bronx,Wakefield,40.89842,-73.8525,Entire home/apt,108,1,70,2,352,50
42670969,57655724,Manhattan,Upper West Side,40.78207,-73.98125,Entire home/apt,750,3,21,3,328,15
42671244,201850064,Manhattan,Harlem,40.8147,-73.95611,Private room,65,30,0,1,0,0
42527345,212058279,Brooklyn,Midwood,40.62779,-73.94895,Private room,63,3,62,2,3,19
42704243,107434423,Manhattan,Hell's Kitchen,40.76778789999999,-73.99174099999999,Entire home/apt,488,31,0,453,279,0
42706432,340529580,Manhattan,Chelsea,40.74784,-73.99116,Private room,98,1,6,1,36,5
42529554,1596626,Manhattan,Hell's Kitchen,40.76462,-73.99285,Entire home/apt,406,5,67,1,6,50
42529743,309784885,Manhattan,East Village,40.72563,-73.99171,Private room,170,30,2,1,0,0
42532821,302903408,Brooklyn,Gowanus,40.68376,-73.98862,Entire home/apt,971,30,5,5,239,0
42672172,339778197,Manhattan,Gramercy,40.73412,-73.98862,Private room,82,2,106,1,107,41
42708464,336961245,Manhattan,Chelsea,40.74833,-73.99792,Entire home/apt,249,1,17,1,297,10
42708978,340198326,Brooklyn,Boerum Hill,40.68765,-73.98592,Entire home/apt,111,90,0,1,0,0
42678895,339950390,Manhattan,Upper West Side,40.78075,-73.97969,Entire home/apt,914,2,34,4,217,29
42679293,300812117,Brooklyn,Bushwick,40.6965,-73.92276,Entire home/apt,90,30,1,2,0,0
42711037,340212196,Manhattan,Midtown,40.75604,-73.9704,Private room,152,1,46,2,145,39
42680068,339277055,Bronx,Fordham,40.86864,-73.89273,Private room,70,6,5,1,249,0
42686114,3660702,Manhattan,Chelsea,40.7478,-73.99045,Private room,121,3,16,3,55,13
42533977,103141818,Queens,Ditmars Steinway,40.77567,-73.90496,Entire home/apt,115,30,0,1,0,0
42534382,337841230,Manhattan,Washington Heights,40.84577,-73.9348,Private room,85,2,9,1,330,5
42715179,338377256,Queens,Astoria,40.77375,-73.92238,Entire home/apt,110,30,0,1,0,0
42686803,340032161,Manhattan,East Village,40.72806,-73.98506,Private room,53,30,0,1,0,0
42688012,9293730,Manhattan,Upper East Side,40.770451,-73.955894,Entire home/apt,123,30,13,37,268,7
42717193,335966370,Manhattan,Financial District,40.70619,-74.01022,Entire home/apt,289,4,19,1,0,0
42688394,9537721,Queens,Sunnyside,40.74524,-73.92209,Entire home/apt,200,3,1,2,0,1
42718455,258280495,Queens,Elmhurst,40.74789,-73.86866,Private room,73,30,0,1,0,0
42535595,338790934,Brooklyn,Bushwick,40.6958,-73.91255,Entire home/apt,99,30,11,1,211,2
42536123,3261533,Brooklyn,Bedford-Stuyvesant,40.67859,-73.94757,Entire home/apt,90,30,2,3,0,1
42724728,311799214,Manhattan,Chinatown,40.71656,-73.99042,Private room,125,3,51,1,248,14
42689441,324663268,Brooklyn,East Flatbush,40.63703,-73.9316,Entire home/apt,199,2,46,1,137,10
42726674,340298962,Manhattan,Harlem,40.82114,-73.94141,Private room,80,1,17,1,6,11
42689679,167577042,Brooklyn,Williamsburg,40.7183,-73.9542,Entire home/apt,220,30,0,1,0,0
42728079,22245722,Manhattan,Harlem,40.80611,-73.94763,Entire home/apt,165,30,2,1,337,2
42689810,340064506,Brooklyn,Prospect Heights,40.68011,-73.9668,Entire home/apt,221,3,51,1,92,27
42536507,338801033,Brooklyn,Bushwick,40.69595,-73.91247,Entire home/apt,180,30,9,1,94,2
42537367,338812311,Manhattan,Gramercy,40.73627,-73.98863,Entire home/apt,110,2,121,1,53,53
42538452,109861244,Queens,Richmond Hill,40.68585,-73.81181,Private room,47,1,26,1,0,0
42540646,20405437,Queens,Ditmars Steinway,40.77027,-73.91356,Private room,138,2,119,7,40,40
42732254,206451695,Manhattan,Hell's Kitchen,40.7594,-73.99871,Private room,230,30,0,6,0,0
42733341,206451695,Manhattan,Hell's Kitchen,40.76064,-73.99658,Private room,200,30,0,6,0,0
42733887,206451695,Manhattan,Hell's Kitchen,40.75908,-73.99749,Private room,420,30,0,6,0,0
42735065,23772724,Manhattan,Upper East Side,40.78411,-73.9486,Entire home/apt,140,30,5,58,344,2
42735424,23772724,Manhattan,Upper East Side,40.78384,-73.94855,Entire home/apt,160,30,1,58,260,1
42735611,6298158,Brooklyn,Bedford-Stuyvesant,40.68264,-73.92727,Entire home/apt,300,30,0,2,365,0
42735863,23772724,Manhattan,Upper East Side,40.78411,-73.94864,Entire home/apt,160,30,2,58,365,2
42736392,126691775,Manhattan,Chelsea,40.75046,-73.99715,Entire home/apt,159,1,0,1,0,0
42540705,9219155,Brooklyn,Bushwick,40.69996,-73.93323,Private room,150,30,1,1,0,0
42690493,340069774,Manhattan,Harlem,40.81556,-73.936,Entire home/apt,144,5,4,1,311,4
42692289,3660702,Manhattan,Chelsea,40.74728,-73.99192,Private room,115,3,22,3,51,20
42693824,19303369,Queens,Woodside,40.74417,-73.89359,Private room,39,30,0,175,0,0
42693878,82277,Brooklyn,Williamsburg,40.71834,-73.94003,Entire home/apt,219,5,53,2,83,22
42693963,19303369,Queens,Woodside,40.74207,-73.89789,Private room,28,29,0,175,0,0
42694266,19303369,Queens,Woodside,40.74818,-73.89969,Private room,39,30,0,175,0,0
42738424,113723310,Manhattan,Murray Hill,40.74882,-73.98012,Entire home/apt,360,30,6,60,250,1
42738465,28534039,Manhattan,Harlem,40.81255,-73.94998,Private room,93,10,0,1,97,0
42694722,29967368,Manhattan,Chinatown,40.71508336911389,-73.9989630238004,Entire home/apt,176,1,0,1,12,0
42541688,35476687,Bronx,Woodlawn,40.89886,-73.87148,Entire home/apt,90,2,0,1,185,0
42542307,334611519,Queens,Elmhurst,40.73631,-73.88244,Entire home/apt,146,1,117,14,315,81
42739154,3509822,Brooklyn,Bedford-Stuyvesant,40.68401,-73.95212,Entire home/apt,89,5,4,1,0,4
42740057,50760546,Manhattan,Midtown,40.75082,-73.98222,Entire home/apt,108,30,0,31,249,0
42740396,2822805,Brooklyn,Bedford-Stuyvesant,40.68519,-73.95111,Private room,78,30,6,10,342,1
42741138,239503360,Queens,Corona,40.74295,-73.85357,Private room,55,7,18,4,141,11
42742199,334383362,Brooklyn,Bedford-Stuyvesant,40.6925,-73.93443,Shared room,40,90,3,4,259,0
42743073,340410992,Brooklyn,Bedford-Stuyvesant,40.68772,-73.94825,Shared room,50,20,0,1,0,0
42563979,339041088,Manhattan,Gramercy,40.73635,-73.98821,Entire home/apt,92,2,101,1,53,60
42564180,13874798,Brooklyn,South Slope,40.66127,-73.98274,Private room,50,30,0,2,0,0
42695549,68945584,Manhattan,Upper East Side,40.77903,-73.95382,Entire home/apt,120,30,0,1,0,0
42695867,153555756,Manhattan,East Harlem,40.79064,-73.93994,Private room,67,30,1,2,0,0
42826037,1276028,Manhattan,Harlem,40.82951,-73.94986,Entire home/apt,150,3,3,2,9,3
42743290,297961512,Manhattan,Nolita,40.72158,-73.99717,Entire home/apt,157,30,3,1,0,0
42827034,341089565,Manhattan,Harlem,40.8039,-73.95294,Private room,50,30,0,1,0,0
42831981,264569855,Brooklyn,Sunset Park,40.64697,-74.01411,Shared room,45,1,7,2,57,4
42835727,61391963,Manhattan,Midtown,40.74573,-73.98099,Entire home/apt,165,30,6,116,281,1
42835790,61391963,Manhattan,Murray Hill,40.7493,-73.97873,Entire home/apt,175,30,6,116,282,3
42744670,19303369,Queens,Woodside,40.74601,-73.89951,Private room,31,30,0,175,0,0
42745394,339436944,Brooklyn,Cypress Hills,40.6867,-73.87192,Private room,60,1,137,3,311,72
42836963,111314249,Brooklyn,Brooklyn Heights,40.70137,-73.99182,Entire home/apt,300,30,0,1,0,0
42838791,7652744,Manhattan,Midtown,40.76043,-73.96857,Entire home/apt,485,3,87,4,13,43
42565257,259502983,Brooklyn,Bedford-Stuyvesant,40.68068,-73.93623,Entire home/apt,120,4,55,1,171,31
42565700,162280872,Manhattan,Hell's Kitchen,40.76532,-73.98807,Entire home/apt,180,30,7,98,288,4
42745680,61330869,Brooklyn,Bushwick,40.69164,-73.91979,Private room,89,30,0,1,0,0
42841450,55425915,Brooklyn,Bedford-Stuyvesant,40.68191,-73.93988,Entire home/apt,210,3,60,1,167,31
42745937,2219255,Brooklyn,Flatbush,40.64517,-73.96323,Private room,900,4,0,8,269,0
42746488,340446368,Manhattan,Gramercy,40.73437,-73.98728,Entire home/apt,115,2,128,1,68,56
42841568,341182053,Brooklyn,East Flatbush,40.64846,-73.94586,Entire home/apt,300,90,0,1,365,0
42750969,340471505,Brooklyn,Brighton Beach,40.57853,-73.96735,Private room,100,30,0,1,0,0
42842323,33782746,Manhattan,Upper East Side,40.77841,-73.94633,Entire home/apt,150,5,1,1,0,0
42567610,339083618,Queens,Ditmars Steinway,40.77298,-73.91008,Entire home/apt,185,30,11,3,232,3
42568289,104353777,Brooklyn,Bedford-Stuyvesant,40.69061,-73.93685,Entire home/apt,186,30,0,1,0,0
42963167,200239515,Brooklyn,Williamsburg,40.70431,-73.94365,Private room,68,30,2,158,0,0
42755540,200239515,Queens,Woodside,40.74606,-73.89781,Private room,38,30,0,158,5,0
42757120,64323488,Manhattan,Financial District,40.70476,-74.00891,Entire home/apt,125,30,1,1,0,0
42965074,13891989,Bronx,Morrisania,40.83008,-73.89712,Entire home/apt,140,1,80,1,354,36
42965422,113576270,Manhattan,Harlem,40.81495,-73.95366,Entire home/apt,125,31,0,1,0,0
42970160,24800102,Manhattan,East Harlem,40.79789,-73.93914,Entire home/apt,120,1,30,1,324,17
42972333,30283594,Manhattan,Hell's Kitchen,40.76153,-73.99878,Entire home/apt,369,30,1,95,354,1
42842946,160492333,Brooklyn,Greenpoint,40.73627,-73.95488,Entire home/apt,391,3,195,1,128,77
42851131,34562247,Manhattan,Upper West Side,40.79249,-73.975,Entire home/apt,130,30,0,1,0,0
42757274,107434423,Manhattan,Hell's Kitchen,40.76778789999999,-73.99174099999999,Entire home/apt,395,31,0,453,207,0
42757436,107434423,Manhattan,Hell's Kitchen,40.76778789999999,-73.99174099999999,Entire home/apt,376,31,0,453,290,0
42972677,30283594,Manhattan,Hell's Kitchen,40.76153,-73.99878,Entire home/apt,369,30,0,95,354,0
42757975,340520294,Manhattan,Murray Hill,40.74834,-73.98177,Private room,150,30,0,1,0,0
42851781,207204450,Brooklyn,Cypress Hills,40.67693,-73.90775,Private room,38,4,0,1,0,0
42856062,46722604,Manhattan,Harlem,40.81694,-73.93558,Entire home/apt,150,3,19,1,64,17
42758764,266559178,Brooklyn,East New York,40.67901,-73.87612,Entire home/apt,200,3,6,3,75,6
42761547,312697286,Brooklyn,Gravesend,40.59920261096602,-73.97669395919793,Entire home/apt,149,30,53,3,341,25
42761887,200239515,Queens,Woodside,40.74407,-73.90483,Private room,58,30,1,158,0,0
42762081,19303369,Queens,Woodside,40.74523,-73.89329,Private room,39,30,4,175,45,2
42764053,64694321,Manhattan,Washington Heights,40.84309,-73.94251,Entire home/apt,80,4,1,1,0,0
42865847,284894773,Manhattan,Little Italy,40.71732,-73.99898,Entire home/apt,126,2,42,1,1,42
42868646,107434423,Manhattan,SoHo,40.7245458,-74.0026469,Entire home/apt,326,31,0,453,97,0
42868661,107434423,Manhattan,Hell's Kitchen,40.76116,-73.99774,Entire home/apt,298,31,0,453,301,0
42871724,338412156,Staten Island,St. George,40.64412,-74.08442,Entire home/apt,125,3,41,3,159,29
42973039,342060071,Queens,Flushing,40.74435,-73.82452,Entire home/apt,170,30,6,9,65,2
42973804,149090450,Manhattan,Upper West Side,40.77187,-73.9916,Entire home/apt,69,30,0,1,0,0
42764450,123350031,Manhattan,Upper West Side,40.80018,-73.96813,Private room,75,30,0,1,0,0
42764985,24391916,Manhattan,Hell's Kitchen,40.76891,-73.98872,Private room,100,30,1,1,0,0
42769704,19303369,Queens,Woodside,40.74445,-73.89126,Private room,39,30,2,175,0,0
42770658,19303369,Brooklyn,Bushwick,40.6874,-73.91385,Private room,47,30,1,175,0,0
42770756,19303369,Brooklyn,Bushwick,40.68733,-73.91381,Private room,43,30,0,175,40,0
42771207,19303369,Brooklyn,Bushwick,40.68711,-73.91328,Private room,62,28,0,175,51,0
42771787,340516424,Manhattan,Upper East Side,40.76816,-73.95469,Private room,75,1,0,1,0,0
42974078,342139982,Manhattan,Nolita,40.72301,-73.99547,Entire home/apt,185,30,0,9,0,0
42974357,342142296,Manhattan,Upper East Side,40.76962,-73.95769,Private room,200,30,0,1,0,0
42974620,339170908,Manhattan,Midtown,40.75737,-73.96477,Private room,70,5,4,2,0,0
42975131,342147522,Manhattan,Hell's Kitchen,40.75787,-73.99402,Private room,80,1,0,1,0,0
42975689,33320745,Queens,Long Island City,40.75211,-73.93683,Entire home/apt,200,30,18,7,140,6
42978999,6059621,Manhattan,Midtown,40.75171,-73.96715,Private room,110,31,0,3,0,0
42871912,341381811,Queens,Astoria,40.77224,-73.93123,Private room,100,30,0,1,0,0
42873301,336990552,Bronx,Mount Hope,40.8501,-73.90125,Entire home/apt,250,2,4,2,180,2
42772944,92127706,Brooklyn,Carroll Gardens,40.68116,-73.99799,Entire home/apt,190,3,93,1,0,36
42875252,196264487,Queens,Rockaway Beach,40.58841,-73.81472,Private room,150,1,15,1,361,15
42979450,2557904,Brooklyn,Bedford-Stuyvesant,40.68551,-73.95812,Entire home/apt,425,5,7,1,124,7
42774089,28299758,Brooklyn,Carroll Gardens,40.68324,-73.99268,Entire home/apt,100,13,0,1,0,0
42981740,231054333,Manhattan,Hell's Kitchen,40.7593,-73.99556,Entire home/apt,135,30,0,1,0,0
42876407,177727829,Manhattan,Chelsea,40.74408,-74.0027,Entire home/apt,259,30,1,1,0,1
42878514,113723310,Manhattan,Upper East Side,40.77342,-73.95161,Entire home/apt,240,30,7,60,311,2
42776253,20405437,Queens,Ditmars Steinway,40.77033,-73.9147,Private room,163,2,117,7,49,45
42778970,290390044,Manhattan,Harlem,40.82566,-73.95043,Private room,67,30,0,2,92,0
42779852,268398473,Bronx,Van Nest,40.84322,-73.8619,Private room,199,1,0,4,0,0
42982053,11787449,Manhattan,Two Bridges,40.71094,-73.99556,Private room,85,2,50,1,63,36
42779913,170654081,Bronx,Allerton,40.87081,-73.84735,Entire home/apt,152,2,101,1,163,33
42982243,342224614,Brooklyn,Williamsburg,40.70577,-73.93833,Private room,65,30,1,1,0,0
42982751,514261,Brooklyn,South Slope,40.66549,-73.98654,Entire home/apt,200,30,0,8,0,0
42982980,10786181,Brooklyn,Fort Greene,40.69217,-73.97219,Entire home/apt,118,14,10,2,281,6
42878855,340799243,Manhattan,East Village,40.73044,-73.9807,Entire home/apt,214,30,0,1,0,0
42879079,173083297,Manhattan,Upper West Side,40.77662,-73.97875,Private room,266,1,2,5,300,2
42880564,278985545,Brooklyn,Bedford-Stuyvesant,40.6842,-73.92997,Private room,63,30,6,3,120,5
42780193,268398473,Bronx,Van Nest,40.84515,-73.86415,Private room,65,1,109,4,0,30
42780236,268398473,Bronx,Van Nest,40.84484,-73.86203,Private room,55,1,109,4,0,52
42780317,340719881,Manhattan,Washington Heights,40.83365,-73.94143,Private room,40,30,1,1,162,1
42880570,341408541,Queens,Rego Park,40.72368,-73.85846,Entire home/apt,368,30,2,1,0,0
42880859,268398473,Bronx,Van Nest,40.84304,-73.86202,Private room,60,1,96,4,0,40
42986989,306576465,Queens,Forest Hills,40.72636,-73.85291,Private room,144,15,146,2,42,36
42988902,10786181,Brooklyn,Fort Greene,40.69201,-73.97183,Entire home/apt,194,30,7,2,297,5
42784564,237947876,Brooklyn,East Flatbush,40.66296,-73.93161,Entire home/apt,1550,30,0,1,0,0
42788958,23772724,Manhattan,Upper East Side,40.78329,-73.95061,Private room,65,30,1,58,250,1
42789033,340801756,Bronx,Bronxdale,40.85209,-73.86588,Private room,40,3,0,1,4,0
42791410,4297109,Manhattan,Lower East Side,40.72091,-73.99012,Entire home/apt,165,2,147,1,38,54
42792332,263200383,Manhattan,Lower East Side,40.72128,-73.98578,Private room,200,7,0,1,0,0
42794094,340860098,Manhattan,Chinatown,40.71698,-73.99401,Entire home/apt,95,30,1,1,0,0
42988932,245238363,Queens,Elmhurst,40.73094,-73.88241,Entire home/apt,40,30,1,1,0,0
42882271,62927172,Brooklyn,Bedford-Stuyvesant,40.68908,-73.93674,Entire home/apt,300,3,15,1,0,0
42882334,285727534,Manhattan,Nolita,40.72206,-73.9937,Entire home/apt,324,30,0,28,0,0
42795401,19303369,Brooklyn,Bedford-Stuyvesant,40.6856,-73.91541,Private room,42,30,0,175,0,0
42795487,19303369,Brooklyn,Bushwick,40.6874,-73.9149,Private room,38,30,1,175,0,0
42795515,327961860,Brooklyn,Brighton Beach,40.57574,-73.96294,Private room,50,30,7,3,59,1
42800812,340910893,Queens,Bayswater,40.60787,-73.75635,Private room,60,30,4,1,90,1
42883053,341471321,Brooklyn,Carroll Gardens,40.68195,-73.99448,Private room,86,30,0,1,0,0
42888442,113723310,Manhattan,Upper East Side,40.77328,-73.95003,Entire home/apt,260,30,6,60,310,0
42889062,204704622,Brooklyn,Bushwick,40.68703,-73.91545,Private room,55,30,0,157,0,0
42889280,204704622,Brooklyn,Bushwick,40.68716,-73.9153,Private room,35,30,0,157,0,0
42889599,204704622,Brooklyn,Bushwick,40.68556,-73.91331,Private room,45,30,2,157,0,1
42889728,204704622,Brooklyn,Bushwick,40.68605,-73.91323,Private room,48,28,0,157,0,0
42889855,204704622,Brooklyn,Bushwick,40.68524,-73.91362,Private room,38,30,0,157,0,0
42890032,285727534,Manhattan,Nolita,40.72192,-73.99392,Entire home/apt,465,30,0,28,0,0
42890061,204704622,Brooklyn,Bushwick,40.68753,-73.9138,Private room,32,30,0,157,0,0
42890135,285727534,Manhattan,Lower East Side,40.72038,-73.99361,Entire home/apt,180,30,0,28,0,0
42890276,285727534,Manhattan,Nolita,40.7223,-73.9944,Entire home/apt,180,30,0,28,0,0
42989213,80262218,Manhattan,Upper East Side,40.770315693041965,-73.95598815519321,Private room,50,90,4,4,250,3
42989701,5600259,Brooklyn,Clinton Hill,40.68213,-73.96168,Entire home/apt,100,10,1,1,0,0
42994330,30283594,Manhattan,Hell's Kitchen,40.76153,-73.99878,Entire home/apt,469,30,1,95,363,1
42995799,30283594,Manhattan,Hell's Kitchen,40.76153,-73.99878,Entire home/apt,469,30,0,95,363,0
42996549,30283594,Manhattan,Hell's Kitchen,40.76153,-73.99878,Entire home/apt,669,30,0,95,335,0
42996551,30283594,Manhattan,Hell's Kitchen,40.76153,-73.99878,Entire home/apt,669,30,1,95,335,0
42996746,24373587,Brooklyn,Bedford-Stuyvesant,40.69968,-73.94481,Private room,65,30,2,1,0,0
42997858,314410176,Manhattan,Harlem,40.80625,-73.94978,Entire home/apt,270,30,8,3,254,4
42805340,91806581,Manhattan,Murray Hill,40.74456,-73.97199,Entire home/apt,210,30,2,12,350,0
42806766,107434423,Manhattan,Midtown,40.7604361,-73.96852299999999,Entire home/apt,368,31,0,453,0,0
42808686,4313527,Bronx,Fordham,40.86303,-73.89839,Entire home/apt,81,30,10,1,115,3
42998162,287332625,Queens,Ditmars Steinway,40.76851,-73.89596,Private room,95,30,0,1,0,0
42890474,122377983,Brooklyn,Bushwick,40.69955,-73.93716,Entire home/apt,85,30,0,1,0,0
42894615,15617507,Bronx,Morris Park,40.85046,-73.86112,Private room,42,3,46,6,230,34
42812799,8115401,Manhattan,Midtown,40.7569,-73.9678,Private room,95,30,0,2,0,0
42813732,340959159,Queens,Kew Gardens Hills,40.73497,-73.82279,Private room,69,30,0,1,0,0
42895670,86368678,Brooklyn,Flatlands,40.62208,-73.92569,Private room,40,30,3,2,341,0
42998746,340038896,Manhattan,Theater District,40.75694,-73.98436,Private room,466,1,19,6,325,5
42999074,29528165,Queens,Astoria,40.76005,-73.91763,Entire home/apt,70,30,2,1,0,0
42814604,506980,Brooklyn,Downtown Brooklyn,40.69125,-73.98392,Entire home/apt,122,4,0,1,0,0
42902702,22066259,Brooklyn,Carroll Gardens,40.68412,-73.99278,Entire home/apt,380,6,0,1,251,0
42814810,43714712,Brooklyn,Brighton Beach,40.58027,-73.96173,Private room,124,1,10,2,362,10
42913200,308736652,Manhattan,Chelsea,40.75146,-73.99647,Entire home/apt,212,30,6,1,145,4
42913604,82277,Brooklyn,Williamsburg,40.71756,-73.94192,Entire home/apt,219,6,64,2,76,23
42815083,63729602,Queens,Springfield Gardens,40.67964,-73.75473,Shared room,200,30,1,1,0,0
42999798,23376733,Manhattan,Upper West Side,40.77513,-73.98445,Entire home/apt,150,238,0,1,261,0
42815488,341019038,Manhattan,Gramercy,40.73411,-73.98882,Entire home/apt,95,2,109,1,48,45
42999903,337489786,Manhattan,Financial District,40.70484,-74.00701,Private room,50,30,0,1,0,0
42914015,294015297,Staten Island,West Brighton,40.63304,-74.12164,Private room,54,1,8,1,359,3
42916276,206538133,Queens,Astoria,40.76702,-73.92252,Shared room,89,30,0,2,0,0
42916427,206538133,Queens,Astoria,40.76929,-73.92067,Shared room,89,30,0,2,0,0
42916660,19303369,Queens,Astoria,40.76018,-73.91695,Private room,43,30,0,175,0,0
42916855,19303369,Queens,Astoria,40.7622,-73.91872,Private room,49,30,0,175,31,0
42916918,19303369,Queens,Astoria,40.76071,-73.91702,Private room,45,30,0,175,0,0
42922954,206451695,Manhattan,Hell's Kitchen,40.75976,-73.99657,Private room,99,30,0,6,0,0
42923015,206451695,Manhattan,Hell's Kitchen,40.75915,-73.99677,Private room,110,30,1,6,0,0
42925669,113723310,Manhattan,Upper East Side,40.77316,-73.94999,Entire home/apt,200,30,5,60,311,2
42927101,23156390,Brooklyn,Williamsburg,40.71723,-73.95707,Entire home/apt,213,30,3,4,34,3
42927800,86368678,Brooklyn,Flatlands,40.62071,-73.92749,Private room,60,30,0,2,341,0
42927825,314410176,Manhattan,Harlem,40.80651,-73.94965,Entire home/apt,375,30,10,3,266,4
42929138,11951664,Manhattan,Hell's Kitchen,40.76047,-73.99088,Entire home/apt,80,30,3,3,0,0
42935766,204704622,Brooklyn,Williamsburg,40.70456,-73.94207,Private room,50,30,5,157,0,3
42935943,204704622,Brooklyn,Williamsburg,40.70261,-73.94373,Private room,63,30,2,157,4,1
42936083,9081178,Brooklyn,Brooklyn Heights,40.70157,-73.99299,Private room,79,90,1,1,90,0
42936229,204704622,Brooklyn,Williamsburg,40.70384,-73.94196,Private room,57,30,0,157,50,0
42936364,204704622,Brooklyn,Williamsburg,40.70261,-73.94338,Private room,73,30,4,157,0,0
42816863,128305959,Manhattan,Washington Heights,40.83551,-73.94613,Private room,89,30,1,1,249,0
43002373,193904277,Queens,Kew Gardens,40.70919,-73.82727,Private room,130,500,0,1,89,0
43004379,107915864,Queens,Howard Beach,40.66844,-73.85106,Entire home/apt,92,1,88,2,157,19
43008963,342139982,Manhattan,Nolita,40.72106,-73.99392,Entire home/apt,193,30,0,9,0,0
43008966,342139982,Manhattan,Nolita,40.723,-73.9938,Private room,164,30,0,9,0,0
42817298,31796537,Brooklyn,Canarsie,40.63921,-73.91181,Private room,62,4,6,1,171,6
42938172,16044489,Manhattan,Chinatown,40.71619,-73.99201,Entire home/apt,130,30,0,1,0,0
42938323,107434423,Manhattan,Kips Bay,40.7410961,-73.97825230000001,Entire home/apt,465,31,1,453,343,0
42938667,1172202,Queens,Ditmars Steinway,40.7696,-73.90916,Private room,42,30,1,4,28,1
42817699,159355723,Manhattan,Murray Hill,40.74778,-73.97772,Private room,160,30,0,4,249,0
42818093,159355723,Manhattan,Murray Hill,40.74743,-73.97938,Entire home/apt,219,30,0,4,298,0
42825533,11070120,Bronx,Fordham,40.85849,-73.90234,Private room,30,30,0,1,0,0
42938939,341887879,Queens,Springfield Gardens,40.66557,-73.75661,Entire home/apt,121,2,80,3,44,31
42942055,204704622,Brooklyn,Williamsburg,40.70264,-73.94418,Private room,72,30,1,157,0,0
42942408,204704622,Brooklyn,Williamsburg,40.70437,-73.94405,Private room,73,30,1,157,0,1
42942722,204704622,Brooklyn,Williamsburg,40.70401,-73.94213,Private room,75,30,0,157,0,0
42942785,204704622,Brooklyn,Williamsburg,40.70429,-73.94384,Private room,75,30,2,157,0,2
43009776,140744254,Manhattan,Roosevelt Island,40.76274,-73.95073,Entire home/apt,126,100,0,2,157,0
43011035,342139982,Manhattan,Nolita,40.72288,-73.99449,Entire home/apt,164,30,0,9,0,0
43011293,302903408,Brooklyn,Boerum Hill,40.68582,-73.98677,Entire home/apt,780,30,9,5,295,1
43011517,140744254,Manhattan,Roosevelt Island,40.76281,-73.94896,Entire home/apt,126,8,1,2,323,0
43012924,75395247,Brooklyn,Williamsburg,40.7074,-73.96202,Entire home/apt,160,30,7,4,260,2
43069280,342821708,Manhattan,Chelsea,40.75139,-74.00395,Private room,598,1,192,4,225,150
43013278,536686,Brooklyn,Brooklyn Heights,40.70207,-73.99487,Entire home/apt,230,30,0,1,0,0
42948579,341928072,Brooklyn,Williamsburg,40.71646,-73.94859,Private room,94,30,0,1,0,0
42949133,200239515,Brooklyn,Bushwick,40.68596,-73.91334,Private room,48,30,0,158,0,0
43069498,342821708,Manhattan,Chelsea,40.74969,-74.00264,Private room,628,1,46,4,230,15
43069652,342821708,Manhattan,Chelsea,40.75144,-74.00449,Private room,848,1,10,4,215,2
43070436,328439832,Queens,Arverne,40.59152,-73.78752,Private room,50,30,0,1,0,0
42950259,326399571,Manhattan,Hell's Kitchen,40.75732,-73.99053,Entire home/apt,120,30,0,1,0,0
42951968,200239515,Brooklyn,Bedford-Stuyvesant,40.68525,-73.91523,Private room,53,28,1,158,51,1
42952092,200239515,Brooklyn,Bushwick,40.68542,-73.91312,Private room,42,30,0,158,0,0
42954393,200239515,Brooklyn,Bushwick,40.6872,-73.91374,Private room,52,30,1,158,0,1
42954423,131083549,Manhattan,Greenwich Village,40.73388,-73.99843,Entire home/apt,75,30,6,1,0,0
42954820,193877,Manhattan,Hell's Kitchen,40.7585,-73.99144,Entire home/apt,123,30,0,1,0,0
42955336,341887879,Queens,Springfield Gardens,40.66221,-73.75462,Private room,55,2,0,3,0,0
42962520,341887879,Queens,Springfield Gardens,40.66526,-73.75673,Private room,55,2,1,3,0,1
42962887,200239515,Brooklyn,Bedford-Stuyvesant,40.6854,-73.91532,Private room,38,30,0,158,0,0
42962993,200239515,Brooklyn,Bushwick,40.68535,-73.91458,Private room,35,30,0,158,0,0
43018237,1387051,Brooklyn,Greenpoint,40.72999,-73.95301,Entire home/apt,77,90,3,1,63,2
43071731,342847741,Manhattan,East Village,40.72309,-73.9861,Entire home/apt,195,15,33,1,122,26
43021419,240853514,Manhattan,Upper East Side,40.77357,-73.95748,Entire home/apt,9999,30,1,1,89,0
43021708,342139982,Manhattan,Nolita,40.72289,-73.99464,Private room,59,30,0,9,0,0
43022394,342139982,Manhattan,Nolita,40.72292,-73.99443,Entire home/apt,180,90,0,9,0,0
43022644,342139982,Manhattan,Nolita,40.72166,-73.99585,Private room,59,30,0,9,0,0
43176850,13825378,Brooklyn,Cobble Hill,40.68748,-73.99103,Private room,72,30,0,1,0,0
43177809,224815152,Manhattan,Hell's Kitchen,40.75615,-73.99657,Private room,199,30,0,10,365,0
43178622,246630641,Brooklyn,Flatlands,40.62071,-73.93633,Entire home/apt,232,30,0,1,0,0
43179761,297679759,Bronx,Tremont,40.8459,-73.89161,Private room,38,30,2,2,0,0
43185743,9285314,Brooklyn,Bedford-Stuyvesant,40.69497,-73.93234,Entire home/apt,161,3,14,3,132,14
43072325,14988945,Brooklyn,Bedford-Stuyvesant,40.68323,-73.93751,Entire home/apt,60,30,0,1,0,0
43077104,5300585,Manhattan,West Village,40.72952,-74.00409,Private room,300,3,55,1,268,27
43189098,95107611,Brooklyn,Flatbush,40.65481,-73.95482,Entire home/apt,100,30,0,1,0,0
43023204,24423704,Manhattan,Stuyvesant Town,40.73254,-73.97868,Private room,68,30,0,1,0,0
43024159,182032773,Queens,Astoria,40.75658,-73.91853,Private room,50,30,0,1,0,0
43077519,61391963,Manhattan,Upper West Side,40.78328,-73.97485,Entire home/apt,142,30,4,116,347,3
43077828,342502879,Manhattan,Hell's Kitchen,40.76164,-73.9924,Private room,49,30,2,3,0,0
43032925,140138765,Brooklyn,East Flatbush,40.65472,-73.92054,Entire home/apt,144,5,97,1,106,27
43195771,343942531,Brooklyn,East Flatbush,40.64406,-73.92319,Entire home/apt,253,1,7,1,58,7
43197566,338412156,Staten Island,St. George,40.64557,-74.08443,Entire home/apt,160,3,31,3,361,23
43199019,6708026,Queens,Long Island City,40.74775,-73.9423,Entire home/apt,249,30,7,1,224,2
43033010,35127141,Manhattan,Washington Heights,40.84588,-73.93871,Private room,40,30,0,1,0,0
43034073,342139982,Manhattan,Nolita,40.72257,-73.99403,Private room,185,30,0,9,0,0
43034137,342139982,Manhattan,Nolita,40.72155,-73.99599,Private room,223,30,0,9,0,0
43034172,14156628,Brooklyn,Williamsburg,40.71223,-73.96272,Entire home/apt,250,30,12,1,130,1
43035357,44682387,Queens,Jamaica,40.67195,-73.77816,Entire home/apt,184,2,66,2,159,29
43080604,26117696,Brooklyn,Bedford-Stuyvesant,40.68743,-73.9197,Private room,40,30,1,1,0,0
43036896,241963980,Queens,Jamaica Hills,40.7168,-73.79817,Private room,75,30,0,3,125,0
43203702,27060185,Manhattan,Upper West Side,40.78958,-73.96861,Entire home/apt,800,14,1,1,342,0
43081525,84988506,Brooklyn,Flatlands,40.62398,-73.94075,Private room,55,30,0,1,358,0
43095223,342502879,Manhattan,Hell's Kitchen,40.76148,-73.99424,Private room,49,30,1,3,0,0
43095664,2101858,Brooklyn,Greenpoint,40.7229,-73.94317,Private room,60,30,0,1,0,0
43096646,30080463,Manhattan,Harlem,40.80338,-73.94978,Entire home/apt,210,30,1,3,98,1
43097106,6752504,Brooklyn,Gravesend,40.60185,-73.97554,Entire home/apt,140,30,0,7,0,0
43098254,230670970,Manhattan,Harlem,40.80748,-73.94567,Entire home/apt,450,30,0,3,303,0
43098968,9419684,Manhattan,Hell's Kitchen,40.76153,-73.99878,Entire home/apt,469,29,0,79,351,0
43099620,9419684,Manhattan,Hell's Kitchen,40.76153,-73.99878,Entire home/apt,469,29,1,79,351,1
43100348,9419684,Manhattan,Hell's Kitchen,40.76153,-73.99878,Entire home/apt,649,29,0,79,345,0
43100563,155902664,Queens,Astoria,40.76689,-73.92659,Entire home/apt,139,1,5,1,344,3
43037659,242793278,Brooklyn,Sheepshead Bay,40.58952,-73.9376,Entire home/apt,3000,5,0,2,365,0
43038479,204704622,Queens,Woodside,40.7428,-73.90492,Private room,41,30,2,157,0,2
43038569,204704622,Queens,Woodside,40.74455,-73.90445,Private room,46,30,1,157,21,1
43038680,204704622,Queens,Woodside,40.74572,-73.89327,Private room,30,30,0,157,1,0
43038779,204704622,Queens,Woodside,40.74419,-73.90302,Private room,39,30,0,157,10,0
43042861,204704622,Queens,Elmhurst,40.73902,-73.87543,Private room,38,30,0,157,0,0
43043013,204704622,Queens,Elmhurst,40.74015,-73.87727,Private room,47,30,0,157,13,0
43043180,204704622,Manhattan,Inwood,40.86415,-73.92373,Private room,100,30,0,157,8,0
43043396,868804,Brooklyn,Greenpoint,40.73667,-73.95164,Entire home/apt,75,10,0,1,0,0
43100915,9419684,Manhattan,Hell's Kitchen,40.76153,-73.99878,Entire home/apt,369,29,0,79,353,0
43103091,117111036,Manhattan,Hell's Kitchen,40.75741,-73.9937,Private room,666,1,0,2,365,0
43043695,342548185,Queens,Long Island City,40.75936,-73.93009,Private room,100,30,0,1,365,0
43043928,204704622,Manhattan,Inwood,40.8664,-73.92227,Private room,42,30,2,157,0,2
43044060,204704622,Manhattan,Inwood,40.86584,-73.92156,Private room,33,30,0,157,0,0
43044085,33320745,Queens,Long Island City,40.75293,-73.93522,Entire home/apt,199,30,19,7,126,6
43044132,204704622,Manhattan,Inwood,40.86475,-73.92183,Private room,45,30,1,157,0,1
43044308,204704622,Queens,Woodside,40.7425,-73.89279,Private room,39,30,1,157,5,1
43044458,204704622,Queens,Woodside,40.74282,-73.89481,Entire home/apt,99,1,6,157,0,0
43047305,4361344,Brooklyn,South Slope,40.66543,-73.98581,Entire home/apt,250,30,0,1,0,0
43053403,204704622,Queens,Astoria,40.76206,-73.91755,Private room,55,30,1,157,0,1
43053652,204704622,Queens,Astoria,40.76196,-73.91701,Private room,58,30,3,157,31,1
43053681,204704622,Queens,Astoria,40.76193,-73.91681,Private room,33,30,2,157,0,1
43207089,308295726,Queens,Woodhaven,40.68843,-73.86437,Entire home/apt,75,3,35,1,158,18
43207235,155619942,Bronx,Hunts Point,40.81279,-73.8871,Entire home/apt,60,30,0,1,0,0
43103225,43719073,Brooklyn,Sheepshead Bay,40.59995,-73.95649,Shared room,54,1,24,8,0,19
43103592,242793278,Brooklyn,Sheepshead Bay,40.58955,-73.93769,Entire home/apt,2000,30,0,2,365,0
43104815,342502879,Manhattan,Hell's Kitchen,40.76132,-73.99338,Private room,39,30,0,3,0,0
43104937,51965453,Brooklyn,Bedford-Stuyvesant,40.69648,-73.95904,Private room,80,1,60,1,269,21
43211440,341908723,Brooklyn,Bedford-Stuyvesant,40.68575,-73.92244,Private room,48,30,2,53,268,1
43211533,341908723,Brooklyn,Bedford-Stuyvesant,40.6856,-73.92247,Private room,48,30,0,53,310,0
43211635,341908723,Brooklyn,Bedford-Stuyvesant,40.68597,-73.92258,Private room,43,30,0,53,190,0
43211721,341908723,Brooklyn,Bedford-Stuyvesant,40.68599,-73.92359,Private room,48,30,0,53,68,0
43211802,341908723,Brooklyn,Bedford-Stuyvesant,40.68597,-73.92282,Private room,47,30,1,53,280,1
43213162,3261533,Brooklyn,Bedford-Stuyvesant,40.68013,-73.94734,Entire home/apt,100,30,6,3,241,2
43218562,253690060,Bronx,Pelham Gardens,40.86877,-73.84417,Entire home/apt,75,30,0,1,252,0
43219382,137358866,Manhattan,Harlem,40.81074,-73.94241,Private room,73,30,3,111,364,3
43220251,336064553,Manhattan,Financial District,40.70595,-74.00564,Private room,89,30,2,4,50,1
43220282,336064553,Manhattan,Financial District,40.70603,-74.0062,Private room,89,30,0,4,9,0
43220422,336064553,Manhattan,Financial District,40.7061,-74.00571,Private room,89,30,4,4,67,0
43054040,223917190,Brooklyn,Williamsburg,40.71314,-73.95667,Entire home/apt,115,30,8,4,292,5
43054170,61391963,Manhattan,Kips Bay,40.74151,-73.97813,Entire home/apt,168,30,3,116,360,2
43060685,20405437,Queens,Ditmars Steinway,40.77006,-73.91345,Private room,148,2,89,7,164,23
43061729,59985129,Brooklyn,Bedford-Stuyvesant,40.6946,-73.95062,Private room,70,30,5,1,0,2
43105617,197372149,Manhattan,Harlem,40.81486,-73.94696,Private room,100,1,132,3,300,60
43105936,9419684,Manhattan,Hell's Kitchen,40.76153,-73.99878,Entire home/apt,649,29,0,79,345,0
43106068,9419684,Manhattan,Hell's Kitchen,40.76153,-73.99878,Entire home/apt,469,29,0,79,335,0
43106069,9419684,Manhattan,Hell's Kitchen,40.76153,-73.99878,Entire home/apt,469,29,0,79,359,0
43106070,9419684,Manhattan,Hell's Kitchen,40.76153,-73.99878,Entire home/apt,469,29,0,79,359,0
43106544,9419684,Manhattan,Hell's Kitchen,40.76153,-73.99878,Entire home/apt,469,29,0,79,335,0
43106565,9419684,Manhattan,Hell's Kitchen,40.76153,-73.99878,Entire home/apt,469,29,0,79,357,0
43106566,9419684,Manhattan,Hell's Kitchen,40.76153,-73.99878,Entire home/apt,469,29,0,79,335,0
43106569,9419684,Manhattan,Hell's Kitchen,40.76153,-73.99878,Entire home/apt,469,29,0,79,359,0
43108992,137358866,Manhattan,Harlem,40.81291,-73.94352,Private room,67,30,3,111,310,1
43111767,137358866,Queens,Sunnyside,40.746,-73.91939,Private room,70,30,2,111,279,2
43117248,73961308,Manhattan,Harlem,40.8277,-73.9477,Entire home/apt,139,30,0,1,0,0
43297952,202942110,Brooklyn,Williamsburg,40.70697,-73.93683,Entire home/apt,125,7,0,1,0,0
43220447,238380801,Brooklyn,Fort Greene,40.68916,-73.97762,Entire home/apt,200,30,18,1,305,7
43118370,9419684,Manhattan,Hell's Kitchen,40.76153,-73.99878,Entire home/apt,369,29,0,79,354,0
43118568,9419684,Manhattan,Hell's Kitchen,40.76153,-73.99878,Entire home/apt,369,29,0,79,354,0
43118570,9419684,Manhattan,Hell's Kitchen,40.76153,-73.99878,Entire home/apt,369,29,0,79,354,0
43118576,9419684,Manhattan,Hell's Kitchen,40.76153,-73.99878,Entire home/apt,369,29,0,79,354,0
43118578,9419684,Manhattan,Hell's Kitchen,40.76153,-73.99878,Entire home/apt,369,29,0,79,7,0
43118939,9419684,Manhattan,Hell's Kitchen,40.76153,-73.99878,Entire home/apt,469,29,0,79,359,0
43118946,9419684,Manhattan,Hell's Kitchen,40.76153,-73.99878,Entire home/apt,469,29,0,79,335,0
43118961,9419684,Manhattan,Hell's Kitchen,40.76153,-73.99878,Entire home/apt,469,29,0,79,335,0
43123958,341908723,Brooklyn,Gowanus,40.67152,-73.98884,Private room,52,30,3,53,249,0
43124952,82111391,Queens,Long Island City,40.749565,-73.94783,Shared room,72,1,35,5,352,6
43124955,82111391,Queens,Long Island City,40.749565,-73.94783,Shared room,72,1,16,5,353,10
43124960,82111391,Queens,Long Island City,40.749565,-73.94783,Shared room,72,1,16,5,355,6
43124979,82111391,Queens,Long Island City,40.749565,-73.94783,Private room,179,1,85,5,294,12
43125802,309936083,Brooklyn,Clinton Hill,40.68915,-73.96546,Private room,120,7,1,1,0,0
43221088,22992205,Manhattan,Chelsea,40.74076,-74.00193,Entire home/apt,700,100,0,1,358,0
43222663,49164956,Brooklyn,Bedford-Stuyvesant,40.67784,-73.91445,Private room,48,60,8,6,95,2
43227761,171051361,Brooklyn,Sunset Park,40.6604,-73.99152,Private room,50,180,2,4,341,2
43298227,268452805,Manhattan,Kips Bay,40.73976,-73.97973,Entire home/apt,664,30,0,1,0,0
43299277,10782510,Brooklyn,Clinton Hill,40.68746,-73.96388,Entire home/apt,90,30,1,1,0,0
43300250,325616993,Manhattan,Harlem,40.82127,-73.95401,Private room,85,3,46,2,111,29
43126400,1401526,Brooklyn,Bushwick,40.69666,-73.91435,Entire home/apt,115,30,7,1,1,3
43130098,9419684,Manhattan,Midtown,40.765633,-73.982376,Entire home/apt,449,29,0,79,251,0
43130244,9419684,Manhattan,Midtown,40.765633,-73.982376,Entire home/apt,449,29,0,79,251,0
43131075,340101464,Manhattan,Upper West Side,40.7945,-73.96468,Private room,90,30,3,3,263,0
43302175,3279858,Manhattan,East Village,40.72417,-73.97619,Entire home/apt,175,5,29,1,79,23
43303056,75395247,Brooklyn,Williamsburg,40.70907,-73.96202,Entire home/apt,115,30,21,4,316,4
43303079,117111036,Manhattan,Theater District,40.75745,-73.98483,Private room,894,1,0,2,365,0
43310098,51548122,Manhattan,Little Italy,40.71887,-73.99584,Entire home/apt,165,15,13,53,44,7
43310157,51548122,Manhattan,Nolita,40.72025,-73.99533,Entire home/apt,175,15,13,53,46,9
43310180,51548122,Manhattan,Lower East Side,40.71984,-73.99391,Entire home/apt,180,15,14,53,38,6
43310255,51548122,Manhattan,Lower East Side,40.71962,-73.99405,Entire home/apt,200,15,28,53,48,9
43310275,51548122,Manhattan,Lower East Side,40.71826,-73.99416,Entire home/apt,190,15,11,53,73,6
43310301,51548122,Manhattan,Little Italy,40.71967,-73.99595,Entire home/apt,185,15,5,53,72,3
43310621,507966,Brooklyn,Williamsburg,40.71677,-73.94347,Entire home/apt,130,30,5,2,130,5
43310986,51548122,Manhattan,Chinatown,40.71864,-73.99561,Entire home/apt,165,15,30,53,44,14
43311009,51548122,Manhattan,Little Italy,40.71991,-73.99559,Entire home/apt,156,15,19,53,55,2
43311037,51548122,Manhattan,Lower East Side,40.71868,-73.99371,Entire home/apt,180,15,7,53,52,2
43311186,51548122,Manhattan,Little Italy,40.71991,-73.99591,Entire home/apt,165,15,30,53,47,9
43311252,51548122,Manhattan,Lower East Side,40.71883,-73.9937,Entire home/apt,180,15,32,53,59,5
43311287,51548122,Manhattan,Chinatown,40.71881,-73.99605,Entire home/apt,200,15,12,53,52,3
43311320,51548122,Manhattan,Little Italy,40.71992,-73.99584,Entire home/apt,180,15,9,53,52,3
43311409,51548122,Manhattan,Little Italy,40.71988,-73.99556,Entire home/apt,200,15,13,53,47,9
43315188,51548122,Manhattan,Chinatown,40.71805,-73.9946,Entire home/apt,174,15,34,53,59,6
43315235,51548122,Manhattan,Lower East Side,40.71962,-73.9939,Entire home/apt,170,15,36,53,67,11
43315277,51548122,Manhattan,Lower East Side,40.71882,-73.99373,Entire home/apt,145,15,11,53,0,3
43315319,51548122,Manhattan,Nolita,40.72027,-73.99567,Private room,185,15,11,53,50,4
43315428,51548122,Manhattan,Chinatown,40.71863,-73.99562,Entire home/apt,160,15,26,53,43,8
43315455,51548122,Manhattan,Little Italy,40.7189,-73.99588,Entire home/apt,165,15,32,53,55,7
43315528,51548122,Manhattan,Little Italy,40.71988,-73.99547,Entire home/apt,160,15,6,53,13,5
43315639,51548122,Manhattan,Chinatown,40.7184,-73.99603,Entire home/apt,180,15,9,53,70,5
43131145,341908723,Brooklyn,Bedford-Stuyvesant,40.68417,-73.92396,Private room,48,30,1,53,310,1
43131415,284548162,Brooklyn,Bedford-Stuyvesant,40.68114,-73.94529,Private room,63,30,1,8,342,0
43131502,291033670,Brooklyn,Bedford-Stuyvesant,40.68172,-73.94465,Private room,63,30,6,8,68,3
43143734,137358866,Brooklyn,Bushwick,40.69112,-73.91356,Private room,66,30,6,111,278,4
43148288,6720885,Brooklyn,Clinton Hill,40.68557,-73.9609,Entire home/apt,165,6,8,1,252,8
43315653,3005203,Brooklyn,Williamsburg,40.71691,-73.94083,Entire home/apt,999,30,0,1,0,0
43316108,51548122,Manhattan,Little Italy,40.71977,-73.99607,Entire home/apt,200,15,23,53,39,9
43317855,2394401,Brooklyn,Williamsburg,40.71809,-73.95836,Entire home/apt,150,30,2,1,283,0
43317941,74250858,Queens,Astoria,40.76411,-73.91996,Private room,38,30,0,1,0,0
43230953,209279462,Manhattan,Harlem,40.83057,-73.94701,Entire home/apt,99,30,11,8,189,5
43231672,137358866,Manhattan,Harlem,40.81305,-73.94369,Private room,71,30,5,111,337,4
43148901,343526940,Brooklyn,East New York,40.67191,-73.89151,Entire home/apt,85,30,3,2,0,1
43239496,1119209,Brooklyn,Bushwick,40.69589,-73.91444,Entire home/apt,100,30,11,1,242,2
43245711,10459563,Manhattan,East Village,40.72402,-73.97872,Entire home/apt,80,30,0,1,0,0
43245957,51548122,Manhattan,Little Italy,40.71998,-73.99579,Entire home/apt,180,15,8,53,32,3
43319281,42545174,Manhattan,SoHo,40.72612,-74.00002,Entire home/apt,169,30,7,1,0,0
43149336,343526940,Brooklyn,East New York,40.6718,-73.89153,Entire home/apt,80,30,3,2,0,0
43150235,343538498,Brooklyn,Bushwick,40.68968,-73.91919,Private room,120,30,0,1,0,0
43150520,342873987,Queens,Astoria,40.7613,-73.91449,Private room,111,2,54,4,122,31
43322738,25067039,Manhattan,Greenwich Village,40.72846,-74.00102,Entire home/apt,87,30,0,1,0,0
43324727,302164,Manhattan,Upper West Side,40.77257,-73.98657,Entire home/apt,500,30,0,1,0,0
43327426,61726152,Brooklyn,Williamsburg,40.70954678599914,-73.95095408536142,Entire home/apt,180,30,0,1,287,0
43328672,30283594,Manhattan,Hell's Kitchen,40.76153,-73.99878,Entire home/apt,469,30,0,95,358,0
43328685,30283594,Manhattan,Hell's Kitchen,40.76153,-73.99878,Entire home/apt,469,30,0,95,361,0
43330828,30283594,Manhattan,Hell's Kitchen,40.76153,-73.99878,Entire home/apt,369,30,2,95,354,1
43334438,40396791,Manhattan,Harlem,40.81700769641838,-73.94342869794768,Entire home/apt,150,3,6,1,0,6
43334707,75566080,Brooklyn,Crown Heights,40.67329,-73.95669,Entire home/apt,225,30,0,1,0,0
43336316,271378458,Manhattan,Harlem,40.80763,-73.95038,Private room,250,30,0,2,365,0
43152182,127292,Brooklyn,Clinton Hill,40.68261,-73.96517,Entire home/apt,108,30,4,3,196,2
43155821,186946,Manhattan,Midtown,40.75659,-73.9647,Private room,350,1,0,1,359,0
43339117,342873987,Queens,Astoria,40.76033,-73.9122,Private room,151,2,70,4,158,37
43342124,858366,Brooklyn,Gowanus,40.67842,-73.99311,Entire home/apt,425,30,1,1,0,0
43348178,17459413,Brooklyn,Williamsburg,40.71383,-73.96182,Private room,93,60,1,2,123,0
43354556,107434423,Manhattan,Theater District,40.760189,-73.984353,Entire home/apt,416,31,0,453,158,0
43355067,51538996,Brooklyn,Bushwick,40.70809,-73.92036,Entire home/apt,100,30,4,1,0,0
43156881,129474716,Manhattan,Lower East Side,40.71748,-73.98439,Private room,103,30,0,2,18,0
43157297,4633085,Brooklyn,Flatlands,40.62257,-73.93511,Entire home/apt,115,3,4,2,333,4
43157624,343585922,Manhattan,Midtown,40.75171,-73.97303,Entire home/apt,599,2,1,2,0,0
43356178,203862132,Manhattan,Hell's Kitchen,40.76064,-73.98805,Private room,136,1,0,1,0,0
43158150,249545376,Manhattan,Midtown,40.76474,-73.97667,Entire home/apt,500,30,1,1,0,0
43357020,30865924,Manhattan,Inwood,40.87069,-73.92046,Entire home/apt,70,30,4,1,302,3
43357084,231870747,Manhattan,Harlem,40.82275,-73.94824,Private room,64,30,6,5,0,4
43358518,151139612,Queens,Arverne,40.58843,-73.79175,Entire home/apt,471,2,85,1,0,26
43251184,341908723,Brooklyn,Gowanus,40.67272,-73.98905,Private room,52,30,0,53,78,0
43251246,341908723,Brooklyn,Gowanus,40.67265,-73.98734,Private room,52,30,0,53,327,0
43251356,341908723,Brooklyn,Gowanus,40.67157,-73.98904,Private room,52,30,1,53,241,0
43251455,341908723,Brooklyn,Park Slope,40.67147,-73.98701,Private room,52,30,1,53,159,0
43251517,341908723,Brooklyn,Gowanus,40.673,-73.98757,Private room,53,30,3,53,98,3
43251603,341908723,Brooklyn,Gowanus,40.67152,-73.98916,Private room,50,30,1,53,37,1
43251669,341908723,Brooklyn,Park Slope,40.67069,-73.98821,Private room,51,30,3,53,98,1
43251732,341908723,Brooklyn,Gowanus,40.67281,-73.98721,Private room,52,30,0,53,98,0
43255573,137358866,Queens,Long Island City,40.7349,-73.92227,Private room,67,30,6,111,351,5
43256777,173083297,Manhattan,Upper West Side,40.77543,-73.97667,Entire home/apt,427,1,31,5,300,19
43161885,20405437,Queens,Astoria,40.76838,-73.91351,Private room,148,1,96,7,158,33
43163067,2424336,Manhattan,Harlem,40.80211,-73.9554,Entire home/apt,250,30,0,1,0,0
43163079,171812142,Manhattan,Kips Bay,40.74332,-73.98078,Entire home/apt,188,30,4,1,329,2
43256993,344445728,Manhattan,East Village,40.72641,-73.98801,Entire home/apt,125,30,0,1,0,0
43259385,18969075,Manhattan,Harlem,40.82045,-73.94401,Entire home/apt,321,2,42,1,154,42
43264586,344492196,Brooklyn,Williamsburg,40.718,-73.96345,Entire home/apt,100,30,1,1,0,0
43364918,345468539,Manhattan,Upper West Side,40.80067,-73.95884,Entire home/apt,130,30,0,1,0,0
43366290,200239515,Queens,Sunnyside,40.73994,-73.92735,Private room,41,30,0,158,4,0
43366319,200239515,Queens,Sunnyside,40.73938,-73.92585,Private room,41,30,0,158,9,0
43366369,19303369,Queens,Sunnyside,40.74006,-73.92764,Private room,48,30,0,175,0,0
43366401,9381867,Brooklyn,Bedford-Stuyvesant,40.69404,-73.94418,Entire home/apt,145,30,9,1,257,2
43366411,19303369,Queens,Sunnyside,40.74009,-73.92694,Private room,38,30,1,175,0,1
43366638,204704622,Queens,Sunnyside,40.73969,-73.92783,Private room,43,30,4,157,0,3
43163186,6384454,Manhattan,Gramercy,40.73315,-73.98662,Entire home/apt,170,30,9,2,165,2
43265776,340938089,Manhattan,Midtown,40.75705,-73.97909,Private room,159,1,360,4,93,144
43265806,340938089,Manhattan,Midtown,40.75632,-73.98113,Private room,187,1,141,4,109,49
43265846,340938089,Manhattan,Midtown,40.75574,-73.97929,Private room,235,1,11,4,56,3
43265923,340938089,Manhattan,Midtown,40.75694,-73.98117,Private room,159,1,2,4,30,2
43266587,51548122,Manhattan,Nolita,40.72022,-73.99428,Entire home/apt,187,15,20,53,263,9
43267312,51548122,Manhattan,Nolita,40.72032,-73.99548,Entire home/apt,160,15,16,53,32,9
43267372,51548122,Manhattan,Chinatown,40.71862,-73.99574,Private room,185,15,5,53,37,3
43268040,64539969,Manhattan,Washington Heights,40.84701,-73.93978,Private room,23,30,0,2,0,0
43268369,51548122,Manhattan,Nolita,40.72009,-73.99518,Entire home/apt,185,15,7,53,50,7
43268524,51548122,Manhattan,Chinatown,40.71805,-73.99418,Entire home/apt,150,15,3,53,0,0
43268899,51548122,Manhattan,Lower East Side,40.71997,-73.99382,Private room,175,15,4,53,250,0
43269018,19303369,Brooklyn,Bedford-Stuyvesant,40.68804,-73.94985,Entire home/apt,60,28,0,175,0,0
43269240,204704622,Brooklyn,Bedford-Stuyvesant,40.68679,-73.94976,Entire home/apt,59,30,0,157,0,0
43269341,200239515,Brooklyn,Bedford-Stuyvesant,40.68645,-73.95043,Entire home/apt,59,30,0,158,0,0
43271004,51548122,Manhattan,Lower East Side,40.71883,-73.99378,Entire home/apt,206,15,21,53,67,8
43273217,9419684,Manhattan,Midtown,40.765633,-73.982376,Entire home/apt,449,29,0,79,251,0
43273224,9419684,Manhattan,Midtown,40.765633,-73.982376,Entire home/apt,449,29,0,79,251,0
43273227,9419684,Manhattan,Midtown,40.765633,-73.982376,Entire home/apt,449,29,0,79,251,0
43273232,9419684,Manhattan,Midtown,40.765633,-73.982376,Entire home/apt,449,29,0,79,251,0
43273238,9419684,Manhattan,Midtown,40.765633,-73.982376,Entire home/apt,449,29,0,79,251,0
43273252,9419684,Manhattan,Midtown,40.765633,-73.982376,Entire home/apt,449,29,0,79,251,0
43275029,291879604,Queens,Astoria,40.76635,-73.92027,Private room,45,30,0,1,0,0
43164910,303258981,Manhattan,Hell's Kitchen,40.7601,-73.99948,Entire home/apt,93,30,0,1,0,0
43367498,43232214,Brooklyn,Bedford-Stuyvesant,40.67981,-73.93578,Entire home/apt,200,30,0,1,0,0
43367510,345497509,Brooklyn,Flatlands,40.62015,-73.93912,Private room,99,3,131,1,121,46
43371304,428210,Brooklyn,Crown Heights,40.66993,-73.94346,Entire home/apt,86,15,1,3,160,0
43374815,223917190,Brooklyn,Williamsburg,40.71244,-73.96042,Entire home/apt,70,30,3,4,0,1
43374863,19303369,Queens,Woodside,40.74322,-73.90307,Private room,39,30,0,175,0,0
43374884,19303369,Queens,Woodside,40.74248,-73.89779,Private room,26,30,1,175,0,0
43374916,19303369,Queens,Woodside,40.74296,-73.89615,Private room,44,30,2,175,48,1
43374958,19303369,Queens,Woodside,40.74103,-73.896,Private room,39,30,1,175,0,1
43374989,19303369,Queens,Woodside,40.74261,-73.8957,Private room,42,30,0,175,0,0
43375362,19303369,Queens,Woodside,40.74463,-73.89448,Private room,46,30,3,175,32,1
43375428,19303369,Queens,Woodside,40.74262,-73.89488,Private room,44,30,2,175,20,1
43375476,204704622,Queens,Woodside,40.74458,-73.89391,Private room,65,30,3,157,0,1
43375507,204704622,Queens,Woodside,40.74449,-73.89274,Private room,49,30,2,157,47,1
43375941,19303369,Queens,Woodside,40.74463,-73.89393,Private room,27,30,4,175,0,1
43376016,204704622,Queens,Woodside,40.74469,-73.89302,Private room,41,30,3,157,12,3
43379173,159369488,Queens,Arverne,40.59804,-73.80028,Entire home/apt,739,2,5,3,280,0
43165738,63813702,Brooklyn,Bedford-Stuyvesant,40.68072,-73.94517,Private room,140,1,10,3,0,10
43381880,345626278,Brooklyn,Flatbush,40.65269,-73.95299,Private room,60,30,5,3,88,0
43381881,345626278,Brooklyn,East Flatbush,40.65104,-73.95223,Private room,45,30,3,3,66,3
43382836,339436944,Brooklyn,Cypress Hills,40.68639,-73.87369,Private room,47,1,30,3,7,4
43278897,344029666,Queens,Corona,40.73604,-73.86054,Private room,61,1,102,2,99,59
43284426,49164956,Brooklyn,Crown Heights,40.6759,-73.91455,Private room,37,60,7,6,80,3
43285857,344657177,Manhattan,Hell's Kitchen,40.76249,-73.98773,Entire home/apt,39,100,2,1,0,0
43286413,19303369,Queens,Astoria,40.76173,-73.91918,Entire home/apt,49,30,0,175,0,0
43286899,4291007,Brooklyn,Clinton Hill,40.69269,-73.96192,Private room,99,30,9,16,340,4
43287114,4291007,Brooklyn,Clinton Hill,40.69357,-73.96197,Private room,99,30,6,16,305,5
43287243,4291007,Brooklyn,Bedford-Stuyvesant,40.6947,-73.96034,Private room,99,30,1,16,258,1
43287352,4291007,Brooklyn,Clinton Hill,40.69275,-73.96148,Private room,99,30,3,16,340,0
43289906,33320745,Queens,Long Island City,40.75093,-73.9353,Entire home/apt,150,30,20,7,137,5
43292248,48176086,Brooklyn,Sheepshead Bay,40.58877,-73.9436,Private room,60,30,0,1,0,0
43292505,200239515,Queens,Astoria,40.76004,-73.91748,Private room,43,30,1,158,1,0
43292527,64539969,Manhattan,Washington Heights,40.84722,-73.93839,Private room,35,30,5,2,0,1
43292588,204704622,Queens,Astoria,40.76181,-73.91705,Entire home/apt,58,30,0,157,0,0
43170046,173857407,Brooklyn,East New York,40.66098,-73.86235,Entire home/apt,180,3,24,3,346,6
43383021,16916408,Queens,Long Island City,40.74539,-73.94721,Entire home/apt,115,30,1,1,0,0
43387363,23772724,Manhattan,Murray Hill,40.74752,-73.97224,Entire home/apt,167,30,0,58,249,0
43387965,204704622,Queens,Woodside,40.74098,-73.89653,Private room,39,30,0,157,0,0
43388049,204704622,Queens,Woodside,40.74306,-73.89734,Private room,40,30,1,157,21,1
43388055,341908723,Brooklyn,Gowanus,40.67066,-73.98869,Private room,49,30,0,53,98,0
43388103,204704622,Queens,Woodside,40.74117,-73.89797,Private room,38,30,1,157,0,1
43388163,204704622,Queens,Woodside,40.74323,-73.89771,Private room,29,30,1,157,0,1
43388308,19303369,Queens,Woodside,40.74483,-73.89131,Private room,39,30,0,175,0,0
43388608,204704622,Queens,Woodside,40.74435,-73.89315,Private room,37,30,0,157,45,0
43390565,345447216,Manhattan,Upper West Side,40.77636,-73.98099,Entire home/apt,200,10,0,1,0,0
43391847,204704622,Brooklyn,Bedford-Stuyvesant,40.68842,-73.95128,Private room,65,30,1,157,0,0
43391893,204704622,Brooklyn,Bedford-Stuyvesant,40.68669,-73.95143,Private room,55,30,0,157,60,0
43391960,19303369,Queens,Elmhurst,40.74068,-73.87714,Private room,29,30,1,175,0,0
43391999,19303369,Queens,Elmhurst,40.73862,-73.87561,Private room,28,30,0,175,0,0
43170306,13603829,Brooklyn,Kensington,40.63779,-73.97239,Entire home/apt,1214,2,84,5,318,5
43293212,6602545,Brooklyn,South Slope,40.66783,-73.99022,Private room,125,30,0,2,8,0
43525694,135943556,Brooklyn,Bedford-Stuyvesant,40.6897,-73.92393,Entire home/apt,1500,31,0,1,0,0
43525863,6804141,Manhattan,Hell's Kitchen,40.75374,-73.99259,Entire home/apt,535,6,2,1,173,0
43174785,341908723,Brooklyn,Gowanus,40.67128,-73.98909,Private room,52,30,1,53,246,0
43174844,341908723,Brooklyn,Gowanus,40.6727,-73.98848,Private room,51,30,1,53,204,1
43667881,204704622,Queens,Jackson Heights,40.75102,-73.87662,Private room,34,30,3,157,0,3
43668194,19303369,Queens,Jackson Heights,40.75265,-73.87852,Private room,39,30,3,175,55,2
43668278,204704622,Queens,Jackson Heights,40.75098,-73.8771,Private room,36,30,0,157,0,0
43668339,204704622,Queens,Jackson Heights,40.75127,-73.87834,Private room,37,30,4,157,0,2
43669374,348619646,Manhattan,Midtown,40.74812,-73.98889,Entire home/apt,286,1,53,52,77,22
43527094,185029671,Bronx,Kingsbridge,40.87371,-73.90154,Entire home/apt,140,1,43,2,81,33
43396927,11409310,Queens,Astoria,40.75899,-73.91395,Private room,45,30,0,1,222,0
43669769,319889338,Brooklyn,East Flatbush,40.63292,-73.94503,Shared room,250,30,0,1,0,0
43677661,11825464,Brooklyn,Crown Heights,40.67823,-73.96127,Private room,51,30,7,3,101,0
43679750,2787,Brooklyn,Gravesend,40.60015,-73.97285,Entire home/apt,350,30,0,9,180,0
43685703,4185135,Brooklyn,Windsor Terrace,40.65815,-73.97729,Entire home/apt,94,31,0,3,0,0
43686332,60749556,Queens,South Ozone Park,40.67511,-73.80451,Entire home/apt,55,30,1,1,0,0
43397118,8167735,Manhattan,East Village,40.72681,-73.98918,Entire home/apt,59,30,0,1,0,0
43405197,246255718,Brooklyn,Bushwick,40.70057,-73.92913,Private room,40,30,0,1,0,0
43410866,24806910,Manhattan,West Village,40.73815,-73.99895,Entire home/apt,379,3,17,1,5,7
43530040,122363368,Bronx,Baychester,40.86568,-73.83403,Entire home/apt,66,2,0,1,87,0
43530332,183610844,Queens,Flushing,40.72695,-73.79224,Private room,80,30,0,2,90,0
43532634,14290739,Brooklyn,Fort Greene,40.68845,-73.97401,Entire home/apt,1300,30,1,5,120,0
43535742,41503213,Manhattan,Hell's Kitchen,40.76111,-73.9873,Private room,75,30,0,1,0,0
43536394,174811960,Queens,Ridgewood,40.70873,-73.90072,Private room,60,30,2,2,310,0
43537431,188051537,Manhattan,Two Bridges,40.71117,-74.00025,Entire home/apt,315,14,6,1,181,3
43542791,55170899,Brooklyn,Greenpoint,40.72416,-73.94696,Entire home/apt,75,3,7,1,0,0
43543993,353990,Brooklyn,Cobble Hill,40.68736,-73.99318,Entire home/apt,139,30,0,1,0,0
43686536,173369078,Queens,Astoria,40.76566,-73.92427,Entire home/apt,150,1,117,1,317,48
43686927,348913133,Brooklyn,Williamsburg,40.70954,-73.94558,Entire home/apt,350,8,7,1,5,3
43544781,5695874,Brooklyn,Williamsburg,40.71527,-73.96663,Entire home/apt,308,3,40,1,3,13
43411687,2588147,Brooklyn,Red Hook,40.67558,-74.01252,Entire home/apt,150,365,2,1,87,0
43688142,211549023,Manhattan,Midtown,40.74642,-73.98675,Entire home/apt,246,2,35,16,285,27
43689646,131522515,Brooklyn,Gravesend,40.59074,-73.9686,Entire home/apt,74,2,12,1,0,2
43544810,347567413,Manhattan,East Village,40.72576,-73.9761,Entire home/apt,150,3,38,1,0,16
43546552,147402286,Manhattan,Murray Hill,40.75012,-73.97905,Entire home/apt,120,5,0,6,2,0
43547014,25597316,Manhattan,SoHo,40.72014,-74.00148,Entire home/apt,613,1,31,2,168,10
43547178,165607672,Bronx,Fordham,40.85847,-73.90205,Private room,48,3,24,2,61,16
43547204,25597316,Manhattan,SoHo,40.72113,-74.00128,Entire home/apt,628,1,18,2,78,10
43553341,13405138,Manhattan,Lower East Side,40.71948,-73.99031,Entire home/apt,300,20,6,1,44,0
43554831,251170113,Brooklyn,Brooklyn Heights,40.69663,-73.99605,Entire home/apt,380,30,6,1,154,2
43558157,95057884,Manhattan,East Harlem,40.80352,-73.93372,Entire home/apt,200,30,0,1,0,0
43699905,227596527,Brooklyn,Park Slope,40.67696,-73.97745,Entire home/apt,270,30,0,1,0,0
43414113,344531954,Queens,Far Rockaway,40.60208,-73.75608,Private room,100,2,16,2,180,2
43414704,22717726,Brooklyn,Crown Heights,40.67246,-73.96027,Entire home/apt,150,30,2,1,0,0
43414885,204704622,Manhattan,Inwood,40.86445,-73.92175,Private room,38,30,1,157,0,0
43414928,344531954,Queens,Far Rockaway,40.60234,-73.75756,Private room,140,2,12,2,180,4
43416025,137358866,Manhattan,Harlem,40.81596,-73.94297,Private room,68,30,5,111,296,3
43420677,764093,Brooklyn,Williamsburg,40.71987,-73.95603,Private room,120,3,8,2,38,3
43701283,348619646,Manhattan,Midtown,40.74808,-73.98686,Entire home/apt,249,1,39,52,56,10
43701462,212669089,Manhattan,Upper West Side,40.79495,-73.9656,Entire home/apt,140,30,0,1,0,0
43701555,52267166,Manhattan,Upper East Side,40.7767,-73.94631,Entire home/apt,191,14,23,1,123,11
43420963,52356702,Manhattan,Chelsea,40.74264,-74.00054,Private room,85,5,0,1,0,0
43703359,348619646,Manhattan,Midtown,40.74836,-73.98677,Entire home/apt,303,1,48,52,179,13
43710037,38068387,Queens,St. Albans,40.70025,-73.7711,Entire home/apt,175,3,4,2,179,4
43714286,46066063,Brooklyn,Bedford-Stuyvesant,40.69261,-73.92991,Private room,37,7,4,2,274,3
43715460,220574429,Manhattan,Midtown,40.74467,-73.99025,Entire home/apt,765,180,1,6,364,0
43716361,240472978,Queens,Long Island City,40.75125,-73.94223,Private room,90,30,0,2,0,0
43716972,343585922,Manhattan,Midtown,40.75349,-73.97227,Entire home/apt,299,2,3,2,0,2
43720417,26817172,Manhattan,Hell's Kitchen,40.7609,-73.99521,Entire home/apt,199,30,0,1,0,0
43722421,74906838,Queens,Astoria,40.75572,-73.91778,Entire home/apt,90,30,0,3,0,0
43723972,9158874,Manhattan,Upper West Side,40.79575,-73.96748,Entire home/apt,150,30,1,1,0,0
43421180,346048673,Manhattan,Upper West Side,40.78442,-73.97276,Entire home/apt,300,30,1,1,261,1
43422411,6752504,Brooklyn,Gravesend,40.6013,-73.97484,Entire home/apt,160,30,0,7,0,0
43422457,66326553,Manhattan,Hell's Kitchen,40.75912,-73.99134,Entire home/apt,250,30,0,7,64,0
43558333,55922753,Queens,Richmond Hill,40.7021,-73.82002,Private room,50,30,0,7,113,0
43558511,30445086,Brooklyn,Flatbush,40.64274,-73.96397,Entire home/apt,550,7,0,1,221,0
43558653,55922753,Queens,Richmond Hill,40.70014,-73.82146,Private room,43,30,0,7,124,0
43558836,55922753,Queens,Richmond Hill,40.70205,-73.82101,Private room,45,30,0,7,99,0
43725737,300293489,Brooklyn,Bedford-Stuyvesant,40.69152,-73.95548,Entire home/apt,249,4,9,2,287,9
43727448,21466618,Brooklyn,Clinton Hill,40.6939,-73.96482,Entire home/apt,210,30,0,1,0,0
43728551,37787619,Brooklyn,Cypress Hills,40.67727,-73.90607,Entire home/apt,193,2,193,4,131,83
43558967,4485400,Manhattan,Upper West Side,40.79416,-73.9685,Entire home/apt,428,30,0,1,0,0
43423187,103581279,Manhattan,Midtown,40.75317,-73.9732,Entire home/apt,225,2,0,2,2,0
43730511,349413488,Queens,East Elmhurst,40.75979,-73.88378,Entire home/apt,296,30,0,1,0,0
43731306,348619646,Manhattan,Midtown,40.74654,-73.98709,Private room,296,7,30,52,66,14
43736869,317893501,Manhattan,Chelsea,40.74973,-73.99463,Entire home/apt,1229,1,47,2,326,29
43737846,118816229,Bronx,Williamsbridge,40.88201,-73.86332,Entire home/apt,160,2,37,1,280,15
43423542,117995649,Brooklyn,DUMBO,40.70407,-73.98824,Entire home/apt,155,30,1,1,0,0
43423642,11395111,Brooklyn,Bedford-Stuyvesant,40.69192,-73.93997,Private room,75,7,1,1,0,0
43423896,344256042,Bronx,Longwood,40.81982,-73.89796,Private room,47,1,5,1,126,5
43424333,70936,Brooklyn,Bedford-Stuyvesant,40.68669,-73.95642,Entire home/apt,140,30,0,2,0,0
43562641,95729309,Brooklyn,Red Hook,40.67756,-74.00964,Entire home/apt,304,2,151,1,61,61
43564916,2782,Manhattan,Upper East Side,40.76339,-73.95975,Entire home/apt,119,90,3,1,0,2
43568549,60901751,Manhattan,Upper East Side,40.77294,-73.94869,Entire home/apt,180,1,61,1,5,12
43569876,55922753,Queens,Richmond Hill,40.70004,-73.82081,Private room,45,30,0,7,114,0
43738037,176950173,Manhattan,Midtown,40.76546,-73.97582,Entire home/apt,709,30,0,14,352,0
43741958,176950173,Manhattan,Midtown,40.76476,-73.97472,Entire home/apt,1446,30,0,14,92,0
43742075,806776,Manhattan,Chelsea,40.74754,-73.9948,Entire home/apt,450,4,2,1,8,1
43576862,347044503,Queens,Rego Park,40.72402,-73.8567,Private room,158,2,35,2,335,23
43577180,177554775,Brooklyn,Williamsburg,40.7081,-73.96118,Private room,45,2,0,1,0,0
43580746,283771279,Manhattan,West Village,40.73296,-74.00894,Entire home/apt,150,30,0,1,0,0
43586992,29032861,Brooklyn,Bedford-Stuyvesant,40.67823,-73.91765,Entire home/apt,150,4,5,1,0,0
43424953,166286543,Brooklyn,Crown Heights,40.67287,-73.95499,Entire home/apt,85,30,4,2,335,1
43742522,191924030,Queens,South Ozone Park,40.67456,-73.81183,Private room,75,1,232,2,356,104
43425023,346109549,Queens,College Point,40.78681,-73.85227,Private room,100,30,0,1,0,0
43425402,20566940,Manhattan,Lower East Side,40.72226,-73.99045,Entire home/apt,200,58,1,1,0,0
43432968,904893,Manhattan,Lower East Side,40.7146,-73.98112,Entire home/apt,290,30,13,1,117,7
43433217,202781377,Brooklyn,Boerum Hill,40.68591,-73.99053,Entire home/apt,1180,6,18,1,334,6
43591709,238686010,Brooklyn,Windsor Terrace,40.6547,-73.97853,Entire home/apt,136,1,31,6,108,28
43743629,36309568,Brooklyn,Flatbush,40.63791,-73.95258,Private room,120,30,0,1,0,0
43744465,272888515,Brooklyn,Bedford-Stuyvesant,40.68295,-73.91738,Private room,85,30,1,2,153,0
43594671,318548277,Manhattan,Washington Heights,40.84192,-73.94187,Private room,46,30,7,2,247,0
43434011,71578008,Queens,Queens Village,40.70452,-73.74012,Entire home/apt,150,30,0,1,0,0
43437306,6752504,Brooklyn,Gravesend,40.60335,-73.97485,Entire home/apt,180,30,0,7,0,0
43744716,225025900,Queens,Ditmars Steinway,40.77685,-73.90767,Entire home/apt,120,1,128,1,258,51
43439113,342156685,Brooklyn,Crown Heights,40.67789,-73.94858,Entire home/apt,65,30,0,1,0,0
43440132,8167593,Brooklyn,Greenpoint,40.73346,-73.95329,Entire home/apt,50,31,2,1,0,0
43441690,1494472,Brooklyn,Fort Greene,40.69727,-73.9733,Entire home/apt,325,30,0,5,365,0
43595754,73493521,Brooklyn,Bedford-Stuyvesant,40.68927,-73.9422,Entire home/apt,150,15,4,1,0,0
43595974,2598844,Brooklyn,Bedford-Stuyvesant,40.69085,-73.93989,Entire home/apt,200,30,5,1,214,1
43745701,105644109,Manhattan,Washington Heights,40.83407,-73.94411,Entire home/apt,100,2,9,1,0,0
43747226,47900722,Queens,Cambria Heights,40.68642,-73.73559,Entire home/apt,132,1,2,5,164,0
43596004,348032287,Queens,Hollis,40.71327,-73.75779,Private room,74,1,22,2,165,8
43596290,348038583,Brooklyn,Bushwick,40.70235,-73.92944,Entire home/apt,120,365,0,1,0,0
43443260,210257450,Bronx,Claremont Village,40.84249,-73.91074,Entire home/apt,85,85,0,1,0,0
43749311,349608221,Brooklyn,Bedford-Stuyvesant,40.69113,-73.95776,Entire home/apt,98,30,47,1,297,21
43443261,172209907,Manhattan,East Harlem,40.79766,-73.93537,Private room,39,30,1,1,0,0
43443976,47658174,Manhattan,SoHo,40.72619,-74.00394,Private room,150,5,4,4,325,3
43444099,8869512,Brooklyn,Crown Heights,40.67241,-73.95655,Private room,35,30,0,2,0,0
43600688,29231871,Brooklyn,Crown Heights,40.66897,-73.95698,Private room,40,30,1,1,0,0
43602072,315299719,Manhattan,Hell's Kitchen,40.76557,-73.99111,Private room,65,1,4,2,0,0
43751271,8041720,Manhattan,Chelsea,40.73927,-73.99974,Entire home/apt,320,6,7,1,1,5
43604419,348119186,Bronx,Kingsbridge,40.8848,-73.9029,Entire home/apt,150,30,1,1,0,0
43604573,4440389,Manhattan,Chelsea,40.7448,-74.00237,Entire home/apt,236,6,24,1,3,14
43604603,47658174,Manhattan,SoHo,40.72611,-74.00415,Private room,142,6,4,4,323,4
43444982,34177401,Brooklyn,East New York,40.67598,-73.87837,Private room,72,1,23,6,151,11
43449275,3311657,Brooklyn,Greenpoint,40.72427,-73.94978,Entire home/apt,150,30,1,1,0,0
43450191,204704622,Queens,Woodside,40.74269,-73.89308,Private room,28,30,2,157,0,0
43451168,7580102,Manhattan,Midtown,40.76414,-73.97995,Entire home/apt,380,30,1,3,228,0
43753276,176950173,Manhattan,Midtown,40.76479,-73.97449,Entire home/apt,655,30,1,14,0,0
43756020,349670810,Queens,Hollis,40.71285,-73.76674,Private room,52,30,0,1,0,0
43452122,45774825,Manhattan,Nolita,40.72158,-73.99429,Entire home/apt,100,30,1,1,0,0
43605445,22369387,Staten Island,Silver Lake,40.61842,-74.10242,Entire home/apt,108,3,85,1,242,35
43605509,202710081,Queens,Long Island City,40.74684,-73.94127,Private room,53,60,0,1,0,0
43757883,161863161,Queens,Ridgewood,40.70612,-73.9016,Entire home/apt,230,2,78,3,62,31
43758345,273177557,Queens,Jamaica,40.67007,-73.77599,Private room,80,2,1,3,89,0
43759001,127633170,Manhattan,Harlem,40.80252,-73.95804,Private room,60,30,0,1,0,0
43606277,113709,Brooklyn,Bushwick,40.69316,-73.91392,Private room,100,2,13,4,159,9
43608063,288766,Manhattan,Midtown,40.74826,-73.9845,Entire home/apt,170,30,0,1,0,0
43609152,194416373,Queens,Long Island City,40.74728,-73.94331,Private room,75,30,0,1,0,0
43766248,267272502,Bronx,Claremont Village,40.84359,-73.90537,Private room,90,30,3,28,84,1
43767934,145002203,Brooklyn,Brighton Beach,40.5801,-73.96197,Entire home/apt,120,1,110,3,88,48
43769019,348756875,Bronx,Morris Heights,40.85211,-73.91066,Private room,30,30,0,1,0,0
43611951,348200293,Manhattan,Harlem,40.81646,-73.94132,Private room,125,30,0,1,180,0
43452838,346403664,Queens,Woodhaven,40.69155,-73.8531,Private room,80,30,0,1,0,0
43769713,349812592,Manhattan,Inwood,40.86563,-73.92201,Private room,80,30,0,1,0,0
43770316,143513836,Brooklyn,Crown Heights,40.67177,-73.91706,Private room,61,30,2,4,249,0
43453003,31816060,Manhattan,Lower East Side,40.71897,-73.99452,Entire home/apt,400,6,27,2,41,14
43457055,14360314,Manhattan,Gramercy,40.73747,-73.98071,Entire home/apt,275,5,14,1,0,13
43458250,9285314,Brooklyn,Bushwick,40.695705,-73.931358,Entire home/apt,150,3,75,3,32,62
43458806,6274269,Brooklyn,Williamsburg,40.71807,-73.96227,Entire home/apt,150,30,0,1,0,0
43465256,297732471,Manhattan,Hell's Kitchen,40.76283,-73.99018,Entire home/apt,350,30,10,1,0,0
43466729,314457702,Manhattan,Stuyvesant Town,40.73183,-73.97762,Entire home/apt,687,30,0,2,0,0
43612639,347884942,Queens,Flushing,40.74541,-73.83311,Private room,81,1,109,1,6,73
43774160,349860058,Brooklyn,Bedford-Stuyvesant,40.69065,-73.95011,Private room,54,2,136,2,41,67
43613779,316790490,Manhattan,Hell's Kitchen,40.7623,-73.98648,Private room,700,1,0,8,316,0
43613796,316790490,Manhattan,Hell's Kitchen,40.76186,-73.98671,Private room,410,1,0,8,287,0
43613806,316790490,Manhattan,Theater District,40.76066,-73.98451,Private room,471,30,0,8,321,0
43613814,316790490,Manhattan,Hell's Kitchen,40.76202,-73.98661,Private room,491,30,0,8,325,0
43613826,316790490,Manhattan,Theater District,40.76046,-73.98503,Private room,511,30,1,8,317,0
43613838,316790490,Manhattan,Theater District,40.7625,-73.98494,Private room,531,30,0,8,303,0
43613847,316790490,Manhattan,Theater District,40.76042,-73.98491,Private room,671,30,0,8,271,0
43613857,316790490,Manhattan,Hell's Kitchen,40.7622,-73.98668,Private room,691,30,1,8,273,1
43614309,6677589,Bronx,Kingsbridge,40.88536,-73.89803,Private room,150,30,0,1,0,0
43615808,8872611,Brooklyn,Clinton Hill,40.68352,-73.95952,Entire home/apt,1000,4,8,1,125,6
43622236,238686010,Brooklyn,Windsor Terrace,40.6566,-73.97796,Entire home/apt,229,1,32,6,249,29
43626622,339170908,Manhattan,Midtown,40.75802,-73.9688,Private room,70,5,8,2,0,0
43626965,302903408,Brooklyn,Gowanus,40.68401,-73.98799,Entire home/apt,980,30,6,5,245,0
43637634,50893272,Manhattan,Chelsea,40.74381,-74.00559,Entire home/apt,300,30,0,1,0,0
43468359,346579486,Bronx,Concourse Village,40.83582,-73.91451,Entire home/apt,102,5,57,1,175,25
43470278,245002893,Queens,Rosedale,40.66634,-73.73651,Entire home/apt,120,90,1,5,130,1
43777456,162280872,Manhattan,Kips Bay,40.73813,-73.98133,Entire home/apt,150,30,5,98,308,2
43777496,59449336,Brooklyn,East New York,40.67535,-73.87382,Entire home/apt,68,30,15,1,45,5
43470932,296716302,Brooklyn,Canarsie,40.63243,-73.89692,Private room,161,1,0,1,365,0
43640803,339258319,Queens,Bayside,40.77015,-73.77251,Private room,67,1,53,3,132,52
43778233,1826093,Brooklyn,Park Slope,40.6698,-73.97311,Entire home/apt,300,5,26,1,241,18
43642904,348502047,Manhattan,Upper West Side,40.77242,-73.98986,Entire home/apt,333,30,1,1,141,0
43644950,173857407,Brooklyn,East New York,40.66313,-73.86068,Entire home/apt,140,3,16,3,50,10
43473890,346638859,Brooklyn,Williamsburg,40.7111,-73.96197,Entire home/apt,160,2,84,1,2,39
43476086,9419684,Manhattan,Hell's Kitchen,40.76153,-73.99878,Entire home/apt,469,29,0,79,351,0
43778736,990666,Brooklyn,Prospect Heights,40.68092,-73.96593,Entire home/apt,68,30,1,1,154,1
43476909,678205,Brooklyn,East New York,40.6675,-73.88665,Entire home/apt,70,30,0,1,0,0
43477970,8212880,Manhattan,Inwood,40.86315,-73.92677,Private room,60,30,0,1,0,0
43779411,161863161,Queens,Ridgewood,40.70595,-73.90147,Private room,150,2,0,3,71,0
43780078,4089912,Manhattan,Upper East Side,40.76337,-73.9585,Entire home/apt,300,15,4,1,195,4
43647359,348537782,Queens,Ditmars Steinway,40.77896,-73.90937,Private room,79,1,8,1,79,5
43648917,339258319,Queens,Bayside,40.77022414904756,-73.7725814467658,Entire home/apt,88,1,109,3,72,83
43780694,113709,Brooklyn,Bushwick,40.69125,-73.91359,Private room,100,2,5,4,164,5
43784657,113709,Brooklyn,Bushwick,40.69137,-73.91307,Entire home/apt,300,2,1,4,349,0
43785452,1732819,Brooklyn,Williamsburg,40.7148,-73.96546,Entire home/apt,850,3,24,1,228,16
43785672,5328880,Brooklyn,Boerum Hill,40.68788,-73.98481,Entire home/apt,99,30,2,1,0,0
43478459,233207914,Manhattan,Chelsea,40.75053,-73.99514,Entire home/apt,304,10,1,1,28,1
43785924,343979062,Queens,College Point,40.78803,-73.85193,Private room,60,30,1,1,0,0
43479666,346712699,Brooklyn,Fort Hamilton,40.61855,-74.03074,Entire home/apt,92,30,22,2,99,2
43652025,348427562,Brooklyn,Williamsburg,40.7137,-73.96292,Entire home/apt,196,5,38,1,122,25
43652168,21548059,Manhattan,East Village,40.72515,-73.9795,Entire home/apt,250,20,2,1,8,0
43652436,5037071,Brooklyn,Windsor Terrace,40.65377,-73.9766,Entire home/apt,140,3,3,1,0,0
43654099,107188703,Brooklyn,Sheepshead Bay,40.58544,-73.95023,Entire home/apt,62,60,0,1,0,0
43654490,253549192,Brooklyn,Flatlands,40.62399,-73.93533,Entire home/apt,75,6,39,1,92,22
43654617,284548162,Brooklyn,Bedford-Stuyvesant,40.68187,-73.94411,Shared room,43,30,1,8,341,0
43655570,238686010,Brooklyn,Windsor Terrace,40.65524,-73.97777,Entire home/apt,90,1,1,6,108,0
43656521,1873830,Manhattan,West Village,40.734598367622674,-74.00363609377756,Entire home/apt,199,30,0,1,265,0
43659992,22617485,Manhattan,Midtown,40.76521,-73.98209,Entire home/apt,500,30,0,1,0,0
43787640,8293900,Brooklyn,Greenpoint,40.72664,-73.95344,Entire home/apt,50,7,0,1,0,0
43661875,295620585,Brooklyn,Boerum Hill,40.68681,-73.98677,Entire home/apt,101,30,1,1,0,0
43667522,19303369,Queens,Jackson Heights,40.75106,-73.8783,Private room,32,30,0,175,0,0
43667606,204704622,Queens,Jackson Heights,40.75302,-73.87769,Private room,35,7,1,157,0,1
43667729,19303369,Queens,Jackson Heights,40.75269,-73.87802,Private room,33,30,0,175,15,0
43667745,57186170,Brooklyn,Bedford-Stuyvesant,40.683,-73.94421,Entire home/apt,165,2,48,2,328,35
43817787,113709,Brooklyn,Bushwick,40.69113,-73.91366,Private room,80,2,5,4,175,5
43819542,349860058,Brooklyn,Bedford-Stuyvesant,40.68926,-73.94995,Private room,49,2,107,2,11,66
43485134,19749140,Queens,Rego Park,40.72855,-73.86864,Entire home/apt,110,30,0,1,327,0
43787927,19303369,Queens,Woodside,40.74593,-73.89129,Private room,38,30,2,175,35,2
43788121,204704622,Queens,Woodside,40.74445,-73.89272,Private room,38,30,1,157,0,1
43790037,348054745,Manhattan,Chelsea,40.74897,-73.98839,Entire home/apt,80,30,10,1,0,0
43820337,350231483,Queens,Ditmars Steinway,40.77247,-73.91273,Private room,60,30,4,4,335,1
43820586,350231483,Queens,Astoria,40.76962,-73.91761,Private room,60,31,10,4,325,4
43821239,267272502,Bronx,Claremont Village,40.84173,-73.90677,Private room,60,5,2,28,250,1
43822047,346595421,Brooklyn,Sheepshead Bay,40.60968,-73.95504,Entire home/apt,750,30,0,1,0,0
43792735,31816060,Manhattan,Lower East Side,40.71854,-73.99473,Private room,50,4,0,2,0,0
43798180,350144734,Manhattan,Hell's Kitchen,40.76752,-73.98628,Private room,160,1,115,2,6,66
43826102,7896850,Manhattan,Midtown,40.74838,-73.98667,Entire home/apt,300,6,38,3,293,30
43831018,7478124,Brooklyn,Park Slope,40.675694,-73.976036,Entire home/apt,419,3,58,1,95,28
43485895,305341862,Manhattan,Nolita,40.7214,-73.99402,Private room,100,1,0,1,0,0
43803118,327961860,Brooklyn,Brighton Beach,40.57737,-73.96274,Private room,65,30,1,3,353,0
43803619,350196855,Manhattan,Upper East Side,40.77572,-73.95369,Entire home/apt,84,30,1,1,0,0
43485988,330311549,Manhattan,Harlem,40.8205,-73.94781,Entire home/apt,399,3,107,1,116,53
43804955,162394023,Manhattan,Harlem,40.80399,-73.95505,Entire home/apt,155,30,0,1,0,0
43485997,24051501,Manhattan,Midtown,40.75017,-73.97112,Entire home/apt,130,60,3,1,107,1
43488465,5561950,Manhattan,SoHo,40.72825,-74.00269,Entire home/apt,80,30,0,1,0,0
43489836,293746147,Queens,Astoria,40.75666,-73.91536,Private room,166,2,17,2,41,13
43831692,156295223,Manhattan,Upper East Side,40.777,-73.95164,Entire home/apt,530,30,2,5,312,0
43834804,54736855,Brooklyn,Bushwick,40.7021,-73.91759,Entire home/apt,261,1,107,2,61,47
43836149,34180306,Brooklyn,Red Hook,40.67958,-74.00696,Shared room,200,1,4,2,0,1
43843432,7451879,Brooklyn,Crown Heights,40.67819,-73.94918,Entire home/apt,100,30,1,1,0,0
43844044,348619646,Manhattan,Midtown,40.74672,-73.98882,Private room,159,1,30,52,0,4
43845928,57309568,Manhattan,Midtown,40.75581,-73.96802,Private room,58,30,0,1,0,0
43846580,119987770,Queens,East Elmhurst,40.76146,-73.88029,Private room,63,1,82,3,296,47
43806406,350231483,Queens,Astoria,40.76983,-73.91814,Private room,50,31,1,4,0,0
43806992,350231483,Queens,Ditmars Steinway,40.77256,-73.91249,Private room,60,30,3,4,335,3
43807300,89708287,Manhattan,East Village,40.72973,-73.987,Private room,80,30,0,1,249,0
43813121,53258494,Queens,Long Island City,40.74925,-73.93858,Entire home/apt,89,30,1,1,0,0
43847085,68225611,Bronx,Throgs Neck,40.81917,-73.81462,Entire home/apt,139,1,189,1,342,78
43848101,317540555,Queens,Sunnyside,40.74613,-73.91837,Private room,85,15,2,2,6,2
43856156,221844597,Queens,St. Albans,40.688068,-73.766258,Entire home/apt,97,1,28,2,102,28
43860696,128244964,Brooklyn,Crown Heights,40.6741,-73.92669,Private room,69,5,11,4,35,3
43861958,21683421,Manhattan,Hell's Kitchen,40.76107,-73.98839,Private room,201,4,50,2,0,35
43862488,204704622,Queens,Woodside,40.74645,-73.89151,Private room,23,30,0,157,0,0
43813411,74024064,Bronx,Hunts Point,40.81394,-73.88777,Entire home/apt,149,1,130,4,170,41
43866606,334799124,Manhattan,Washington Heights,40.84449,-73.94002,Private room,42,3,0,1,64,0
43869863,168054716,Queens,Rockaway Beach,40.58856,-73.81498,Private room,130,1,21,1,172,13
43870744,3178090,Brooklyn,Prospect-Lefferts Gardens,40.65892,-73.95996,Entire home/apt,60,30,2,1,0,0
43871113,351006583,Brooklyn,Prospect-Lefferts Gardens,40.66061,-73.94681,Entire home/apt,150,3,3,1,0,0
43495869,346884245,Queens,Rosedale,40.65955,-73.73967,Entire home/apt,90,7,54,1,318,27
43496286,18694441,Queens,East Elmhurst,40.76487,-73.87651,Entire home/apt,116,2,70,1,289,28
43497073,24770539,Queens,Belle Harbor,40.58115,-73.85075,Entire home/apt,151,1,81,1,84,33
43497107,216664991,Brooklyn,Crown Heights,40.67444,-73.95333,Private room,95,7,25,2,297,11
43814549,350319156,Manhattan,Little Italy,40.72027,-73.9973,Entire home/apt,350,4,5,1,258,5
43498379,126242287,Brooklyn,East New York,40.66431,-73.89484,Entire home/apt,189,2,11,1,173,4
43498999,66286,Brooklyn,Bedford-Stuyvesant,40.68635,-73.94222,Entire home/apt,200,3,13,1,9,8
43876891,217054194,Brooklyn,Flatlands,40.62531,-73.92859,Private room,65,30,1,1,0,0
43878655,19303369,Queens,Woodside,40.7463,-73.89296,Private room,41,30,0,175,27,0
43878868,19303369,Brooklyn,Williamsburg,40.70253,-73.94338,Private room,75,30,1,175,0,0
43882478,153956930,Queens,South Ozone Park,40.67118,-73.79307,Entire home/apt,113,2,19,2,256,16
43815770,348619646,Manhattan,Midtown,40.74675,-73.98881,Entire home/apt,296,1,40,52,182,10
43817473,19303369,Queens,Woodside,40.74481,-73.89125,Private room,40,30,0,175,11,0
44014632,204704622,Queens,Woodside,40.74283,-73.90495,Private room,39,30,1,157,18,1
44014809,236572440,Manhattan,Upper East Side,40.76132,-73.96064,Private room,72,30,2,4,204,2
43883517,350711081,Manhattan,SoHo,40.72515,-74.00494,Entire home/apt,1036,3,18,1,304,14
43499730,17833051,Brooklyn,Williamsburg,40.70988,-73.94842,Entire home/apt,300,5,33,1,85,19
44015851,108164496,Manhattan,Chelsea,40.74479,-73.99655,Entire home/apt,110,30,3,1,0,0
43500300,342140677,Manhattan,Financial District,40.70873,-74.00618,Entire home/apt,126,30,0,1,0,0
43887651,42893832,Brooklyn,Flatbush,40.64214,-73.95746,Private room,48,30,2,1,0,0
43888356,107434423,Manhattan,Midtown,40.7604361,-73.96852299999999,Entire home/apt,454,31,0,453,333,0
44017276,226124574,Manhattan,Morningside Heights,40.80407,-73.96636,Entire home/apt,125,30,0,1,0,0
43892861,169075332,Brooklyn,Clinton Hill,40.69417,-73.96399,Private room,157,2,7,2,361,7
43895124,348619646,Manhattan,Midtown,40.74767,-73.98682,Entire home/apt,221,1,44,52,163,30
43895531,22410600,Queens,Long Island City,40.74798,-73.94885,Private room,78,2,51,1,3,37
43898866,170392882,Manhattan,Upper East Side,40.76837,-73.95557,Entire home/apt,170,30,11,1,0,1
43905357,209460,Brooklyn,Bedford-Stuyvesant,40.68031,-73.94887,Private room,150,30,1,3,288,1
43906180,103581279,Manhattan,Midtown,40.75172,-73.97319,Entire home/apt,550,30,0,2,0,0
43509536,71482332,Brooklyn,Greenpoint,40.73109,-73.96024,Entire home/apt,301,30,3,1,249,1
43509541,16851857,Bronx,Wakefield,40.89643,-73.84959,Entire home/apt,98,14,14,10,353,4
43510030,347044503,Queens,Forest Hills,40.72444,-73.85507,Private room,135,1,70,2,321,37
43513173,10604995,Manhattan,Flatiron District,40.74074,-73.99007,Entire home/apt,599,3,1,1,157,0
43515641,2613455,Manhattan,Stuyvesant Town,40.73384,-73.97842,Private room,40,3,8,1,0,0
44018477,20604091,Queens,Forest Hills,40.71492,-73.84193,Private room,125,2,13,2,354,12
44019886,13502865,Manhattan,Financial District,40.70588,-74.00938,Entire home/apt,70,30,3,1,0,0
44020113,337780960,Queens,Elmhurst,40.73971,-73.87631,Entire home/apt,166,1,9,2,190,3
44020492,95865067,Brooklyn,Bedford-Stuyvesant,40.693,-73.94505,Private room,70,30,2,1,0,0
43906458,9847270,Manhattan,Upper East Side,40.77064,-73.95751,Entire home/apt,100,3,0,1,0,0
44021024,333916875,Queens,Hollis,40.7082,-73.76124,Entire home/apt,90,2,48,1,312,25
43909068,8309060,Manhattan,Midtown,40.74681,-73.98863,Entire home/apt,321,1,31,9,69,12
43909885,162280872,Manhattan,Kips Bay,40.73843,-73.97987,Entire home/apt,155,30,3,98,264,2
43911466,32084117,Manhattan,Chelsea,40.74127,-74.00121,Private room,327,2,99,2,129,54
43517333,176022663,Queens,Glendale,40.70528,-73.89548,Entire home/apt,117,5,13,1,64,8
43518331,191924030,Queens,South Ozone Park,40.67291,-73.81341,Private room,85,1,123,2,349,53
43524640,346712699,Brooklyn,Fort Hamilton,40.61702,-74.0284,Entire home/apt,98,30,28,2,127,2
44032314,19303369,Queens,Sunnyside,40.73781,-73.92719,Private room,29,30,0,175,0,0
44032673,204704622,Queens,Sunnyside,40.73975,-73.92631,Private room,29,30,0,157,0,0
44032999,8309060,Manhattan,Midtown,40.74615,-73.98715,Entire home/apt,314,1,61,9,83,41
44033270,8309060,Manhattan,Midtown,40.7478,-73.98689,Entire home/apt,209,1,96,9,66,44
44033325,350252704,Manhattan,Midtown,40.75461,-73.97444,Entire home/apt,386,30,6,8,173,1
44251069,356623718,Staten Island,Stapleton,40.62817,-74.07965,Private room,75,2,21,10,175,15
44251682,356623718,Staten Island,Stapleton,40.62667,-74.0798,Private room,75,2,9,10,176,5
44261110,107434423,Manhattan,Upper East Side,40.7751289,-73.96470569999997,Entire home/apt,324,31,0,453,241,0
44261171,107434423,Manhattan,Midtown,40.7604361,-73.96852299999999,Entire home/apt,573,31,1,453,4,0
44261202,107434423,Manhattan,West Village,40.7346709,-74.00350209999999,Entire home/apt,409,31,0,453,5,0
44262107,237277331,Bronx,Concourse,40.83579,-73.92027,Private room,55,2,13,2,354,10
44264929,15478425,Manhattan,Chelsea,40.74408,-74.00417,Entire home/apt,1000,2,42,1,136,19
44267714,13878635,Manhattan,Hell's Kitchen,40.76579,-73.99293,Entire home/apt,900,30,0,3,0,0
44275360,576652,Brooklyn,Windsor Terrace,40.65035,-73.979,Entire home/apt,101,2,67,1,148,58
44277610,53432601,Manhattan,Upper East Side,40.77761,-73.94357,Entire home/apt,750,5,1,1,0,0
44281187,348619646,Manhattan,Midtown,40.74808,-73.98822,Entire home/apt,271,1,29,52,355,9
44281852,239159830,Queens,Rego Park,40.72342,-73.86565,Entire home/apt,190,30,0,1,0,0
43911773,190667643,Manhattan,Upper East Side,40.77251,-73.96634,Entire home/apt,165,180,0,1,0,0
44033794,350252704,Manhattan,Midtown,40.754517,-73.972466,Entire home/apt,229,30,4,8,182,1
44034016,3370705,Brooklyn,Williamsburg,40.71098,-73.96191,Private room,99,15,10,2,0,6
44034872,18608785,Manhattan,Upper East Side,40.77242,-73.95289,Entire home/apt,85,28,1,1,0,0
44035120,136080466,Brooklyn,Sheepshead Bay,40.6008,-73.96185,Entire home/apt,124,2,6,1,72,2
44035515,72110232,Manhattan,Harlem,40.83059,-73.94173,Entire home/apt,175,30,0,1,0,0
44035724,59384912,Manhattan,Chelsea,40.75218403014826,-73.99361959693826,Private room,150,30,0,2,351,0
43911780,15215529,Brooklyn,Clinton Hill,40.68386,-73.96325,Entire home/apt,150,30,0,1,84,0
44282642,356981374,Bronx,Baychester,40.86919,-73.84074,Entire home/apt,109,4,32,1,235,9
44036098,540137,Brooklyn,Gowanus,40.67877,-73.99235,Entire home/apt,189,5,1,1,86,1
44283460,121399223,Staten Island,Tompkinsville,40.63539,-74.08145,Entire home/apt,179,4,65,6,208,16
43913971,12421549,Staten Island,Shore Acres,40.61009,-74.06171,Entire home/apt,300,30,0,1,320,0
43922156,18171303,Manhattan,East Village,40.72536,-73.98541,Private room,80,2,56,2,218,35
43928714,23772724,Manhattan,Upper East Side,40.78304,-73.94578,Entire home/apt,99,30,4,58,314,2
43929087,169075332,Brooklyn,Clinton Hill,40.69453,-73.96213,Private room,150,30,1,2,364,1
43929508,4283974,Manhattan,Lower East Side,40.72061,-73.98116,Entire home/apt,130,30,0,1,0,0
43931225,204704622,Queens,Woodside,40.74662,-73.89256,Private room,42,30,0,157,32,0
43931448,19303369,Queens,Woodside,40.74803,-73.89769,Private room,36,30,1,175,9,1
43931518,204704622,Queens,Woodside,40.74772,-73.89788,Private room,34,30,3,157,4,2
43932082,19303369,Queens,Jackson Heights,40.75235,-73.87853,Private room,19,1,2,175,0,1
43939694,8309060,Manhattan,Midtown,40.74616,-73.98807,Entire home/apt,297,1,52,9,68,25
44040169,236572440,Manhattan,Upper East Side,40.7625,-73.96207,Private room,55,30,1,4,217,1
44042200,67926180,Manhattan,Kips Bay,40.74136532509302,-73.97830590605736,Entire home/apt,239,6,0,1,104,0
44043326,50238586,Brooklyn,Williamsburg,40.71729,-73.94296,Entire home/apt,100,30,0,2,0,0
44045252,75418632,Manhattan,Greenwich Village,40.73235,-73.99651,Entire home/apt,743,3,2,1,24,2
43946617,110321529,Queens,St. Albans,40.69745,-73.75327,Entire home/apt,89,2,41,1,55,34
44288421,357064961,Manhattan,East Harlem,40.78781,-73.94687,Entire home/apt,250,30,5,1,116,1
44289364,290568336,Manhattan,Gramercy,40.73509,-73.98887,Entire home/apt,400,3,63,1,97,31
44295072,22352499,Brooklyn,Carroll Gardens,40.68185,-73.99297,Entire home/apt,235,4,83,1,100,38
44301041,9814074,Manhattan,Upper West Side,40.80341,-73.966,Entire home/apt,80,8,3,2,0,1
44047205,66837596,Brooklyn,Williamsburg,40.719766809873946,-73.96391357628063,Private room,225,3,0,3,218,0
44048372,67730849,Brooklyn,Bushwick,40.69146,-73.91714,Entire home/apt,162,30,34,1,33,18
44303056,356527090,Manhattan,East Village,40.72977,-73.98868,Entire home/apt,230,3,9,1,49,5
44303641,23301337,Manhattan,Hell's Kitchen,40.76294,-73.99475,Private room,125,30,5,1,247,5
43947542,351914727,Queens,Jamaica,40.67754,-73.7807,Entire home/apt,230,3,21,2,170,10
43947562,21743283,Manhattan,Upper East Side,40.76877,-73.95724,Private room,60,1,1,2,0,0
44049457,51548122,Manhattan,Lower East Side,40.71942,-73.99386,Entire home/apt,170,15,15,53,57,12
44058636,184146557,Queens,Flushing,40.75455,-73.83271,Private room,58,30,0,1,0,0
43954469,142392927,Brooklyn,Bedford-Stuyvesant,40.67698,-73.90833,Entire home/apt,160,1,14,1,0,0
43956052,8309060,Manhattan,Midtown,40.74846,-73.98808,Entire home/apt,250,1,47,9,101,18
43956496,66829262,Brooklyn,Bushwick,40.68842,-73.91712,Private room,40,30,0,1,0,0
43959626,8309060,Manhattan,Midtown,40.74784,-73.98834,Entire home/apt,340,1,102,9,65,46
44059368,353115658,Manhattan,Lower East Side,40.71652,-73.98908,Entire home/apt,250,30,0,1,0,0
43959641,352057642,Bronx,Fordham,40.86376,-73.89333,Shared room,50,30,0,1,0,0
43960923,352086026,Queens,Far Rockaway,40.59985,-73.76118,Entire home/apt,200,2,10,1,86,7
43961545,303026719,Brooklyn,East New York,40.67446,-73.87685,Entire home/apt,120,5,2,1,312,2
44304828,357279975,Manhattan,Harlem,40.81868,-73.94223,Entire home/apt,500,3,50,2,241,34
44305963,162280872,Manhattan,Upper East Side,40.77549,-73.94903,Entire home/apt,150,30,5,98,274,1
44307743,64111588,Manhattan,Washington Heights,40.85137,-73.93206,Entire home/apt,70,1,7,1,181,6
44320456,348619646,Manhattan,Midtown,40.74614,-73.98701,Entire home/apt,270,30,24,52,195,5
44320572,51548122,Manhattan,Nolita,40.72017,-73.99583,Entire home/apt,200,15,23,53,38,11
44321500,20405437,Queens,Astoria,40.76971,-73.91356,Private room,222,2,67,7,165,20
44321778,357509976,Queens,Astoria,40.75629,-73.91689,Private room,65,30,4,1,99,0
44322571,299411542,Staten Island,Clifton,40.61968,-74.06875,Private room,300,30,0,2,0,0
44322911,299411542,Staten Island,Richmondtown,40.56635,-74.13037,Private room,150,30,0,2,0,0
44059834,333256736,Brooklyn,Canarsie,40.63867,-73.90737,Private room,85,2,28,5,354,15
44063431,45068560,Manhattan,Upper East Side,40.76375,-73.96222,Entire home/apt,500,120,0,1,0,0
44324396,262582989,Manhattan,Harlem,40.80183,-73.95466,Entire home/apt,125,30,9,1,127,6
44338565,20118062,Brooklyn,Bedford-Stuyvesant,40.68885,-73.94827,Private room,30,30,2,1,0,0
44339323,35891761,Brooklyn,Greenpoint,40.72671,-73.94051,Entire home/apt,237,5,2,1,132,2
44340470,84562428,Queens,Elmhurst,40.72737,-73.87623,Private room,46,5,6,2,300,4
44342310,237406328,Brooklyn,Williamsburg,40.71546,-73.95534,Entire home/apt,275,30,2,2,108,2
43968694,352171581,Queens,Arverne,40.59612,-73.79996,Entire home/apt,1365,2,77,1,261,38
43969268,5309160,Manhattan,Upper East Side,40.76946,-73.95102,Entire home/apt,325,20,0,2,34,0
43969564,252824941,Manhattan,Harlem,40.80311,-73.95721,Entire home/apt,143,30,6,1,342,2
43971504,1031413,Brooklyn,Boerum Hill,40.68795,-73.98284,Entire home/apt,210,2,24,1,0,22
43977634,262026369,Manhattan,Murray Hill,40.74777,-73.96979,Entire home/apt,150,30,0,1,0,0
43986314,19303369,Queens,Jackson Heights,40.75292,-73.87677,Private room,29,30,5,175,0,3
43986380,204704622,Queens,Jackson Heights,40.75256,-73.87827,Private room,29,30,1,157,0,0
43986438,204704622,Queens,Jackson Heights,40.75302,-73.87631,Private room,28,14,0,157,0,0
43986573,272888515,Brooklyn,Bedford-Stuyvesant,40.68487,-73.91567,Private room,65,30,2,2,154,2
43997163,333256736,Brooklyn,Canarsie,40.63873,-73.90962,Private room,75,2,29,5,354,9
44068157,300551054,Manhattan,Midtown,40.75761,-73.97667,Shared room,60,30,0,2,0,0
44070261,59215768,Queens,Rockaway Beach,40.58972,-73.81114,Entire home/apt,86,2,57,2,76,20
43998221,352534073,Queens,Ozone Park,40.68568,-73.83652,Private room,250,30,0,1,0,0
43999770,8309060,Manhattan,Midtown,40.74769,-73.98788,Entire home/apt,319,1,109,9,66,59
44000458,21418952,Brooklyn,Bushwick,40.70026,-73.92275,Private room,54,1,2,1,0,1
44343036,357740865,Queens,Astoria,40.75715,-73.91459,Private room,42,7,0,1,0,0
44072324,54832948,Brooklyn,Fort Greene,40.68734,-73.97742,Entire home/apt,85,30,2,1,63,1
44079687,353550835,Manhattan,West Village,40.73482,-74.0062,Entire home/apt,80,30,0,1,0,0
44349991,96035529,Manhattan,Financial District,40.70941880837464,-74.00880165599912,Entire home/apt,800,5,2,1,47,2
44350115,62028227,Brooklyn,Bedford-Stuyvesant,40.68154,-73.95622,Entire home/apt,172,3,79,2,206,33
44352853,293753583,Manhattan,Hell's Kitchen,40.75866,-73.99217,Entire home/apt,200,30,0,9,86,0
44002788,300884067,Brooklyn,Boerum Hill,40.68664,-73.98155,Entire home/apt,170,30,0,1,142,0
44004064,74119429,Brooklyn,DUMBO,40.70288,-73.98717,Entire home/apt,150,30,1,1,0,0
44083820,19632626,Bronx,Wakefield,40.90085,-73.84132,Entire home/apt,200,14,11,1,328,11
44086561,352444781,Brooklyn,Brownsville,40.65585,-73.90628,Private room,59,1,65,1,346,11
44004162,352617669,Manhattan,Harlem,40.80127,-73.95868,Entire home/apt,236,2,75,1,129,39
44004265,240472978,Queens,Long Island City,40.75152,-73.94041,Private room,50,30,9,2,0,0
44010527,6645613,Queens,Ditmars Steinway,40.77671,-73.90838,Entire home/apt,140,30,1,1,0,0
44012173,204704622,Queens,Jackson Heights,40.75297,-73.87805,Private room,38,30,0,157,24,0
44012767,236572440,Manhattan,Upper East Side,40.76202,-73.96188,Private room,85,30,2,4,250,2
44452548,137358866,Queens,Woodside,40.74916,-73.9008,Private room,74,30,5,111,309,2
44355095,1795207,Manhattan,SoHo,40.72719,-74.00162,Entire home/apt,277,5,21,2,37,20
44088976,1704370,Brooklyn,Clinton Hill,40.68506,-73.961,Entire home/apt,175,30,6,1,0,0
44098402,353990601,Queens,East Elmhurst,40.76622,-73.8788,Entire home/apt,165,2,1,1,0,0
44357656,154373742,Queens,Sunnyside,40.73692,-73.91913,Entire home/apt,75,2,15,1,0,0
44358465,50052968,Brooklyn,Bedford-Stuyvesant,40.68537,-73.93968,Entire home/apt,110,30,7,5,64,7
44360566,357899706,Manhattan,Harlem,40.81667,-73.94253,Private room,72,1,121,1,303,59
44456806,359185391,Manhattan,Upper East Side,40.77995,-73.96013,Entire home/apt,490,30,3,1,274,0
44098704,29219991,Brooklyn,Williamsburg,40.71715,-73.96323,Entire home/apt,166,31,1,3,137,0
44098840,106269510,Manhattan,Tribeca,40.71521,-74.01042,Entire home/apt,120,30,2,1,0,0
44375835,345709132,Brooklyn,Crown Heights,40.67525,-73.95403,Private room,95,30,0,5,0,0
44376319,345709132,Brooklyn,Crown Heights,40.67658,-73.95593,Private room,75,30,0,5,0,0
44376501,345709132,Brooklyn,Crown Heights,40.67593,-73.95385,Private room,70,30,0,5,0,0
44376631,345709132,Brooklyn,Crown Heights,40.67744,-73.95517,Private room,350,30,0,5,0,0
44377502,3562322,Brooklyn,Bedford-Stuyvesant,40.68823,-73.9508,Entire home/apt,176,5,40,5,91,16
44377677,345709132,Brooklyn,Crown Heights,40.67715,-73.95402,Private room,80,30,0,5,0,0
44100863,284603393,Brooklyn,Bedford-Stuyvesant,40.68956,-73.94306,Private room,178,1,33,6,336,26
44101621,378112960,Manhattan,Hell's Kitchen,40.76007,-73.99137,Entire home/apt,552,2,89,13,297,41
44102245,151150981,Manhattan,Upper East Side,40.78043,-73.94892,Entire home/apt,150,5,70,2,193,42
44103415,2420592,Brooklyn,Vinegar Hill,40.70299,-73.98184,Private room,75,6,0,2,0,0
44109912,162280872,Manhattan,Kips Bay,40.73961,-73.9815,Entire home/apt,155,30,1,98,182,0
44117862,4343091,Manhattan,Greenwich Village,40.73363,-73.9945,Entire home/apt,499,5,1,1,361,1
44457994,9466826,Brooklyn,Bedford-Stuyvesant,40.69273,-73.93207,Entire home/apt,120,30,0,1,85,0
44461172,359250381,Brooklyn,South Slope,40.66376,-73.98877,Private room,45,6,1,1,0,0
44118529,73122401,Manhattan,Lower East Side,40.71948,-73.99063,Entire home/apt,250,3,8,1,0,1
44121405,354500396,Queens,Sunnyside,40.73839,-73.92499,Private room,150,2,1,1,141,0
44461963,143516082,Brooklyn,Bedford-Stuyvesant,40.68531,-73.95099,Entire home/apt,217,1,118,1,125,47
44378256,29697079,Manhattan,Hell's Kitchen,40.76114,-73.99095,Private room,110,30,1,2,81,1
44378348,83394328,Queens,Long Island City,40.75009,-73.94115,Entire home/apt,247,10,37,1,43,15
44121858,238989521,Queens,Sunnyside,40.74,-73.92767,Private room,29,30,0,17,159,0
44139096,267272502,Bronx,Claremont Village,40.84336,-73.90514,Entire home/apt,110,5,0,28,130,0
44148869,47746841,Manhattan,Upper East Side,40.76534,-73.96274,Entire home/apt,499,3,88,1,97,51
44378635,358060731,Manhattan,East Harlem,40.78928,-73.94747,Private room,80,30,0,1,0,0
44384403,10061009,Manhattan,Harlem,40.80422,-73.95731,Entire home/apt,282,3,21,2,28,15
44462674,359292637,Manhattan,Hell's Kitchen,40.7612,-73.99798,Entire home/apt,599,30,0,1,0,0
44150167,183423525,Manhattan,East Village,40.72816,-73.9842,Entire home/apt,90,60,0,3,67,0
44151723,179017459,Brooklyn,Williamsburg,40.70862,-73.93925,Private room,97,1,88,2,0,45
44154139,49293531,Brooklyn,Bedford-Stuyvesant,40.68408,-73.9288,Entire home/apt,90,14,11,5,1,3
44154506,219521175,Queens,Elmhurst,40.74589,-73.8824,Private room,80,30,0,2,0,0
44154818,219521175,Queens,Elmhurst,40.74356,-73.88351,Private room,80,30,0,2,0,0
44154912,44201154,Manhattan,East Harlem,40.79077,-73.93941,Entire home/apt,110,2,8,1,50,3
44463474,154506785,Brooklyn,Williamsburg,40.71788,-73.95758,Entire home/apt,299,30,0,3,16,0
44463882,154506785,Brooklyn,Williamsburg,40.71776,-73.95769,Entire home/apt,230,30,0,3,0,0
44463986,154506785,Brooklyn,Williamsburg,40.71874,-73.95965,Entire home/apt,90,30,0,3,134,0
44464045,307566664,Manhattan,Midtown,40.75167,-73.98887,Private room,100,30,0,2,0,0
44464375,40891373,Manhattan,SoHo,40.726733922177225,-74.00086630550295,Entire home/apt,188,7,1,2,6,1
44465355,284603393,Brooklyn,Bedford-Stuyvesant,40.68763,-73.94493,Private room,148,1,20,6,145,14
44465405,284603393,Brooklyn,Bedford-Stuyvesant,40.688641,-73.944099,Entire home/apt,1117,1,5,6,330,5
44388930,133299438,Staten Island,St. George,40.63897,-74.08576,Private room,61,2,4,2,77,4
44163953,4964682,Manhattan,Marble Hill,40.87821,-73.9107,Entire home/apt,110,3,9,2,0,0
44164449,2867137,Manhattan,Murray Hill,40.74476,-73.97223,Entire home/apt,305,30,0,73,304,0
44392843,53169195,Bronx,Fordham,40.85569,-73.90018,Private room,35,3,1,1,0,0
44393462,9930918,Manhattan,Financial District,40.71124,-74.00667,Private room,225,30,0,1,364,0
44394499,19303369,Queens,Woodside,40.74432,-73.89205,Private room,39,30,0,175,0,0
44394628,19303369,Queens,Woodside,40.74455,-73.89191,Private room,34,30,2,175,0,1
44394849,19303369,Queens,Woodside,40.74524,-73.89329,Private room,35,30,0,175,0,0
44397304,358285408,Brooklyn,East Flatbush,40.64476,-73.94842,Entire home/apt,143,2,51,1,322,32
44166880,2867137,Manhattan,Murray Hill,40.74424,-73.9737,Entire home/apt,395,35,1,73,365,1
44171339,199457450,Queens,Queens Village,40.70626,-73.74944,Private room,90,30,0,1,0,0
44402774,80573754,Bronx,Fieldston,40.88865,-73.90612,Private room,70,3,18,1,323,7
44403320,183617557,Manhattan,Upper West Side,40.77898,-73.97815,Entire home/apt,125,30,4,1,0,2
44466661,10194781,Queens,Glendale,40.70574,-73.87297,Entire home/apt,202,2,43,5,346,29
44474349,187536544,Brooklyn,Brighton Beach,40.57576,-73.96142,Private room,10,3,30,2,192,11
44179445,1997143,Brooklyn,Bedford-Stuyvesant,40.6951,-73.94558,Private room,36,30,4,9,341,3
44180343,56991870,Manhattan,West Village,40.72912,-74.00285,Entire home/apt,150,30,0,1,0,0
44183108,2867137,Manhattan,Kips Bay,40.74256,-73.97278,Entire home/apt,230,30,0,73,326,0
44183223,2867137,Manhattan,Kips Bay,40.74249,-73.97294,Entire home/apt,225,30,0,73,335,0
44186033,188901948,Queens,Long Island City,40.75226,-73.92881,Entire home/apt,100,35,0,1,0,0
44475869,359499038,Manhattan,Hell's Kitchen,40.76186,-73.98851,Entire home/apt,160,2,58,1,0,46
44412244,357477821,Manhattan,Hell's Kitchen,40.75405,-73.99237,Entire home/apt,220,2,124,1,73,56
44413416,16336054,Queens,Astoria,40.76006,-73.90777,Private room,70,3,18,1,0,2
44189059,96741258,Brooklyn,Prospect-Lefferts Gardens,40.66032,-73.96214,Entire home/apt,125,30,7,4,72,3
44189839,2867137,Manhattan,Kips Bay,40.74254,-73.97345,Entire home/apt,210,30,1,73,350,1
44189936,2867137,Manhattan,Kips Bay,40.74293,-73.97318,Entire home/apt,240,30,2,73,350,1
44191733,91744364,Staten Island,Grant City,40.57877,-74.11005,Entire home/apt,91,3,14,1,341,7
44415270,358650418,Queens,Long Island City,40.75533,-73.93467,Private room,80,30,0,1,0,0
44415969,121399223,Staten Island,Tompkinsville,40.63564,-74.08153,Entire home/apt,210,6,34,6,192,4
44416142,642004,Brooklyn,Boerum Hill,40.69008,-73.99213,Entire home/apt,335,7,31,2,34,22
44418054,2343858,Manhattan,SoHo,40.72392,-73.99735,Entire home/apt,725,30,0,2,0,0
44419098,3731024,Brooklyn,Bushwick,40.69578,-73.93078,Entire home/apt,125,14,1,1,250,0
44475971,306912176,Manhattan,Theater District,40.75901,-73.98388,Entire home/apt,328,30,1,1,334,1
44195061,150883804,Queens,Queens Village,40.71114,-73.74294,Entire home/apt,145,2,8,1,72,8
44476787,359526434,Manhattan,Lower East Side,40.72255,-73.99265,Entire home/apt,225,30,7,3,302,5
44477636,220480440,Queens,Glendale,40.70121,-73.88202,Private room,40,30,2,3,341,0
44197064,57885474,Bronx,Williamsbridge,40.88002,-73.85464,Entire home/apt,100,3,66,5,351,31
44203850,356120729,Manhattan,Harlem,40.80076,-73.95608,Entire home/apt,125,30,0,1,0,0
44478543,275821782,Bronx,East Morrisania,40.83508,-73.88876,Private room,70,1,15,1,0,0
44486656,319622263,Brooklyn,Cobble Hill,40.68806,-73.99662,Shared room,149,1,0,2,0,0
44486696,2039385,Manhattan,NoHo,40.72623,-73.99204,Entire home/apt,199,30,23,2,275,14
44211352,340427015,Manhattan,Washington Heights,40.83869,-73.94061,Entire home/apt,199,1,8,1,345,8
44213572,34550387,Brooklyn,Bay Ridge,40.63507,-74.0333,Entire home/apt,350,2,6,1,35,2
44419710,221913542,Queens,Flushing,40.74374,-73.8349,Private room,80,1,125,9,1,74
44419821,221913542,Queens,Flushing,40.74383,-73.83491,Private room,80,1,129,9,0,72
44223269,356290430,Brooklyn,Bedford-Stuyvesant,40.69285,-73.9461,Private room,1500,30,0,1,0,0
44486935,87497118,Brooklyn,Williamsburg,40.71594,-73.9625,Entire home/apt,250,150,0,1,0,0
44224513,5167068,Brooklyn,Bedford-Stuyvesant,40.69173,-73.93407,Entire home/apt,150,3,7,1,0,7
44233602,11907087,Manhattan,Harlem,40.82796,-73.94759,Entire home/apt,130,7,50,1,261,14
44233789,27109516,Manhattan,Upper East Side,40.77901,-73.94789,Entire home/apt,125,2,12,1,0,0
44247266,4327888,Brooklyn,Williamsburg,40.7084,-73.96139,Entire home/apt,130,30,0,1,0,0
44247459,112522169,Manhattan,Hell's Kitchen,40.76419,-73.99148,Entire home/apt,250,7,26,1,22,20
44486985,218613116,Manhattan,East Harlem,40.79167,-73.94757,Shared room,150,1,0,1,179,0
44491230,59215768,Queens,Rockaway Beach,40.58894,-73.81204,Entire home/apt,101,2,55,2,351,19
44491409,238989521,Queens,Sunnyside,40.73992,-73.92778,Private room,34,6,0,17,0,0
44496053,360086075,Brooklyn,Windsor Terrace,40.65853,-73.98312,Entire home/apt,360,2,47,1,14,27
44249049,121399223,Staten Island,Tompkinsville,40.6337,-74.08355,Entire home/apt,135,2,108,6,178,38
44250191,71366283,Queens,Sunnyside,40.73855,-73.92374,Entire home/apt,90,1,5,1,0,0
44631766,23772724,Manhattan,Upper East Side,40.78496,-73.95223,Entire home/apt,99,30,6,58,354,2
44631837,40231738,Brooklyn,Park Slope,40.66928,-73.98034,Entire home/apt,650,45,5,2,62,2
44631955,17070752,Manhattan,Upper West Side,40.78512,-73.97536,Entire home/apt,250,5,27,1,291,22
44497672,222645551,Brooklyn,Midwood,40.61296,-73.95236,Entire home/apt,140,30,0,1,0,0
44503706,209279462,Manhattan,East Harlem,40.79891,-73.93581,Entire home/apt,125,30,3,8,249,1
44423947,4173726,Manhattan,Tribeca,40.71664,-74.01164,Entire home/apt,402,1,12,1,48,11
44425491,1495039,Manhattan,East Village,40.72424,-73.97846,Entire home/apt,314,30,2,2,2,0
44632833,24333247,Brooklyn,Bedford-Stuyvesant,40.68681,-73.94401,Entire home/apt,185,4,3,1,0,0
44635187,101597958,Queens,Jamaica Hills,40.71132,-73.7935,Private room,85,30,0,1,0,0
44503810,359863329,Brooklyn,Williamsburg,40.71405,-73.96691,Entire home/apt,150,30,3,1,0,1
44505052,348619646,Manhattan,Midtown,40.7462,-73.98713,Entire home/apt,249,1,13,52,0,0
44636829,359218159,Queens,Bayswater,40.60139,-73.76036,Private room,45,30,0,1,0,0
44505444,3793540,Manhattan,East Village,40.73184,-73.9885,Entire home/apt,200,30,1,1,169,1
44506417,178176640,Brooklyn,Bergen Beach,40.62778,-73.91806,Private room,125,1,68,1,82,38
44506958,348619646,Manhattan,Midtown,40.74655,-73.98884,Entire home/apt,209,1,41,52,51,23
44511630,800780,Brooklyn,Bedford-Stuyvesant,40.68182,-73.93579,Entire home/apt,110,30,0,1,310,0
44641755,20933060,Brooklyn,Bushwick,40.69072,-73.91684,Private room,55,4,21,1,0,8
44642468,16794996,Bronx,City Island,40.84892,-73.78796,Entire home/apt,171,2,47,1,294,23
44643892,312288,Manhattan,Inwood,40.86492,-73.9265,Entire home/apt,115,31,3,1,262,2
44644295,240065426,Brooklyn,Bushwick,40.68987,-73.91968,Entire home/apt,100,30,0,1,0,0
44644486,62533391,Brooklyn,Borough Park,40.63493,-74.00376,Private room,50,30,0,3,0,0
44645897,127375531,Queens,Astoria,40.76524,-73.92071,Entire home/apt,150,7,1,1,1,1
44516385,1916737,Brooklyn,Midwood,40.61253,-73.95533,Private room,49,30,0,1,0,0
44645950,305569545,Brooklyn,Williamsburg,40.70665,-73.96588,Entire home/apt,211,2,50,1,99,34
44517372,84150582,Staten Island,Arden Heights,40.5586,-74.17985,Entire home/apt,106,2,7,1,273,7
44517974,74906838,Queens,Sunnyside,40.7439,-73.92184,Entire home/apt,110,30,1,3,0,0
44518620,71320132,Manhattan,Upper East Side,40.77295,-73.96491,Entire home/apt,175,30,0,1,0,0
44520855,19303369,Queens,Sunnyside,40.73775,-73.92567,Private room,29,30,0,175,0,0
44427000,358356356,Brooklyn,Bedford-Stuyvesant,40.68998,-73.95038,Entire home/apt,204,35,1,5,320,0
44427742,1500733,Brooklyn,Crown Heights,40.67241,-73.96087,Entire home/apt,120,30,6,1,185,4
44432121,244803,Brooklyn,Clinton Hill,40.68222,-73.96693,Entire home/apt,400,6,3,1,0,1
44647315,188947623,Brooklyn,Crown Heights,40.6712,-73.94844,Entire home/apt,91,30,5,1,71,4
44521574,360085932,Brooklyn,Williamsburg,40.71687,-73.95486,Private room,100,30,9,5,30,2
44521731,360085932,Brooklyn,Williamsburg,40.71557,-73.95478,Private room,100,30,8,5,61,3
44522852,360106411,Manhattan,West Village,40.73262,-74.00264,Entire home/apt,120,30,4,1,0,1
44530288,243660343,Brooklyn,Williamsburg,40.7136,-73.96245,Entire home/apt,400,30,1,2,0,0
44531911,209279462,Manhattan,East Harlem,40.79797,-73.93671,Entire home/apt,130,30,2,8,255,2
44648831,183178516,Queens,Rego Park,40.7263,-73.86134,Private room,438,30,0,6,365,0
44532220,330209479,Bronx,Baychester,40.87412,-73.85098,Private room,55,30,1,1,0,0
44533446,138016927,Manhattan,Financial District,40.70634,-74.00361,Private room,1500,30,0,1,0,0
44533754,255853430,Manhattan,Hell's Kitchen,40.76072,-73.98777,Entire home/apt,200,30,5,1,147,2
44534901,11308947,Brooklyn,Flatbush,40.6539,-73.96121,Private room,65,1,58,3,348,28
44432970,165292438,Queens,East Elmhurst,40.76728,-73.875,Entire home/apt,99,2,110,1,84,58
44651142,1163318,Manhattan,Chelsea,40.74334,-74.00214,Entire home/apt,3557,3,11,2,247,3
44659585,185022050,Brooklyn,Bensonhurst,40.61231,-73.98641,Entire home/apt,119,30,6,2,319,3
44662666,143513836,Brooklyn,Crown Heights,40.67325,-73.91569,Private room,61,30,3,4,130,2
44663787,61391963,Manhattan,Kips Bay,40.74084,-73.97774,Entire home/apt,175,30,10,116,342,6
44666838,333057838,Brooklyn,Flatlands,40.62927,-73.92178,Entire home/apt,892,1,3,9,250,0
44669388,52373970,Queens,South Ozone Park,40.6708,-73.79709,Entire home/apt,225,2,42,1,61,25
44677711,26055080,Queens,Woodside,40.74372,-73.89966,Private room,49,3,5,1,0,0
44680519,45012816,Brooklyn,Williamsburg,40.70798,-73.95254,Entire home/apt,200,2,8,1,0,0
44685047,227147313,Queens,Astoria,40.76405,-73.91456,Entire home/apt,125,3,3,1,0,0
44536602,230609871,Manhattan,Harlem,40.82535,-73.94161,Private room,87,2,18,2,75,12
44696058,27698539,Manhattan,Murray Hill,40.75038567091757,-73.98096824873036,Entire home/apt,250,30,0,2,37,0
44698756,9683962,Queens,Astoria,40.76795,-73.93245,Private room,98,30,10,1,92,9
44539744,11122099,Brooklyn,Bedford-Stuyvesant,40.6911,-73.93202,Private room,35,30,0,1,0,0
44548963,102482048,Brooklyn,Bushwick,40.68354,-73.90743,Private room,40,4,36,6,218,24
44555814,19303369,Queens,Sunnyside,40.73866,-73.92578,Private room,55,14,2,175,0,1
44556100,79743016,Manhattan,Hell's Kitchen,40.76028,-73.99969,Entire home/apt,170,30,0,1,0,0
44557918,221913542,Queens,Flushing,40.7442,-73.83489,Private room,70,1,71,9,1,24
44558113,61391963,Manhattan,Kips Bay,40.74277,-73.97809,Entire home/apt,175,30,8,116,343,5
44560332,41976199,Brooklyn,Bedford-Stuyvesant,40.68955,-73.93077,Private room,67,1,38,2,3,15
44433391,358903800,Manhattan,Harlem,40.80964,-73.94231,Private room,60,3,3,4,0,0
44434069,10711933,Brooklyn,Sheepshead Bay,40.60357,-73.95972,Entire home/apt,124,7,3,1,0,1
44434505,19303369,Queens,Sunnyside,40.73823,-73.92556,Private room,35,30,1,175,0,1
44699042,361973567,Queens,Ridgewood,40.70232,-73.89986,Entire home/apt,115,90,11,1,237,2
44435099,358933697,Brooklyn,East New York,40.67407,-73.87801,Private room,52,1,52,1,341,12
44440915,5800767,Brooklyn,Williamsburg,40.71104,-73.96225,Private room,60,30,1,1,218,1
44443829,3202210,Brooklyn,Williamsburg,40.71821,-73.95938,Entire home/apt,327,20,15,2,329,7
44448391,262657892,Brooklyn,Crown Heights,40.66624,-73.9296,Entire home/apt,272,4,31,4,103,16
44560793,8333776,Manhattan,Murray Hill,40.74711,-73.97156,Entire home/apt,199,3,3,1,0,3
44562723,137358866,Queens,Woodside,40.74294,-73.89477,Private room,74,30,6,111,309,1
44699326,47696665,Bronx,Wakefield,40.88917,-73.84927,Private room,50,5,16,1,158,7
44702152,152384999,Brooklyn,Fort Greene,40.68727,-73.97219,Entire home/apt,90,30,0,1,0,0
44568130,372811671,Manhattan,Harlem,40.82544,-73.94357,Private room,74,2,12,2,31,2
44448503,359075187,Manhattan,Upper West Side,40.80169,-73.96628,Private room,61,30,1,2,0,0
45051130,115688056,Queens,Astoria,40.77376,-73.9224,Private room,50,13,0,1,0,0
44711827,2293050,Brooklyn,Crown Heights,40.67708,-73.96174,Entire home/apt,130,4,9,1,0,0
45056520,6441411,Brooklyn,Greenpoint,40.73431,-73.95794,Entire home/apt,380,6,1,1,0,0
45057269,310205815,Manhattan,East Village,40.72422,-73.98675,Private room,99,1,111,3,93,51
45057731,19303369,Queens,Jackson Heights,40.75217,-73.87844,Private room,43,30,1,175,0,1
45064161,19303369,Queens,Woodside,40.74653,-73.89762,Private room,34,30,1,175,10,0
44570625,8686752,Manhattan,Harlem,40.81895,-73.94058,Entire home/apt,99,30,8,1,0,0
44722548,180277260,Queens,Ozone Park,40.68275,-73.83897,Entire home/apt,95,1,89,4,343,46
45064453,363643848,Brooklyn,East New York,40.67461,-73.88718,Entire home/apt,250,3,1,1,0,0
45065816,310205815,Manhattan,East Village,40.72584,-73.98808,Private room,99,1,125,3,75,69
45066000,310205815,Manhattan,East Village,40.72361,-73.98693,Private room,109,1,93,3,115,63
44739479,4335872,Brooklyn,Red Hook,40.6782,-74.01154,Entire home/apt,517,3,58,1,289,52
45067068,140233661,Queens,Arverne,40.58866,-73.79859,Entire home/apt,308,3,32,1,147,13
44573189,20676068,Queens,Sunnyside,40.74483,-73.91386,Entire home/apt,111,28,4,1,0,3
44575173,305537389,Brooklyn,Clinton Hill,40.69304,-73.96171,Entire home/apt,290,30,93,2,342,43
44575182,30770358,Queens,Ridgewood,40.70418,-73.90673,Private room,43,14,0,1,0,0
44575875,9293730,Manhattan,Upper West Side,40.795322,-73.962921,Entire home/apt,206,30,4,37,263,2
44576730,356430849,Manhattan,Midtown,40.75199,-73.97356,Private room,300,3,0,1,0,0
44579912,200239515,Queens,Woodside,40.74095,-73.89653,Private room,41,30,1,158,31,0
44580140,19303369,Queens,Woodside,40.74094,-73.89607,Private room,32,30,2,175,0,0
44740123,362166123,Brooklyn,Brighton Beach,40.57736,-73.95746,Entire home/apt,136,30,0,1,350,0
44580169,1260792,Brooklyn,Bedford-Stuyvesant,40.68956,-73.95459,Entire home/apt,80,30,1,1,95,0
44591564,318548277,Manhattan,Washington Heights,40.8443,-73.94254,Private room,50,30,0,2,296,0
44591618,164292046,Manhattan,Kips Bay,40.74471,-73.97706,Entire home/apt,120,30,2,1,7,1
44594212,19303369,Brooklyn,Williamsburg,40.70401,-73.94201,Private room,39,30,2,175,0,1
44594337,348619646,Manhattan,Midtown,40.74793,-73.98681,Entire home/apt,349,1,11,52,0,5
44595060,346824213,Manhattan,Stuyvesant Town,40.73306,-73.97855,Entire home/apt,100,14,2,1,0,0
44596584,3660702,Manhattan,Chelsea,40.74704,-73.98983,Private room,105,3,37,3,58,28
45068785,43684878,Brooklyn,Bedford-Stuyvesant,40.69333,-73.93028,Entire home/apt,130,12,25,1,16,25
44740203,70410029,Brooklyn,Bedford-Stuyvesant,40.68499,-73.92035,Entire home/apt,300,3,2,4,0,1
45070596,362635506,Manhattan,East Village,40.72441,-73.98795,Entire home/apt,469,6,59,1,299,31
44600878,21176915,Manhattan,Theater District,40.75864,-73.98309,Entire home/apt,277,6,13,1,14,6
44604668,16851857,Bronx,Wakefield,40.89814,-73.84928,Entire home/apt,70,4,14,10,360,5
44611550,22337277,Brooklyn,Bedford-Stuyvesant,40.69369,-73.94211,Entire home/apt,99,1,23,1,0,0
44613638,372811671,Manhattan,Harlem,40.82598,-73.94374,Private room,70,2,36,2,345,21
44741503,1747176,Brooklyn,Prospect Heights,40.67422,-73.96476,Entire home/apt,1200,4,8,1,83,3
44748353,51548122,Manhattan,Nolita,40.72009,-73.99462,Entire home/apt,200,15,22,53,37,12
44748567,25766360,Manhattan,Chinatown,40.71398,-73.99099,Private room,55,30,1,1,125,0
44749327,334780877,Brooklyn,Williamsburg,40.70907,-73.95637,Entire home/apt,774,30,43,1,83,25
44749512,51548122,Manhattan,Lower East Side,40.71858,-73.99369,Entire home/apt,204,15,12,53,30,6
44769471,1556814,Manhattan,Harlem,40.81463,-73.94214,Entire home/apt,450,30,1,10,310,1
44795562,4035493,Brooklyn,Vinegar Hill,40.70191,-73.98284,Entire home/apt,275,10,0,1,0,0
44798876,143513836,Brooklyn,Crown Heights,40.67342,-73.91501,Private room,61,30,3,4,250,1
44799007,219517861,Manhattan,Financial District,40.70617,-74.01486,Entire home/apt,384,2,1480,71,262,888
44799074,219517861,Manhattan,Financial District,40.70494,-74.0144,Entire home/apt,348,2,39,71,188,19
44800276,361034257,Brooklyn,Williamsburg,40.71103,-73.95251,Entire home/apt,327,6,60,1,326,30
44625524,2771914,Brooklyn,Windsor Terrace,40.65616,-73.97811,Entire home/apt,995,30,0,1,0,0
45075405,154116030,Manhattan,East Village,40.73046,-73.98915,Entire home/apt,300,5,24,1,81,18
45075497,62773733,Brooklyn,Carroll Gardens,40.6815,-73.99842,Entire home/apt,275,7,20,1,1,10
45075714,47539363,Brooklyn,Fort Greene,40.68828,-73.97201,Entire home/apt,160,4,6,1,0,0
44801335,361814116,Manhattan,Lower East Side,40.72023,-73.9939,Entire home/apt,312,6,43,1,304,25
45076726,79877283,Queens,Ditmars Steinway,40.77285,-73.91265,Private room,50,30,2,2,323,2
45076771,181711840,Bronx,Morris Heights,40.8534,-73.91028,Entire home/apt,176,2,25,1,169,15
45076897,73670220,Manhattan,Chelsea,40.73928,-74.00099,Entire home/apt,109,30,2,2,0,0
44627508,249248065,Brooklyn,Windsor Terrace,40.65086,-73.97486,Entire home/apt,248,14,0,1,79,0
44628136,13466647,Brooklyn,Bedford-Stuyvesant,40.6831,-73.92327,Entire home/apt,399,2,12,1,0,11
44631028,173857407,Brooklyn,East New York,40.66278,-73.86049,Entire home/apt,143,3,8,3,90,4
44802224,143513836,Brooklyn,Crown Heights,40.67347,-73.91657,Private room,61,30,2,4,258,1
44804027,362346111,Manhattan,East Harlem,40.79789,-73.93965,Entire home/apt,711,14,9,1,0,0
45202329,365090021,Manhattan,Harlem,40.82794,-73.94829,Private room,80,1,66,3,97,38
45203115,139712252,Brooklyn,Bedford-Stuyvesant,40.68759,-73.94436,Entire home/apt,167,4,52,2,318,27
45077681,23006601,Brooklyn,Williamsburg,40.70549,-73.92834,Private room,35,30,0,1,0,0
45079976,19303369,Manhattan,Lower East Side,40.71347,-73.98844,Private room,39,30,0,175,0,0
45084700,154949847,Brooklyn,Williamsburg,40.71155,-73.9572,Entire home/apt,232,30,5,3,1,4
45085024,196872053,Brooklyn,Brighton Beach,40.576,-73.96048,Private room,85,3,1,2,280,1
45085252,215759678,Queens,Jamaica Estates,40.72003,-73.79824,Private room,46,30,20,12,192,13
45086065,51501835,Manhattan,Upper East Side,40.78095,-73.95412,Entire home/apt,115,30,8,109,310,4
45086139,51501835,Manhattan,Upper East Side,40.78204,-73.95381,Entire home/apt,120,30,7,109,313,3
45087157,10454742,Manhattan,East Harlem,40.80332,-73.93369,Entire home/apt,200,3,0,1,0,0
45087905,4430927,Queens,Rego Park,40.72928,-73.85262,Private room,43,60,0,1,364,0
45089241,348619646,Manhattan,Midtown,40.74838,-73.98822,Private room,245,1,61,52,10,27
45089328,364015335,Brooklyn,Gravesend,40.58556,-73.96965,Entire home/apt,250,30,0,1,0,0
45089745,204704622,Queens,Woodside,40.74451,-73.89202,Private room,39,30,1,157,1,0
45091165,221913542,Queens,Flushing,40.74486,-73.83471,Private room,63,1,77,9,0,45
45091742,4027787,Brooklyn,Williamsburg,40.71513,-73.96158,Entire home/apt,850,1,62,1,5,10
44804690,362419479,Queens,St. Albans,40.69934,-73.77035,Private room,50,2,74,1,60,23
45091953,11979072,Manhattan,Greenwich Village,40.73035,-73.99926,Entire home/apt,150,25,1,1,0,0
45092503,130777278,Brooklyn,Crown Heights,40.67219,-73.95732,Entire home/apt,176,2,85,3,258,61
45092683,1601454,Manhattan,Harlem,40.80437,-73.95133,Private room,149,30,0,2,83,0
45098803,26714887,Brooklyn,Clinton Hill,40.6964,-73.96235,Private room,55,5,0,1,0,0
45203126,201813089,Manhattan,East Village,40.7265,-73.97868,Entire home/apt,225,1,51,2,27,30
45203174,357279975,Manhattan,East Harlem,40.80898,-73.93804,Entire home/apt,500,4,36,2,236,27
44807786,284790520,Manhattan,Inwood,40.86018,-73.92916,Entire home/apt,129,15,12,1,0,3
45099567,10191995,Brooklyn,Williamsburg,40.71039,-73.94669,Private room,109,7,36,1,255,33
44845241,1850631,Manhattan,Lower East Side,40.71981,-73.97859,Entire home/apt,498,3,26,1,0,1
45103576,96241534,Queens,Astoria,40.7654,-73.90822,Private room,60,3,0,1,0,0
45203962,132844782,Brooklyn,Park Slope,40.66584,-73.97927,Entire home/apt,361,2,121,2,109,63
45204055,365090021,Manhattan,Harlem,40.82814,-73.94794,Private room,141,1,49,3,95,21
45205118,75114184,Brooklyn,East New York,40.65487,-73.87345,Private room,65,30,0,1,0,0
45205306,52716387,Brooklyn,Bushwick,40.698112,-73.934021,Entire home/apt,142,1,1,1,0,1
45206350,50524402,Brooklyn,Williamsburg,40.71338,-73.94633,Entire home/apt,145,30,4,1,254,1
45208991,294320226,Brooklyn,Bedford-Stuyvesant,40.68636,-73.94091,Shared room,65,1,0,1,0,0
44848837,348619646,Manhattan,Midtown,40.7479,-73.98711,Entire home/apt,286,7,31,52,77,14
45103929,21074914,Brooklyn,Bedford-Stuyvesant,40.67933,-73.91333,Private room,55,1,56,4,5,14
44853757,57023844,Queens,Jamaica,40.68575,-73.77874,Private room,58,3,3,3,358,2
44857436,334611519,Queens,Elmhurst,40.7375,-73.88446,Entire home/apt,147,1,123,14,140,68
44866024,11599731,Brooklyn,South Slope,40.66296,-73.98598,Entire home/apt,325,60,0,1,83,0
44867191,41121817,Queens,Jamaica Hills,40.70853,-73.80117,Private room,45,30,1,2,0,0
44867899,41121817,Queens,Jamaica Hills,40.71019,-73.79997,Private room,35,30,0,2,0,0
44892016,20302754,Brooklyn,Bushwick,40.69285,-73.91138,Entire home/apt,200,30,0,3,179,0
44892194,9606640,Brooklyn,Bedford-Stuyvesant,40.68869,-73.94099,Entire home/apt,182,2,54,1,90,31
45104165,364248132,Queens,Rosedale,40.65594,-73.72897,Private room,52,30,6,2,62,4
45105081,43825074,Brooklyn,Cypress Hills,40.68824,-73.87588,Private room,33,30,2,5,333,1
45105623,15617507,Bronx,Van Nest,40.84518,-73.8635,Private room,39,3,28,6,172,17
45105690,14898658,Brooklyn,Kensington,40.64349,-73.98163,Private room,45,1,33,3,285,21
45216079,112273279,Manhattan,Morningside Heights,40.80715,-73.96599,Shared room,90,2,70,1,4,44
45216874,133602911,Bronx,Mount Hope,40.851,-73.90303,Private room,50,30,8,2,55,2
44892431,146776990,Brooklyn,East Flatbush,40.65303,-73.93249,Private room,37,30,3,5,20,1
44893832,146776990,Brooklyn,East Flatbush,40.6541,-73.93205,Private room,43,31,4,5,176,3
44899037,362433699,Manhattan,East Village,40.72373,-73.98385,Entire home/apt,446,6,63,1,299,39
45217392,365260642,Brooklyn,Sheepshead Bay,40.58488,-73.9588,Entire home/apt,135,30,1,1,0,0
45218458,15856385,Brooklyn,Carroll Gardens,40.68192,-73.99712,Entire home/apt,695,75,3,1,174,2
45219192,200239515,Queens,Woodside,40.743,-73.90464,Private room,46,30,0,158,0,0
45220334,300551054,Manhattan,Midtown,40.75617,-73.97818,Shared room,85,31,0,2,0,0
45220540,1863598,Manhattan,Financial District,40.70529,-74.01263,Entire home/apt,145,30,0,1,0,0
44902498,339715,Brooklyn,South Slope,40.66068,-73.98494,Entire home/apt,144,30,2,1,299,2
44904998,257576232,Brooklyn,Williamsburg,40.70906,-73.95025,Entire home/apt,300,3,68,1,156,46
44909638,7988149,Brooklyn,Williamsburg,40.71042,-73.96663,Private room,150,2,0,2,318,0
44910381,261167972,Brooklyn,Bedford-Stuyvesant,40.68212,-73.92153,Entire home/apt,140,3,0,2,54,0
44912102,2878399,Brooklyn,Bedford-Stuyvesant,40.68289,-73.95037,Entire home/apt,69,1,34,1,0,1
45111149,364255290,Queens,Jamaica,40.69946,-73.77736,Private room,109,1,38,1,359,19
44936827,362615913,Manhattan,Lower East Side,40.71937,-73.98248,Entire home/apt,485,6,42,1,294,20
45114711,51501835,Manhattan,Hell's Kitchen,40.76599,-73.98795,Entire home/apt,165,30,5,109,258,0
45116240,183178516,Queens,Rego Park,40.7253,-73.86104,Entire home/apt,288,30,5,6,365,0
45116893,22541573,Manhattan,Chelsea,40.74462,-73.99238,Entire home/apt,297,30,2,131,262,0
45221540,365301635,Bronx,Mount Eden,40.83887,-73.91755,Private room,82,1,10,3,360,10
44938771,177562964,Brooklyn,East Flatbush,40.64723,-73.92723,Entire home/apt,107,3,54,1,308,30
44951186,362955034,Manhattan,East Harlem,40.79186,-73.94664,Private room,100,1,0,1,0,0
44958482,34441607,Bronx,Morris Park,40.84622,-73.85699,Entire home/apt,74,7,12,1,123,0
45222438,83313026,Brooklyn,Williamsburg,40.70733,-73.94191,Private room,125,30,0,1,0,0
45222805,200239515,Queens,Woodside,40.74475,-73.90347,Private room,39,30,0,158,10,0
45223171,200239515,Queens,Woodside,40.74801,-73.89851,Private room,34,30,3,158,0,1
45223844,200239515,Queens,Woodside,40.74788,-73.89816,Private room,35,30,1,158,10,0
45224033,200239515,Queens,Woodside,40.74132,-73.89567,Private room,41,30,1,158,0,1
45224099,365337143,Queens,Fresh Meadows,40.75232,-73.78042,Entire home/apt,179,1,1,1,0,0
45224180,200239515,Queens,Jackson Heights,40.75304,-73.87676,Private room,34,30,0,158,0,0
45235352,200239515,Queens,Jackson Heights,40.75241,-73.87856,Private room,23,30,0,158,0,0
44975642,204348856,Manhattan,Midtown,40.75438,-73.96923,Entire home/apt,365,30,1,7,155,0
45235897,363403952,Bronx,Baychester,40.87683,-73.84297,Private room,64,1,92,2,85,42
45235972,200239515,Queens,Jackson Heights,40.75269,-73.87799,Private room,34,30,0,158,1,0
45236480,358903800,Manhattan,Harlem,40.80984,-73.94402,Private room,125,30,1,4,0,0
44985761,132694041,Manhattan,Midtown,40.7478,-73.98864,Entire home/apt,180,30,1,1,0,0
44996894,3473471,Brooklyn,Park Slope,40.68033,-73.97777,Entire home/apt,350,30,0,1,90,0
45236489,358151054,Bronx,Mott Haven,40.81096,-73.90637,Entire home/apt,198,7,13,3,24,6
45239940,365479070,Queens,Arverne,40.5937,-73.78891,Entire home/apt,200,2,4,1,0,0
44998151,94514185,Queens,Astoria,40.76335,-73.91266,Entire home/apt,95,14,0,1,0,0
44998579,36213174,Brooklyn,Williamsburg,40.72184,-73.95699,Entire home/apt,380,3,8,1,0,1
45240414,351371283,Bronx,Eastchester,40.87811,-73.83654,Shared room,200,5,0,1,90,0
45117459,55413233,Queens,Rockaway Beach,40.58578,-73.81749,Entire home/apt,125,1,72,1,0,0
45000145,215488365,Brooklyn,Crown Heights,40.67523210783944,-73.92995471324056,Private room,73,1,14,5,64,11
45000320,11755545,Queens,Astoria,40.76678,-73.91317,Private room,94,1,40,1,303,30
45119005,146785675,Manhattan,Chelsea,40.74155,-73.99973,Entire home/apt,215,2,10,1,0,0
45121118,27277379,Queens,Ridgewood,40.70712,-73.90904,Private room,75,2,25,1,0,20
45127521,19303369,Queens,Woodside,40.74596,-73.89322,Private room,37,30,3,175,52,1
45240828,365493358,Manhattan,Upper East Side,40.76638,-73.95472,Entire home/apt,95,30,3,1,0,0
45001256,41430560,Manhattan,Upper East Side,40.77255,-73.96047,Entire home/apt,249,5,9,1,19,6
45253125,120745552,Brooklyn,Flatlands,40.62291,-73.92224,Entire home/apt,100,2,84,1,106,33
45254502,5120972,Brooklyn,Greenpoint,40.725231,-73.952904,Entire home/apt,385,3,34,2,36,31
45013494,51548122,Manhattan,Lower East Side,40.71875,-73.99399,Entire home/apt,175,15,4,53,78,4
45015940,363326797,Brooklyn,East Flatbush,40.64699,-73.94846,Private room,100,2,1,1,364,1
45257384,940084,Brooklyn,Cobble Hill,40.68647,-73.99233,Entire home/apt,250,5,1,1,36,0
45257443,86771798,Manhattan,Tribeca,40.71775,-74.00569,Entire home/apt,499,30,3,30,213,1
45258129,107412747,Brooklyn,Williamsburg,40.71217,-73.95384,Entire home/apt,250,30,21,2,322,4
45261830,348619646,Manhattan,Midtown,40.74632,-73.98804,Entire home/apt,218,1,42,52,57,39
45261941,348619646,Manhattan,Midtown,40.74797,-73.98847,Entire home/apt,248,1,53,52,52,35
45132366,114851446,Manhattan,Upper East Side,40.7704007731848,-73.9597538637759,Entire home/apt,222,14,0,1,28,0
45034004,514261,Brooklyn,South Slope,40.66674,-73.98637,Private room,91,31,0,8,0,0
45037010,121544270,Bronx,Wakefield,40.88839,-73.85495,Entire home/apt,135,30,0,1,365,0
45268111,39162543,Bronx,Morris Heights,40.84971,-73.92299,Entire home/apt,313,2,14,1,361,10
45268539,73564528,Queens,St. Albans,40.69396,-73.75638,Entire home/apt,100,7,23,2,179,14
45270114,348619646,Manhattan,Midtown,40.74639,-73.9885,Entire home/apt,259,1,44,52,5,20
45270317,348619646,Manhattan,Midtown,40.74816,-73.98737,Entire home/apt,298,1,18,52,239,16
45270476,348619646,Manhattan,Midtown,40.74757,-73.98877,Entire home/apt,280,1,22,52,75,7
45270796,83786650,Manhattan,Upper East Side,40.7602,-73.96071,Entire home/apt,150,30,5,16,0,2
45272578,365819135,Queens,Astoria,40.76596,-73.90987,Shared room,52,30,1,1,0,0
45045785,35594166,Manhattan,Chinatown,40.71626,-73.99093,Private room,100,7,2,2,348,2
45048137,301123804,Manhattan,Harlem,40.82233,-73.93806,Private room,38,30,1,1,0,0
45344367,107434423,Manhattan,Financial District,40.7056,-74.00878,Entire home/apt,425,31,0,453,28,0
45345628,107434423,Manhattan,Financial District,40.7056,-74.00878,Entire home/apt,323,31,0,453,302,0
45348615,1921481,Brooklyn,Bushwick,40.68708,-73.90764,Entire home/apt,125,30,0,1,263,0
45133294,305090694,Brooklyn,Borough Park,40.6097,-73.97337,Entire home/apt,144,2,17,2,0,0
45138225,360085932,Brooklyn,Williamsburg,40.71527,-73.95491,Private room,195,2,1,5,27,0
45138618,48593753,Manhattan,Morningside Heights,40.80365,-73.95949,Entire home/apt,120,30,3,7,128,1
45138735,51501835,Manhattan,Hell's Kitchen,40.76728,-73.99005,Entire home/apt,125,30,1,109,255,0
45138779,305090694,Brooklyn,Bensonhurst,40.60896,-73.97332,Private room,49,1,8,2,0,0
45349187,30532557,Brooklyn,Bushwick,40.70032,-73.93894,Private room,39,30,1,26,317,1
45349413,262060162,Bronx,Olinville,40.88039,-73.86753,Entire home/apt,99,3,12,4,34,12
45139002,135031316,Queens,Woodside,40.74538,-73.91103,Private room,89,1,68,1,63,42
45143238,364572188,Brooklyn,East Flatbush,40.63272,-73.94426,Shared room,55,3,10,1,50,3
45143239,242924411,Brooklyn,Bedford-Stuyvesant,40.68487,-73.95445,Entire home/apt,155,1,23,7,82,6
45151029,61391963,Manhattan,Upper East Side,40.77135,-73.95527,Entire home/apt,142,30,4,116,343,3
45275002,10716114,Brooklyn,DUMBO,40.70404,-73.98769,Entire home/apt,499,2,16,2,16,0
45275194,23772724,Manhattan,Upper East Side,40.7745,-73.9512,Entire home/apt,99,30,6,58,342,1
45349876,105935463,Queens,Arverne,40.59607,-73.79557,Private room,136,2,47,1,64,25
45350372,6097120,Brooklyn,Bedford-Stuyvesant,40.68094,-73.9584,Private room,108,2,7,1,1,1
45350621,107075450,Queens,Ridgewood,40.69754,-73.90539,Private room,45,30,0,1,0,0
45350904,86771798,Manhattan,Tribeca,40.71961,-74.00378,Entire home/apt,499,30,4,30,126,3
45353408,4771202,Manhattan,Harlem,40.82116,-73.95688,Entire home/apt,99,3,5,1,2,2
45359389,557034,Brooklyn,Crown Heights,40.67298,-73.93247,Entire home/apt,359,7,11,1,0,1
45362021,89030405,Brooklyn,Greenpoint,40.71943,-73.95365,Entire home/apt,180,30,2,1,0,0
45362333,1609077,Queens,Forest Hills,40.71598,-73.84765,Private room,200,3,3,5,365,2
45362848,63930670,Brooklyn,Williamsburg,40.71377,-73.96077,Private room,60,92,0,1,0,0
45366428,30532557,Brooklyn,Bushwick,40.70096,-73.94027,Private room,38,30,1,26,249,0
45367802,5416971,Brooklyn,Prospect-Lefferts Gardens,40.65544,-73.95806,Private room,57,3,0,3,0,0
45368990,83076610,Queens,St. Albans,40.70603,-73.75126,Entire home/apt,155,2,23,1,0,2
45277024,164345159,Manhattan,Upper East Side,40.76097,-73.96213,Private room,105,1,34,1,3,34
45277303,51501835,Manhattan,Hell's Kitchen,40.76749,-73.98807,Entire home/apt,125,30,5,109,296,1
45277434,51501835,Manhattan,Hell's Kitchen,40.76747,-73.98802,Entire home/apt,130,30,3,109,274,0
45277537,51501835,Manhattan,Hell's Kitchen,40.76661,-73.9881,Entire home/apt,170,30,6,109,272,3
45281615,47988351,Manhattan,Chinatown,40.71302,-73.99595,Private room,126,3,22,2,90,22
45282181,148897644,Queens,Forest Hills,40.73527,-73.85349,Entire home/apt,120,3,1,2,180,1
45286452,204704622,Queens,Jackson Heights,40.7509,-73.87708,Private room,39,30,0,157,0,0
45286461,24827643,Brooklyn,Carroll Gardens,40.68034,-73.99291,Entire home/apt,500,30,2,1,64,1
45157580,364690311,Manhattan,Upper West Side,40.80185,-73.96557,Entire home/apt,150,60,2,1,242,1
45162346,364248132,Queens,Rosedale,40.65414,-73.72728,Private room,55,28,6,2,336,1
45164113,314360921,Manhattan,West Village,40.72954,-74.00569,Entire home/apt,199,30,1,1,0,0
45164291,7013452,Manhattan,Gramercy,40.7362,-73.98229,Entire home/apt,282,7,2,1,74,1
45167238,363403952,Bronx,Baychester,40.87452,-73.84338,Private room,81,1,125,2,174,62
45167846,70154608,Manhattan,Chelsea,40.74304,-73.99854,Private room,55,30,0,2,122,0
45370387,3223938,Queens,Ridgewood,40.70107,-73.90538,Private room,34,90,0,288,28,0
45375727,1346505,Brooklyn,Greenpoint,40.73337,-73.95731,Entire home/apt,120,30,0,1,0,0
45379767,306024152,Queens,South Ozone Park,40.67194,-73.79513,Private room,63,3,21,5,25,20
45380558,200239515,Queens,Woodside,40.74131,-73.89744,Private room,43,30,0,158,48,0
45380646,362781480,Brooklyn,Sunset Park,40.66273,-73.99318,Private room,70,30,0,1,0,0
45286592,157589285,Bronx,Claremont Village,40.83805,-73.9087,Private room,62,3,36,1,330,26
45287391,19303369,Queens,Jackson Heights,40.7512,-73.87821,Private room,36,30,0,175,3,0
45380846,83786650,Manhattan,Upper East Side,40.76164,-73.96261,Entire home/apt,68,30,3,16,0,1
45383580,6857752,Manhattan,West Village,40.73294,-74.00555,Entire home/apt,260,30,1,1,0,0
45287978,45558825,Manhattan,Harlem,40.82633,-73.94433,Entire home/apt,140,30,1,1,154,1
45290301,60376755,Queens,Long Island City,40.75418,-73.93508,Entire home/apt,300,30,0,1,0,0
45295952,54677106,Brooklyn,Prospect Heights,40.67771,-73.96801,Entire home/apt,275,2,31,1,0,22
45172904,66842467,Brooklyn,Brooklyn Heights,40.69441,-73.99325,Entire home/apt,200,7,10,1,146,8
45173392,62533391,Brooklyn,Borough Park,40.63324,-74.00574,Private room,50,30,0,3,0,0
45175117,4176838,Manhattan,Lower East Side,40.71891,-73.99283,Entire home/apt,139,14,2,1,0,0
45175969,14898658,Brooklyn,Kensington,40.64359,-73.98116,Private room,65,1,6,3,275,3
45384737,102618751,Brooklyn,East New York,40.65959,-73.89166,Entire home/apt,261,6,36,3,326,17
45384916,204704622,Queens,Woodside,40.74128,-73.89793,Private room,37,30,0,157,0,0
45390820,28574655,Brooklyn,Crown Heights,40.67404,-73.9422,Entire home/apt,290,30,2,2,0,0
45393851,51548122,Manhattan,Little Italy,40.71966,-73.99594,Entire home/apt,150,15,6,53,0,0
45396954,107434423,Manhattan,Upper East Side,40.77595,-73.95559,Entire home/apt,517,31,1,453,262,0
45398227,348619646,Manhattan,Midtown,40.74823,-73.9869,Entire home/apt,299,7,1,52,66,1
45398984,51501835,Manhattan,Hell's Kitchen,40.76524,-73.98926,Entire home/apt,125,30,4,109,262,3
45399393,225105519,Bronx,Wakefield,40.88332,-73.85018,Entire home/apt,325,3,7,1,174,1
45176100,360180465,Brooklyn,Williamsburg,40.71628,-73.94137,Private room,45,30,0,1,0,0
45176673,51501835,Manhattan,Hell's Kitchen,40.76566,-73.98969,Entire home/apt,118,30,2,109,264,1
45296324,47703629,Brooklyn,Williamsburg,40.70675,-73.9384,Entire home/apt,90,30,0,1,0,0
45300663,19303369,Queens,Woodside,40.74125,-73.89591,Private room,35,30,1,175,4,0
45301291,1831089,Manhattan,Hell's Kitchen,40.75896,-73.9959,Entire home/apt,130,30,6,1,4,3
45303002,2981156,Brooklyn,Bedford-Stuyvesant,40.68025,-73.9187,Private room,81,2,10,1,0,9
45400472,8255401,Bronx,Concourse,40.82087,-73.92718,Entire home/apt,149,4,73,1,116,37
45400513,232747773,Manhattan,Harlem,40.8114,-73.9433,Entire home/apt,145,30,2,2,168,1
45305015,344320464,Manhattan,Washington Heights,40.85939,-73.92687,Entire home/apt,142,1,75,2,119,49
45308975,107381650,Brooklyn,Williamsburg,40.71278,-73.94681,Entire home/apt,600,1,20,1,0,4
45310726,1766799,Brooklyn,Williamsburg,40.71051,-73.93471,Entire home/apt,1000,30,0,1,358,0
45176684,364844663,Brooklyn,Fort Greene,40.68704,-73.9785,Entire home/apt,325,7,47,5,221,28
45407980,92588965,Brooklyn,Cypress Hills,40.68202,-73.88856,Entire home/apt,185,2,66,1,300,30
45177570,37771318,Manhattan,Upper East Side,40.76848,-73.95262,Entire home/apt,200,30,0,1,363,0
45314824,356808007,Brooklyn,Williamsburg,40.70992,-73.95589,Private room,120,4,10,4,90,5
45408614,63949298,Queens,Elmhurst,40.73226,-73.88729,Entire home/apt,112,2,58,1,99,35
45314941,157438943,Bronx,Belmont,40.85829,-73.89265,Private room,60,2,0,1,0,0
45179714,125775383,Bronx,Parkchester,40.83549,-73.86306,Entire home/apt,155,1,141,1,346,47
45409765,107434423,Manhattan,Upper East Side,40.77595,-73.95559,Entire home/apt,360,31,0,453,270,0
45410050,360573155,Manhattan,Inwood,40.86781,-73.92412,Private room,104,1,147,2,164,68
45181832,364597810,Brooklyn,Bensonhurst,40.60955,-74.00285,Entire home/apt,161,4,46,2,164,26
45185136,34957712,Brooklyn,Williamsburg,40.71087,-73.9542,Private room,95,30,3,1,0,0
45187777,3223938,Brooklyn,Bushwick,40.69146,-73.91221,Private room,34,90,2,288,341,0
45314999,81274648,Brooklyn,Bushwick,40.69836,-73.93113,Private room,66,3,26,3,66,17
45410897,367228312,Queens,Rosedale,40.65777,-73.7387,Entire home/apt,254,3,20,1,323,10
45315558,366282966,Brooklyn,Bay Ridge,40.63472,-74.02479,Entire home/apt,148,3,190,1,332,65
45318765,73676875,Bronx,Claremont Village,40.84316,-73.90681,Entire home/apt,93,15,11,2,2,7
45326344,19113611,Brooklyn,Park Slope,40.66953,-73.98072,Entire home/apt,400,30,0,1,162,0
45189535,364960386,Manhattan,Upper West Side,40.78834,-73.98006,Private room,70,30,22,1,365,15
45191000,40642269,Brooklyn,Crown Heights,40.67265,-73.95581,Private room,50,3,0,1,0,0
45191374,272340857,Brooklyn,Williamsburg,40.71851,-73.95884,Entire home/apt,107,31,0,1,94,0
45192635,2246147,Manhattan,Harlem,40.80312,-73.95011,Entire home/apt,200,30,2,1,249,0
45192663,184915300,Manhattan,Chinatown,40.71688,-73.99221,Private room,90,14,3,2,339,0
45201724,10078038,Brooklyn,Williamsburg,40.71381,-73.9543,Entire home/apt,140,5,16,1,2,5
45492378,22541573,Manhattan,Financial District,40.70562,-74.0082,Entire home/apt,390,30,0,131,346,0
45492428,22541573,Manhattan,Financial District,40.70503,-74.00967,Entire home/apt,304,30,0,131,354,0
45492621,7590917,Manhattan,East Village,40.72966,-73.9834,Private room,200,1,3,1,0,0
45412133,216793414,Manhattan,NoHo,40.72482,-73.99317,Entire home/apt,265,9,14,1,0,4
45412157,53821850,Brooklyn,Williamsburg,40.70891,-73.94603,Entire home/apt,141,1,97,3,146,58
45413193,4601412,Brooklyn,Bushwick,40.69162,-73.9239,Private room,90,5,105,1,258,56
45493468,112586899,Manhattan,East Village,40.72413,-73.98858,Private room,300,1,0,1,0,0
45326505,366377975,Brooklyn,Sheepshead Bay,40.60107,-73.94194,Entire home/apt,329,2,24,1,361,12
45327468,37883321,Brooklyn,Bedford-Stuyvesant,40.68704,-73.9458,Private room,65,30,3,8,34,1
45328502,19303369,Queens,Woodside,40.7416,-73.89596,Private room,41,30,0,175,0,0
45330395,51501835,Manhattan,Hell's Kitchen,40.76719,-73.98822,Entire home/apt,125,30,6,109,258,4
45413435,68335750,Manhattan,East Harlem,40.79349,-73.95108,Entire home/apt,121,3,12,3,7,8
45414252,204348856,Manhattan,Midtown,40.75264,-73.97072,Entire home/apt,240,30,2,7,180,2
45414303,204348856,Manhattan,Midtown,40.75429,-73.97246,Entire home/apt,249,30,3,7,115,0
45418350,51501835,Manhattan,Hell's Kitchen,40.76583,-73.99004,Entire home/apt,125,30,6,109,273,2
45418869,64889149,Brooklyn,Fort Greene,40.68573,-73.97794,Entire home/apt,180,30,3,3,178,0
45420463,107434423,Manhattan,Upper East Side,40.77595,-73.95559,Entire home/apt,320,31,0,453,0,0
45421986,86837447,Manhattan,Lower East Side,40.72305,-73.99105,Entire home/apt,295,30,0,1,0,0
45331602,288972,Manhattan,Financial District,40.71112,-74.00822,Entire home/apt,200,60,0,1,0,0
45335934,183059897,Brooklyn,East New York,40.66834,-73.87616,Entire home/apt,101,3,63,2,261,19
45340304,107434423,Manhattan,Financial District,40.7056,-74.00878,Entire home/apt,484,31,1,453,14,0
45340880,6467048,Queens,Woodhaven,40.68652,-73.85819,Private room,49,30,0,1,0,0
45341673,107434423,Manhattan,Financial District,40.7056,-74.00878,Entire home/apt,476,31,0,453,340,0
45493984,1356834,Brooklyn,Carroll Gardens,40.68349,-73.99128,Entire home/apt,199,5,2,1,282,1
45423819,209370689,Brooklyn,Bushwick,40.69193,-73.90903,Entire home/apt,130,4,25,1,0,0
45424264,360573155,Manhattan,Inwood,40.86754,-73.92506,Private room,104,1,34,2,352,34
45424770,82088787,Staten Island,Castleton Corners,40.62405,-74.12465,Entire home/apt,99,2,0,2,305,0
45494737,3317431,Manhattan,Upper West Side,40.78731,-73.97617,Entire home/apt,477,30,0,1,0,0
45503538,20084270,Brooklyn,Prospect-Lefferts Gardens,40.66033,-73.96036,Entire home/apt,150,5,2,2,0,2
45425730,117842223,Queens,Jamaica,40.69074,-73.80449,Entire home/apt,134,1,16,1,365,8
45503836,147291440,Queens,Cambria Heights,40.7033,-73.73777,Entire home/apt,80,3,15,2,160,15
45631529,341515596,Manhattan,Midtown,40.75372,-73.97175,Private room,300,3,0,1,0,0
45427869,107434423,Manhattan,Upper East Side,40.77595,-73.95559,Entire home/apt,335,31,1,453,338,1
45433111,13025262,Brooklyn,South Slope,40.66938,-73.98911,Private room,200,1,0,1,0,0
45631931,258856587,Bronx,Mott Haven,40.81159,-73.90496,Entire home/apt,95,1,18,1,312,10
45633763,43431319,Bronx,Highbridge,40.83816,-73.92401,Entire home/apt,35,30,2,1,0,0
45634265,11699652,Brooklyn,Cobble Hill,40.68926,-73.99463,Entire home/apt,170,3,79,1,60,42
45634496,22541573,Manhattan,Upper East Side,40.77296,-73.95065,Entire home/apt,257,30,0,131,327,0
45504644,25226604,Brooklyn,Carroll Gardens,40.68492,-73.99004,Entire home/apt,240,30,4,1,0,0
45435227,367507745,Manhattan,Hell's Kitchen,40.76286,-73.99103,Private room,155,5,42,1,77,22
45505206,367954857,Brooklyn,Bedford-Stuyvesant,40.68553,-73.9506,Entire home/apt,120,30,10,1,182,4
45505393,25596933,Manhattan,Tribeca,40.72064,-74.00935,Entire home/apt,650,31,2,1,94,1
45506052,30532557,Brooklyn,Bushwick,40.70081,-73.94034,Private room,38,30,2,26,249,0
45507972,70007560,Manhattan,East Harlem,40.79383,-73.94531,Private room,80,3,0,3,0,0
45512846,675317,Brooklyn,Greenpoint,40.73504,-73.95854,Private room,80,2,0,1,0,0
45515771,1364042,Manhattan,Chinatown,40.71655,-73.99227,Entire home/apt,236,4,14,2,25,5
45636571,100688,Brooklyn,Williamsburg,40.72047,-73.95517,Entire home/apt,300,14,1,1,0,0
45638455,77050010,Brooklyn,Flatlands,40.62328,-73.93486,Entire home/apt,80,2,8,1,0,0
45642113,244817841,Brooklyn,East New York,40.66953,-73.89574,Private room,42,30,1,9,0,1
45435572,203307016,Brooklyn,Sheepshead Bay,40.5912,-73.94868,Private room,85,2,8,2,365,8
45650616,369817284,Manhattan,Gramercy,40.73817,-73.98229,Entire home/apt,189,30,6,4,303,5
45652552,162280872,Manhattan,Upper East Side,40.77553,-73.94758,Entire home/apt,185,30,8,98,312,6
45518443,7561215,Brooklyn,Williamsburg,40.71883,-73.95061,Entire home/apt,220,7,2,1,0,0
45437965,334163301,Queens,Woodside,40.74442,-73.89171,Private room,30,30,0,2,0,0
45439383,111480022,Brooklyn,Fort Greene,40.69526,-73.97279,Entire home/apt,80,2,0,1,0,0
45440273,1164771,Brooklyn,Clinton Hill,40.68641,-73.96187,Entire home/apt,513,3,15,1,239,10
45440460,8730173,Brooklyn,Crown Heights,40.67464,-73.95024,Private room,65,7,2,2,28,0
45440811,8730173,Brooklyn,Crown Heights,40.67701,-73.95035,Entire home/apt,249,3,24,2,0,11
45448589,308165996,Brooklyn,Bushwick,40.69605,-73.9289,Entire home/apt,215,30,5,4,236,4
45449245,22541573,Manhattan,Midtown,40.74561,-73.99037,Entire home/apt,414,30,1,131,333,0
45454788,356808007,Brooklyn,Williamsburg,40.71198,-73.95571,Entire home/apt,200,5,2,4,70,2
45456352,307197943,Manhattan,Hell's Kitchen,40.7615,-73.99681,Entire home/apt,1128,1,62,6,56,38
45519132,223087887,Queens,Corona,40.73875,-73.8642,Shared room,40,1,9,6,332,8
45527090,368570321,Brooklyn,South Slope,40.66673,-73.98563,Entire home/apt,165,2,108,1,78,66
45530424,35874285,Brooklyn,Fort Greene,40.68898,-73.97946,Private room,65,60,0,1,0,0
45530821,22541573,Manhattan,Upper East Side,40.77321,-73.95096,Entire home/apt,252,30,0,131,355,0
45530831,22541573,Manhattan,Upper East Side,40.77286,-73.94937,Entire home/apt,310,30,0,131,346,0
45530837,22541573,Manhattan,West Village,40.73153,-74.00844,Entire home/apt,424,30,0,131,346,0
45530901,22541573,Manhattan,Upper East Side,40.77495,-73.95044,Entire home/apt,173,30,1,131,359,1
45530908,22541573,Manhattan,Upper East Side,40.77321,-73.94897,Entire home/apt,304,30,1,131,334,1
45530938,22541573,Manhattan,Hell's Kitchen,40.75322,-73.9954,Entire home/apt,401,30,1,131,347,1
45531048,22541573,Manhattan,Gramercy,40.73758,-73.98257,Entire home/apt,338,30,0,131,316,0
45531054,22541573,Manhattan,Kips Bay,40.7396,-73.98304,Entire home/apt,308,30,2,131,261,1
45531058,22541573,Manhattan,Kips Bay,40.73883,-73.98255,Entire home/apt,403,30,0,131,312,0
45652742,131993336,Queens,Forest Hills,40.71809,-73.85056,Entire home/apt,102,2,89,1,204,56
45652910,293753583,Manhattan,Hell's Kitchen,40.7584,-73.99308,Entire home/apt,306,30,2,9,136,2
45654763,19303369,Queens,Sunnyside,40.73775,-73.92609,Private room,38,30,2,175,10,0
45655065,2800064,Brooklyn,Greenpoint,40.72375,-73.95343,Entire home/apt,550,7,4,2,0,3
45656086,369226179,Manhattan,Murray Hill,40.7476,-73.97714,Entire home/apt,229,30,29,2,325,22
45656267,369226179,Manhattan,Murray Hill,40.7476,-73.97714,Entire home/apt,265,30,44,2,356,30
45457047,51501835,Manhattan,Hell's Kitchen,40.76737,-73.98787,Entire home/apt,125,30,2,109,273,1
45463342,61391963,Manhattan,Murray Hill,40.74635,-73.97909,Entire home/apt,150,30,4,116,338,1
45463521,1723734,Manhattan,East Village,40.72703,-73.97707,Entire home/apt,215,31,6,1,0,3
45464865,7112947,Brooklyn,Crown Heights,40.66519,-73.95963,Entire home/apt,63,20,0,1,0,0
45465142,9598750,Brooklyn,Prospect Heights,40.6789,-73.97216,Entire home/apt,110,40,0,1,0,0
45466085,19303369,Brooklyn,Bedford-Stuyvesant,40.68846,-73.94969,Private room,49,30,1,175,9,1
45466241,83786650,Manhattan,Upper East Side,40.76048,-73.96175,Entire home/apt,150,30,0,16,0,0
45469752,30532557,Brooklyn,Bushwick,40.70071,-73.93886,Private room,37,30,1,26,273,1
45471095,34918937,Manhattan,Harlem,40.81039,-73.94308,Entire home/apt,890,2,37,1,350,25
45472312,51501835,Manhattan,Upper East Side,40.78005,-73.95252,Entire home/apt,125,30,8,109,299,6
45479645,35491667,Manhattan,Washington Heights,40.852436573438936,-73.92890326504731,Entire home/apt,95,30,0,2,270,0
45480607,153392552,Brooklyn,Bedford-Stuyvesant,40.68702,-73.94115,Entire home/apt,220,3,93,1,14,49
45482929,83786650,Manhattan,Upper East Side,40.76048,-73.96175,Entire home/apt,130,30,3,16,44,1
45483048,51501835,Manhattan,Hell's Kitchen,40.76661,-73.99016,Entire home/apt,125,30,5,109,271,1
45484178,368042440,Brooklyn,Bedford-Stuyvesant,40.6815,-73.92797,Private room,70,1,7,1,0,0
45485378,367724384,Manhattan,Harlem,40.82159,-73.95505,Private room,20,30,1,1,0,0
45656925,185446,Brooklyn,Bushwick,40.7001,-73.92957,Private room,100,2,42,1,95,18
45531530,341913604,Brooklyn,Crown Heights,40.67109,-73.95701,Entire home/apt,270,4,48,1,35,32
45532657,284862936,Bronx,Mount Eden,40.8424,-73.92199,Private room,80,3,0,1,0,0
45492242,22541573,Manhattan,Financial District,40.70385,-74.00935,Entire home/apt,390,30,1,131,348,0
45492275,22541573,Manhattan,Upper West Side,40.78977,-73.97808,Entire home/apt,163,30,1,131,333,0
45732541,101573638,Brooklyn,Williamsburg,40.70893,-73.9516,Private room,96,4,88,2,139,58
45733405,7198128,Brooklyn,Bushwick,40.69687,-73.93219,Private room,72,1,62,2,0,61
45532748,8651852,Brooklyn,Bedford-Stuyvesant,40.69461,-73.94762,Entire home/apt,495,1,54,1,128,18
45657642,32589568,Brooklyn,Bay Ridge,40.63823,-74.03032,Private room,42,30,1,2,44,1
45658557,1171497,Manhattan,Harlem,40.8079,-73.95012,Private room,95,5,24,8,248,9
45738048,51548122,Manhattan,Chinatown,40.71804,-73.99529,Entire home/apt,170,15,16,53,43,6
45738049,7198128,Brooklyn,Bushwick,40.69733,-73.93065,Private room,70,1,58,2,0,56
45738105,370772965,Brooklyn,Prospect-Lefferts Gardens,40.65815,-73.94899,Entire home/apt,114,2,35,1,88,34
45659035,1676172,Queens,Woodside,40.75565,-73.90706,Entire home/apt,65,30,4,1,79,1
45738575,265413038,Manhattan,East Harlem,40.80033,-73.94575,Entire home/apt,275,3,93,2,99,49
45741022,370807118,Queens,Flushing,40.77414,-73.8017,Private room,45,1,2,1,0,0
45742412,334740780,Queens,Astoria,40.75785,-73.91536,Entire home/apt,75,10,0,1,0,0
45659431,221623897,Brooklyn,Crown Heights,40.6739,-73.94746,Entire home/apt,60,10,0,1,0,0
45538489,40490199,Brooklyn,Brooklyn Heights,40.70058,-73.99145,Entire home/apt,160,3,10,1,0,8
45543348,219517861,Manhattan,Financial District,40.70651,-74.01469,Entire home/apt,450,2,8,71,309,4
45543400,265576141,Queens,Rockaway Beach,40.58981,-73.81195,Private room,47,5,6,2,350,6
45543458,17429459,Manhattan,Chelsea,40.74052,-73.99953,Entire home/apt,600,30,0,1,0,0
45742729,9293730,Manhattan,Harlem,40.801476,-73.955032,Entire home/apt,150,30,7,37,283,4
45743027,341908723,Manhattan,Harlem,40.82752,-73.93805,Private room,38,30,1,53,37,0
45743667,341908723,Manhattan,Harlem,40.82814,-73.93842,Private room,50,30,2,53,288,1
45743871,341908723,Manhattan,Harlem,40.8184,-73.94014,Private room,43,30,0,53,280,0
45744289,341908723,Manhattan,Harlem,40.81786,-73.93995,Private room,40,30,0,53,116,0
45744441,341908723,Manhattan,Harlem,40.81957,-73.93902,Private room,47,30,1,53,341,0
45744539,341908723,Manhattan,Harlem,40.81818,-73.94066,Private room,47,30,2,53,341,1
45744619,51033911,Brooklyn,Bushwick,40.69975,-73.93681,Entire home/apt,187,3,41,2,50,24
45664845,369951498,Manhattan,Lower East Side,40.72093198711,-73.9906986869526,Entire home/apt,216,2,3,3,27,3
45668457,200239515,Queens,Elmhurst,40.74072,-73.87585,Private room,39,30,0,158,0,0
45669937,145399240,Brooklyn,Crown Heights,40.66656,-73.93349,Private room,50,1,0,1,0,0
45670010,74178500,Manhattan,Hell's Kitchen,40.76648,-73.99317,Entire home/apt,150,5,5,1,0,0
45744659,341908723,Manhattan,Harlem,40.81772,-73.94008,Private room,43,30,1,53,258,1
45744802,341908723,Manhattan,Harlem,40.81985,-73.9389,Private room,40,30,2,53,339,0
45747288,48978249,Queens,Flushing,40.75311,-73.82737,Private room,200,3,0,1,365,0
45747325,289948179,Manhattan,Upper East Side,40.77225,-73.96319,Entire home/apt,190,30,8,4,291,7
45747355,51548122,Manhattan,Chinatown,40.71818,-73.99534,Entire home/apt,200,15,22,53,61,12
45748469,15929157,Queens,Arverne,40.59163,-73.79331,Private room,54,30,2,2,32,0
45670897,369994560,Queens,Hollis,40.71093,-73.77618,Entire home/apt,170,1,5,1,341,5
45671726,9419684,Manhattan,Upper East Side,40.76366,-73.9586,Entire home/apt,487,30,0,79,320,0
45546689,39762329,Brooklyn,Greenpoint,40.72802,-73.9531,Entire home/apt,175,2,7,1,95,4
45547297,51501835,Manhattan,Hell's Kitchen,40.76526,-73.98867,Entire home/apt,125,30,4,109,280,2
45748772,15929157,Queens,Arverne,40.59301,-73.79325,Private room,41,30,4,2,360,1
45750069,45958654,Manhattan,Chelsea,40.75083,-73.99825,Entire home/apt,175,2,39,1,0,9
45547497,232653095,Brooklyn,Bushwick,40.68344,-73.90727,Private room,75,1,11,1,249,11
45547548,51501835,Manhattan,Hell's Kitchen,40.76545,-73.98847,Entire home/apt,150,30,4,109,219,1
45750107,61391963,Manhattan,Murray Hill,40.74909,-73.9774,Entire home/apt,175,30,7,116,312,5
45750319,61391963,Manhattan,Kips Bay,40.74448,-73.97929,Entire home/apt,159,30,6,116,314,3
45752036,51548122,Manhattan,Lower East Side,40.7183,-73.99418,Entire home/apt,175,15,10,53,43,5
45550545,21792245,Brooklyn,South Slope,40.66837,-73.98912,Private room,88,2,1,1,273,1
45671894,240480084,Brooklyn,Greenpoint,40.72626,-73.95905,Entire home/apt,168,5,11,1,113,5
45752068,23772724,Manhattan,Upper East Side,40.7731,-73.95306,Entire home/apt,99,30,3,58,98,1
45752087,137129564,Queens,Flushing,40.75238,-73.81428,Private room,49,1,40,6,133,22
45752267,51548122,Manhattan,Chinatown,40.71848,-73.99585,Entire home/apt,155,15,12,53,39,7
45752780,65775049,Brooklyn,Bedford-Stuyvesant,40.6874,-73.95601,Entire home/apt,380,4,0,1,0,0
45754166,47900722,Queens,Cambria Heights,40.68631,-73.73544,Entire home/apt,260,1,2,5,68,1
45754690,1171497,Manhattan,Harlem,40.80813,-73.94963,Private room,73,5,18,8,249,9
45756912,5954527,Brooklyn,East New York,40.66668,-73.86041,Entire home/apt,95,2,19,1,0,12
45758887,125755479,Queens,Long Island City,40.74719,-73.93601,Entire home/apt,180,5,2,1,250,2
45672204,198716390,Manhattan,Chelsea,40.74756,-73.99064,Entire home/apt,200,15,3,1,0,0
45557476,368629649,Queens,Astoria,40.76238,-73.92096,Private room,200,1,0,1,0,0
45763274,224009,Manhattan,East Harlem,40.79352,-73.94042,Entire home/apt,425,14,0,2,0,0
45765604,38592279,Manhattan,Midtown,40.74559,-73.98811,Private room,357,1,21,26,27,5
45766243,29131657,Manhattan,Upper East Side,40.76075,-73.96322,Entire home/apt,130,4,3,1,0,0
45557629,4199653,Manhattan,Upper East Side,40.78063,-73.95273,Entire home/apt,155,10,2,1,69,0
45558214,518821,Brooklyn,Flatlands,40.61673,-73.92747,Entire home/apt,170,1,143,1,166,64
45559622,24191602,Brooklyn,Williamsburg,40.7138,-73.96399,Entire home/apt,160,30,1,3,5,0
45561535,37883321,Brooklyn,Bedford-Stuyvesant,40.68698,-73.94375,Private room,50,30,1,8,184,0
45672270,328977827,Manhattan,Chinatown,40.71451,-73.99642,Entire home/apt,60,30,0,1,0,0
45673206,69683180,Manhattan,Hell's Kitchen,40.76031,-73.99845,Private room,120,30,0,2,0,0
45673305,200239515,Queens,Woodside,40.74274,-73.90262,Private room,39,30,0,158,0,0
45767156,366142747,Brooklyn,Bedford-Stuyvesant,40.68366,-73.93714,Private room,50,1,5,3,0,0
45767160,48345272,Manhattan,Chinatown,40.71394,-73.99123,Entire home/apt,110,105,4,2,365,2
45767271,366142747,Brooklyn,Bedford-Stuyvesant,40.68505,-73.9379,Private room,50,1,8,3,0,0
45767373,366142747,Brooklyn,Bedford-Stuyvesant,40.68493,-73.93864,Private room,50,1,2,3,0,0
45767768,22541573,Manhattan,Flatiron District,40.74406,-73.99051,Entire home/apt,343,30,1,131,332,0
45767789,22541573,Manhattan,Murray Hill,40.74871,-73.97989,Entire home/apt,297,30,0,131,253,0
45767847,22541573,Manhattan,Upper West Side,40.7864,-73.97298,Entire home/apt,175,30,1,131,259,1
45767893,22541573,Manhattan,Midtown,40.76418,-73.98158,Entire home/apt,361,30,2,131,331,0
45767951,22541573,Manhattan,Midtown,40.74567,-73.99024,Entire home/apt,500,30,0,131,241,0
45767958,22541573,Manhattan,Midtown,40.75708,-73.98032,Entire home/apt,530,30,0,131,291,0
45767999,22541573,Manhattan,Financial District,40.70569,-74.00974,Entire home/apt,390,30,0,131,360,0
45768037,22541573,Manhattan,Murray Hill,40.7492,-73.98171,Entire home/apt,403,30,0,131,353,0
45773311,194927513,Staten Island,Westerleigh,40.61785,-74.1352,Entire home/apt,104,2,97,1,135,57
45673446,370019723,Queens,Kew Gardens Hills,40.73074,-73.82219,Private room,130,3,0,1,0,0
45673594,200239515,Queens,Elmhurst,40.7393,-73.87557,Private room,28,30,0,158,0,0
45673803,350196525,Manhattan,Upper East Side,40.77364,-73.95511,Private room,120,1,77,1,230,49
45565875,9962257,Brooklyn,Greenpoint,40.72751,-73.95694,Entire home/apt,1180,5,13,1,63,9
45773573,164692592,Manhattan,Upper East Side,40.77347,-73.95165,Entire home/apt,195,30,1,1,55,1
45774143,315563761,Brooklyn,Williamsburg,40.7167816,-73.959178,Entire home/apt,450,30,35,1,250,13
45775212,143194785,Staten Island,Eltingville,40.53887,-74.14247,Entire home/apt,500,2,0,1,178,0
45681247,243156240,Brooklyn,Bedford-Stuyvesant,40.6922,-73.92974,Private room,125,1,12,1,217,12
45781965,113723310,Manhattan,Upper West Side,40.79092,-73.97433,Entire home/apt,235,30,4,60,311,2
45782880,334591997,Manhattan,Hell's Kitchen,40.75512,-73.99137,Entire home/apt,500,30,1,2,0,0
45783139,37883321,Brooklyn,Bedford-Stuyvesant,40.68653,-73.94459,Private room,50,30,2,8,96,0
45783532,371163484,Brooklyn,Flatbush,40.63879,-73.95179,Entire home/apt,180,4,43,1,339,43
45569427,208975280,Manhattan,Nolita,40.72197,-73.99612,Private room,110,1,1,1,0,0
45783587,139528206,Brooklyn,Coney Island,40.5807,-74.00203,Entire home/apt,125,30,3,2,128,0
45783672,14296610,Brooklyn,East Flatbush,40.65586,-73.93722,Entire home/apt,70,30,10,1,79,7
45784235,86771798,Manhattan,Midtown,40.76654,-73.97906,Entire home/apt,182,90,1,30,261,0
45784522,269049125,Manhattan,Harlem,40.80951,-73.94201,Entire home/apt,130,30,2,1,0,0
45785189,159355723,Manhattan,Murray Hill,40.74736,-73.97932,Entire home/apt,900,30,2,4,179,0
45786764,21964394,Brooklyn,Williamsburg,40.71734,-73.96215,Private room,250,3,12,1,26,5
45578483,368146547,Manhattan,Midtown,40.75174,-73.97278,Private room,210,3,5,1,0,5
45790357,137358866,Queens,Woodside,40.74566,-73.90033,Private room,84,30,2,111,299,2
45796822,32908315,Manhattan,Chelsea,40.74954,-73.99301,Entire home/apt,197,1,61,5,85,36
45682803,73435830,Manhattan,East Village,40.73144,-73.98649,Entire home/apt,300,30,7,1,128,1
45797302,137358866,Queens,Woodside,40.74288,-73.89286,Private room,64,30,7,111,294,4
45797507,235208764,Queens,Laurelton,40.66816,-73.74901,Entire home/apt,90,2,37,1,319,37
45799770,197372149,Manhattan,Harlem,40.8133,-73.94853,Private room,99,1,76,3,310,45
45800230,38592279,Manhattan,Midtown,40.74573,-73.98828,Private room,351,1,18,26,27,9
45800298,38592279,Manhattan,Midtown,40.74537,-73.98814,Private room,357,1,4,26,27,0
45801851,36053172,Brooklyn,Midwood,40.61557,-73.95685,Entire home/apt,241,2,8,2,343,7
45801985,252026677,Manhattan,Hell's Kitchen,40.76464,-73.99281,Entire home/apt,340,3,77,1,114,59
45685520,15536301,Manhattan,Lower East Side,40.71991,-73.98318,Entire home/apt,195,30,1,1,0,0
45686011,157241,Manhattan,Midtown,40.76465,-73.98306,Entire home/apt,224,12,21,1,30,10
45687094,52264713,Manhattan,Morningside Heights,40.81031,-73.95733,Entire home/apt,200,30,1,1,169,1
45688140,6187202,Queens,Long Island City,40.74247,-73.95816,Entire home/apt,66,33,1,1,0,0
45688162,325936068,Manhattan,Harlem,40.83027,-73.94156,Private room,49,3,0,1,0,0
45688536,219517861,Manhattan,Financial District,40.70617,-74.01482,Entire home/apt,628,2,19,71,302,5
45688889,219517861,Manhattan,Financial District,40.70445,-74.01582,Entire home/apt,779,2,103,71,315,47
45689074,2224337,Queens,Ridgewood,40.70261,-73.90288,Private room,75,10,5,1,15,5
45689161,22541573,Manhattan,Upper West Side,40.7804,-73.97896,Entire home/apt,156,30,3,131,305,0
45689218,22541573,Manhattan,Upper East Side,40.76949,-73.95883,Entire home/apt,287,30,1,131,190,0
45689225,22541573,Manhattan,Upper East Side,40.77097,-73.95749,Entire home/apt,184,30,0,131,333,0
45689231,22541573,Manhattan,Upper East Side,40.77113,-73.95723,Entire home/apt,234,30,0,131,247,0
45689247,22541573,Manhattan,Upper East Side,40.76993,-73.95924,Entire home/apt,181,30,0,131,261,0
45689278,22541573,Manhattan,Upper East Side,40.76921,-73.95862,Entire home/apt,271,30,2,131,311,2
45578810,369104627,Manhattan,Greenwich Village,40.73087,-73.99784,Entire home/apt,438,1,15,2,349,10
45578986,51501835,Manhattan,Upper East Side,40.78225,-73.95408,Entire home/apt,120,30,1,109,314,1
45579937,22541573,Manhattan,Upper East Side,40.77292,-73.94906,Entire home/apt,310,30,3,131,332,2
45579970,22541573,Manhattan,Gramercy,40.73789,-73.98231,Entire home/apt,295,30,0,131,304,0
45580394,144683380,Brooklyn,East Flatbush,40.63761,-73.94399,Entire home/apt,161,2,62,1,244,28
45581221,22541573,Manhattan,Chelsea,40.75289,-73.99526,Entire home/apt,401,30,0,131,339,0
45581242,22541573,Manhattan,Chelsea,40.7512,-73.99515,Entire home/apt,403,30,0,131,353,0
45581273,22541573,Manhattan,Upper East Side,40.77293,-73.95007,Entire home/apt,186,30,0,131,296,0
45581435,22541573,Manhattan,Upper East Side,40.76373,-73.96223,Entire home/apt,228,30,0,131,284,0
45581450,22541573,Manhattan,Upper East Side,40.76172,-73.96228,Entire home/apt,232,30,1,131,331,0
45581475,22541573,Manhattan,Upper East Side,40.7638,-73.96082,Entire home/apt,297,30,0,131,337,0
45581490,63853,Brooklyn,Greenpoint,40.73219,-73.95382,Entire home/apt,100,30,0,1,0,0
45582015,364867907,Manhattan,Upper West Side,40.79409,-73.9632,Private room,89,30,0,4,299,0
45582346,19834743,Brooklyn,Brooklyn Heights,40.69422,-73.99564,Entire home/apt,150,25,0,1,0,0
45591267,151574296,Brooklyn,Bedford-Stuyvesant,40.68099,-73.91442,Entire home/apt,67,30,0,1,0,0
45591853,51548122,Manhattan,Lower East Side,40.72018,-73.99403,Entire home/apt,200,15,14,53,58,12
45595112,51548122,Manhattan,Chinatown,40.71884,-73.99604,Entire home/apt,160,15,21,53,59,6
45809231,86414330,Queens,Astoria,40.756157,-73.927109,Entire home/apt,100,4,58,1,62,48
45595421,51237731,Brooklyn,Prospect Heights,40.67936,-73.97236,Entire home/apt,368,1,22,1,0,5
45595551,9293730,Manhattan,Upper East Side,40.769524,-73.956451,Entire home/apt,125,30,9,37,259,6
45595850,51501835,Manhattan,Hell's Kitchen,40.76733,-73.98794,Entire home/apt,125,30,3,109,254,1
45595993,51548122,Manhattan,Lower East Side,40.71958,-73.99391,Entire home/apt,200,15,21,53,31,8
45597289,19303369,Queens,Jackson Heights,40.75226,-73.87841,Private room,53,30,4,175,0,4
45598105,51501835,Manhattan,Lower East Side,40.7202,-73.99385,Entire home/apt,150,30,3,109,91,1
45602209,204704622,Queens,Jackson Heights,40.75111,-73.87831,Private room,39,30,2,157,0,0
45605511,224210149,Manhattan,Kips Bay,40.74335,-73.97281,Entire home/apt,1575,3,0,1,0,0
45605866,325614009,Brooklyn,Flatbush,40.64221,-73.96357,Entire home/apt,175,2,62,1,119,36
45609365,20161085,Queens,Jamaica,40.68549,-73.76184,Private room,57,6,30,4,163,22
45616727,53821850,Brooklyn,Williamsburg,40.70701,-73.94726,Private room,129,1,4,3,2,3
45690330,358089614,Brooklyn,Sunset Park,40.63827,-74.0164,Private room,60,30,23,2,250,8
45810858,261674694,Brooklyn,Bedford-Stuyvesant,40.69405,-73.94549,Private room,38,90,0,1,0,0
45617541,16828535,Queens,Ditmars Steinway,40.7772,-73.90747,Entire home/apt,100,2,0,1,0,0
45813469,2050957,Queens,Belle Harbor,40.57951,-73.84689,Entire home/apt,157,1,10,1,337,8
45618731,61587120,Bronx,Kingsbridge,40.88377,-73.90352,Entire home/apt,137,1,63,1,124,28
45622013,19303369,Queens,Woodside,40.74585,-73.89837,Private room,31,30,1,175,0,1
45622205,154385604,Queens,Richmond Hill,40.7037,-73.82797,Entire home/apt,119,5,19,4,80,12
45690917,351701484,Brooklyn,Bedford-Stuyvesant,40.68578,-73.91834,Private room,85,2,26,2,3,26
45691383,51548122,Manhattan,Lower East Side,40.72034,-73.99387,Entire home/apt,170,15,13,53,53,4
45694688,24999007,Brooklyn,Bedford-Stuyvesant,40.69142,-73.93732,Entire home/apt,400,2,15,2,29,5
45696799,204704622,Queens,Woodside,40.74621,-73.89918,Private room,37,30,3,157,0,1
45815060,371421385,Brooklyn,Cypress Hills,40.68546,-73.87385,Private room,54,1,29,5,337,25
45696854,335076875,Queens,Ditmars Steinway,40.78126,-73.91379,Entire home/apt,375,7,1,1,317,0
45697372,51548122,Manhattan,Lower East Side,40.71844,-73.99383,Entire home/apt,200,15,15,53,37,3
45697674,219517861,Manhattan,Financial District,40.70441,-74.01475,Entire home/apt,715,2,42,71,166,18
45697850,51548122,Manhattan,Lower East Side,40.71959,-73.9939,Entire home/apt,200,15,14,53,59,11
45697861,51501835,Manhattan,Hell's Kitchen,40.76344,-73.98946,Entire home/apt,125,30,6,109,310,3
45698496,154995528,Brooklyn,Williamsburg,40.70988,-73.94547,Private room,124,14,15,1,1,14
45698590,80470317,Staten Island,Clifton,40.6237,-74.07517,Entire home/apt,165,1,21,2,248,9
45698737,225597185,Manhattan,Midtown,40.75365,-73.97192,Entire home/apt,450,5,15,1,67,4
45698750,219517861,Manhattan,Financial District,40.70493,-74.0164,Entire home/apt,765,29,0,71,289,0
45699760,369951498,Manhattan,Lower East Side,40.71736,-73.98902,Entire home/apt,399,2,39,3,132,22
45699931,245167739,Manhattan,Tribeca,40.71972,-74.00282,Entire home/apt,1200,30,0,1,293,0
45623054,40490484,Brooklyn,Crown Heights,40.67177,-73.94899,Entire home/apt,161,3,43,2,147,43
45630787,159457,Manhattan,Greenwich Village,40.734,-73.99609,Entire home/apt,675,31,1,2,95,0
45631504,339533124,Manhattan,Lower East Side,40.72164,-73.99053,Entire home/apt,198,2,5,1,98,5
45816695,361989,Brooklyn,Williamsburg,40.71035,-73.95666,Entire home/apt,275,3,91,1,206,57
45817766,346149267,Manhattan,East Village,40.72776,-73.98573,Entire home/apt,44,30,0,1,0,0
45701055,54480397,Manhattan,Midtown,40.75594,-73.96911,Entire home/apt,180,3,38,1,0,12
45701998,4522418,Brooklyn,Bedford-Stuyvesant,40.68488,-73.91566,Private room,158,3,29,1,331,18
45823940,359870362,Brooklyn,Cypress Hills,40.67948,-73.8917,Private room,80,1,1,1,0,0
45705785,61292179,Bronx,Riverdale,40.89802,-73.91187,Entire home/apt,2000,10,0,1,173,0
45842314,293238741,Manhattan,Upper West Side,40.77,-73.98732,Entire home/apt,180,30,3,3,136,2
45842595,200239515,Queens,Woodside,40.74172,-73.89584,Private room,32,30,0,158,0,0
45825796,14139236,Manhattan,Midtown,40.74421,-73.98207,Entire home/apt,200,3,26,1,0,11
45827027,371528958,Queens,Ditmars Steinway,40.77404,-73.89938,Private room,50,2,23,1,0,0
45842656,15179301,Manhattan,Chelsea,40.74108,-74.00143,Entire home/apt,155,31,6,1,129,3
45843537,200239515,Queens,Astoria,40.76151,-73.91916,Private room,59,30,2,158,0,1
45844343,200239515,Manhattan,Inwood,40.86592,-73.92325,Private room,39,30,0,158,0,0
45708866,83652071,Brooklyn,Bay Ridge,40.62627,-74.03046,Private room,85,1,0,1,0,0
45830845,21742914,Manhattan,Gramercy,40.73612,-73.98377,Entire home/apt,135,30,8,1,291,5
45710149,370442577,Queens,Jamaica,40.6735,-73.76873,Entire home/apt,271,1,9,1,84,4
45710731,170568130,Manhattan,Kips Bay,40.74372,-73.98066,Entire home/apt,90,1,125,15,147,75
45834849,347560493,Queens,East Elmhurst,40.76212,-73.87315,Private room,49,1,32,3,322,17
45838885,177038905,Brooklyn,Bedford-Stuyvesant,40.68355,-73.91944,Entire home/apt,250,2,58,5,95,34
45711426,132496661,Manhattan,Upper East Side,40.77374,-73.94721,Private room,45,4,2,1,0,0
45844585,194142632,Manhattan,Hell's Kitchen,40.75725,-73.99468,Entire home/apt,500,60,7,6,86,3
45846335,83786650,Manhattan,Midtown,40.75939,-73.96228,Entire home/apt,150,30,1,16,0,0
45847112,51501835,Manhattan,Hell's Kitchen,40.76519,-73.99013,Entire home/apt,175,30,5,109,320,3
45972845,30227707,Brooklyn,Williamsburg,40.70948,-73.95065,Private room,65,9,0,1,0,0
45976517,72710100,Manhattan,Harlem,40.82811,-73.94881,Private room,95,1,0,1,0,0
45977309,3223938,Brooklyn,Prospect-Lefferts Gardens,40.65797,-73.9517,Private room,37,90,2,288,200,0
45977458,82736320,Brooklyn,Crown Heights,40.67727,-73.95189,Entire home/apt,120,30,0,1,0,0
45850416,2453666,Brooklyn,Williamsburg,40.71026,-73.96252,Entire home/apt,550,14,6,3,2,3
45984289,257766613,Queens,Elmhurst,40.73166,-73.8863,Entire home/apt,234,1,59,2,13,44
45850424,42423050,Manhattan,Financial District,40.70724,-74.01493,Entire home/apt,110,180,0,1,0,0
45851431,200239515,Queens,Jackson Heights,40.75268,-73.87822,Private room,36,30,0,158,0,0
45859101,62025273,Manhattan,East Harlem,40.78797,-73.94783,Entire home/apt,140,30,3,3,190,1
45719045,361530167,Queens,Astoria,40.75512,-73.91447,Private room,56,7,18,1,290,14
45720236,91571876,Queens,Long Island City,40.74459,-73.95063,Entire home/apt,560,5,37,4,219,31
45720746,125620407,Brooklyn,Kensington,40.64186961002597,-73.98411131110745,Private room,115,1,0,2,251,0
45721454,209279462,Manhattan,Harlem,40.83057,-73.94701,Entire home/apt,85,30,6,8,269,3
45722884,293238741,Manhattan,Hell's Kitchen,40.76873,-73.98689,Entire home/apt,181,30,8,3,306,5
45723636,127847762,Queens,Corona,40.73717,-73.86495,Entire home/apt,193,2,119,2,66,68
45725319,200239515,Queens,Jackson Heights,40.75273,-73.8764,Private room,39,30,0,158,0,0
45726160,22608145,Brooklyn,Prospect-Lefferts Gardens,40.66244,-73.95791,Entire home/apt,115,30,3,1,0,0
45727008,16112733,Brooklyn,Bushwick,40.70186,-73.92251,Entire home/apt,250,3,0,1,325,0
45729644,170568130,Manhattan,Upper West Side,40.781326,-73.979836,Entire home/apt,90,1,138,15,161,79
45985395,5166944,Brooklyn,Williamsburg,40.70965,-73.96285,Private room,156,1,30,2,68,9
45986748,8623846,Brooklyn,Bedford-Stuyvesant,40.68177,-73.9435,Entire home/apt,90,7,3,1,64,1
46088605,87628339,Queens,Ridgewood,40.70432,-73.90348,Private room,55,2,14,1,24,5
45859523,371784614,Brooklyn,Bay Ridge,40.63134,-74.02325,Entire home/apt,245,2,91,3,175,52
45987330,179017459,Brooklyn,Williamsburg,40.71079,-73.93861,Entire home/apt,249,1,6,2,0,2
45988097,372788555,Queens,Woodside,40.74384,-73.91047,Entire home/apt,211,2,93,1,7,47
45860553,314494058,Brooklyn,Crown Heights,40.67632,-73.93771,Entire home/apt,100,1,43,1,11,30
45861421,22611054,Queens,Rockaway Beach,40.58743,-73.81513,Entire home/apt,226,2,58,1,71,30
46089673,292896006,Brooklyn,Prospect-Lefferts Gardens,40.66369,-73.95129,Private room,110,2,25,1,259,16
46089699,47787755,Brooklyn,Williamsburg,40.71359,-73.94289,Entire home/apt,125,5,1,1,0,0
46089752,26309,Brooklyn,Boerum Hill,40.68862,-73.98689,Entire home/apt,70,259,0,1,0,0
45988921,125202325,Manhattan,Hell's Kitchen,40.76454,-73.9948,Private room,59,60,4,1,319,0
45989490,38592279,Manhattan,Midtown,40.74492,-73.98801,Private room,351,1,43,26,27,7
45990139,372805273,Brooklyn,Sunset Park,40.64736,-74.0108,Entire home/apt,110,30,3,1,96,1
45990473,61391963,Manhattan,Kips Bay,40.74073,-73.97663,Entire home/apt,175,30,5,116,311,2
45992659,1761578,Queens,Corona,40.73554,-73.86145,Entire home/apt,280,2,5,3,77,3
45994076,288477095,Brooklyn,Williamsburg,40.71971,-73.94103,Entire home/apt,150,2,97,5,309,48
45994519,278664795,Manhattan,Upper West Side,40.79024,-73.97878,Entire home/apt,69,1,1,2,0,0
45994531,349820814,Brooklyn,Boerum Hill,40.68438,-73.9822,Entire home/apt,384,4,11,3,3,10
45861464,139865682,Brooklyn,Bushwick,40.69813,-73.9307,Private room,55,1,6,1,0,0
45994826,278664795,Manhattan,Upper West Side,40.78843,-73.9806,Entire home/apt,72,6,4,2,0,0
45995828,19303369,Manhattan,Inwood,40.86475,-73.92176,Private room,35,30,0,175,0,0
46003877,24777219,Brooklyn,Crown Heights,40.67162,-73.93571,Private room,45,200,0,1,0,0
45864124,12256524,Manhattan,Upper West Side,40.7966,-73.97452,Entire home/apt,169,3,50,1,84,41
45865401,351701484,Brooklyn,Bedford-Stuyvesant,40.68524,-73.91553,Private room,85,1,56,2,218,56
45865497,69794747,Brooklyn,Flatbush,40.64202,-73.95821,Entire home/apt,125,30,14,2,109,7
46090949,204138652,Manhattan,Hell's Kitchen,40.76744,-73.98596,Entire home/apt,305,5,2,1,0,1
46091331,4307922,Brooklyn,Clinton Hill,40.68384,-73.96643,Entire home/apt,175,2,13,1,0,11
46005473,74054267,Brooklyn,Bedford-Stuyvesant,40.69311,-73.93043,Private room,75,1,0,1,0,0
46097574,94880542,Manhattan,Financial District,40.70604,-74.00925,Entire home/apt,192,5,2,1,0,0
46097856,91806581,Manhattan,Murray Hill,40.7444,-73.97174,Entire home/apt,220,30,0,12,265,0
46098057,3223938,Brooklyn,Bushwick,40.69972,-73.92069,Private room,34,90,0,288,94,0
46100513,3777978,Manhattan,Harlem,40.8241,-73.9459,Private room,114,30,0,5,0,0
46102747,3738167,Brooklyn,Flatbush,40.64106,-73.95922,Entire home/apt,72,30,2,1,234,2
46102949,41658748,Manhattan,Gramercy,40.73679,-73.97916,Entire home/apt,260,30,7,3,155,5
46104954,110461101,Queens,Long Island City,40.75196,-73.93854,Entire home/apt,184,5,44,2,246,33
46108000,3223938,Brooklyn,Prospect Heights,40.67456,-73.96779,Private room,35,90,1,288,311,0
46006806,116985862,Queens,Richmond Hill,40.68013,-73.8218,Entire home/apt,300,1,45,2,90,6
46006972,371795453,Brooklyn,Bedford-Stuyvesant,40.68844,-73.94241,Private room,52,30,2,10,31,1
46108976,128284544,Queens,Ditmars Steinway,40.7772,-73.91718,Entire home/apt,210,30,1,2,364,1
46109966,125687221,Bronx,Hunts Point,40.81387,-73.8968,Private room,105,30,0,2,0,0
45866168,19458285,Brooklyn,Flatbush,40.63222,-73.95436,Entire home/apt,146,2,21,1,331,11
45866866,284207,Bronx,Port Morris,40.80851,-73.93008,Entire home/apt,90,2,1,1,0,0
45868989,301344344,Queens,Cambria Heights,40.68465,-73.74687,Entire home/apt,85,2,15,1,89,9
45875030,14883090,Manhattan,East Village,40.7261,-73.98375,Private room,70,30,0,1,0,0
46007228,224314967,Brooklyn,Bushwick,40.69869,-73.92557,Private room,60,21,3,1,341,0
46009728,243524487,Brooklyn,Bedford-Stuyvesant,40.69175,-73.95084,Entire home/apt,349,3,26,1,0,26
46010418,365471354,Queens,Ozone Park,40.66827,-73.8346,Private room,180,7,0,1,365,0
45875179,371910373,Brooklyn,East New York,40.66141,-73.89241,Private room,60,5,3,1,365,1
45875993,27227937,Brooklyn,Bedford-Stuyvesant,40.69698,-73.94803,Private room,100,20,0,1,0,0
45876170,371795453,Brooklyn,Bedford-Stuyvesant,40.69034,-73.94408,Private room,50,30,2,10,20,2
45876866,66811488,Brooklyn,Williamsburg,40.71804,-73.94912,Private room,100,1,68,1,34,41
45878126,170568130,Manhattan,Kips Bay,40.74259,-73.98027,Entire home/apt,80,1,114,15,170,61
45879162,38592279,Manhattan,Midtown,40.74713,-73.98891,Private room,399,1,45,26,26,21
45881321,96659533,Brooklyn,Bushwick,40.69566,-73.91348,Private room,38,30,66,3,318,41
46110550,359934180,Queens,Astoria,40.75603,-73.91745,Private room,60,365,0,1,0,0
46113778,107434423,Manhattan,Midtown,40.7647977,-73.9827291,Entire home/apt,444,31,0,453,168,0
46113799,107434423,Manhattan,Midtown,40.7647977,-73.9827291,Entire home/apt,293,31,1,453,248,0
46113818,107434423,Manhattan,Midtown,40.7647977,-73.9827291,Entire home/apt,277,31,0,453,339,0
46113841,107434423,Manhattan,Midtown,40.7647977,-73.9827291,Entire home/apt,302,31,0,453,313,0
46012353,266793360,Manhattan,Harlem,40.80399,-73.95362,Entire home/apt,210,1,77,4,320,27
46115871,796366,Queens,Kew Gardens Hills,40.72927,-73.81674,Entire home/apt,185,30,2,1,149,1
46119792,371795453,Brooklyn,Bedford-Stuyvesant,40.68876,-73.94225,Private room,51,30,0,10,341,0
46120125,371795453,Brooklyn,Bedford-Stuyvesant,40.68925,-73.94184,Private room,51,30,2,10,1,1
46120337,371795453,Brooklyn,Bedford-Stuyvesant,40.68861,-73.94361,Private room,51,30,1,10,31,0
46012378,8942638,Manhattan,Theater District,40.75932,-73.98534,Private room,120,5,0,1,0,0
45882814,371972456,Manhattan,Financial District,40.70663,-74.00588,Private room,407,1,62,101,75,16
46012531,372973706,Queens,Whitestone,40.7799,-73.82055,Entire home/apt,421,1,55,1,171,31
46120790,61778849,Brooklyn,Brownsville,40.65391,-73.90804,Private room,95,1,6,4,355,6
46013470,337615993,Bronx,Fordham,40.86432,-73.89182,Private room,45,1,0,1,0,0
46019862,22541573,Manhattan,Upper East Side,40.76946,-73.95689,Entire home/apt,210,30,1,131,319,0
46021228,364597810,Brooklyn,Bensonhurst,40.60844,-74.00275,Entire home/apt,151,4,17,2,164,8
46025535,19303369,Queens,Woodside,40.74459,-73.89205,Private room,28,30,0,175,0,0
46025711,51548122,Manhattan,Lower East Side,40.71864,-73.99388,Entire home/apt,167,15,16,53,41,9
46027260,302283311,Manhattan,Lower East Side,40.72066,-73.98825,Entire home/apt,227,4,44,2,308,33
46027406,373077389,Manhattan,Morningside Heights,40.80382,-73.96503,Private room,136,1,44,3,36,30
46121940,310588738,Brooklyn,Bedford-Stuyvesant,40.68505,-73.93858,Private room,50,15,0,1,0,0
45890816,11268262,Queens,Forest Hills,40.7206,-73.85465,Entire home/apt,128,1,151,1,135,98
45891693,3805240,Brooklyn,Bushwick,40.69962,-73.92772,Private room,60,5,0,2,0,0
45894654,371795453,Brooklyn,Bedford-Stuyvesant,40.6906,-73.94251,Private room,50,30,2,10,31,2
45894834,371795453,Brooklyn,Bedford-Stuyvesant,40.69037,-73.94345,Private room,50,30,1,10,281,0
45894845,125620407,Brooklyn,Borough Park,40.64125,-73.98522,Private room,89,1,2,2,352,2
46032925,200239515,Queens,Jackson Heights,40.74906,-73.89551,Entire home/apt,100,1,9,158,0,0
46033360,3223938,Brooklyn,Prospect-Lefferts Gardens,40.6596,-73.95333,Private room,39,90,1,288,261,0
46034949,10184022,Brooklyn,Clinton Hill,40.68223,-73.9624,Private room,135,9,0,1,10,0
46123392,200266510,Manhattan,Hell's Kitchen,40.76237,-73.99845,Private room,70,30,0,1,0,0
46124725,369951498,Manhattan,West Village,40.732808339162666,-74.00557516636647,Entire home/apt,399,2,0,3,88,0
46124981,366557107,Brooklyn,Cypress Hills,40.68205,-73.89504,Entire home/apt,135,4,42,3,293,21
46127578,1997143,Brooklyn,Bedford-Stuyvesant,40.69373,-73.94336,Private room,300,1,54,9,321,31
46133039,97538710,Brooklyn,Fort Greene,40.68869,-73.97711,Entire home/apt,191,2,69,2,30,37
46035129,366283494,Brooklyn,Dyker Heights,40.62787,-74.00814,Private room,54,1,76,1,0,16
46035379,151253018,Manhattan,Harlem,40.81527,-73.94288,Entire home/apt,226,30,37,2,290,31
46137867,11904916,Brooklyn,Gravesend,40.5902,-73.96901,Entire home/apt,69,30,0,1,249,0
46142886,238989521,Queens,Sunnyside,40.74014,-73.92638,Private room,32,30,2,17,0,2
46143578,9481706,Queens,Forest Hills,40.70397,-73.85505,Entire home/apt,128,30,2,1,340,2
46143703,370751311,Manhattan,Chelsea,40.73777,-73.99613,Entire home/apt,590,30,0,1,0,0
46146114,83974928,Queens,Laurelton,40.66988,-73.74498,Private room,55,1,38,4,88,17
46150727,3223938,Brooklyn,Park Slope,40.66938,-73.98165,Private room,38,90,1,288,204,0
46151252,3223938,Brooklyn,Midwood,40.62803,-73.95819,Private room,30,90,1,288,265,1
46151832,307566664,Manhattan,Midtown,40.75197,-73.99086,Private room,160,1,0,2,0,0
46154060,373960546,Queens,Astoria,40.765,-73.91189,Private room,73,1,88,3,49,43
46154815,373960546,Queens,Astoria,40.76568,-73.91128,Private room,61,1,60,3,62,21
46155562,30351086,Brooklyn,Williamsburg,40.71155,-73.96532,Entire home/apt,155,2,7,1,0,0
46156111,3223938,Brooklyn,Flatbush,40.65442,-73.95565,Private room,31,90,1,288,259,0
46157142,2739367,Brooklyn,Williamsburg,40.70619,-73.95607,Private room,50,7,0,1,0,0
46157567,64652749,Brooklyn,Bedford-Stuyvesant,40.69538,-73.94298,Private room,60,3,0,1,0,0
46158013,1024891,Bronx,Hunts Point,40.8187,-73.88927,Private room,42,14,8,4,0,6
45896593,364376879,Brooklyn,Brownsville,40.66115,-73.91118,Entire home/apt,225,2,27,1,176,12
45897458,121399223,Staten Island,Tompkinsville,40.63383,-74.08373,Entire home/apt,245,4,51,6,285,23
45899915,126131797,Brooklyn,Bensonhurst,40.61047,-74.00269,Private room,35,5,0,1,0,0
46035568,3223938,Brooklyn,Prospect-Lefferts Gardens,40.65918,-73.95382,Private room,39,90,0,288,314,0
46036626,373150096,Manhattan,Midtown,40.75162,-73.97097,Entire home/apt,100,30,5,1,0,0
45903786,16211060,Manhattan,Harlem,40.81181,-73.94438,Entire home/apt,121,4,26,2,73,25
45906774,183507429,Brooklyn,Bedford-Stuyvesant,40.684841,-73.951843,Entire home/apt,272,3,75,1,108,49
46037635,213172811,Manhattan,Harlem,40.82189,-73.95381,Private room,68,1,15,1,0,11
46038559,373077389,Manhattan,Upper West Side,40.8037,-73.96584,Private room,117,7,34,3,79,17
46039534,200239515,Queens,Woodside,40.74106,-73.89493,Private room,226,1,4,158,126,3
46039932,291093876,Queens,Jackson Heights,40.75005,-73.86892,Entire home/apt,160,3,49,2,69,29
46046875,70816385,Brooklyn,Fort Greene,40.69432,-73.98151,Entire home/apt,250,3,0,1,0,0
46158284,366800813,Bronx,Williamsbridge,40.87638,-73.86162,Entire home/apt,130,1,122,1,362,54
46047742,158092208,Manhattan,Harlem,40.81754,-73.94275,Entire home/apt,180,30,29,2,281,21
46159103,112932058,Brooklyn,East Flatbush,40.63349,-73.94547,Entire home/apt,133,10,21,2,130,14
46161668,66821136,Brooklyn,Bedford-Stuyvesant,40.6806,-73.93014,Entire home/apt,137,5,22,1,106,15
46163862,273177557,Queens,Jamaica,40.66831,-73.7748,Private room,80,2,0,3,365,0
46169618,159457,Manhattan,Greenwich Village,40.73456,-73.99591,Entire home/apt,586,31,6,2,180,5
46169958,39277795,Brooklyn,Sunset Park,40.64684,-74.00384,Private room,59,3,45,4,5,28
46170959,88219212,Queens,East Elmhurst,40.75928,-73.86239,Entire home/apt,109,4,5,1,271,5
46171697,267272502,Bronx,Claremont Village,40.84356,-73.90556,Private room,65,5,1,28,310,0
46173462,19303369,Queens,Astoria,40.7617,-73.91725,Private room,36,30,0,175,0,0
46176278,374081944,Manhattan,West Village,40.73128,-74.00307,Entire home/apt,532,2,87,1,54,46
46177828,158092208,Manhattan,Harlem,40.81561,-73.94451,Entire home/apt,180,30,27,2,307,20
45907938,372162877,Manhattan,Chelsea,40.74547,-73.99369,Entire home/apt,2200,1,0,1,0,0
45908302,236572440,Manhattan,Upper East Side,40.76124,-73.96046,Entire home/apt,240,30,0,4,250,0
45909587,371972456,Manhattan,Financial District,40.70592,-74.00582,Private room,407,1,72,101,108,15
46048266,2723138,Brooklyn,Prospect-Lefferts Gardens,40.66184,-73.96252,Entire home/apt,70,30,2,2,0,0
46179119,1171497,Manhattan,Harlem,40.80916,-73.95148,Private room,95,3,44,8,248,14
46050040,514261,Brooklyn,South Slope,40.66708,-73.98754,Private room,65,30,0,8,253,0
46179990,284603393,Brooklyn,Bedford-Stuyvesant,40.688641,-73.944099,Entire home/apt,595,1,35,6,330,20
46054095,19124985,Manhattan,East Village,40.723,-73.98698,Entire home/apt,449,3,7,1,121,2
46180394,309612914,Queens,East Elmhurst,40.76868,-73.86807,Private room,99,5,0,7,59,0
46180760,82644217,Queens,Arverne,40.59822,-73.797,Entire home/apt,103,1,8,1,66,5
46183563,125857,Manhattan,East Village,40.72334,-73.98926,Private room,185,5,10,2,289,9
46186886,107434423,Manhattan,Upper West Side,40.8009069,-73.96954989999999,Entire home/apt,323,31,1,453,325,1
46186898,107434423,Manhattan,Upper West Side,40.8009069,-73.96954989999999,Entire home/apt,590,31,0,453,0,0
46186952,107434423,Manhattan,Upper West Side,40.8009069,-73.96954989999999,Entire home/apt,541,31,2,453,0,0
46190205,256245254,Brooklyn,East Flatbush,40.65262,-73.95058,Entire home/apt,120,3,4,1,0,2
46191117,51364562,Brooklyn,Flatbush,40.65474,-73.95699,Private room,57,6,1,1,0,1
46192014,151253018,Manhattan,Harlem,40.81544,-73.94317,Entire home/apt,197,30,34,2,258,31
46192202,200239515,Queens,Woodside,40.74294,-73.89639,Private room,39,30,5,158,61,3
46192932,120762452,Manhattan,Murray Hill,40.74926,-73.97643,Entire home/apt,185,30,1,83,365,0
46193134,120762452,Manhattan,Murray Hill,40.74926,-73.97643,Entire home/apt,185,30,4,83,365,1
46193211,120762452,Manhattan,Murray Hill,40.74926,-73.97643,Entire home/apt,185,30,6,83,341,4
46193296,120762452,Manhattan,Murray Hill,40.74926,-73.97643,Entire home/apt,185,30,1,83,365,0
46193401,120762452,Manhattan,Murray Hill,40.74926,-73.97643,Entire home/apt,185,30,0,83,365,0
46193536,120762452,Manhattan,Murray Hill,40.74926,-73.97643,Entire home/apt,185,30,0,83,365,0
46193644,120762452,Manhattan,Murray Hill,40.74926,-73.97643,Entire home/apt,185,30,0,83,365,0
46193714,120762452,Manhattan,Murray Hill,40.74993,-73.97569,Entire home/apt,175,30,2,83,365,0
45912662,367390713,Manhattan,Washington Heights,40.85297,-73.94102,Entire home/apt,80,30,1,1,0,0
45913437,101234103,Queens,Springfield Gardens,40.66284,-73.75732,Entire home/apt,190,2,5,1,129,4
46194587,106508052,Brooklyn,Bedford-Stuyvesant,40.68457,-73.91856,Entire home/apt,263,3,24,1,0,15
46054149,43993869,Manhattan,Upper East Side,40.76806,-73.95025,Private room,55,2,0,1,0,0
46194687,948064,Manhattan,Kips Bay,40.74095,-73.98292,Private room,69,20,0,1,0,0
46195125,56764202,Brooklyn,Gowanus,40.66822,-73.99272,Entire home/apt,396,5,33,1,23,12
46195194,120762452,Manhattan,Murray Hill,40.74887,-73.97746,Entire home/apt,175,30,10,83,280,5
46195333,120762452,Manhattan,Murray Hill,40.74926,-73.97643,Entire home/apt,175,30,1,83,365,0
46195400,120762452,Manhattan,Murray Hill,40.75033,-73.97603,Entire home/apt,175,30,1,83,365,0
46195668,120762452,Manhattan,Murray Hill,40.74981,-73.97524,Entire home/apt,175,30,1,83,365,0
46195854,120762452,Manhattan,Murray Hill,40.75004,-73.97534,Entire home/apt,175,30,2,83,365,0
46202434,7355,Brooklyn,Crown Heights,40.6684,-73.92905,Private room,52,22,3,2,156,1
46202555,6231683,Manhattan,West Village,40.73261,-74.00843,Entire home/apt,220,30,10,1,68,7
46202921,200239515,Queens,Elmhurst,40.73834,-73.87586,Private room,28,30,0,158,0,0
46206019,16211060,Manhattan,Harlem,40.812466,-73.943314,Entire home/apt,116,4,23,2,73,22
45914075,42492299,Brooklyn,Greenpoint,40.72965,-73.95813,Entire home/apt,127,30,3,1,0,0
45914463,204348856,Manhattan,Midtown,40.75468,-73.97383,Entire home/apt,425,30,4,7,90,0
45918592,293264001,Brooklyn,Bedford-Stuyvesant,40.68179,-73.94334,Private room,70,30,0,7,341,0
45919566,35935,Brooklyn,Bedford-Stuyvesant,40.68325,-73.95483,Private room,82,30,4,5,307,3
45922753,20113500,Brooklyn,Williamsburg,40.70758,-73.94346,Entire home/apt,180,30,4,1,6,2
46054317,13269910,Brooklyn,Williamsburg,40.70606,-73.95302,Private room,100,3,6,1,120,5
46055092,6770859,Manhattan,Gramercy,40.73695,-73.98886,Entire home/apt,89,7,0,2,0,0
46055212,2955002,Brooklyn,Bedford-Stuyvesant,40.67871710615101,-73.91885664259013,Entire home/apt,299,2,2,1,297,2
46210685,227081166,Brooklyn,Crown Heights,40.67335,-73.92054,Private room,85,2,38,5,0,33
46055424,334163301,Queens,Woodside,40.74184,-73.89778,Private room,35,30,0,2,249,0
46055575,102413571,Manhattan,Hell's Kitchen,40.76087,-73.99089,Private room,80,30,0,1,0,0
46211541,29857291,Bronx,Spuyten Duyvil,40.8807,-73.91482,Private room,29,60,0,1,0,0
46211796,107434423,Manhattan,Midtown,40.7647977,-73.9827291,Entire home/apt,358,31,0,453,339,0
46211821,107434423,Manhattan,Upper West Side,40.8009069,-73.96954989999999,Entire home/apt,570,31,0,453,355,0
46212643,517966,Brooklyn,East Flatbush,40.65582,-73.93534,Entire home/apt,214,3,3,1,45,3
46213282,303719667,Manhattan,Midtown,40.75152,-73.97227,Entire home/apt,1999,3,0,3,0,0
46213647,170568130,Manhattan,Hell's Kitchen,40.76372,-73.9949,Entire home/apt,105,1,35,15,132,17
46213811,10150870,Manhattan,East Village,40.72806,-73.98535,Entire home/apt,125,30,5,1,40,4
46214998,204704622,Queens,Jackson Heights,40.75282,-73.87786,Private room,23,30,1,157,0,0
46215494,170568130,Manhattan,Hell's Kitchen,40.7653,-73.99427,Entire home/apt,125,1,20,15,160,14
46216955,170568130,Manhattan,Hell's Kitchen,40.76419,-73.99251,Entire home/apt,140,1,5,15,151,5
45924235,9144345,Brooklyn,Bedford-Stuyvesant,40.69533,-73.94143,Entire home/apt,150,28,4,1,65,2
45924305,100718,Brooklyn,Clinton Hill,40.69425,-73.96353,Entire home/apt,225,2,8,1,5,7
45924823,162567904,Manhattan,East Village,40.72542,-73.98172,Entire home/apt,200,5,4,1,3,3
46055732,19303369,Queens,Woodside,40.74122,-73.89566,Private room,36,30,0,175,0,0
46055892,21683421,Manhattan,Hell's Kitchen,40.76117,-73.98997,Private room,147,4,43,2,1,32
46056385,190915917,Bronx,Fieldston,40.8945,-73.8987,Private room,72,1,4,3,329,4
45926638,342996270,Brooklyn,Williamsburg,40.71174,-73.96672,Entire home/apt,440,2,18,1,58,17
46225814,69069158,Brooklyn,Bedford-Stuyvesant,40.68332,-73.95369,Private room,350,1,0,1,0,0
46232863,107434423,Manhattan,Theater District,40.760189,-73.984353,Entire home/apt,510,31,0,453,0,0
46236500,25687903,Bronx,Morris Park,40.85222,-73.85859,Entire home/apt,201,4,29,2,138,22
46237688,4765305,Manhattan,East Village,40.72213,-73.98274,Private room,179,3,4,8,259,1
46238495,374449219,Queens,Woodhaven,40.68965,-73.85765,Private room,50,1,0,1,0,0
46241495,22541573,Manhattan,Chelsea,40.7413,-74.00028,Entire home/apt,289,30,1,131,325,0
46242279,68094795,Manhattan,Upper East Side,40.76528,-73.96189,Entire home/apt,399,3,1,3,253,1
46246632,9293730,Manhattan,Harlem,40.801476,-73.955032,Entire home/apt,173,30,4,37,249,2
45926800,100982305,Brooklyn,Flatbush,40.65388,-73.95522,Entire home/apt,177,5,30,1,142,20
46062116,2867137,Manhattan,Upper East Side,40.77918,-73.95013,Entire home/apt,355,30,0,73,311,0
46062257,2867137,Manhattan,Upper East Side,40.77682,-73.95041,Entire home/apt,320,30,2,73,342,1
46065297,13909018,Manhattan,Theater District,40.7582,-73.98679,Entire home/apt,250,6,5,1,7,5
45927831,364506884,Queens,St. Albans,40.69022,-73.7603,Entire home/apt,129,2,69,2,356,37
45930596,292204,Manhattan,East Harlem,40.79356,-73.94702,Entire home/apt,145,30,5,3,338,4
45933728,52403444,Brooklyn,Bedford-Stuyvesant,40.68976,-73.94502,Entire home/apt,189,1,129,5,48,55
46256756,55280870,Manhattan,West Village,40.73349,-74.00467,Entire home/apt,140,4,2,1,0,0
46260153,266533448,Manhattan,Chelsea,40.73987,-73.9956,Entire home/apt,204,1,245,6,327,130
46065989,3223938,Brooklyn,Prospect-Lefferts Gardens,40.65932,-73.95172,Private room,38,90,0,288,341,0
46067261,1171497,Manhattan,Harlem,40.80968,-73.9497,Private room,90,5,20,8,248,10
46067269,368147160,Brooklyn,Bedford-Stuyvesant,40.68877,-73.94387,Private room,50,30,1,1,333,0
46068040,328859297,Brooklyn,Flatbush,40.6454,-73.96455,Private room,189,1,0,2,0,0
46260454,9068084,Brooklyn,Bedford-Stuyvesant,40.69523,-73.94026,Entire home/apt,165,3,2,1,0,0
46262041,51501835,Manhattan,Hell's Kitchen,40.76533,-73.98834,Entire home/apt,115,30,1,109,265,0
45938182,371329980,Queens,Long Island City,40.74873,-73.94174,Shared room,48,1,1,1,0,0
45938560,6913051,Brooklyn,Williamsburg,40.71265,-73.96539,Private room,130,14,2,1,17,1
46069137,194953121,Manhattan,Midtown,40.75301,-73.97338,Entire home/apt,643,2,0,25,101,0
46070050,215530555,Manhattan,Financial District,40.70809,-74.00481,Private room,115,1,56,1,43,38
45939028,14361027,Manhattan,SoHo,40.72432,-74.00411,Entire home/apt,399,3,8,1,13,7
45942213,137358866,Queens,Woodside,40.74326,-73.90761,Private room,50,30,7,111,280,4
45943671,369104627,Manhattan,Greenwich Village,40.72848508768354,-73.99836388375665,Entire home/apt,457,1,2,2,349,2
46265763,374607003,Manhattan,Inwood,40.86353,-73.92255,Entire home/apt,70,1,11,1,0,0
46070318,3223938,Brooklyn,Park Slope,40.67005,-73.98115,Private room,35,30,1,288,263,0
46070335,3223938,Brooklyn,Bushwick,40.69005,-73.92008,Private room,24,90,1,288,274,0
46070643,15377463,Brooklyn,Bedford-Stuyvesant,40.68198,-73.91449,Private room,65,1,1,1,0,0
46070679,7355,Brooklyn,Crown Heights,40.66662,-73.92852,Private room,40,21,1,2,0,0
46072861,16108688,Queens,East Elmhurst,40.75934,-73.88829,Entire home/apt,339,3,48,1,144,31
46269173,1997143,Brooklyn,Bedford-Stuyvesant,40.69501,-73.94388,Private room,180,1,5,9,321,0
46270175,1997143,Brooklyn,Bedford-Stuyvesant,40.69467,-73.94346,Private room,170,1,3,9,321,1
46270554,1997143,Brooklyn,Bedford-Stuyvesant,40.69446,-73.94359,Private room,170,1,2,9,327,1
46274206,20172814,Manhattan,East Village,40.72292,-73.98094,Entire home/apt,125,30,1,1,0,0
46274452,36575174,Manhattan,Nolita,40.72228,-73.99388,Private room,40,1,0,1,0,0
46274465,88387391,Bronx,Edenwald,40.88885,-73.84536,Private room,69,4,0,1,0,0
45944408,94597331,Manhattan,Harlem,40.82102,-73.94562,Entire home/apt,119,2,152,1,0,77
45951602,19303369,Queens,Jackson Heights,40.75222,-73.87619,Private room,50,14,3,175,0,2
45951781,204704622,Queens,Jackson Heights,40.7511,-73.87835,Private room,25,30,1,157,0,0
46077274,27636707,Manhattan,West Village,40.732746,-74.005493,Entire home/apt,149,30,4,7,274,3
45952819,797100,Manhattan,West Village,40.73569,-74.00324,Entire home/apt,699,3,0,1,81,0
45952953,371795453,Brooklyn,Bedford-Stuyvesant,40.68912,-73.94216,Private room,51,30,0,10,31,0
45953196,371795453,Brooklyn,Bedford-Stuyvesant,40.68864,-73.94382,Private room,51,30,0,10,24,0
45953813,6600911,Brooklyn,Bensonhurst,40.61335,-73.98357,Private room,65,3,30,5,345,19
45954683,371795453,Brooklyn,Bedford-Stuyvesant,40.68982,-73.94195,Private room,51,30,1,10,31,0
45955461,61292168,Manhattan,Harlem,40.81422,-73.94513,Entire home/apt,500,3,12,2,0,8
46080480,50831521,Brooklyn,Greenpoint,40.72186,-73.94192,Entire home/apt,91,30,0,1,0,0
45956372,372558343,Staten Island,Concord,40.60787,-74.09033,Entire home/apt,100,2,1,1,0,0
46275383,107090124,Bronx,Belmont,40.85402,-73.88209,Entire home/apt,131,2,44,1,49,26
46277582,19303369,Queens,Sunnyside,40.74001,-73.9276,Private room,33,30,0,175,0,0
46081348,38801257,Brooklyn,Bushwick,40.69953,-73.92561,Private room,45,3,2,1,0,0
46279588,4464764,Brooklyn,Fort Greene,40.68968,-73.97087,Entire home/apt,135,25,1,1,0,0
46279818,374684744,Queens,St. Albans,40.70358,-73.74947,Entire home/apt,145,2,215,1,158,76
45956901,232078815,Brooklyn,Williamsburg,40.70985,-73.9413,Entire home/apt,105,7,24,1,0,6
45957784,2640773,Brooklyn,Carroll Gardens,40.67782,-73.9987,Entire home/apt,226,2,57,2,0,37
45957861,33320745,Queens,Long Island City,40.75197,-73.93701,Entire home/apt,375,30,11,7,172,6
45958158,372574956,Manhattan,East Harlem,40.7987,-73.93799,Entire home/apt,190,3,11,1,326,8
45960178,303719667,Manhattan,Midtown,40.75379,-73.97185,Entire home/apt,499,4,0,3,0,0
46082545,108699045,Brooklyn,Prospect-Lefferts Gardens,40.65481,-73.96181,Entire home/apt,200,30,8,3,334,6
45968007,3947310,Brooklyn,Carroll Gardens,40.6799,-73.9951,Entire home/apt,120,28,0,1,0,0
45969642,214171931,Queens,Jamaica,40.67547,-73.78015,Entire home/apt,263,3,17,3,190,4
45969792,199204383,Brooklyn,Prospect-Lefferts Gardens,40.6572,-73.96165,Entire home/apt,275,4,9,1,0,1
45970489,8276361,Manhattan,Lower East Side,40.71313,-73.98039,Entire home/apt,130,30,0,1,0,0
45972391,241963980,Queens,Jamaica Hills,40.71557,-73.7978,Private room,88,30,1,3,0,0
46280185,70741842,Manhattan,Roosevelt Island,40.76171,-73.95032,Private room,75,30,7,1,226,5
46280898,219517861,Manhattan,Battery Park City,40.70633,-74.01631,Entire home/apt,431,2,314,71,317,146
46083002,143806301,Manhattan,East Harlem,40.79591,-73.93843,Private room,94,2,53,1,85,33
46087835,9482236,Brooklyn,Flatbush,40.65178,-73.96197,Private room,42,6,3,1,0,0
46281718,2851409,Brooklyn,Park Slope,40.67221,-73.98427,Entire home/apt,167,9,3,1,21,0
46290411,3686379,Brooklyn,Williamsburg,40.70383,-73.94495,Private room,70,3,0,1,0,0
46290693,177038905,Brooklyn,Bedford-Stuyvesant,40.68286,-73.91864,Entire home/apt,110,2,19,5,278,8
46293296,147202249,Queens,Far Rockaway,40.60016,-73.75288,Private room,69,1,78,2,74,38
46294829,57256221,Brooklyn,Crown Heights,40.67389,-73.95817,Entire home/apt,199,2,68,1,135,30
46297226,204704622,Queens,Woodside,40.743,-73.89625,Private room,36,30,3,157,0,2
46301785,58249123,Manhattan,Harlem,40.82397,-73.93713,Private room,95,2,28,1,71,27
46354006,215575720,Manhattan,Harlem,40.82364,-73.94775,Entire home/apt,69,3,2,1,0,0
46354165,200239515,Queens,Woodside,40.74086,-73.8945,Entire home/apt,79,1,8,158,0,0
46354423,51548122,Manhattan,Lower East Side,40.72027,-73.99374,Entire home/apt,200,15,18,53,51,6
46354444,266533448,Manhattan,Chelsea,40.73868,-73.99456,Entire home/apt,220,1,209,6,307,112
46355720,4006238,Queens,Long Island City,40.76203,-73.92874,Entire home/apt,150,30,1,1,126,1
46088307,8222437,Brooklyn,Bushwick,40.68485,-73.91039,Entire home/apt,130,3,50,1,46,19
46356028,65690091,Queens,Briarwood,40.70931,-73.81382,Entire home/apt,65,30,9,1,98,1
46303610,17647550,Manhattan,Chinatown,40.71808,-74.00236,Entire home/apt,175,2,25,2,65,0
46466832,375864182,Brooklyn,Bedford-Stuyvesant,40.6905,-73.94043,Private room,67,30,0,3,341,0
46308328,12614232,Queens,Astoria,40.76523,-73.90996,Private room,70,14,0,1,0,0
46308360,61778849,Brooklyn,Brownsville,40.65428,-73.90825,Private room,85,3,9,4,341,5
46356156,373480843,Manhattan,Financial District,40.71121,-74.00691,Private room,225,1,12,3,0,0
46468503,54198006,Manhattan,Roosevelt Island,40.76139,-73.95127,Private room,134,1,42,1,261,32
46309809,374862747,Manhattan,Lower East Side,40.71857,-73.99075,Entire home/apt,130,30,1,2,0,1
46469883,372799788,Queens,Fresh Meadows,40.75042,-73.78762,Entire home/apt,364,3,21,1,174,10
46470574,375912658,Queens,East Elmhurst,40.76227,-73.87208,Entire home/apt,165,2,89,1,170,54
46356852,73247571,Manhattan,Gramercy,40.73736,-73.98401,Private room,70,90,0,1,82,0
46357127,59089906,Brooklyn,East New York,40.67076,-73.87743,Entire home/apt,139,30,3,4,364,3
46358642,73098313,Bronx,Highbridge,40.83915,-73.92612,Private room,60,4,4,3,0,2
46358874,2707299,Brooklyn,DUMBO,40.70154,-73.98495,Entire home/apt,275,30,0,2,89,0
46472388,375788370,Manhattan,Hell's Kitchen,40.75658,-73.9932,Entire home/apt,1199,30,0,1,365,0
46472498,344977817,Queens,College Point,40.78443,-73.84296,Private room,100,60,0,1,0,0
46360387,172422032,Brooklyn,Bedford-Stuyvesant,40.68421,-73.92322,Private room,114,7,7,2,20,4
46360569,2286174,Manhattan,Chelsea,40.74098,-74.00115,Entire home/apt,213,30,1,1,181,0
46310277,69074662,Manhattan,West Village,40.73255,-74.00079,Entire home/apt,71,30,3,1,0,0
46310724,374866296,Manhattan,Hell's Kitchen,40.76151,-73.98778,Private room,178,4,23,1,82,10
46475173,28915396,Brooklyn,Greenpoint,40.71947,-73.94789,Entire home/apt,100,15,2,1,0,0
46314128,220763958,Queens,Arverne,40.58753,-73.7964,Entire home/apt,165,30,5,1,286,4
46316803,287254825,Queens,Maspeth,40.73972,-73.9015,Private room,158,1,0,1,0,0
46318416,371789143,Manhattan,Theater District,40.75906,-73.9854,Private room,120,5,24,1,0,16
46319349,156571850,Manhattan,Kips Bay,40.7393,-73.98029,Entire home/apt,145,1,0,1,0,0
46322539,43502871,Manhattan,Inwood,40.86286,-73.92818,Private room,75,2,13,1,41,13
46361294,271249923,Manhattan,Gramercy,40.73849,-73.98241,Entire home/apt,1004,4,29,1,65,18
46369479,573868,Brooklyn,Williamsburg,40.71194,-73.96293,Entire home/apt,185,3,13,1,11,11
46480002,107434423,Manhattan,Midtown,40.7604361,-73.96852299999999,Entire home/apt,454,31,1,453,333,1
46480127,107434423,Manhattan,Midtown,40.7604361,-73.96852299999999,Entire home/apt,370,31,0,453,112,0
46480144,107434423,Manhattan,Midtown,40.7604361,-73.96852299999999,Entire home/apt,506,31,0,453,296,0
46480260,107434423,Manhattan,Midtown,40.7604361,-73.96852299999999,Entire home/apt,336,31,0,453,298,0
46480702,87601935,Manhattan,Upper East Side,40.7732,-73.94543,Entire home/apt,60,180,0,1,177,0
46375046,9471525,Manhattan,Kips Bay,40.74389,-73.97662,Entire home/apt,120,10,3,1,0,2
46375709,17266991,Bronx,Highbridge,40.83468,-73.92464,Private room,60,2,29,1,0,7
46376066,128692351,Bronx,Highbridge,40.84331,-73.92713,Private room,52,2,62,1,316,36
46376233,371972456,Manhattan,Financial District,40.7048,-74.00591,Private room,407,1,68,101,75,22
46376967,371972456,Manhattan,Financial District,40.70668,-74.00371,Private room,407,1,75,101,75,24
46377326,371972456,Manhattan,Financial District,40.7063,-74.00373,Private room,407,1,43,101,76,17
46379831,371972456,Manhattan,Financial District,40.70486,-74.00576,Private room,407,1,35,101,110,4
46379970,371972456,Manhattan,Financial District,40.70521,-74.00562,Private room,407,1,87,101,110,19
46380160,371972456,Manhattan,Financial District,40.70614,-74.00369,Private room,407,1,36,101,110,16
46484571,103729,Manhattan,Lower East Side,40.72076,-73.98863,Entire home/apt,179,30,3,1,281,3
46485478,375996839,Manhattan,Midtown,40.76543,-73.98017,Private room,200,2,0,1,0,0
46326085,374968989,Brooklyn,East Flatbush,40.63646,-73.93535,Entire home/apt,102,2,117,1,90,56
46326889,22541573,Manhattan,Midtown,40.75702,-73.98035,Entire home/apt,412,30,0,131,345,0
46326981,22541573,Manhattan,Chelsea,40.74566,-73.99223,Entire home/apt,532,30,0,131,311,0
46329684,104483264,Brooklyn,Bushwick,40.68396,-73.91234,Private room,80,1,15,1,0,7
46329890,43599290,Manhattan,SoHo,40.72238,-74.00205,Entire home/apt,701,1,73,4,289,36
46330099,61391963,Manhattan,Kips Bay,40.7406,-73.97607,Entire home/apt,175,30,2,116,281,1
46330286,22003269,Manhattan,East Village,40.72227,-73.98629,Entire home/apt,225,3,17,2,46,11
46330338,61391963,Manhattan,Murray Hill,40.75111,-73.97747,Entire home/apt,175,30,3,116,268,1
46330984,18836774,Manhattan,Washington Heights,40.83465,-73.94626,Entire home/apt,100,30,6,1,240,4
46486292,68249711,Queens,Astoria,40.7627,-73.92126,Entire home/apt,75,30,5,1,247,2
46331352,368414381,Brooklyn,Sheepshead Bay,40.5867,-73.94918,Private room,1000,38,0,3,0,0
46331952,368414381,Brooklyn,Sheepshead Bay,40.5885,-73.94902,Entire home/apt,5000,31,0,3,0,0
46332413,30739576,Brooklyn,Williamsburg,40.70643,-73.9435,Entire home/apt,200,5,10,1,2,8
46486417,51548122,Manhattan,Nolita,40.72011,-73.99534,Private room,175,15,4,53,0,3
46490720,375909286,Queens,Jamaica,40.70263,-73.77943,Private room,49,2,2,1,0,0
46490730,376047482,Manhattan,West Village,40.73914,-74.00346,Entire home/apt,150,5,2,1,6,1
46332477,375019665,Queens,Glendale,40.69553,-73.8982,Entire home/apt,62,1,17,1,0,0
46491701,37808742,Brooklyn,Bushwick,40.69636,-73.92419,Entire home/apt,114,30,3,3,363,1
46493092,23217966,Queens,Jamaica,40.70398,-73.81522,Private room,48,2,43,4,339,24
46495304,371972456,Manhattan,Financial District,40.70647,-74.00531,Private room,407,1,80,101,70,21
46495387,371972456,Manhattan,Financial District,40.70576,-74.00363,Private room,407,1,43,101,69,17
46498576,107434423,Manhattan,Midtown,40.7604361,-73.96852299999999,Entire home/apt,556,31,1,453,266,0
46503124,22541573,Manhattan,Murray Hill,40.74785,-73.97988,Entire home/apt,392,30,0,131,359,0
46503317,57140272,Brooklyn,Williamsburg,40.71127,-73.95232,Entire home/apt,260,30,2,1,7,2
46503564,86771798,Manhattan,Midtown,40.76484,-73.97924,Entire home/apt,182,90,0,30,261,0
46507407,376162527,Brooklyn,Greenpoint,40.72287,-73.94545,Entire home/apt,308,3,42,1,8,23
46334141,329271,Brooklyn,Bedford-Stuyvesant,40.68532,-73.93062,Private room,45,30,3,2,9,3
46335178,51501835,Manhattan,Upper East Side,40.78213,-73.95269,Entire home/apt,100,30,5,109,267,3
46336910,51501835,Manhattan,Upper East Side,40.78231,-73.95401,Entire home/apt,110,30,4,109,308,3
46380639,65979492,Brooklyn,Brooklyn Heights,40.69333,-73.99671,Entire home/apt,125,30,2,1,0,1
46381019,371972456,Manhattan,Financial District,40.70586,-74.00383,Private room,407,1,55,101,75,23
46381862,19303369,Queens,Woodside,40.74113,-73.89287,Entire home/apt,99,1,1,175,0,0
46391257,157194575,Brooklyn,Crown Heights,40.67761,-73.95607,Entire home/apt,200,5,4,1,237,3
46508665,283511343,Manhattan,Midtown,40.76565,-73.98292,Entire home/apt,180,5,9,2,38,1
46508684,16096674,Manhattan,Hell's Kitchen,40.75923,-73.99434,Entire home/apt,280,1,2,1,0,0
46510119,360085932,Brooklyn,Williamsburg,40.71554,-73.95503,Private room,100,30,13,5,146,4
46510270,376179374,Staten Island,Grymes Hill,40.61169,-74.08928,Entire home/apt,295,2,85,1,282,42
46338091,262270210,Brooklyn,Canarsie,40.63083,-73.90943,Private room,55,31,0,1,90,0
46340227,375073900,Brooklyn,Canarsie,40.64179,-73.8938,Entire home/apt,96,3,58,1,156,33
46511403,225144151,Manhattan,West Village,40.73932,-74.00601,Entire home/apt,2486,1,1,2,364,0
46511472,7853599,Manhattan,Upper West Side,40.77978,-73.98493,Private room,1999,30,0,1,0,0
46514783,137358866,Queens,Astoria,40.76637,-73.92304,Private room,103,30,0,111,341,0
46516444,85336401,Manhattan,Hell's Kitchen,40.76588,-73.99299,Private room,200,4,8,2,3,8
46522892,27497250,Brooklyn,Bedford-Stuyvesant,40.68424,-73.92325,Entire home/apt,124,1,5,1,7,4
46345301,368722719,Manhattan,Upper West Side,40.80182,-73.96704,Private room,108,1,4,2,5,4
46523793,373955746,Bronx,Longwood,40.82652,-73.89088,Private room,50,1,0,1,0,0
46346516,12679657,Manhattan,Harlem,40.81683,-73.94378,Entire home/apt,76,30,3,1,0,0
46350355,214171931,Queens,Jamaica,40.67582,-73.77963,Entire home/apt,247,2,31,3,357,18
46391888,375344103,Manhattan,West Village,40.74044,-74.00544,Entire home/apt,2500,1,0,3,364,0
46393855,37808742,Brooklyn,Bushwick,40.69407,-73.92631,Entire home/apt,115,30,5,3,241,3
46396810,7411076,Brooklyn,East Flatbush,40.63614,-73.95059,Entire home/apt,200,7,3,1,159,2
46397667,844862,Manhattan,Upper West Side,40.78117757595187,-73.98428751987703,Private room,200,60,2,1,341,1
46526618,4888892,Brooklyn,Bedford-Stuyvesant,40.67982975476146,-73.91133835572411,Private room,80,29,9,8,332,2
46527677,51548122,Manhattan,Nolita,40.72011,-73.99563,Entire home/apt,170,15,19,53,47,6
46528083,371972456,Manhattan,Financial District,40.70603,-74.00376,Private room,407,1,113,101,105,24
46528305,371972456,Manhattan,Financial District,40.70662,-74.0057,Private room,407,1,60,101,74,32
46528425,371972456,Manhattan,Financial District,40.70574,-74.00591,Private room,407,1,109,101,73,29
46528510,371972456,Manhattan,Financial District,40.70635,-74.00428,Private room,407,1,57,101,75,22
46528624,371972456,Manhattan,Financial District,40.70466,-74.00568,Private room,407,1,64,101,74,18
46528704,371972456,Manhattan,Financial District,40.70644,-74.00579,Private room,407,1,73,101,75,28
46528851,371972456,Manhattan,Financial District,40.70657,-74.00426,Private room,407,1,29,101,110,5
46528945,371972456,Manhattan,Financial District,40.70649,-74.00407,Private room,407,1,36,101,110,8
46533178,4667705,Brooklyn,Bushwick,40.69616,-73.92859,Private room,300,1,7,6,353,3
46398709,375451243,Manhattan,Chelsea,40.74087,-73.99935,Entire home/apt,526,4,79,1,220,58
46533813,274590847,Brooklyn,Bushwick,40.69983,-73.92392,Entire home/apt,421,2,15,1,236,5
46400759,373604254,Bronx,Co-op City,40.87067,-73.82683,Private room,150,30,0,1,0,0
46400961,276021627,Manhattan,Upper West Side,40.79799,-73.97255,Entire home/apt,175,2,89,1,146,53
46401349,349820814,Brooklyn,Boerum Hill,40.68602,-73.98176,Entire home/apt,198,3,56,3,12,33
46535498,348619646,Manhattan,Midtown,40.74627,-73.98801,Private room,265,1,46,52,5,28
46539701,7239125,Brooklyn,Williamsburg,40.71657,-73.95047,Entire home/apt,125,30,3,1,0,0
46401862,371306828,Manhattan,Upper East Side,40.77105,-73.9532,Entire home/apt,650,7,15,1,319,5
46401917,375470611,Queens,St. Albans,40.70036,-73.75009,Entire home/apt,257,5,0,2,179,0
46401930,19303369,Brooklyn,Williamsburg,40.70259,-73.94207,Private room,34,30,1,175,0,0
46402076,204704622,Brooklyn,Williamsburg,40.70475,-73.9425,Private room,36,30,0,157,0,0
46407499,2676438,Manhattan,Upper East Side,40.7743,-73.95141,Entire home/apt,84,7,5,2,0,2
46351532,375039363,Manhattan,West Village,40.73447,-73.9998,Entire home/apt,380,2,100,1,38,64
46352910,162280872,Manhattan,Upper East Side,40.77196,-73.95727,Entire home/apt,180,30,7,98,313,5
46566868,32589568,Brooklyn,Bay Ridge,40.63834,-74.03183,Private room,35,30,3,2,35,2
46568461,1168704,Brooklyn,Bedford-Stuyvesant,40.69606,-73.93832,Private room,98,14,4,3,149,2
46540572,66480106,Brooklyn,Williamsburg,40.71581,-73.94537,Entire home/apt,185,7,4,1,272,1
46540733,107434423,Manhattan,Hell's Kitchen,40.76778789999999,-73.99174099999999,Entire home/apt,411,31,0,453,158,0
46542631,107434423,Manhattan,Hell's Kitchen,40.76778789999999,-73.99174099999999,Entire home/apt,857,31,0,453,5,0
46542654,107434423,Manhattan,Hell's Kitchen,40.76778789999999,-73.99174099999999,Entire home/apt,356,31,0,453,294,0
46542773,22541573,Manhattan,Upper East Side,40.7632,-73.96262,Entire home/apt,232,30,2,131,325,2
46542862,371972456,Manhattan,Financial District,40.70636,-74.00515,Private room,407,1,35,101,110,10
46542974,371972456,Manhattan,Financial District,40.70633,-74.004,Private room,407,1,26,101,110,5
46543084,53725579,Manhattan,Upper West Side,40.80054,-73.96135,Private room,62,1,73,4,0,21
46544008,45451107,Brooklyn,Fort Greene,40.68359,-73.972,Entire home/apt,250,1,1,1,0,1
46569497,61132135,Brooklyn,Clinton Hill,40.68718,-73.95984,Entire home/apt,169,30,24,1,93,20
46544231,2867137,Manhattan,Upper East Side,40.7795,-73.95529,Entire home/apt,485,30,2,73,246,1
46544275,371972456,Manhattan,Financial District,40.70463,-74.00544,Private room,407,1,119,101,108,43
46544321,371972456,Manhattan,Financial District,40.70525,-74.00585,Private room,407,1,49,101,110,10
46544406,371972456,Manhattan,Financial District,40.70617,-74.00562,Private room,407,1,92,101,74,24
46546926,348619646,Manhattan,Midtown,40.74823,-73.98722,Private room,265,1,52,52,3,34
46546969,2313422,Brooklyn,Williamsburg,40.7193,-73.9547,Entire home/apt,350,4,4,1,3,2
46411236,51637918,Manhattan,Hell's Kitchen,40.75993,-73.99031,Entire home/apt,195,30,104,3,30,64
46412330,86771798,Manhattan,Murray Hill,40.74597,-73.97647,Entire home/apt,142,30,3,30,79,3
46412581,375470611,Queens,St. Albans,40.70011,-73.75073,Private room,89,5,0,2,179,0
46547485,348619646,Manhattan,Midtown,40.75318,-73.98503,Entire home/apt,364,7,46,52,70,27
46549492,33833944,Manhattan,Midtown,40.76078,-73.96518,Entire home/apt,145,30,3,4,0,2
46551529,171051361,Brooklyn,Sunset Park,40.65954,-73.99269,Entire home/apt,120,180,0,4,358,0
46559649,371972456,Manhattan,Financial District,40.70485,-74.00568,Private room,407,1,31,101,110,3
46559912,371972456,Manhattan,Financial District,40.70595,-74.00588,Private room,407,1,73,101,72,33
46561315,1602951,Brooklyn,Bedford-Stuyvesant,40.68454,-73.95759,Entire home/apt,190,5,0,2,0,0
46561750,371972456,Manhattan,Financial District,40.7045,-74.00531,Private room,407,1,64,101,110,20
46562002,371972456,Manhattan,Financial District,40.70659,-74.00436,Private room,407,1,50,101,75,21
46562291,371972456,Manhattan,Financial District,40.70632,-74.00573,Private room,407,1,7,101,110,1
46562384,371972456,Manhattan,Financial District,40.70506,-74.00591,Private room,407,1,37,101,74,24
46563507,3223938,Queens,Ridgewood,40.70246,-73.90456,Private room,29,90,0,288,262,0
46563687,34828488,Queens,Rosedale,40.65915,-73.74116,Entire home/apt,160,2,16,1,341,9
46413038,23634203,Manhattan,Upper East Side,40.76323,-73.96094,Entire home/apt,142,3,15,1,0,6
46413969,371972456,Manhattan,Financial District,40.70647,-74.00543,Private room,407,1,38,101,75,16
46414136,371972456,Manhattan,Financial District,40.70639,-74.00426,Private room,407,1,104,101,70,35
46414174,238686010,Brooklyn,Windsor Terrace,40.6556,-73.97895,Private room,157,1,22,6,327,18
46414339,3930799,Brooklyn,Williamsburg,40.70935,-73.94628,Entire home/apt,190,3,37,1,275,20
46570242,376570687,Brooklyn,Bensonhurst,40.618,-73.99199,Private room,55,1,0,1,0,0
46571791,80262218,Manhattan,Upper East Side,40.7722,-73.95597,Private room,70,90,2,4,191,0
46563729,3664485,Manhattan,Hell's Kitchen,40.76592,-73.99291,Shared room,35,1,0,2,0,0
46565079,206722794,Brooklyn,Williamsburg,40.7102,-73.96058,Entire home/apt,130,30,7,4,248,5
46566048,16139880,Brooklyn,Bedford-Stuyvesant,40.67779,-73.91676,Entire home/apt,188,3,31,2,355,27
46566088,371972456,Manhattan,Financial District,40.70444,-74.00583,Private room,407,1,70,101,110,25
46566199,371972456,Manhattan,Financial District,40.70458,-74.00573,Private room,407,1,50,101,110,22
46706759,377484768,Brooklyn,East New York,40.66913,-73.89923,Entire home/apt,100,3,31,2,251,24
46575820,376601023,Manhattan,Chelsea,40.75219,-73.99686,Entire home/apt,219,24,0,1,0,0
46582283,265424495,Manhattan,Harlem,40.80463,-73.94609,Private room,129,1,114,2,305,78
46415269,34743395,Brooklyn,Williamsburg,40.71263,-73.94822,Entire home/apt,185,14,1,1,0,0
46415505,3351317,Manhattan,Kips Bay,40.7402,-73.982,Entire home/apt,425,4,33,2,241,26
46416099,86771798,Manhattan,Midtown,40.74910308485178,-73.98197225661943,Entire home/apt,115,30,2,30,114,2
46417232,349820814,Brooklyn,Boerum Hill,40.68567,-73.98014,Entire home/apt,201,3,53,3,11,30
46706771,348619646,Manhattan,Midtown,40.74752,-73.98675,Private room,263,1,23,52,9,11
46707460,238686010,Brooklyn,Windsor Terrace,40.65609,-73.97936,Entire home/apt,200,30,1,6,249,0
46707828,377238289,Manhattan,Upper West Side,40.77561,-73.9878,Entire home/apt,235,30,1,1,0,0
46419119,63513695,Manhattan,Chinatown,40.71413,-73.99409,Entire home/apt,395,3,20,1,47,13
46419316,348619646,Manhattan,Midtown,40.74766,-73.98702,Private room,269,7,36,52,65,24
46420303,114828297,Brooklyn,East Flatbush,40.63798,-73.95059,Entire home/apt,150,2,0,2,0,0
46420614,371972456,Manhattan,Financial District,40.70599,-74.00565,Private room,407,1,35,101,108,3
46583888,18940662,Manhattan,Harlem,40.81858,-73.95625,Entire home/apt,89,30,0,1,0,0
46708413,73428135,Brooklyn,Williamsburg,40.71975,-73.96288,Entire home/apt,113,1,2,1,0,0
46709161,38592279,Manhattan,Midtown,40.74677,-73.98812,Private room,479,1,3,26,27,2
46712251,154458740,Queens,Woodside,40.75576,-73.90213,Private room,45,2,0,1,0,0
46585974,5536278,Brooklyn,Bushwick,40.70006,-73.93561,Private room,80,4,35,1,0,15
46420715,375216818,Manhattan,Greenwich Village,40.73305,-73.99894,Entire home/apt,473,2,89,1,44,41
46420861,371972456,Manhattan,Financial District,40.706,-74.00353,Private room,407,1,27,101,105,5
46420982,371972456,Manhattan,Financial District,40.70662,-74.0053,Private room,407,1,89,101,72,30
46712287,65257571,Manhattan,Harlem,40.80132,-73.95236,Private room,125,1,9,1,155,9
46421986,157023321,Queens,Long Island City,40.75476,-73.93886,Shared room,50,1,1,1,0,0
46428025,264850701,Manhattan,Hell's Kitchen,40.76659,-73.98951,Entire home/apt,175,7,5,2,0,0
46428551,371972456,Manhattan,Financial District,40.70493,-74.0055,Private room,407,1,51,101,74,16
46428638,371972456,Manhattan,Financial District,40.70518,-74.00587,Private room,407,1,53,101,75,19
46428730,371972456,Manhattan,Financial District,40.70487,-74.00592,Private room,407,1,50,101,105,12
46714824,64358632,Brooklyn,Gowanus,40.67071,-73.98857,Entire home/apt,795,3,5,1,0,2
46429942,173858338,Brooklyn,Bedford-Stuyvesant,40.6898,-73.9313,Private room,91,1,0,1,0,0
46586330,70226841,Manhattan,Lower East Side,40.7216811,-73.9887451,Private room,115,1,0,1,31,0
46594076,53725579,Manhattan,Washington Heights,40.84319,-73.93707,Private room,80,1,22,4,0,14
46595759,47900722,Queens,Cambria Heights,40.68708,-73.73614,Private room,166,1,7,5,76,2
46597364,31431421,Manhattan,Washington Heights,40.84472,-73.93731,Entire home/apt,46,3,6,1,0,0
46720587,107434423,Manhattan,Chelsea,40.753011,-73.995934,Entire home/apt,473,31,0,453,308,0
46722983,27181542,Manhattan,Upper East Side,40.77307,-73.94984,Entire home/apt,199,30,7,69,89,4
46597956,376743005,Manhattan,Lower East Side,40.72174,-73.98737,Private room,2500,2,24,2,77,10
46599753,374605622,Manhattan,Hell's Kitchen,40.76219,-73.99191,Entire home/apt,354,30,10,1,59,8
46430844,375649922,Manhattan,Harlem,40.82569,-73.94006,Entire home/apt,150,30,0,1,365,0
46432272,51501835,Manhattan,Hell's Kitchen,40.7655,-73.98802,Entire home/apt,150,30,6,109,341,3
46725288,61391963,Manhattan,Kips Bay,40.74109,-73.97811,Entire home/apt,175,30,3,116,343,3
46725493,61391963,Manhattan,Kips Bay,40.74077,-73.97589,Entire home/apt,175,30,5,116,311,1
46727329,377647905,Manhattan,Murray Hill,40.74853,-73.97632,Private room,322,1,50,6,309,41
46432540,21387155,Manhattan,Hell's Kitchen,40.76685,-73.99134,Private room,180,2,8,1,19,8
46601386,342323079,Queens,Forest Hills,40.71569,-73.85379,Private room,124,2,83,1,153,53
46727423,351404975,Manhattan,Upper West Side,40.79455,-73.97357,Private room,45,1,0,1,0,0
46602129,251428213,Bronx,Pelham Gardens,40.86423,-73.84781,Entire home/apt,170,2,41,2,54,22
46432776,372793610,Manhattan,Midtown,40.76386,-73.98008,Entire home/apt,700,2,0,1,0,0
46727487,373073512,Manhattan,Midtown,40.75452,-73.97076,Entire home/apt,300,30,0,1,0,0
46435388,375687526,Brooklyn,Bushwick,40.70382,-73.92464,Entire home/apt,240,3,54,2,316,32
46435483,6600911,Brooklyn,Bensonhurst,40.61376,-73.9837,Private room,58,3,11,5,295,11
46727968,376743005,Manhattan,Lower East Side,40.72102,-73.98824,Private room,1081,3,2,2,83,0
46729355,36978567,Bronx,Mott Haven,40.80754,-73.92297,Private room,65,1,82,3,92,39
46436269,375692991,Staten Island,St. George,40.64142,-74.08346,Entire home/apt,108,2,82,1,130,44
46436583,348619646,Manhattan,Midtown,40.74665,-73.9888,Entire home/apt,269,7,10,52,73,9
46602496,361674968,Bronx,Throgs Neck,40.83171,-73.82568,Private room,120,1,1,1,179,1
46603440,215488365,Brooklyn,Crown Heights,40.67434,-73.92954,Private room,72,1,13,5,64,13
46729531,377647905,Manhattan,Murray Hill,40.74910537794375,-73.97733888018335,Private room,643,1,0,6,360,0
46729545,377647905,Manhattan,Murray Hill,40.74677,-73.97696,Private room,332,1,63,6,330,35
46729678,377647905,Manhattan,Murray Hill,40.74676,-73.97624,Private room,286,1,38,6,340,25
46729892,377647905,Manhattan,Murray Hill,40.74684,-73.97793,Private room,324,1,50,6,320,32
46729966,377647905,Manhattan,Murray Hill,40.74682,-73.97634,Private room,311,1,56,6,314,39
46731336,59905333,Manhattan,East Village,40.72817,-73.9801,Entire home/apt,120,30,0,2,0,0
46732441,168927293,Brooklyn,Bedford-Stuyvesant,40.68466,-73.9296,Private room,30,1,78,1,0,41
46732594,39039509,Brooklyn,East Flatbush,40.64587,-73.94232,Entire home/apt,150,2,0,2,249,0
46734438,21426910,Brooklyn,Sheepshead Bay,40.59559,-73.96248,Entire home/apt,87,30,25,2,178,7
46734542,92650708,Manhattan,Upper East Side,40.76298,-73.96627,Entire home/apt,391,4,52,1,0,37
46605367,376786364,Bronx,North Riverdale,40.91062,-73.89987,Private room,65,10,2,1,173,1
46736580,18214457,Bronx,Kingsbridge,40.87396,-73.90164,Entire home/apt,200,3,0,1,0,0
46608176,3984431,Manhattan,Hell's Kitchen,40.7665,-73.98708,Entire home/apt,1050,28,18,1,177,5
46610764,107434423,Manhattan,Hell's Kitchen,40.76778789999999,-73.99174099999999,Entire home/apt,409,31,1,453,241,1
46612993,293474639,Brooklyn,Bedford-Stuyvesant,40.68457,-73.95028,Private room,35,30,0,1,0,0
46438870,2186974,Bronx,Edenwald,40.88143,-73.84297,Private room,57,2,29,1,340,20
46441717,193321999,Manhattan,Hell's Kitchen,40.76331,-73.99722,Entire home/apt,288,30,3,1,2,2
46444812,18922831,Brooklyn,Williamsburg,40.71615,-73.96291,Entire home/apt,100,10,1,1,0,1
46450365,375788400,Manhattan,East Harlem,40.8079,-73.93437,Private room,50,3,0,1,0,0
46737044,45600001,Queens,Flushing,40.74507,-73.8337,Private room,58,1,23,6,73,18
46737074,45600001,Queens,Flushing,40.74661,-73.83398,Private room,68,1,9,6,56,8
46743881,53720018,Manhattan,Hell's Kitchen,40.7688,-73.98666,Entire home/apt,129,5,15,1,0,8
46745276,3964453,Brooklyn,Red Hook,40.67908,-74.00808,Entire home/apt,285,3,40,2,88,30
46749739,371972456,Manhattan,Financial District,40.70449,-74.00565,Private room,407,1,15,101,110,2
46749740,48523649,Brooklyn,Williamsburg,40.71186,-73.94548,Entire home/apt,155,30,6,1,32,3
46450521,139934186,Manhattan,Kips Bay,40.74176,-73.97711,Entire home/apt,291,14,16,1,186,7
46458377,126288916,Brooklyn,Flatbush,40.63756,-73.95839,Private room,60,1,2,1,312,2
46461933,293238741,Manhattan,Hell's Kitchen,40.76822,-73.98726,Entire home/apt,180,30,4,3,109,3
46463617,86771798,Manhattan,Kips Bay,40.74378,-73.98097,Entire home/apt,113,30,1,30,70,1
46464010,375864182,Brooklyn,Bedford-Stuyvesant,40.69034,-73.94036,Private room,64,30,3,3,341,1
46465542,375864182,Brooklyn,Bedford-Stuyvesant,40.6916,-73.9404,Private room,60,30,1,3,342,0
46616073,128164616,Brooklyn,Bushwick,40.69644,-73.92495,Private room,90,1,0,1,0,0
46617068,33934071,Brooklyn,Red Hook,40.67932,-74.00812,Entire home/apt,200,1,32,1,239,17
46750647,19243808,Manhattan,Chelsea,40.74414,-74.00385,Entire home/apt,950,30,2,12,280,2
46751044,348619646,Manhattan,Midtown,40.74787,-73.98847,Entire home/apt,315,1,38,52,66,31
46753919,27181542,Manhattan,Upper East Side,40.77445,-73.94769,Entire home/apt,135,30,2,69,69,2
46754860,13762763,Manhattan,Upper East Side,40.78294,-73.94998,Entire home/apt,339,3,5,1,36,3
46617772,376861859,Manhattan,East Village,40.72784,-73.98071,Entire home/apt,189,3,4,1,16,2
46757310,27273301,Manhattan,Upper West Side,40.77605,-73.97866,Entire home/apt,135,30,0,1,34,0
46623295,10806025,Manhattan,Harlem,40.81935,-73.94284,Private room,107,1,49,2,62,23
46624461,371972456,Manhattan,Financial District,40.70641,-74.00384,Private room,407,1,31,101,110,3
46624549,371972456,Manhattan,Financial District,40.70591,-74.00571,Private room,407,1,38,101,110,12
46624622,371972456,Manhattan,Financial District,40.7064,-74.00418,Private room,407,1,48,101,110,9
46815871,378258850,Brooklyn,Canarsie,40.63186,-73.90126,Entire home/apt,200,2,15,1,280,11
46816415,54328307,Manhattan,Midtown,40.74567,-73.99055,Entire home/apt,1000,30,1,1,0,0
46820825,92904178,Queens,Long Island City,40.75565,-73.92098,Entire home/apt,100,5,0,1,0,0
46821374,378295793,Manhattan,Financial District,40.7073,-74.00077,Private room,70,2,0,1,0,0
46758057,36732553,Queens,Astoria,40.75483,-73.91608,Private room,50,20,3,3,0,0
46767538,90153911,Manhattan,Harlem,40.82126,-73.9523,Entire home/apt,60,7,0,4,0,0
46769205,23615410,Manhattan,Harlem,40.80724,-73.95428,Entire home/apt,400,3,2,1,0,2
46769363,230609871,Manhattan,Inwood,40.86739,-73.92571,Private room,71,1,7,2,1,2
46770163,104725530,Manhattan,West Village,40.73272,-74.00452,Entire home/apt,300,14,0,1,0,0
46825084,342640129,Manhattan,Chelsea,40.74096,-73.99899,Entire home/apt,423,4,78,1,229,55
46625288,376905135,Brooklyn,Greenpoint,40.72629,-73.94662,Entire home/apt,279,2,48,2,125,26
46629272,6188244,Manhattan,Roosevelt Island,40.76438,-73.94629,Private room,200,5,3,1,0,0
46771171,28120099,Brooklyn,Williamsburg,40.71778,-73.95721,Entire home/apt,100,4,4,1,3,2
46771659,31557132,Brooklyn,Williamsburg,40.71757,-73.94738,Entire home/apt,150,30,2,1,0,1
46772182,104925528,Queens,East Elmhurst,40.76487,-73.87193,Private room,53,2,70,1,9,52
46827277,161562842,Manhattan,Chelsea,40.74211,-73.99867,Entire home/apt,359,4,65,1,260,46
46773212,45600001,Queens,Flushing,40.74455,-73.83501,Private room,61,1,44,6,53,27
46775879,5735865,Manhattan,Upper East Side,40.77466,-73.95061,Entire home/apt,330,5,24,2,121,19
46778594,38530455,Manhattan,Hell's Kitchen,40.76418,-73.98825,Private room,115,1,64,2,59,58
46829297,132371684,Brooklyn,Bedford-Stuyvesant,40.68062817410406,-73.95422396316515,Private room,80,3,5,2,108,5
46829853,371972456,Manhattan,Financial District,40.70621,-74.00397,Private room,407,1,57,101,110,5
46829934,371972456,Manhattan,Financial District,40.70449,-74.00513,Private room,407,1,70,101,110,22
46829983,371972456,Manhattan,Financial District,40.70631,-74.00531,Private room,407,1,62,101,110,16
46830353,3219752,Brooklyn,Greenpoint,40.73591,-73.95428,Entire home/apt,80,60,0,1,0,0
46831214,19550968,Manhattan,Battery Park City,40.7116,-74.01674,Entire home/apt,120,30,1,2,0,0
46832153,228080471,Manhattan,West Village,40.73416,-74.00407,Entire home/apt,85,14,0,1,0,0
46632221,86640102,Manhattan,East Harlem,40.80004,-73.94235,Entire home/apt,89,30,0,1,0,0
46638180,162171692,Manhattan,Upper East Side,40.77952194213867,-73.95111083984375,Entire home/apt,160,30,4,3,123,1
46638688,162171692,Manhattan,Upper East Side,40.779667,-73.951927,Entire home/apt,223,30,6,3,89,0
46779286,255526462,Brooklyn,Bedford-Stuyvesant,40.67847,-73.94888,Private room,35,14,1,4,0,0
46779447,2409072,Manhattan,Harlem,40.82807,-73.94642,Private room,45,7,0,2,218,0
46783109,64484642,Manhattan,Greenwich Village,40.73329,-73.99876,Private room,150,4,8,1,0,8
46786946,368414381,Brooklyn,Sheepshead Bay,40.58852,-73.95086,Entire home/apt,135,30,0,3,0,0
46787572,120762452,Manhattan,Murray Hill,40.75026,-73.97689,Entire home/apt,175,30,2,83,365,1
46787942,120762452,Manhattan,Murray Hill,40.74858,-73.97724,Entire home/apt,175,30,1,83,365,0
46788013,120762452,Manhattan,Murray Hill,40.74982,-73.97566,Entire home/apt,175,30,0,83,365,0
46788207,120762452,Manhattan,Murray Hill,40.75032,-73.97705,Entire home/apt,175,30,3,83,365,0
46788208,12950608,Brooklyn,Williamsburg,40.70908,-73.96565,Entire home/apt,295,20,3,1,0,1
46640630,377006945,Brooklyn,Canarsie,40.6275,-73.9006,Entire home/apt,115,2,63,1,165,34
46788335,120762452,Manhattan,Murray Hill,40.74997,-73.97719,Entire home/apt,175,30,0,83,365,0
46788551,120762452,Manhattan,Murray Hill,40.74902,-73.97755,Entire home/apt,175,30,0,83,365,0
46788667,120762452,Manhattan,Murray Hill,40.75013,-73.97602,Entire home/apt,175,30,1,83,365,1
46788718,120762452,Manhattan,Murray Hill,40.74813,-73.97609,Entire home/apt,175,30,0,83,365,0
46788841,120762452,Manhattan,Murray Hill,40.75043,-73.97538,Entire home/apt,175,30,0,83,365,0
46788955,120762452,Manhattan,Murray Hill,40.74822,-73.97524,Entire home/apt,175,30,0,83,365,0
46789948,1570801,Manhattan,East Village,40.72438,-73.99177,Entire home/apt,298,30,0,1,153,0
46641129,19740343,Brooklyn,Williamsburg,40.71436,-73.9502,Entire home/apt,119,14,1,1,0,0
46832297,101311747,Queens,Richmond Hill,40.68442,-73.83084,Entire home/apt,149,3,10,1,0,0
46832577,27181542,Manhattan,Upper East Side,40.77517,-73.94749,Entire home/apt,249,30,2,69,178,1
46791082,378112960,Manhattan,Hell's Kitchen,40.76174,-73.99269,Entire home/apt,153,2,106,13,110,60
46794371,152994552,Manhattan,Washington Heights,40.83581,-73.94717,Entire home/apt,72,30,6,2,166,3
46795036,200239515,Queens,Woodside,40.74168,-73.89779,Private room,34,30,0,158,0,0
46795911,204704622,Queens,Woodside,40.74251,-73.89568,Private room,32,30,0,157,0,0
46797041,19303369,Queens,Woodside,40.74303,-73.89592,Private room,34,30,0,175,0,0
46797479,9293730,Manhattan,Upper East Side,40.769524,-73.956451,Entire home/apt,238,30,2,37,162,0
46797938,27181542,Manhattan,Upper East Side,40.77316,-73.94922,Entire home/apt,140,30,6,69,133,4
46798137,301049251,Brooklyn,Sheepshead Bay,40.58776,-73.95922,Entire home/apt,141,3,3,2,341,3
46641277,350862434,Brooklyn,East Flatbush,40.63808,-73.93521,Private room,50,28,4,4,218,3
46641795,350862434,Brooklyn,East Flatbush,40.63827,-73.93688,Private room,51,30,0,4,219,0
46641962,305489297,Manhattan,Lower East Side,40.71226,-73.98901,Entire home/apt,140,30,1,6,264,1
46642069,204348856,Manhattan,Midtown,40.75446,-73.97276,Entire home/apt,314,30,4,7,104,1
46642839,340038896,Manhattan,Midtown,40.75579,-73.98322,Private room,478,1,1,6,172,0
46643048,340038896,Manhattan,Theater District,40.75775,-73.98332,Private room,510,1,1,6,326,0
46643336,374862747,Manhattan,Lower East Side,40.71834,-73.98903,Entire home/apt,110,30,4,2,5,2
46798669,145146182,Manhattan,Upper West Side,40.79514,-73.96738,Entire home/apt,270,30,1,2,306,1
46644584,29582882,Manhattan,Midtown,40.75564,-73.96949,Entire home/apt,575,30,0,9,141,0
46645146,348619646,Manhattan,Midtown,40.74767,-73.98672,Private room,256,1,22,52,1,16
46646140,350252704,Manhattan,Midtown,40.7574,-73.96902,Entire home/apt,430,30,4,8,142,0
46657645,371972456,Manhattan,Financial District,40.70605,-74.00378,Private room,407,1,63,101,110,18
46657684,340038896,Manhattan,Theater District,40.75812,-73.98463,Private room,423,1,3,6,326,2
46658177,348619646,Manhattan,Midtown,40.74617,-73.98684,Entire home/apt,266,1,5,52,2,4
46658757,340038896,Manhattan,Theater District,40.75736,-73.98354,Private room,383,1,19,6,326,16
46659138,86771798,Manhattan,Midtown,40.74402,-73.98308,Entire home/apt,115,30,3,30,113,2
46660491,86771798,Manhattan,Midtown,40.75110726771428,-73.98196120696929,Entire home/apt,155,30,3,30,142,2
46664171,197334240,Brooklyn,Crown Heights,40.67777,-73.94727,Private room,87,1,30,3,7,30
46665994,27181542,Manhattan,Upper East Side,40.77352,-73.94797,Entire home/apt,249,30,9,69,245,6
46667674,107434423,Manhattan,Chelsea,40.753011,-73.995934,Entire home/apt,366,31,0,453,3,0
46667694,107434423,Manhattan,Chelsea,40.753011,-73.995934,Entire home/apt,294,31,0,453,334,0
46667739,107434423,Manhattan,Chelsea,40.753011,-73.995934,Entire home/apt,306,31,3,453,324,2
46833500,378367272,Bronx,Allerton,40.86655,-73.8521,Entire home/apt,172,4,12,1,334,5
46833665,43654009,Manhattan,Upper East Side,40.76119,-73.96379,Entire home/apt,125,3,44,1,1,25
46833784,298280633,Queens,Briarwood,40.70854,-73.81476,Entire home/apt,55,30,1,1,0,0
46834761,378375077,Brooklyn,Bensonhurst,40.61089,-73.97823,Entire home/apt,100,30,0,2,0,0
46848948,27181542,Manhattan,Upper East Side,40.77146,-73.95834,Entire home/apt,225,30,2,69,152,0
46799074,25282898,Manhattan,Hell's Kitchen,40.76621,-73.98466,Private room,60,10,3,1,0,0
46799297,145146182,Manhattan,Upper West Side,40.79301,-73.96606,Entire home/apt,230,30,2,2,279,2
46804066,13448824,Brooklyn,Bushwick,40.70167,-73.91291,Private room,83,3,1,1,190,1
46812680,339436944,Brooklyn,Cypress Hills,40.68664,-73.87382,Private room,58,1,111,3,342,69
46814731,4642186,Manhattan,Chinatown,40.71693,-73.99413,Entire home/apt,275,30,0,1,0,0
46815136,304162990,Brooklyn,Cypress Hills,40.68366,-73.86987,Private room,225,4,2,2,65,0
46815855,294332738,Brooklyn,Bedford-Stuyvesant,40.68738,-73.9404,Entire home/apt,325,4,11,2,147,9
46964389,379247545,Manhattan,West Village,40.7333,-74.00175,Entire home/apt,383,5,57,1,120,36
46850986,376143855,Manhattan,East Harlem,40.7994,-73.94433,Entire home/apt,150,30,5,1,76,4
46851568,157604475,Brooklyn,Flatbush,40.65327,-73.96133,Private room,55,28,0,2,265,0
46852193,75881392,Brooklyn,Sheepshead Bay,40.59924,-73.96201,Entire home/apt,956,1,0,1,365,0
46852430,378375077,Brooklyn,Bensonhurst,40.61211,-73.97999,Entire home/apt,110,30,0,2,0,0
46852562,27181542,Manhattan,Upper East Side,40.77157,-73.95866,Entire home/apt,285,30,1,69,308,1
46854989,5225392,Manhattan,East Harlem,40.80028,-73.93647,Entire home/apt,106,4,2,1,253,2
46668098,333122477,Bronx,Claremont Village,40.83628,-73.91012,Private room,120,1,0,1,0,0
46669233,376691941,Manhattan,West Village,40.72956,-74.00513,Entire home/apt,175,30,2,1,293,2
46966951,371972456,Manhattan,Financial District,40.70666,-74.00551,Private room,407,1,77,101,110,26
46967616,306024152,Queens,South Ozone Park,40.67336,-73.79716,Private room,63,3,21,5,22,20
46967629,371972456,Manhattan,Financial District,40.70631,-74.0043,Private room,407,1,32,101,110,3
46967723,371972456,Manhattan,Financial District,40.70666,-74.00384,Private room,407,1,60,101,110,15
46971592,200239515,Queens,Jackson Heights,40.75144,-73.87819,Private room,36,30,0,158,0,0
46971867,182448644,Brooklyn,Williamsburg,40.71885,-73.95841,Entire home/apt,300,1,0,1,0,0
46671880,52676089,Brooklyn,Sunset Park,40.66397,-73.99155,Entire home/apt,79,2,3,1,0,0
46672848,3264855,Manhattan,East Village,40.72295,-73.98401,Entire home/apt,134,30,2,1,8,1
46676759,231633841,Queens,Jackson Heights,40.74937,-73.87767,Private room,55,365,2,1,0,0
46678638,371972456,Manhattan,Financial District,40.70666,-74.00378,Private room,407,1,31,101,110,6
46678697,371972456,Manhattan,Financial District,40.70451,-74.00519,Private room,407,1,101,101,110,32
46856467,378517976,Queens,Woodside,40.74599,-73.91199,Private room,50,3,0,1,0,0
46972585,254359674,Manhattan,Upper West Side,40.80073,-73.96085,Private room,91,4,30,1,45,25
46856605,373916913,Bronx,Morrisania,40.82792,-73.91151,Shared room,80,1,2,1,0,0
46856665,32617252,Brooklyn,Bedford-Stuyvesant,40.68003,-73.93445,Entire home/apt,180,3,26,2,107,25
46857735,11670463,Brooklyn,Brooklyn Heights,40.69869,-73.9936,Entire home/apt,180,30,0,1,190,0
46868917,3223938,Brooklyn,Williamsburg,40.71074,-73.96771,Private room,32,90,0,288,289,0
46869849,3223938,Brooklyn,Bushwick,40.69318,-73.9111,Private room,38,30,0,288,250,0
46679008,377261591,Queens,Long Island City,40.74521,-73.94851,Entire home/apt,125,30,0,2,0,0
46679010,8242397,Brooklyn,Greenpoint,40.73763,-73.95505,Entire home/apt,142,15,21,2,0,13
46973548,461430493,Queens,Astoria,40.76974,-73.91613,Private room,70,1,117,3,116,69
46679248,367124043,Manhattan,Harlem,40.80225,-73.95577,Private room,100,5,0,1,0,0
46682763,150428984,Bronx,Hunts Point,40.81214,-73.88873,Entire home/apt,125,3,10,5,168,10
46682819,18697326,Brooklyn,Bedford-Stuyvesant,40.68553,-73.91587,Entire home/apt,189,7,13,1,125,11
46687219,377261591,Queens,Long Island City,40.74643,-73.94631,Entire home/apt,125,30,0,2,0,0
46688810,374308047,Queens,Sunnyside,40.73987,-73.92737,Entire home/apt,197,3,95,1,20,58
46689854,224687317,Queens,East Elmhurst,40.76434,-73.88243,Entire home/apt,140,3,61,4,294,43
46872148,236567207,Brooklyn,Crown Heights,40.66999,-73.9351,Entire home/apt,100,30,0,1,0,0
46872971,408526,Brooklyn,Crown Heights,40.67211,-73.93949,Entire home/apt,398,2,29,1,0,22
46873173,37072479,Brooklyn,Williamsburg,40.71873,-73.95662,Entire home/apt,199,30,3,3,308,3
46875662,378681615,Manhattan,Washington Heights,40.84676,-73.94337,Private room,500,1,1,1,0,0
46877734,378699132,Manhattan,Upper East Side,40.78124,-73.95851,Entire home/apt,850,1,1,1,167,0
46877998,378700758,Brooklyn,Bushwick,40.68891,-73.91359,Private room,40,5,2,1,0,0
46878900,229274328,Manhattan,Midtown,40.75053,-73.98604,Private room,200,20,0,5,158,0
46879513,376526291,Queens,Rosedale,40.65889,-73.7428,Entire home/apt,150,2,6,1,364,4
46879825,90153911,Manhattan,Harlem,40.82082,-73.95322,Entire home/apt,65,15,1,4,0,0
46973640,27181542,Manhattan,Kips Bay,40.73899,-73.98109,Entire home/apt,199,30,4,69,79,2
46975030,15569250,Manhattan,Nolita,40.72115,-73.99677,Private room,350,1,2,2,0,0
46978495,44460139,Manhattan,SoHo,40.72678,-74.00115,Entire home/apt,39,90,0,2,0,0
46984809,27181542,Manhattan,Kips Bay,40.73891,-73.98132,Entire home/apt,199,30,6,69,124,2
46985748,371972456,Manhattan,Financial District,40.70602,-74.00383,Private room,407,1,90,101,110,32
46985797,371972456,Manhattan,Financial District,40.70479,-74.00574,Private room,407,1,74,101,110,24
46985853,371972456,Manhattan,Financial District,40.70624,-74.00359,Private room,407,1,54,101,110,14
46985902,371972456,Manhattan,Financial District,40.70444,-74.00541,Private room,407,1,44,101,110,14
46985961,371972456,Manhattan,Financial District,40.70615,-74.00408,Private room,407,1,96,101,110,29
46987549,10533381,Brooklyn,Crown Heights,40.6757,-73.9266,Entire home/apt,120,2,29,1,0,23
46988941,45656773,Manhattan,Upper East Side,40.774294902180586,-73.9505627073234,Entire home/apt,165,1,0,1,259,0
46881502,307056262,Manhattan,East Harlem,40.78786,-73.94952,Entire home/apt,98,30,6,1,266,4
46887704,107434423,Manhattan,Hell's Kitchen,40.76778789999999,-73.99174099999999,Entire home/apt,484,31,0,453,318,0
46887738,107434423,Manhattan,Midtown,40.7552873,-73.9678204,Entire home/apt,473,31,1,453,113,1
46888416,378699256,Queens,Ozone Park,40.67965,-73.8471,Entire home/apt,130,1,4,1,1,4
46891080,200239515,Queens,Elmhurst,40.74043,-73.87622,Private room,99,30,0,158,1,0
46892479,27181542,Manhattan,Upper East Side,40.77164,-73.95682,Entire home/apt,349,30,3,69,342,2
46892658,142352236,Manhattan,Hell's Kitchen,40.75486,-73.996216,Entire home/apt,230,30,0,5,250,0
46690252,9152003,Manhattan,Lower East Side,40.72051,-73.99054,Entire home/apt,222,3,82,1,95,49
46692704,116889152,Manhattan,Harlem,40.81856,-73.9451,Entire home/apt,138,1,77,3,93,58
46692803,27181542,Manhattan,Upper East Side,40.77323,-73.94826,Entire home/apt,200,30,4,69,64,1
46694827,2788934,Manhattan,Upper West Side,40.80124,-73.96209,Private room,78,30,4,3,160,3
46695446,9864136,Brooklyn,Bushwick,40.68648,-73.9155,Private room,45,30,1,28,249,0
46696068,27181542,Manhattan,Upper East Side,40.77521,-73.9498,Entire home/apt,155,30,1,69,98,1
46699241,204348856,Manhattan,Midtown,40.75427,-73.97262,Entire home/apt,321,30,0,7,51,0
46704403,91806581,Manhattan,Kips Bay,40.74267,-73.97206,Entire home/apt,225,30,0,12,335,0
46705156,377484768,Brooklyn,East New York,40.66842,-73.89919,Entire home/apt,135,4,90,2,311,35
46706175,27181542,Manhattan,Upper East Side,40.77327,-73.94802,Entire home/apt,199,30,7,69,111,4
47096346,380601266,Manhattan,East Village,40.72791,-73.98733,Entire home/apt,133,90,6,25,260,3
47097490,278925199,Manhattan,Upper East Side,40.75955,-73.95891,Entire home/apt,199,30,4,17,305,3
47100085,133197429,Queens,Ozone Park,40.67143,-73.84057,Private room,97,1,123,4,331,57
46989406,251455701,Queens,Woodside,40.74418,-73.91136,Private room,115,3,16,7,0,2
46991303,379883703,Staten Island,Port Richmond,40.63164,-74.13201,Private room,70,1,32,1,348,26
47100985,301334288,Brooklyn,Canarsie,40.64482,-73.89066,Entire home/apt,113,2,104,1,325,57
47101251,36057973,Manhattan,West Village,40.72993,-74.00403,Entire home/apt,440,3,3,2,0,1
47101654,3223938,Brooklyn,Bedford-Stuyvesant,40.69259,-73.93214,Private room,33,30,1,288,310,0
47106347,1387341,Manhattan,Chinatown,40.715,-73.99857,Entire home/apt,365,2,11,1,122,1
47115606,3223938,Brooklyn,Bedford-Stuyvesant,40.69291,-73.93246,Private room,28,30,1,288,99,0
47120135,380727943,Queens,East Elmhurst,40.76276,-73.87183,Entire home/apt,143,2,78,1,159,50
47121085,258035043,Brooklyn,Bedford-Stuyvesant,40.67896,-73.91882,Private room,61,30,61,3,75,56
47121118,13425502,Manhattan,Financial District,40.70859,-74.01047,Entire home/apt,519,90,0,1,295,0
47121433,256065299,Brooklyn,Flatbush,40.64575,-73.96211,Private room,45,5,2,1,0,0
47138527,1225020,Brooklyn,Bedford-Stuyvesant,40.68255,-73.91393,Entire home/apt,300,5,11,1,0,2
46892859,378824641,Brooklyn,Greenpoint,40.72815,-73.95798,Entire home/apt,180,5,0,1,0,0
46895055,54407723,Queens,Bayside,40.77375,-73.77776,Private room,89,30,3,3,28,2
46895295,568224,Brooklyn,Carroll Gardens,40.68357,-73.99411,Entire home/apt,90,3,7,1,0,0
46895868,54407723,Queens,Bayside,40.77448,-73.77573,Private room,89,30,1,3,34,0
46992098,22189723,Queens,Ridgewood,40.70947,-73.91203,Private room,60,2,5,3,320,4
46992342,87120461,Brooklyn,Williamsburg,40.70813,-73.95338,Entire home/apt,160,3,0,1,0,0
46896267,286710754,Brooklyn,East New York,40.67316,-73.87934,Entire home/apt,85,30,4,2,83,3
46896384,54407723,Queens,Bayside,40.773396,-73.776924,Entire home/apt,143,30,2,3,124,2
46899085,378877182,Manhattan,Hell's Kitchen,40.76539,-73.99498,Private room,192,2,62,1,19,41
46899354,3223938,Brooklyn,Bedford-Stuyvesant,40.69252,-73.93081,Private room,30,30,0,288,342,0
46899528,3223938,Brooklyn,Bedford-Stuyvesant,40.69437,-73.93235,Private room,31,90,2,288,160,0
47141317,145862771,Queens,Rockaway Beach,40.58551,-73.81772,Entire home/apt,66,30,4,4,339,4
47142595,35251374,Manhattan,Chinatown,40.71714,-73.99515,Entire home/apt,261,3,21,1,201,17
47143200,155440053,Manhattan,Chelsea,40.74934,-73.9967,Private room,74,1,50,8,296,50
47153673,72400000,Bronx,Parkchester,40.82986,-73.87609,Private room,65,1,0,1,0,0
46992348,379126767,Brooklyn,Sheepshead Bay,40.58512,-73.95912,Entire home/apt,135,3,0,2,0,0
47154201,380923901,Queens,Far Rockaway,40.6008,-73.75779,Private room,90,2,0,1,348,0
46900879,378877200,Manhattan,Hell's Kitchen,40.75364,-73.99492,Entire home/apt,183,210,0,1,0,0
46901954,3223938,Brooklyn,Bushwick,40.69324,-73.91139,Private room,32,90,1,288,219,1
46902179,104401000,Manhattan,Midtown,40.75363,-73.97293,Entire home/apt,488,2,2,3,88,2
46902714,104401000,Manhattan,Midtown,40.7516,-73.97144,Entire home/apt,696,2,0,3,88,0
46992594,376764698,Queens,East Elmhurst,40.75696,-73.89726,Private room,45,1,70,4,187,46
46913873,378956905,Manhattan,Harlem,40.81752,-73.94521,Entire home/apt,225,4,34,1,247,22
46913994,378967242,Brooklyn,Canarsie,40.64002,-73.90947,Entire home/apt,125,2,55,1,296,33
47156759,22866409,Brooklyn,Gowanus,40.68192,-73.98904,Entire home/apt,300,2,35,1,68,28
47159537,380332619,Brooklyn,Williamsburg,40.7134,-73.96094,Entire home/apt,440,15,8,14,246,3
46992656,50942578,Manhattan,Kips Bay,40.74181,-73.98069,Entire home/apt,310,3,9,1,158,9
47162719,22309428,Manhattan,Lower East Side,40.71986,-73.99415,Private room,120,4,103,2,50,51
46917411,339715504,Brooklyn,Bushwick,40.69695,-73.93387,Entire home/apt,190,4,10,1,73,8
46920978,86771798,Manhattan,Midtown,40.74542,-73.98106,Entire home/apt,215,30,1,30,135,1
46922095,340038896,Manhattan,Theater District,40.756,-73.98543,Private room,540,1,2,6,324,1
46993669,13750109,Brooklyn,Crown Heights,40.66722,-73.95737,Entire home/apt,225,3,42,1,87,17
46923174,344525630,Brooklyn,Kensington,40.62836,-73.97558,Entire home/apt,292,1,35,1,347,24
47163530,377827583,Brooklyn,Brownsville,40.6567,-73.91408,Private room,55,14,0,2,0,0
47169578,107434423,Manhattan,Midtown,40.7552873,-73.9678204,Entire home/apt,386,31,0,453,197,0
47169602,107434423,Manhattan,Midtown,40.7552873,-73.9678204,Entire home/apt,473,31,0,453,322,0
47171152,123634035,Brooklyn,Borough Park,40.64308,-73.99623,Entire home/apt,108,30,1,1,0,0
46996172,148120194,Brooklyn,Bedford-Stuyvesant,40.68657,-73.94732,Private room,45,30,1,1,0,0
46923243,346357287,Brooklyn,Greenpoint,40.72833,-73.94811,Entire home/apt,309,2,90,1,101,67
46924834,3605048,Brooklyn,Bedford-Stuyvesant,40.68207,-73.92807,Entire home/apt,179,2,56,2,51,38
46926058,27181542,Manhattan,Upper East Side,40.77392,-73.94977,Entire home/apt,140,30,8,69,154,5
46926774,379126767,Brooklyn,Sheepshead Bay,40.58535,-73.95849,Entire home/apt,220,3,0,2,0,0
46999617,165776960,Manhattan,East Village,40.73212,-73.98532,Entire home/apt,205,30,3,8,259,2
47000799,72027119,Manhattan,Harlem,40.81520996615874,-73.93943274638718,Entire home/apt,100,30,0,1,130,0
46927925,9212686,Brooklyn,Bedford-Stuyvesant,40.69055,-73.93787,Private room,40,7,0,1,0,0
47173334,194588972,Queens,Rockaway Beach,40.58704,-73.81369,Entire home/apt,151,4,40,2,154,21
47175997,9946160,Brooklyn,Bedford-Stuyvesant,40.68208,-73.941,Entire home/apt,200,4,64,1,38,42
47177315,380601266,Manhattan,East Village,40.72788,-73.98697,Entire home/apt,150,90,3,25,261,2
47179119,83143535,Brooklyn,Crown Heights,40.67569,-73.94454,Private room,120,3,53,14,193,41
47179165,381084948,Manhattan,Harlem,40.8311,-73.94656,Private room,151,1,20,3,342,11
47179845,27181542,Manhattan,Kips Bay,40.73881,-73.9796,Entire home/apt,140,30,4,69,198,2
47180207,30806130,Manhattan,Midtown,40.74227,-73.98373,Entire home/apt,55,30,1,1,0,0
47181087,83143535,Brooklyn,Crown Heights,40.67576,-73.94518,Private room,76,3,114,14,206,73
47181377,83143535,Brooklyn,Crown Heights,40.67619,-73.94616,Private room,76,3,142,14,172,88
47181609,83143535,Brooklyn,Crown Heights,40.67576,-73.9464,Private room,79,3,100,14,210,62
47181832,83143535,Brooklyn,Crown Heights,40.67619,-73.94666,Private room,76,3,118,14,179,73
47182378,154214561,Brooklyn,Clinton Hill,40.68933,-73.96219,Entire home/apt,155,2,0,1,0,0
47182784,61866177,Manhattan,Harlem,40.81606,-73.94106,Entire home/apt,120,1,2,1,61,2
47001322,16308791,Brooklyn,Williamsburg,40.7186,-73.94593,Entire home/apt,195,5,39,1,290,26
47004283,104401000,Manhattan,Midtown,40.75333,-73.9732,Entire home/apt,916,2,3,3,84,2
47004464,379993600,Queens,Bayside,40.76216,-73.77561,Entire home/apt,288,1,68,4,168,54
47183756,381121555,Queens,Rosedale,40.65564,-73.73872,Entire home/apt,95,2,20,1,249,13
46929299,379173450,Brooklyn,Gravesend,40.60693,-73.96776,Private room,500,2,1,1,364,0
46932036,6575447,Brooklyn,Bushwick,40.70139,-73.91474,Entire home/apt,180,2,4,1,11,2
46937371,27181542,Manhattan,Kips Bay,40.74075,-73.98079,Entire home/apt,199,30,6,69,70,3
46939606,1761578,Queens,Corona,40.7372,-73.85921,Private room,100,1,24,3,162,19
47005438,2538621,Manhattan,Tribeca,40.71899,-74.00316,Entire home/apt,1500,30,0,1,0,0
46942559,9620852,Brooklyn,Prospect Heights,40.68043,-73.96592,Entire home/apt,200,3,3,1,0,0
46943882,194588972,Queens,Rockaway Beach,40.58704,-73.81224,Entire home/apt,142,4,44,2,167,23
46944839,377953873,Brooklyn,Williamsburg,40.71048,-73.96136,Entire home/apt,102,30,1,3,274,1
46949263,356808007,Brooklyn,Williamsburg,40.71222,-73.95488,Entire home/apt,150,4,8,4,272,8
47185178,35129440,Manhattan,Upper West Side,40.7872,-73.97164,Entire home/apt,150,30,3,1,1,2
47196201,103841276,Brooklyn,Bushwick,40.70016,-73.92917,Entire home/apt,160,1,38,4,165,28
47197021,59974573,Queens,Elmhurst,40.73872,-73.87274,Entire home/apt,127,3,42,2,64,22
47006783,380013607,Manhattan,East Harlem,40.78824,-73.94004,Entire home/apt,155,2,87,1,314,42
47197734,162432069,Manhattan,Lower East Side,40.72183,-73.98628,Entire home/apt,279,7,4,1,164,4
47199568,381084948,Manhattan,Harlem,40.82995,-73.9486,Private room,105,1,16,3,352,7
47199810,97041394,Manhattan,Lower East Side,40.72054,-73.98824,Entire home/apt,300,2,5,1,0,4
47200398,371972456,Manhattan,Financial District,40.70646,-74.00526,Private room,407,1,7,101,110,1
47200502,371972456,Manhattan,Financial District,40.70492,-74.00571,Private room,407,1,3,101,110,0
47200701,371972456,Manhattan,Financial District,40.70485,-74.00576,Private room,407,1,1,101,110,1
47200804,371972456,Manhattan,Financial District,40.70449,-74.00513,Private room,407,1,21,101,110,2
47200931,371972456,Manhattan,Financial District,40.7062,-74.0059,Private room,407,1,10,101,110,3
47200986,371972456,Manhattan,Financial District,40.70583,-74.00566,Private room,407,1,76,101,108,19
46950008,379446535,Brooklyn,Crown Heights,40.67455,-73.90968,Entire home/apt,167,3,14,1,257,8
47006813,8818855,Brooklyn,Carroll Gardens,40.68174,-73.99714,Entire home/apt,175,7,2,1,0,0
47009616,260396179,Staten Island,Tompkinsville,40.63442,-74.08708,Entire home/apt,94,4,12,2,27,9
46960191,76549046,Queens,Sunnyside,40.74539,-73.91689,Private room,115,1,31,1,158,28
46960664,171697479,Manhattan,Midtown,40.74336,-73.9821,Private room,119,30,4,26,334,2
46962568,86771798,Manhattan,Midtown,40.74903929134016,-73.9825016350492,Entire home/apt,102,30,3,30,95,3
47201764,380972311,Brooklyn,Canarsie,40.64114,-73.89625,Entire home/apt,87,3,35,1,38,21
47202211,1485675,Manhattan,Lower East Side,40.72032,-73.99389,Private room,48,7,7,1,0,0
47203801,20828468,Manhattan,Upper East Side,40.7724,-73.94637,Private room,82,1,35,1,0,26
47010749,66813379,Brooklyn,Crown Heights,40.66888,-73.94058,Entire home/apt,198,2,41,2,311,30
47012155,25141383,Brooklyn,Bushwick,40.69985,-73.93358,Private room,180,3,6,4,159,2
47020052,274584744,Brooklyn,Crown Heights,40.67564,-73.94371,Entire home/apt,150,2,49,2,42,26
47020805,1354727,Queens,Astoria,40.77423,-73.93533,Private room,46,1,85,4,229,56
47022274,2622925,Manhattan,SoHo,40.72017,-74.0024,Entire home/apt,1200,30,0,1,0,0
47025134,26630249,Brooklyn,Williamsburg,40.71184,-73.95957,Private room,55,30,0,1,0,0
47277456,8835180,Manhattan,Upper East Side,40.7738343565858,-73.95333484343519,Entire home/apt,179,30,0,1,130,0
47281194,6238839,Manhattan,Tribeca,40.71374,-74.00783,Entire home/apt,730,30,0,1,65,0
47281460,381782081,Manhattan,East Harlem,40.80855,-73.93788,Private room,250,3,1,1,310,1
47283146,86771798,Manhattan,Tribeca,40.7176,-74.0041,Entire home/apt,499,30,3,30,103,1
47284969,5704732,Manhattan,Lower East Side,40.71528,-73.98419,Entire home/apt,115,3,0,1,0,0
47286267,356623718,Staten Island,Tompkinsville,40.63133,-74.0912,Private room,80,2,9,10,291,8
47026093,179657707,Queens,Ridgewood,40.70305,-73.91242,Private room,88,3,39,2,98,26
47027616,380144777,Queens,Springfield Gardens,40.66025,-73.75909,Entire home/apt,325,20,23,1,66,9
47204285,381242156,Manhattan,Harlem,40.8086,-73.94865,Private room,150,1,0,1,263,0
47033862,37720533,Manhattan,Nolita,40.72063,-73.99421,Private room,69,3,0,1,0,0
47036529,10137323,Manhattan,Upper East Side,40.76863,-73.95786,Private room,91,1,3,1,0,0
47037451,164338652,Manhattan,Hell's Kitchen,40.75982,-73.99521,Entire home/apt,120,31,0,1,0,0
47042470,107434423,Manhattan,Financial District,40.70663,-74.01142,Entire home/apt,479,31,0,453,88,0
47042494,107434423,Manhattan,Financial District,40.706625,-74.0114241,Entire home/apt,495,31,0,453,365,0
47042517,107434423,Manhattan,Financial District,40.706625,-74.0114241,Entire home/apt,530,31,0,453,106,0
47042546,107434423,Manhattan,Financial District,40.706625,-74.0114241,Entire home/apt,357,31,0,453,12,0
47044684,380274974,Brooklyn,Canarsie,40.64565,-73.89302,Entire home/apt,186,3,63,1,141,36
47206059,51339469,Queens,Whitestone,40.78338,-73.81452,Entire home/apt,168,4,10,2,354,5
47210401,107434423,Manhattan,Midtown,40.7552873,-73.9678204,Entire home/apt,261,31,0,453,303,0
47210461,107434423,Manhattan,Midtown,40.7552873,-73.9678204,Entire home/apt,624,31,0,453,342,0
47210471,107434423,Manhattan,Financial District,40.7070676,-74.0054773,Entire home/apt,385,31,0,453,324,0
47214900,107434423,Manhattan,Financial District,40.7070676,-74.0054773,Entire home/apt,527,31,0,453,44,0
47219174,55535568,Brooklyn,Bushwick,40.70492,-73.92715,Entire home/apt,175,30,1,1,267,0
47219783,154215237,Manhattan,Chinatown,40.71744,-73.99541,Entire home/apt,150,30,2,1,243,2
47220865,140830211,Queens,Edgemere,40.59294,-73.76512,Private room,80,1,0,2,365,0
47223694,3223938,Brooklyn,Williamsburg,40.71167,-73.96642,Private room,42,30,0,288,280,0
47226137,51339469,Queens,Whitestone,40.78302,-73.81647,Entire home/apt,111,4,34,2,354,11
47287837,381833215,Manhattan,Lower East Side,40.71785,-73.98789,Entire home/apt,182,15,0,1,0,0
47289019,29571112,Manhattan,Inwood,40.86866,-73.92252,Entire home/apt,125,1,116,1,339,60
47289921,8548430,Brooklyn,Williamsburg,40.71966,-73.96178,Entire home/apt,180,30,2,2,41,1
47047419,380290574,Manhattan,Upper East Side,40.77713,-73.95536,Entire home/apt,2243,3,29,1,302,23
47290489,282552446,Manhattan,Theater District,40.76271,-73.98224,Private room,140,30,0,1,64,0
47227168,381374171,Queens,South Ozone Park,40.67288,-73.81255,Private room,70,1,165,2,343,100
47230196,107434423,Manhattan,Financial District,40.7070676,-74.0054773,Entire home/apt,379,31,0,453,301,0
47232956,311340454,Queens,Sunnyside,40.74587,-73.9218,Entire home/apt,94,4,0,1,0,0
47235176,103841276,Brooklyn,Bushwick,40.70015,-73.9292,Entire home/apt,156,1,33,4,165,5
47239227,9472223,Manhattan,Harlem,40.8036,-73.95618,Entire home/apt,90,30,2,2,134,0
47048969,378112960,Manhattan,Hell's Kitchen,40.76077,-73.99296,Entire home/apt,152,2,94,13,129,43
47050312,378112960,Manhattan,Hell's Kitchen,40.7623,-73.99103,Entire home/apt,166,2,102,13,121,54
47050614,378112960,Manhattan,Hell's Kitchen,40.76125,-73.9919,Entire home/apt,147,2,102,13,94,53
47239416,58389104,Brooklyn,Gowanus,40.68314,-73.98769,Entire home/apt,81,31,6,1,280,3
47243424,381374171,Queens,South Ozone Park,40.67119,-73.81247,Private room,70,1,212,2,331,142
47250002,37273608,Manhattan,Hell's Kitchen,40.75598,-73.99524,Entire home/apt,120,7,2,3,0,0
47250386,356623718,Staten Island,Tompkinsville,40.63235,-74.09291,Private room,75,3,8,10,339,5
47250831,356623718,Staten Island,Tompkinsville,40.63313,-74.09093,Private room,75,2,12,10,313,8
47050975,378112960,Manhattan,Hell's Kitchen,40.76125,-73.9919,Entire home/apt,367,2,92,13,134,46
47052038,112573606,Staten Island,Randall Manor,40.63876,-74.12414,Entire home/apt,80,2,1,1,0,0
47251124,370768991,Manhattan,Chelsea,40.74505,-74.00279,Entire home/apt,375,30,0,1,330,0
47251940,356623718,Staten Island,Stapleton,40.62645,-74.07967,Private room,75,2,9,10,331,5
47257626,128284544,Queens,Ditmars Steinway,40.77895,-73.91737,Entire home/apt,210,30,2,2,313,0
47267003,41658748,Manhattan,Stuyvesant Town,40.73558,-73.97909,Entire home/apt,225,30,7,3,307,4
47052271,12603113,Brooklyn,Kensington,40.64142,-73.97149,Private room,50,7,12,3,155,4
47052392,46179427,Manhattan,East Village,40.73160372930879,-73.98631855959981,Entire home/apt,870,5,42,1,316,35
47267020,32332007,Brooklyn,Williamsburg,40.71611,-73.95254,Private room,60,13,0,3,0,0
47052701,380332619,Brooklyn,Prospect-Lefferts Gardens,40.66147,-73.94188,Entire home/apt,324,15,6,14,270,3
47052736,22541573,Manhattan,Midtown,40.76552,-73.98337,Entire home/apt,359,30,0,131,323,0
47052753,22541573,Manhattan,Financial District,40.70565,-74.00855,Entire home/apt,390,30,0,131,325,0
47052791,22541573,Manhattan,Chelsea,40.74634,-73.9919,Entire home/apt,318,30,0,131,209,0
47052801,22541573,Manhattan,Midtown,40.75682,-73.97855,Entire home/apt,401,30,1,131,297,0
47054722,140253187,Queens,Ditmars Steinway,40.77274,-73.90672,Private room,100,5,0,1,0,0
47057746,38697590,Brooklyn,Williamsburg,40.71677,-73.96175,Entire home/apt,250,15,7,1,0,5
47269867,24767731,Manhattan,Gramercy,40.73626,-73.98839,Entire home/apt,414,7,2,1,69,1
47271575,374105886,Queens,Ozone Park,40.68677,-73.84155,Entire home/apt,40,1,20,1,0,0
47272247,357734210,Manhattan,Little Italy,40.71981,-73.99735,Entire home/apt,387,4,60,1,201,43
47276663,257487417,Brooklyn,Midwood,40.62763,-73.96342,Private room,68,1,27,2,0,2
47394485,60908748,Brooklyn,Bushwick,40.70127,-73.92101,Private room,64,1,128,2,267,80
47060698,376764698,Queens,East Elmhurst,40.75683,-73.89613,Private room,46,2,66,4,234,43
47068449,129513299,Brooklyn,Flatbush,40.64034,-73.96198,Private room,75,2,0,1,0,0
47069111,3223938,Brooklyn,Bedford-Stuyvesant,40.69434,-73.93231,Private room,25,90,0,288,280,0
47070240,3223938,Brooklyn,Prospect-Lefferts Gardens,40.65804,-73.9536,Private room,36,30,0,288,310,0
47070508,16022036,Brooklyn,Williamsburg,40.71428,-73.93907,Entire home/apt,200,1,6,1,2,3
47395232,382617662,Manhattan,Midtown,40.74744,-73.98877,Entire home/apt,205,1,88,7,82,49
47396113,382617662,Manhattan,Midtown,40.7461,-73.98816,Entire home/apt,198,1,82,7,87,48
47396746,382617662,Manhattan,Midtown,40.74768,-73.98693,Entire home/apt,205,1,109,7,71,60
47397326,382617662,Manhattan,Midtown,40.74757,-73.98887,Entire home/apt,205,1,101,7,262,59
47397498,382617662,Manhattan,Midtown,40.74662,-73.9868,Entire home/apt,205,1,75,7,112,45
47406799,121399223,Staten Island,Arrochar,40.58731,-74.07161,Entire home/apt,99,2,77,6,0,18
47409543,330408656,Manhattan,Financial District,40.70507,-74.00777,Entire home/apt,315,30,2,5,250,2
47410709,185979641,Manhattan,Upper East Side,40.76448,-73.96272,Entire home/apt,255,30,2,13,280,1
47410952,2867137,Manhattan,Upper East Side,40.77944,-73.95464,Entire home/apt,225,30,5,73,307,4
47411421,185979641,Manhattan,Hell's Kitchen,40.76169,-73.98718,Entire home/apt,220,30,0,13,277,0
47411727,216641760,Queens,Elmhurst,40.74334,-73.87427,Entire home/apt,160,3,60,2,293,41
47073835,51637918,Manhattan,Hell's Kitchen,40.76185,-73.99069,Entire home/apt,159,30,128,3,6,83
47075658,377827583,Brooklyn,Brownsville,40.65789,-73.91425,Private room,50,30,0,2,0,0
47412850,382750991,Queens,Flushing,40.76583,-73.82871,Private room,96,30,26,2,1,22
47076840,83786650,Manhattan,Upper East Side,40.76048,-73.96175,Entire home/apt,65,30,4,16,0,3
47076985,13977506,Brooklyn,Greenpoint,40.73256,-73.95475,Entire home/apt,450,3,2,1,0,0
47078080,26535250,Brooklyn,Windsor Terrace,40.65673,-73.97932,Private room,194,30,0,7,338,0
47078436,232396958,Manhattan,West Village,40.737289,-74.002808,Entire home/apt,200,10,16,1,0,9
47078699,380496008,Brooklyn,Cypress Hills,40.68054,-73.88688,Entire home/apt,235,2,56,2,157,32
47412929,382749079,Brooklyn,Sunset Park,40.64707,-74.01839,Entire home/apt,85,1,126,1,78,84
47080388,85852882,Staten Island,Shore Acres,40.60442,-74.0688,Entire home/apt,96,30,5,1,85,3
47094403,113542014,Manhattan,SoHo,40.72465,-74.00186,Entire home/apt,125,30,8,1,1,6
47421177,109270187,Manhattan,Flatiron District,40.74095,-73.99123,Entire home/apt,1800,1,33,1,322,21
47421273,3850747,Brooklyn,Williamsburg,40.71821,-73.96456,Entire home/apt,250,10,1,1,322,1
47290538,381859774,Brooklyn,Bedford-Stuyvesant,40.67977,-73.94748,Entire home/apt,205,3,72,1,88,49
47592278,36556146,Queens,Astoria,40.76054,-73.90585,Private room,280,7,0,1,29,0
47291337,381868676,Queens,Ditmars Steinway,40.77214,-73.89799,Private room,50,2,11,1,0,1
47292258,257677852,Brooklyn,Flatbush,40.63755,-73.96121,Private room,75,1,0,1,0,0
47421830,13717514,Brooklyn,Williamsburg,40.72064,-73.95591,Entire home/apt,160,60,0,1,267,0
47430891,182964421,Brooklyn,Midwood,40.61916,-73.95443,Entire home/apt,168,2,26,2,0,26
47593392,1990120,Manhattan,Chinatown,40.71499,-73.99137,Entire home/apt,199,30,4,1,31,1
47431137,54384811,Queens,Arverne,40.59611,-73.78868,Entire home/apt,238,1,38,1,358,23
47433042,382918364,Brooklyn,Bath Beach,40.60636,-74.00745,Entire home/apt,125,1,120,2,323,91
47292906,219519216,Brooklyn,Sunset Park,40.66206,-73.99336,Entire home/apt,191,4,38,1,319,30
47292933,19569903,Manhattan,Chelsea,40.75112,-73.9937,Entire home/apt,799,2,28,5,337,24
47594597,383332265,Manhattan,Chelsea,40.7479,-73.99125,Private room,99,1,1,50,0,0
47293776,10384906,Queens,Flushing,40.76663,-73.8245,Private room,45,1,30,3,295,21
47293809,148088831,Brooklyn,Midwood,40.62447,-73.9614,Entire home/apt,174,3,94,1,290,53
47294439,7227844,Brooklyn,Greenpoint,40.72284,-73.94597,Entire home/apt,275,3,92,1,21,61
47294569,27181542,Manhattan,Kips Bay,40.73959,-73.98105,Entire home/apt,199,30,8,69,103,4
47295535,42767903,Manhattan,Washington Heights,40.8319,-73.94157,Entire home/apt,104,3,19,1,124,18
47295606,373960546,Queens,Astoria,40.76545,-73.91149,Private room,68,1,44,3,66,21
47310530,32332007,Brooklyn,Williamsburg,40.71649,-73.95255,Entire home/apt,250,13,0,3,0,0
47310714,34177401,Brooklyn,East New York,40.67586,-73.87938,Private room,62,1,137,6,152,76
47310723,32332007,Brooklyn,Williamsburg,40.71638,-73.95088,Private room,75,13,1,3,0,0
47311348,34177401,Brooklyn,East New York,40.67392,-73.87939,Private room,73,1,108,6,160,51
47311675,1543205,Manhattan,Two Bridges,40.71139,-73.99406,Entire home/apt,129,30,0,1,0,0
47313887,185979641,Manhattan,Kips Bay,40.74281,-73.97354,Entire home/apt,305,30,1,13,311,1
47315034,185979641,Manhattan,Murray Hill,40.74473,-73.97146,Entire home/apt,305,30,0,13,338,0
47315577,185979641,Manhattan,Murray Hill,40.74469,-73.97156,Entire home/apt,220,30,0,13,349,0
47315713,185979641,Manhattan,Murray Hill,40.74446,-73.97187,Entire home/apt,220,30,0,13,310,0
47315920,185979641,Manhattan,Kips Bay,40.74243,-73.97345,Entire home/apt,220,30,0,13,305,0
47316061,305718497,Queens,Rego Park,40.72088,-73.86391,Entire home/apt,150,3,35,2,314,30
47316070,185979641,Manhattan,Murray Hill,40.74468,-73.97288,Entire home/apt,225,30,2,13,335,2
47316320,185979641,Manhattan,Murray Hill,40.74407,-73.97171,Entire home/apt,230,30,1,13,326,1
47318954,3696506,Manhattan,Chinatown,40.7184,-73.99605,Entire home/apt,176,3,2,2,0,2
47319317,93567450,Brooklyn,Gowanus,40.66876,-73.99228,Entire home/apt,228,3,101,2,110,59
47326289,185979641,Manhattan,Murray Hill,40.74478,-73.97221,Entire home/apt,220,30,0,13,265,0
47326512,185979641,Manhattan,Kips Bay,40.74281,-73.97371,Entire home/apt,240,30,1,13,350,1
47329158,371972456,Manhattan,Financial District,40.70601,-74.00583,Private room,407,1,14,101,110,4
47329973,381084948,Manhattan,Harlem,40.83048,-73.94864,Private room,99,1,33,3,347,9
47330117,330408656,Manhattan,Financial District,40.70381,-74.00939,Entire home/apt,185,30,0,5,336,0
47330246,330408656,Manhattan,Financial District,40.70346,-74.00967,Entire home/apt,315,30,1,5,250,1
47330530,330408656,Manhattan,Financial District,40.70539,-74.00793,Entire home/apt,315,30,2,5,250,2
47331329,91806581,Manhattan,Kips Bay,40.74276,-73.97352,Entire home/apt,305,30,0,12,304,0
47332269,91806581,Manhattan,Murray Hill,40.74478,-73.97147,Entire home/apt,200,30,0,12,280,0
47332565,91806581,Manhattan,Murray Hill,40.74435,-73.97311,Entire home/apt,220,30,0,12,349,0
47332619,91806581,Manhattan,Kips Bay,40.74301,-73.97372,Entire home/apt,240,30,1,12,351,0
47333781,378112960,Manhattan,Hell's Kitchen,40.76236,-73.99239,Entire home/apt,273,2,83,13,136,46
47333957,91806581,Manhattan,Kips Bay,40.74245,-73.97348,Entire home/apt,205,30,0,12,315,0
47334244,91806581,Manhattan,Kips Bay,40.74251,-73.9721,Entire home/apt,205,30,0,12,315,0
47433367,40385488,Manhattan,Upper West Side,40.80216,-73.96561,Private room,121,5,12,9,74,12
47443155,382990330,Queens,Glendale,40.69291,-73.89714,Entire home/apt,259,2,59,2,337,28
47595646,4295671,Manhattan,Lower East Side,40.72186,-73.98963,Entire home/apt,130,3,0,1,0,0
47596312,66952005,Manhattan,Hell's Kitchen,40.76333,-73.9956,Entire home/apt,180,30,2,1,0,0
47596692,383332265,Manhattan,Chelsea,40.74552,-73.99227,Private room,99,1,40,50,0,17
47701566,359526434,Manhattan,Midtown,40.76019,-73.96402,Entire home/apt,125,30,3,3,109,2
47702952,10314085,Queens,Ditmars Steinway,40.78042,-73.90752,Entire home/apt,155,2,56,2,338,39
47444016,169505313,Manhattan,Financial District,40.70536,-74.00664,Entire home/apt,529,1,8,1,310,8
47447523,147229558,Brooklyn,Williamsburg,40.71068,-73.93764,Private room,66,1,30,2,71,22
47334663,20044978,Brooklyn,Bedford-Stuyvesant,40.68783,-73.95921,Shared room,30,1,1,1,0,0
47336390,200239515,Queens,Woodside,40.74331,-73.89579,Private room,39,30,0,158,0,0
47336824,30664853,Brooklyn,Bushwick,40.69454,-73.92209,Private room,55,1,1,1,0,0
47337463,282625150,Brooklyn,Canarsie,40.63939,-73.90794,Entire home/apt,142,2,90,2,331,52
47703518,62954695,Manhattan,Flatiron District,40.74253,-73.98818,Entire home/apt,5000,30,3,1,179,1
47338012,197737782,Manhattan,Washington Heights,40.8588,-73.93291,Entire home/apt,146,4,36,1,119,18
47453310,121205642,Brooklyn,Crown Heights,40.67343,-73.9404,Entire home/apt,80,30,2,1,32,1
47703791,145342126,Brooklyn,Crown Heights,40.67457,-73.95084,Entire home/apt,189,29,6,1,106,4
47454498,368700813,Queens,Astoria,40.75873563261319,-73.91421335240611,Private room,75,1,0,1,290,0
47455634,5281273,Manhattan,Chinatown,40.71539,-73.99076,Entire home/apt,109,30,0,1,0,0
47340444,375773332,Manhattan,Upper West Side,40.8003,-73.95967,Entire home/apt,260,30,18,1,114,8
47341339,382191358,Bronx,Tremont,40.84602,-73.89279,Entire home/apt,350,1,47,2,172,23
47341575,19612095,Brooklyn,Williamsburg,40.70462,-73.93283,Private room,94,3,32,5,73,21
47348298,137358866,Queens,Woodside,40.74945,-73.90207,Private room,71,30,2,111,283,1
47703901,194953121,Manhattan,Midtown,40.75024,-73.98386,Entire home/apt,767,2,0,25,0,0
47703902,194953121,Manhattan,Midtown,40.75222,-73.98391,Entire home/apt,767,2,0,25,0,0
47704601,147402286,Manhattan,Murray Hill,40.75022,-73.97909,Shared room,44,6,40,6,42,21
47705059,147402286,Manhattan,Murray Hill,40.74834,-73.97858,Shared room,42,6,43,6,77,23
47705925,365090021,Manhattan,Harlem,40.82647,-73.94682,Private room,81,1,50,3,104,34
47706983,41658748,Manhattan,Gramercy,40.73709,-73.98037,Entire home/apt,228,30,5,3,263,1
47710373,58533091,Queens,St. Albans,40.69572,-73.75134,Private room,135,1,0,1,0,0
47350568,251893318,Brooklyn,South Slope,40.66837,-73.98973,Entire home/apt,80,30,0,1,0,0
47714171,231468237,Manhattan,East Harlem,40.79562,-73.93763,Entire home/apt,150,30,2,1,90,1
47460121,383117231,Brooklyn,Bedford-Stuyvesant,40.68612,-73.93853,Entire home/apt,550,30,1,3,37,0
47715431,212147885,Brooklyn,Bedford-Stuyvesant,40.6763,-73.90909,Entire home/apt,79,30,0,4,5,0
47716158,369309284,Manhattan,East Harlem,40.80001,-73.93818,Private room,90,4,82,1,0,52
47464130,62945221,Manhattan,Two Bridges,40.71151,-73.99418,Entire home/apt,110,27,2,1,0,0
47465022,84995573,Brooklyn,Prospect Heights,40.68057,-73.97353,Entire home/apt,120,30,1,1,0,0
47352240,275800186,Brooklyn,Bedford-Stuyvesant,40.68348,-73.93164,Entire home/apt,76,1,25,1,135,20
47353265,2120259,Brooklyn,Crown Heights,40.66676,-73.94955,Entire home/apt,139,3,8,1,14,1
47718177,315145052,Brooklyn,Williamsburg,40.70885,-73.9679,Entire home/apt,451,25,1,1,88,0
47355083,16240783,Brooklyn,Cobble Hill,40.68935,-73.99349,Entire home/apt,170,3,15,1,9,10
47355990,32162495,Staten Island,Silver Lake,40.63133,-74.09559,Entire home/apt,146,2,15,3,180,11
47356150,292630,Manhattan,East Village,40.7262,-73.97773,Private room,189,6,21,2,320,16
47357461,4291007,Brooklyn,Bedford-Stuyvesant,40.69343,-73.95989,Private room,95,30,0,16,272,0
47720387,345626278,Brooklyn,East Flatbush,40.65181,-73.95074,Private room,68,30,0,3,90,0
47727976,27181542,Manhattan,Upper East Side,40.77187,-73.95686,Entire home/apt,199,30,9,69,100,5
47728714,384532776,Manhattan,Hell's Kitchen,40.76275,-73.994,Entire home/apt,140,30,0,44,283,0
47358818,110506181,Brooklyn,Boerum Hill,40.68488,-73.98906,Entire home/apt,120,30,37,2,6,4
47359500,348619646,Manhattan,Midtown,40.74826,-73.98708,Private room,268,1,21,52,0,15
47466775,28012130,Brooklyn,Crown Heights,40.66706,-73.93452,Entire home/apt,110,1,8,1,0,0
47467110,177038905,Brooklyn,Bedford-Stuyvesant,40.68482,-73.9361,Entire home/apt,205,5,28,5,154,21
47729102,162280872,Manhattan,Upper East Side,40.77005,-73.95648,Entire home/apt,280,30,2,98,257,0
47729270,59917107,Manhattan,Hell's Kitchen,40.76328,-73.98847,Entire home/apt,320,45,0,1,293,0
47467153,167377761,Manhattan,Two Bridges,40.71163,-73.99566,Private room,117,1,103,1,108,65
47468531,3223938,Brooklyn,Crown Heights,40.67828,-73.94974,Private room,31,90,0,288,262,0
47730047,727585,Brooklyn,Bedford-Stuyvesant,40.68831,-73.95778,Entire home/apt,156,5,27,3,268,21
47730353,195687583,Queens,Holliswood,40.71992,-73.76413,Entire home/apt,90,4,19,1,15,10
47732997,229872308,Queens,Kew Gardens,40.70507,-73.83219,Shared room,39,3,34,1,58,15
47733412,5829566,Brooklyn,Williamsburg,40.71097,-73.94605,Entire home/apt,714,2,3,1,83,2
47734069,384583884,Queens,South Ozone Park,40.66666,-73.79431,Private room,80,3,0,2,0,0
47469926,260029999,Manhattan,East Village,40.72277,-73.98198,Private room,90,30,0,1,0,0
47469987,353267257,Queens,Rosedale,40.66048,-73.73905,Entire home/apt,126,2,54,1,140,29
47473722,3223938,Queens,Ridgewood,40.70103,-73.90328,Private room,31,30,1,288,281,0
47359733,151955474,Brooklyn,Bedford-Stuyvesant,40.68806,-73.92976,Private room,85,3,50,1,70,34
47360356,156295223,Manhattan,Upper East Side,40.77732,-73.9523,Entire home/apt,355,30,1,5,311,0
47360878,156348349,Manhattan,Financial District,40.7039,-74.00806,Entire home/apt,195,30,0,2,291,0
47360921,156348349,Manhattan,Financial District,40.70538,-74.00846,Entire home/apt,195,30,0,2,342,0
47361848,2654865,Brooklyn,Greenpoint,40.73136,-73.9589,Entire home/apt,200,5,10,1,64,6
47362969,5525273,Manhattan,Harlem,40.80462,-73.95632,Entire home/apt,1290,31,0,2,0,0
47369896,59225752,Queens,Ridgewood,40.70441,-73.90673,Private room,61,2,75,2,351,47
47370088,51439340,Manhattan,Hell's Kitchen,40.75521,-73.99489,Entire home/apt,200,3,3,1,0,0
47734703,10976977,Manhattan,Chelsea,40.74158,-74.00393,Entire home/apt,145,180,0,1,268,0
47736076,125711943,Queens,Jamaica,40.68953,-73.79536,Entire home/apt,58,2,0,2,0,0
47371738,204205146,Queens,East Elmhurst,40.76546,-73.87588,Private room,90,1,124,2,365,100
47372315,19303369,Queens,Woodside,40.74113,-73.89317,Private room,36,30,0,175,0,0
47372712,204205146,Queens,East Elmhurst,40.76547,-73.87559,Private room,90,1,131,2,365,72
47474703,3769020,Manhattan,Harlem,40.82281,-73.94636,Entire home/apt,216,3,52,1,133,37
47736171,12541502,Brooklyn,Bedford-Stuyvesant,40.69056,-73.93293,Entire home/apt,100,120,0,1,0,0
47476719,382860269,Queens,East Elmhurst,40.761,-73.87005,Private room,40,2,3,1,0,0
47372852,245243296,Brooklyn,Dyker Heights,40.62981,-74.01276,Private room,39,3,0,1,0,0
47373382,461430493,Queens,Ditmars Steinway,40.77181,-73.91544,Private room,75,1,90,3,89,55
47744284,38592279,Manhattan,Chelsea,40.7472,-73.98996,Private room,399,1,32,26,27,15
47744687,384249346,Manhattan,Harlem,40.81689,-73.94512,Private room,60,30,0,3,344,0
47376191,300529887,Brooklyn,Brighton Beach,40.57857,-73.9556,Private room,125,1,0,1,0,0
47377021,19303369,Queens,Woodside,40.7431,-73.90272,Private room,43,30,1,175,0,0
47390691,339532633,Queens,Ridgewood,40.70661,-73.90804,Shared room,85,31,1,1,0,1
47476937,301831302,Manhattan,Washington Heights,40.83096,-73.94078,Private room,275,1,4,8,365,2
47483640,267753974,Manhattan,Harlem,40.8219,-73.95403,Private room,51,3,3,1,0,0
47486336,22541573,Manhattan,Midtown,40.75665,-73.9791,Entire home/apt,350,30,1,131,246,1
47486539,22541573,Manhattan,Upper East Side,40.76944,-73.95693,Entire home/apt,161,30,3,131,333,2
47745572,384249346,Manhattan,Harlem,40.81704,-73.94553,Private room,53,30,1,3,323,0
47745620,384249346,Manhattan,Harlem,40.81692,-73.94328,Private room,59,30,0,3,325,0
47746584,346903753,Queens,East Elmhurst,40.76544,-73.87717,Private room,93,1,154,3,362,92
47486935,124142417,Brooklyn,Bushwick,40.68787,-73.91737,Private room,73,2,52,4,114,37
47489099,383332265,Manhattan,Chelsea,40.74782,-73.99053,Private room,99,1,2,50,0,0
47492660,125711943,Queens,Jamaica,40.68911,-73.79405,Entire home/apt,107,3,1,2,0,0
47493324,382617662,Manhattan,Midtown,40.748,-73.98852,Entire home/apt,246,1,109,7,56,69
47493612,256104672,Brooklyn,South Slope,40.66211,-73.98332,Entire home/apt,200,3,70,1,99,49
47495324,383332265,Manhattan,Chelsea,40.74788,-73.99272,Private room,99,1,22,50,0,10
47391825,375296427,Manhattan,Upper East Side,40.77657,-73.95704,Entire home/apt,350,30,0,1,0,0
47748175,297257047,Queens,Flushing,40.73022,-73.81201,Entire home/apt,50,3,2,1,364,1
47805581,365989993,Manhattan,Upper West Side,40.77234,-73.99329,Entire home/apt,150,6,0,1,0,0
47748585,346903753,Queens,East Elmhurst,40.76511,-73.87602,Private room,93,1,200,3,362,115
47749620,100565897,Brooklyn,Sheepshead Bay,40.6041,-73.94363,Private room,25,15,6,1,42,4
47808900,164883120,Queens,Jamaica,40.69543,-73.79585,Private room,65,1,32,2,264,13
47810437,383332265,Manhattan,Chelsea,40.74787,-73.99247,Private room,99,1,0,50,0,0
47810967,383332265,Manhattan,Chelsea,40.74749,-73.99239,Private room,99,1,34,50,0,17
47811545,13462855,Brooklyn,Bedford-Stuyvesant,40.68079,-73.93777,Private room,136,1,3,3,157,2
47812540,151421618,Queens,Ozone Park,40.68315,-73.84434,Private room,46,30,4,4,56,2
47812937,383332265,Manhattan,Chelsea,40.74719,-73.9927,Private room,99,1,5,50,0,0
47813039,383332265,Manhattan,Chelsea,40.74702,-73.99047,Private room,99,1,19,50,0,9
47813511,383332265,Manhattan,Chelsea,40.74736,-73.99272,Private room,99,1,12,50,0,5
47814545,383332265,Manhattan,Chelsea,40.7464,-73.99039,Private room,99,1,24,50,0,10
47814560,44103907,Brooklyn,Greenpoint,40.72844,-73.95961,Entire home/apt,175,30,6,1,140,5
47814741,291093876,Queens,Jackson Heights,40.74984,-73.87082,Entire home/apt,103,3,32,2,118,32
47495353,49348623,Manhattan,Inwood,40.86747,-73.91699,Private room,80,1,0,1,162,0
47750008,384583884,Queens,South Ozone Park,40.66645,-73.79276,Private room,100,3,0,2,0,0
47753789,371972456,Manhattan,Financial District,40.7066,-74.00408,Private room,407,1,76,101,110,29
47753822,371972456,Manhattan,Financial District,40.7048,-74.00569,Private room,407,1,24,101,110,6
47753857,371972456,Manhattan,Financial District,40.70457,-74.00536,Private room,407,1,43,101,110,8
47753974,371972456,Manhattan,Financial District,40.70447,-74.00565,Private room,407,1,37,101,110,9
47754015,371972456,Manhattan,Financial District,40.70626,-74.00572,Private room,407,1,43,101,110,15
47754064,371972456,Manhattan,Financial District,40.70608,-74.0036,Private room,407,1,33,101,110,6
47754090,371972456,Manhattan,Financial District,40.70573,-74.00569,Private room,407,1,51,101,110,18
47754133,371972456,Manhattan,Financial District,40.70449,-74.00557,Private room,407,1,24,101,110,12
47754190,371972456,Manhattan,Financial District,40.706,-74.00579,Private room,407,1,20,101,110,3
47755393,3223938,Brooklyn,Bushwick,40.68788,-73.91871,Private room,31,30,0,288,191,0
47755466,159395523,Brooklyn,Williamsburg,40.72005080785766,-73.95979309082033,Entire home/apt,250,30,0,1,48,0
47496129,383370816,Queens,Forest Hills,40.71106,-73.8444,Entire home/apt,190,2,44,1,65,44
47497466,300536279,Manhattan,Upper West Side,40.78637,-73.97967,Private room,189,2,3,1,117,3
47815251,33252152,Manhattan,West Village,40.73272,-74.00399,Private room,56,14,1,1,0,0
47757435,244560,Brooklyn,Crown Heights,40.67441,-73.9549,Entire home/apt,70,90,4,1,218,2
47818839,12307951,Manhattan,Lower East Side,40.71883,-73.99423,Entire home/apt,714,3,12,1,87,10
47760654,27181542,Manhattan,Upper East Side,40.77028,-73.95691,Entire home/apt,225,30,3,69,138,2
47761307,348619646,Manhattan,Midtown,40.74783,-73.98878,Entire home/apt,319,1,10,52,0,2
47767712,200239515,Queens,Jackson Heights,40.75217,-73.87831,Private room,39,30,3,158,55,3
47768060,184915300,Manhattan,Chinatown,40.71682,-73.99183,Private room,90,14,7,2,297,3
47768102,27482280,Manhattan,Harlem,40.8194,-73.94542,Entire home/apt,80,30,2,1,100,1
47497742,383394067,Brooklyn,Sheepshead Bay,40.60647,-73.94761,Entire home/apt,250,1,0,1,0,0
47769094,372673716,Brooklyn,East New York,40.65487,-73.88154,Entire home/apt,155,2,33,1,64,11
47498090,380446280,Queens,East Elmhurst,40.75922,-73.8826,Private room,76,1,9,1,0,2
47508411,1609585,Manhattan,Gramercy,40.73735,-73.98671,Entire home/apt,225,4,43,1,0,25
47508727,27132406,Brooklyn,Bushwick,40.68706,-73.90766,Private room,108,4,5,2,3,5
47823611,329090139,Brooklyn,Park Slope,40.67069,-73.98755,Entire home/apt,225,360,0,1,83,0
47825704,383332265,Manhattan,Chelsea,40.74754,-73.991,Private room,99,1,34,50,0,14
47825830,75400978,Brooklyn,Bedford-Stuyvesant,40.68099,-73.94333,Entire home/apt,210,30,3,1,68,1
47825972,383332265,Manhattan,Chelsea,40.74624,-73.99275,Private room,99,1,0,50,0,0
47826060,383332265,Manhattan,Chelsea,40.74765,-73.99245,Private room,99,1,12,50,0,4
47826116,383332265,Manhattan,Chelsea,40.74749,-73.99216,Private room,99,1,24,50,0,5
47826512,383332265,Manhattan,Chelsea,40.74775,-73.99197,Private room,99,1,3,50,0,2
47826596,383332265,Manhattan,Chelsea,40.74587,-73.9912,Private room,99,1,25,50,0,10
47826745,383332265,Manhattan,Chelsea,40.74722,-73.99062,Private room,99,1,1,50,0,0
47829341,38592279,Manhattan,Midtown,40.74657,-73.9884,Private room,479,1,12,26,27,4
47829621,38592279,Manhattan,Midtown,40.74528,-73.98975,Private room,351,1,13,26,27,10
47831440,3672774,Brooklyn,Crown Heights,40.67294,-73.95203,Entire home/apt,245,3,53,3,128,34
47769844,11825464,Brooklyn,Crown Heights,40.67642,-73.9627,Private room,65,30,2,3,74,0
47772705,27181542,Manhattan,Upper East Side,40.76995,-73.95822,Entire home/apt,225,30,5,69,79,3
47773433,383797462,Brooklyn,Sheepshead Bay,40.58409,-73.95743,Entire home/apt,131,4,47,5,318,32
47774203,383797462,Brooklyn,Sheepshead Bay,40.58476,-73.95699,Entire home/apt,80,4,30,5,306,22
47775232,66326553,Manhattan,Hell's Kitchen,40.76123,-73.99245,Entire home/apt,125,30,6,7,0,3
47775881,66326553,Manhattan,Hell's Kitchen,40.76067,-73.99297,Entire home/apt,150,30,5,7,0,4
47783273,333256736,Brooklyn,Canarsie,40.63849,-73.90802,Private room,80,2,33,5,338,19
47783561,193364875,Manhattan,Upper West Side,40.7991,-73.96875,Private room,95,2,64,2,172,55
47784065,340603785,Brooklyn,Bedford-Stuyvesant,40.68084,-73.93866,Private room,20,3,0,1,0,0
47510760,383187802,Manhattan,Midtown,40.76354,-73.98316,Entire home/apt,67,30,1,1,0,0
47512919,359526434,Manhattan,Midtown,40.75905,-73.96246,Entire home/apt,125,30,5,3,95,4
47785029,86771798,Manhattan,Midtown,40.76666,-73.97934,Entire home/apt,199,90,0,30,250,0
47785146,377992297,Manhattan,East Harlem,40.79439,-73.93522,Entire home/apt,80,150,0,1,0,0
47515294,114883980,Manhattan,Hell's Kitchen,40.75568,-73.9948,Entire home/apt,169,15,23,1,0,0
47515574,12335937,Manhattan,Lower East Side,40.72165,-73.98835,Entire home/apt,130,30,3,1,0,1
47527528,5125173,Manhattan,Washington Heights,40.85153,-73.93646,Entire home/apt,105,30,17,1,338,17
47831832,203068035,Brooklyn,Crown Heights,40.6678,-73.94053,Private room,55,6,39,2,261,26
47832108,60446033,Brooklyn,Bushwick,40.69957,-73.92302,Private room,60,5,0,1,0,0
47832229,203068035,Brooklyn,Crown Heights,40.66739,-73.94005,Private room,55,6,33,2,267,25
47832340,267272502,Bronx,Claremont Village,40.84378,-73.90592,Private room,65,5,0,28,341,0
47833373,204704622,Queens,Woodside,40.74272,-73.89598,Private room,40,30,0,157,0,0
47833551,204704622,Queens,Jackson Heights,40.75292,-73.87632,Private room,39,30,2,157,0,0
47785447,86771798,Manhattan,Midtown,40.74893,-73.9824,Entire home/apt,131,30,3,30,109,2
47786294,34598519,Queens,Arverne,40.58855,-73.79407,Entire home/apt,329,2,34,1,337,19
47528196,15817471,Brooklyn,Brownsville,40.66222,-73.91396,Entire home/apt,500,30,0,1,0,0
47529357,383332265,Manhattan,Chelsea,40.74725,-73.9924,Private room,99,1,9,50,0,1
47530670,344662895,Manhattan,Murray Hill,40.74974,-73.97839,Entire home/apt,325,18,3,1,42,3
47786992,6146579,Manhattan,Harlem,40.80439,-73.95306,Entire home/apt,99,30,1,1,4,1
47788987,18582746,Manhattan,Harlem,40.80681,-73.94976,Entire home/apt,125,28,10,2,265,6
47790304,52432205,Manhattan,Harlem,40.82568,-73.94351,Entire home/apt,100,7,1,1,0,0
47797312,319049221,Queens,Rosedale,40.6661,-73.73384,Entire home/apt,70,30,0,2,89,0
47797468,31032957,Brooklyn,Prospect Heights,40.67932,-73.96482,Private room,90,3,1,1,0,0
47835024,15442369,Queens,Hollis,40.70824,-73.76551,Entire home/apt,74,2,59,1,209,41
47800273,382750991,Queens,Flushing,40.76534,-73.82858,Private room,74,30,17,2,3,16
47803501,8792814,Brooklyn,Bedford-Stuyvesant,40.6933,-73.94465,Private room,44,1,91,7,316,60
47803519,36641,Manhattan,Harlem,40.81342,-73.94769,Private room,279,2,14,4,247,11
47804493,257487417,Brooklyn,Midwood,40.62778,-73.96222,Private room,50,1,1,2,0,1
47804904,133143656,Bronx,Highbridge,40.82994,-73.93049,Entire home/apt,155,2,53,1,182,53
47900642,383332265,Manhattan,Chelsea,40.74651,-73.99265,Private room,99,1,37,50,0,20
47900810,324456902,Brooklyn,Flatbush,40.64079,-73.95144,Entire home/apt,108,2,76,1,66,53
47903958,386108490,Manhattan,East Village,40.72347,-73.98856,Entire home/apt,1250,14,1,1,0,0
47837331,106569357,Manhattan,Upper East Side,40.77735,-73.95139,Entire home/apt,239,30,1,4,179,1
47841255,200239515,Queens,Astoria,40.76183,-73.9189,Private room,45,30,0,158,0,0
47841969,267272502,Bronx,Claremont Village,40.84168,-73.90713,Private room,60,5,0,28,341,0
47531146,142519287,Brooklyn,Flatlands,40.62624,-73.93665,Entire home/apt,120,2,0,1,0,0
47536293,207013855,Manhattan,Hell's Kitchen,40.75899,-73.9953,Private room,110,6,2,3,0,0
47906243,27181542,Manhattan,Lower East Side,40.71936,-73.98512,Entire home/apt,199,30,3,69,154,3
47906290,350437840,Queens,Ridgewood,40.71079,-73.91746,Private room,61,1,37,1,249,19
47536522,75177978,Queens,Rosedale,40.66096,-73.73632,Private room,70,2,0,1,0,0
47842170,381702628,Manhattan,East Harlem,40.79388,-73.94211,Private room,80,2,30,3,340,20
47842721,268362077,Manhattan,Nolita,40.72086,-73.99421,Private room,658,1,23,3,340,12
47844167,267272502,Bronx,Claremont Village,40.84391,-73.90523,Private room,60,5,2,28,336,0
47844359,267272502,Bronx,Claremont Village,40.84375,-73.90581,Private room,75,4,0,28,219,0
47906957,386139674,Brooklyn,Brownsville,40.65565,-73.91309,Entire home/apt,85,1,143,1,128,81
47846567,385647750,Brooklyn,East Flatbush,40.65387,-73.92602,Private room,80,7,3,2,65,3
47846577,3627786,Manhattan,Upper West Side,40.78446,-73.97775,Entire home/apt,1000,4,15,1,352,8
47847604,200239515,Queens,Woodside,40.74817,-73.89792,Private room,37,30,1,158,0,0
47848179,19303369,Queens,Woodside,40.74804,-73.89966,Private room,31,30,1,175,10,1
47848239,55826318,Queens,Springfield Gardens,40.66282,-73.76703,Entire home/apt,94,1,2,1,0,0
47848606,3223938,Brooklyn,Bushwick,40.6891,-73.91853,Private room,27,90,0,288,232,0
47848650,356623718,Staten Island,Tompkinsville,40.63363,-74.09242,Private room,75,2,8,10,360,7
47848693,356623718,Staten Island,Tompkinsville,40.6318,-74.09272,Private room,75,2,6,10,346,5
47848753,383797462,Brooklyn,Sheepshead Bay,40.58491,-73.95728,Entire home/apt,189,4,5,5,284,3
47848813,3223938,Brooklyn,Crown Heights,40.67283,-73.95207,Private room,32,30,0,288,219,0
47537276,50921963,Brooklyn,Bushwick,40.69429,-73.92215,Entire home/apt,152,2,10,1,5,6
47542082,376764698,Queens,East Elmhurst,40.75712,-73.89772,Private room,45,1,64,4,293,37
47544056,368722719,Manhattan,Upper West Side,40.80154,-73.96809,Private room,95,1,52,2,17,30
47546593,257766613,Brooklyn,Sheepshead Bay,40.59246,-73.9523,Entire home/apt,248,1,95,2,22,57
47547297,55948559,Bronx,Pelham Gardens,40.86704,-73.84164,Private room,45,7,5,5,0,3
47551230,200239515,Brooklyn,Williamsburg,40.70438,-73.94398,Private room,49,30,0,158,3,0
47551613,200239515,Manhattan,Inwood,40.86422,-73.92204,Private room,34,30,1,158,0,0
47563287,43817869,Brooklyn,Bedford-Stuyvesant,40.68857,-73.92887,Entire home/apt,449,5,57,2,56,32
47565466,383979841,Brooklyn,Coney Island,40.57994,-73.98278,Private room,85,3,4,1,63,2
47907266,383843731,Brooklyn,Sunset Park,40.66128,-73.99054,Entire home/apt,321,4,58,2,328,45
47567427,54689021,Brooklyn,Bedford-Stuyvesant,40.69497,-73.95147,Private room,38,5,0,1,0,0
47574565,8159536,Bronx,Concourse,40.83129,-73.9209,Private room,50,3,3,4,190,3
47577248,160491843,Brooklyn,Sheepshead Bay,40.58553,-73.93231,Private room,85,1,2,1,359,2
47581594,34911424,Brooklyn,Bedford-Stuyvesant,40.69221,-73.94632,Entire home/apt,150,30,1,1,230,1
47582768,27181542,Manhattan,Upper East Side,40.77198,-73.95659,Entire home/apt,199,30,8,69,124,4
47849159,2845014,Queens,Ridgewood,40.69708,-73.90638,Entire home/apt,80,30,2,1,36,1
47849424,194142632,Manhattan,Hell's Kitchen,40.75743,-73.99593,Entire home/apt,220,30,7,6,82,4
47855824,371421385,Brooklyn,Cypress Hills,40.68568,-73.87253,Private room,52,1,131,5,345,99
47857781,267272502,Bronx,Claremont Village,40.84196,-73.90671,Private room,70,4,0,28,310,0
47858654,33701866,Staten Island,St. George,40.63741,-74.08474,Entire home/apt,122,2,32,1,156,18
47917743,385911712,Brooklyn,Cypress Hills,40.67627,-73.89264,Private room,90,1,21,1,64,7
47859618,14072923,Manhattan,Theater District,40.75916,-73.98532,Entire home/apt,229,30,7,2,0,3
47861526,70936,Brooklyn,Bedford-Stuyvesant,40.68754,-73.95607,Entire home/apt,450,5,0,2,0,0
47582847,128906008,Brooklyn,East New York,40.67411,-73.87386,Entire home/apt,120,2,2,1,0,0
47584587,348619646,Manhattan,Midtown,40.74817,-73.98754,Entire home/apt,399,7,0,52,0,0
47587720,17227473,Queens,Forest Hills,40.73416,-73.84958,Entire home/apt,75,31,0,1,0,0
47918234,27181542,Manhattan,Lower East Side,40.71916,-73.98623,Entire home/apt,180,30,5,69,149,3
47918366,383332265,Manhattan,Chelsea,40.74758,-73.99238,Private room,87,1,42,50,0,12
47919145,383332265,Manhattan,Chelsea,40.74626,-73.99072,Private room,87,1,24,50,0,3
47919751,383332265,Manhattan,Chelsea,40.7475,-73.99061,Private room,87,1,39,50,0,8
47919864,3223938,Brooklyn,Bushwick,40.68886,-73.9206,Private room,34,90,1,288,235,0
47920050,3223938,Brooklyn,Bushwick,40.68886,-73.92059,Private room,35,30,2,288,249,1
47920057,383332265,Manhattan,Midtown,40.74581,-73.99048,Private room,88,1,26,50,0,1
47920665,383332265,Manhattan,Chelsea,40.7471,-73.99275,Private room,88,1,38,50,0,9
47921382,115543887,Brooklyn,Williamsburg,40.71263,-73.96219,Entire home/apt,195,30,3,1,235,1
47865944,14396207,Brooklyn,Bushwick,40.70029,-73.92254,Private room,250,1,0,1,0,0
47866275,8242397,Brooklyn,Greenpoint,40.73577,-73.95537,Entire home/apt,135,10,17,2,67,12
47866487,192316,Manhattan,East Village,40.72351,-73.9814,Entire home/apt,145,30,3,1,0,1
47866674,19508332,Brooklyn,Prospect-Lefferts Gardens,40.66018,-73.95943,Entire home/apt,185,2,1,1,0,1
47922647,33620899,Queens,Woodside,40.74909,-73.89678,Entire home/apt,10,30,0,1,0,0
47922935,133197429,Queens,Ozone Park,40.67169,-73.84235,Private room,140,1,169,4,350,94
47923861,19303369,Queens,Jackson Heights,40.74919,-73.89562,Entire home/apt,207,1,9,175,136,3
47924038,51548122,Manhattan,Lower East Side,40.72023,-73.99401,Private room,185,15,8,53,36,5
47925069,382191358,Bronx,Parkchester,40.83344,-73.86757,Private room,201,1,20,2,361,9
47926366,72972258,Manhattan,Harlem,40.82446,-73.95114,Shared room,250,30,0,1,0,0
47927657,26295451,Brooklyn,Sheepshead Bay,40.58838,-73.93686,Entire home/apt,110,7,14,1,141,11
47590205,6568666,Brooklyn,Clinton Hill,40.68838,-73.96725,Entire home/apt,425,2,8,1,27,7
48030596,348619646,Manhattan,Midtown,40.74745,-73.98874,Entire home/apt,232,1,14,52,359,13
47933628,386345949,Manhattan,Chelsea,40.74844,-73.99511,Private room,178,30,0,7,305,0
48031122,69946305,Queens,Rosedale,40.65304132378398,-73.73887148773035,Entire home/apt,168,3,12,1,253,12
48033101,251455701,Queens,Woodside,40.74364,-73.91161,Entire home/apt,123,3,14,7,7,2
48033611,287782529,Bronx,Norwood,40.87594,-73.88404,Private room,650,1,0,1,0,0
47869104,28425101,Manhattan,Stuyvesant Town,40.73048,-73.97948,Private room,135,2,14,1,51,9
47934033,69705259,Bronx,Belmont,40.85665,-73.88499,Private room,56,5,1,1,0,0
47939524,83143535,Brooklyn,Crown Heights,40.67765,-73.94478,Private room,67,2,108,14,241,72
47939796,350862434,Brooklyn,East Flatbush,40.63669,-73.93658,Private room,59,28,7,4,115,6
47940178,19303369,Queens,Elmhurst,40.74048,-73.87587,Private room,28,30,0,175,0,0
47940310,204704622,Queens,Jackson Heights,40.75029,-73.87829,Private room,34,14,0,157,0,0
47941354,103841276,Brooklyn,Williamsburg,40.70124,-73.94299,Entire home/apt,349,1,25,4,35,4
47942202,43825074,Brooklyn,Cypress Hills,40.68693,-73.87378,Private room,37,30,2,5,274,1
47944133,2930761,Queens,Fresh Meadows,40.75045,-73.78679,Private room,89,7,4,10,320,1
47949514,355773591,Brooklyn,Bedford-Stuyvesant,40.69606,-73.94318,Entire home/apt,65,4,0,1,0,0
47869588,381698920,Manhattan,Hell's Kitchen,40.75637,-73.99707,Entire home/apt,529,2,25,19,134,17
47953903,19243808,Manhattan,Upper West Side,40.76878,-73.98322,Entire home/apt,300,29,8,12,2,4
47954811,704963,Brooklyn,Bushwick,40.69316,-73.91122,Entire home/apt,222,4,5,1,81,5
47955330,34177401,Brooklyn,East New York,40.67439,-73.88002,Private room,42,1,9,6,0,3
47956172,4486811,Manhattan,Upper East Side,40.76756,-73.96859,Entire home/apt,250,30,0,1,0,0
47961631,77829151,Manhattan,Hell's Kitchen,40.76205,-73.99842,Entire home/apt,386,5,5,1,29,0
47961764,8384058,Manhattan,East Harlem,40.79706,-73.93332,Entire home/apt,220,3,12,2,210,5
47964241,27181542,Manhattan,Upper East Side,40.77026,-73.95854,Entire home/apt,349,30,3,69,136,3
47966525,103949910,Bronx,Soundview,40.82737,-73.87947,Entire home/apt,45,7,0,1,0,0
47870168,143168311,Bronx,Kingsbridge,40.88224,-73.89452,Private room,50,3,2,1,351,0
47873210,385647750,Brooklyn,East Flatbush,40.65432,-73.92569,Private room,78,7,4,2,68,4
47874401,34457315,Queens,Woodhaven,40.69224,-73.86665,Entire home/apt,118,3,46,3,133,36
47874453,128594804,Manhattan,Little Italy,40.71914,-73.99648,Private room,235,120,9,1,152,7
47874684,255795,Brooklyn,Boerum Hill,40.68733,-73.98134,Entire home/apt,600,3,1,1,0,0
47880558,8115522,Brooklyn,Williamsburg,40.7075,-73.94265,Private room,50,2,4,2,0,0
47881216,289858949,Brooklyn,Sheepshead Bay,40.60031,-73.95353,Entire home/apt,120,3,45,2,341,29
47882500,200239515,Queens,Elmhurst,40.74495,-73.87257,Private room,35,5,0,158,0,0
47882733,200239515,Queens,Elmhurst,40.74506,-73.87288,Private room,35,30,0,158,0,0
47883063,204704622,Queens,Elmhurst,40.74412,-73.87293,Private room,35,5,1,157,0,0
47883677,204704622,Queens,Elmhurst,40.7449,-73.87148,Private room,35,10,1,157,0,1
47884246,132844782,Brooklyn,Park Slope,40.66762,-73.97954,Entire home/apt,112,2,22,2,29,10
47885578,22541573,Manhattan,Upper East Side,40.76352,-73.96246,Entire home/apt,297,30,0,131,339,0
47885843,2413839,Manhattan,Financial District,40.70535,-74.01094,Entire home/apt,158,14,5,1,259,2
47886807,2958784,Brooklyn,Williamsburg,40.71498,-73.94658,Entire home/apt,360,3,3,1,0,3
47887075,23185007,Manhattan,East Village,40.72513,-73.97695,Private room,60,30,0,1,0,0
47887785,10194781,Queens,Glendale,40.70542,-73.87492,Entire home/apt,113,2,88,5,352,58
47889158,384532776,Manhattan,Hell's Kitchen,40.76255,-73.9918,Entire home/apt,150,30,1,44,218,0
48038850,130562125,Manhattan,SoHo,40.72121,-73.99926,Entire home/apt,240,30,3,1,334,0
48041698,56263644,Queens,Far Rockaway,40.59904,-73.74807,Private room,89,2,2,1,0,1
48042018,387284813,Manhattan,East Harlem,40.79616,-73.93416,Entire home/apt,250,3,37,1,308,29
47967099,383797462,Brooklyn,Brighton Beach,40.57877,-73.96417,Entire home/apt,80,30,6,5,343,3
47968256,283307781,Manhattan,Financial District,40.70567,-74.00682,Entire home/apt,150,30,5,1,244,3
47968434,383797462,Brooklyn,Brighton Beach,40.57884,-73.96573,Entire home/apt,63,30,9,5,334,7
47973089,50455642,Brooklyn,Williamsburg,40.71353,-73.95484,Private room,32,7,1,2,0,0
47973190,17565034,Manhattan,Roosevelt Island,40.76211,-73.94851,Entire home/apt,120,180,0,1,0,0
48044306,2474134,Brooklyn,Bedford-Stuyvesant,40.68338,-73.9428,Entire home/apt,175,7,22,1,83,14
48045041,17495586,Manhattan,East Village,40.7266,-73.98071,Private room,87,50,4,2,6,3
48045370,286710754,Brooklyn,East New York,40.674,-73.87707,Entire home/apt,75,30,4,2,39,3
47892220,386053525,Manhattan,East Harlem,40.79783,-73.94063,Entire home/apt,267,2,67,1,240,43
47892276,9293730,Manhattan,Upper West Side,40.795322,-73.962921,Entire home/apt,167,30,4,37,234,3
47974913,1770974,Manhattan,East Village,40.72391,-73.98549,Entire home/apt,190,30,0,1,341,0
47974969,365580123,Queens,Edgemere,40.59566,-73.76985,Entire home/apt,130,1,40,1,179,20
47900402,366546827,Bronx,Wakefield,40.89343,-73.85852,Entire home/apt,75,30,2,1,40,1
48146527,4399103,Manhattan,SoHo,40.72615,-73.99936,Entire home/apt,280,30,10,2,39,7
48149045,200239515,Queens,Sunnyside,40.73813,-73.9276,Private room,38,30,0,158,0,0
48149133,204704622,Queens,Sunnyside,40.73774,-73.92578,Private room,39,30,0,157,9,0
48149253,204704622,Queens,Woodside,40.74672,-73.89773,Private room,34,30,2,157,10,2
48047169,386678438,Manhattan,Upper West Side,40.80055,-73.96297,Private room,176,2,10,3,249,6
48047186,59974573,Queens,Elmhurst,40.73682,-73.87271,Entire home/apt,134,3,28,2,65,21
48051434,44837740,Manhattan,Midtown,40.75474,-73.99072,Entire home/apt,1500,1,4,2,335,4
48052304,17407645,Brooklyn,Williamsburg,40.71711,-73.95789,Entire home/apt,500,2,14,1,13,10
47976600,4296422,Manhattan,Upper West Side,40.78317,-73.97967,Entire home/apt,100,31,0,1,29,0
47977116,200239515,Queens,Woodside,40.74416,-73.90491,Private room,49,30,0,158,0,0
47977156,102421207,Brooklyn,Flatlands,40.62915,-73.93971,Entire home/apt,300,3,18,1,359,14
48052849,254169903,Queens,Long Island City,40.76102,-73.9288,Private room,61,5,15,1,283,12
48149559,124733512,Manhattan,Upper East Side,40.77114,-73.95822,Entire home/apt,200,5,3,1,0,2
48150718,27181542,Manhattan,Upper East Side,40.77178,-73.958,Entire home/apt,199,30,4,69,111,2
48153843,166713328,Queens,Ozone Park,40.67748,-73.85891,Private room,45,1,10,3,0,5
48158231,200239515,Brooklyn,Bushwick,40.68556,-73.91398,Private room,38,30,0,158,0,0
48158801,6600525,Brooklyn,Bushwick,40.68735,-73.91766,Private room,50,25,0,1,0,0
48159314,383843731,Brooklyn,Sunset Park,40.66129,-73.99064,Entire home/apt,263,4,44,2,340,30
47977202,386760479,Brooklyn,Flatbush,40.65245,-73.95607,Private room,78,4,11,3,0,10
48159573,388452445,Queens,Rosedale,40.66783,-73.73551,Entire home/apt,120,1,0,1,0,0
47977634,385782494,Brooklyn,East New York,40.67194,-73.89092,Private room,80,1,30,3,156,21
48054199,338746167,Manhattan,Midtown,40.75356,-73.97151,Private room,200,5,0,1,0,0
48054910,277657060,Queens,Jackson Heights,40.75159,-73.86362,Private room,54,3,58,2,157,36
48055938,22541573,Manhattan,Upper East Side,40.76991,-73.95705,Entire home/apt,189,30,0,131,290,0
47977733,200239515,Queens,Elmhurst,40.74022,-73.87567,Private room,38,1,0,158,0,0
47977875,200239515,Queens,Elmhurst,40.7384,-73.87755,Private room,43,30,0,158,0,0
47978686,157832521,Queens,Astoria,40.76795,-73.91228,Entire home/apt,392,6,22,1,74,4
47979000,59021341,Bronx,Hunts Point,40.81703,-73.88922,Private room,130,3,0,1,0,0
47982995,386678438,Manhattan,Upper West Side,40.80005,-73.96138,Private room,104,1,33,3,254,23
47985036,386760479,Brooklyn,Flatbush,40.65209,-73.95599,Private room,82,5,12,3,0,9
47989542,373480843,Manhattan,Civic Center,40.71174,-74.00795,Private room,349,1,12,3,0,1
47989650,373480843,Manhattan,Financial District,40.71083,-74.00793,Private room,349,1,2,3,0,0
47990409,304168787,Queens,Jackson Heights,40.7508,-73.86577,Private room,50,2,84,1,93,52
47994751,24761711,Brooklyn,Kensington,40.64596,-73.97462,Entire home/apt,1995,2,13,4,184,8
47996705,9293730,Manhattan,Upper West Side,40.795322,-73.962921,Entire home/apt,212,30,4,37,250,3
47999029,27061510,Bronx,Longwood,40.82135,-73.89695,Entire home/apt,80,30,0,1,331,0
48160521,129462719,Queens,Ditmars Steinway,40.77929,-73.91752,Entire home/apt,350,30,0,1,365,0
48165486,102482048,Brooklyn,Bushwick,40.68201,-73.90894,Private room,40,2,31,6,218,23
48166288,71852500,Manhattan,Kips Bay,40.74072,-73.97983,Entire home/apt,110,29,8,3,153,6
48000739,7087479,Queens,Astoria,40.76411,-73.92063,Entire home/apt,500,30,0,1,90,0
48166391,12966866,Brooklyn,Bedford-Stuyvesant,40.69484,-73.94111,Entire home/apt,155,30,4,1,131,2
48168032,38592279,Manhattan,Midtown,40.74713,-73.98943,Private room,480,1,4,26,27,0
48168638,26641826,Brooklyn,Bay Ridge,40.63171,-74.03181,Entire home/apt,350,2,11,1,0,7
48168657,12699062,Manhattan,Upper East Side,40.76735,-73.95933,Entire home/apt,240,30,9,2,195,6
48169403,303947699,Brooklyn,Bushwick,40.69937,-73.93559,Entire home/apt,380,1,0,1,0,0
48170405,91273277,Manhattan,Little Italy,40.71932,-73.99637,Entire home/apt,135,30,3,1,252,2
48170918,295370107,Queens,Ozone Park,40.68239,-73.84763,Entire home/apt,99,2,27,2,158,26
48181363,160053277,Queens,Ridgewood,40.70505,-73.9122,Private room,88,1,40,1,54,29
48181694,3223938,Brooklyn,Bushwick,40.6999,-73.92067,Private room,37,30,0,288,247,0
48182605,15810320,Brooklyn,Sunset Park,40.65076,-74.00779,Private room,79,2,33,2,280,30
48056661,214597633,Manhattan,Upper West Side,40.77415,-73.98892,Private room,105,5,0,1,0,0
48008436,386999487,Bronx,Parkchester,40.83825,-73.85484,Entire home/apt,110,2,22,1,253,10
48182736,316839533,Brooklyn,Bushwick,40.68778,-73.91437,Entire home/apt,378,3,19,3,129,19
48182954,384532776,Manhattan,Hell's Kitchen,40.76143,-73.99409,Entire home/apt,275,30,3,44,220,2
48183274,125511976,Manhattan,East Village,40.72411,-73.98386,Entire home/apt,100,6,6,1,140,3
48184215,371942068,Manhattan,Midtown,40.75155,-73.97176,Entire home/apt,349,3,0,1,359,0
48185777,21445795,Manhattan,Upper West Side,40.78821,-73.97459,Entire home/apt,135,28,0,1,0,0
48187242,110127852,Queens,Springfield Gardens,40.66409,-73.75417,Private room,51,30,12,2,359,6
48011354,313257412,Queens,Astoria,40.76883,-73.91928,Private room,85,1,0,3,341,0
48011499,200239515,Queens,Woodside,40.74484,-73.89155,Private room,38,30,1,158,4,1
48013778,139936437,Brooklyn,Crown Heights,40.67061,-73.94495,Private room,80,31,0,1,0,0
48016092,387005139,Brooklyn,Gowanus,40.67302,-73.9906,Entire home/apt,150,30,0,1,6,0
48188009,388770258,Manhattan,Upper East Side,40.78129,-73.95514,Entire home/apt,495,30,0,1,246,0
48058269,387076249,Manhattan,Hell's Kitchen,40.76933,-73.99285,Private room,143,4,60,2,310,45
48058318,319049221,Queens,Rosedale,40.66821,-73.7356,Entire home/apt,80,1,3,2,249,0
48017619,387071756,Brooklyn,East Flatbush,40.64256,-73.94523,Entire home/apt,50,30,3,1,110,3
48018417,387076249,Manhattan,Hell's Kitchen,40.76631,-73.99177,Private room,148,4,86,2,299,51
48018478,23581605,Brooklyn,Bushwick,40.68995,-73.91612,Private room,85,19,22,1,52,13
48018820,298594689,Brooklyn,Crown Heights,40.67517,-73.93957,Entire home/apt,185,2,45,1,47,28
48062301,284801973,Queens,Jamaica,40.67812,-73.79536,Entire home/apt,250,2,61,1,80,33
48066352,200239515,Queens,Woodside,40.743,-73.89763,Private room,38,30,0,158,0,0
48194167,388818764,Bronx,University Heights,40.85615,-73.9152,Private room,55,1,2,1,0,0
48023813,742100,Bronx,Hunts Point,40.81913,-73.88933,Entire home/apt,50,30,0,2,186,0
48024554,19243808,Manhattan,Upper East Side,40.78741,-73.95517,Entire home/apt,245,30,11,12,30,8
48024678,385091169,Manhattan,Financial District,40.70942,-74.01437,Entire home/apt,145,30,7,3,170,5
48194503,77015007,Manhattan,Greenwich Village,40.72784,-73.99859,Entire home/apt,224,5,27,1,145,23
48067323,22627365,Manhattan,Kips Bay,40.74399,-73.97889,Entire home/apt,185,90,0,1,0,0
48024832,125393639,Manhattan,Upper East Side,40.77725,-73.95461,Entire home/apt,175,30,3,1,124,3
48194730,388823905,Manhattan,Upper West Side,40.79446,-73.96433,Private room,84,30,2,5,299,1
48026817,383332265,Manhattan,Chelsea,40.74756,-73.99113,Private room,89,1,12,50,0,1
48027017,383332265,Manhattan,Chelsea,40.74775,-73.99206,Private room,108,1,34,50,49,7
48028125,175519061,Manhattan,Washington Heights,40.84767,-73.93276,Private room,60,5,18,1,38,11
48067391,29121672,Brooklyn,Crown Heights,40.6717,-73.95128,Entire home/apt,119,2,8,1,0,5
48070242,38592279,Manhattan,Midtown,40.74543,-73.9884,Private room,351,1,9,26,27,4
48029069,360085932,Brooklyn,Williamsburg,40.71591,-73.95668,Private room,195,2,10,5,0,5
48257323,371972456,Manhattan,Financial District,40.70576,-74.00565,Private room,407,1,2,101,110,0
48257348,371972456,Manhattan,Financial District,40.70615,-74.00379,Private room,407,1,49,101,108,33
48257412,371972456,Manhattan,Financial District,40.7057,-74.00577,Private room,407,1,0,101,110,0
48257496,371972456,Manhattan,Financial District,40.70646,-74.00391,Private room,407,1,0,101,110,0
48257515,371972456,Manhattan,Financial District,40.70446,-74.00582,Private room,407,1,3,101,110,1
48257754,371972456,Manhattan,Financial District,40.70596,-74.00373,Private room,407,1,11,101,110,4
48257775,371972456,Manhattan,Financial District,40.70653,-74.00379,Private room,407,1,12,101,110,4
48257812,371972456,Manhattan,Financial District,40.70648,-74.00353,Private room,407,1,3,101,110,0
48259744,389436964,Brooklyn,Bushwick,40.68948,-73.91873,Entire home/apt,169,1,43,1,89,36
48070665,123248789,Manhattan,Harlem,40.81503,-73.94293,Private room,45,140,0,1,0,0
48070696,241676154,Staten Island,Grant City,40.57955,-74.11033,Private room,33,30,7,14,77,4
48070727,35156158,Manhattan,East Village,40.73056,-73.98846,Entire home/apt,389,5,19,1,26,14
48205643,384584994,Queens,Ridgewood,40.7107,-73.91588,Private room,89,1,5,1,0,4
48207388,286897393,Manhattan,Hell's Kitchen,40.75397,-73.99553,Entire home/apt,150,30,0,1,0,0
48209440,4267075,Brooklyn,Clinton Hill,40.68361,-73.96612,Entire home/apt,90,30,1,1,327,1
48210064,3223938,Brooklyn,Bushwick,40.68953,-73.92036,Private room,27,30,0,288,280,0
48211495,45062059,Brooklyn,Crown Heights,40.67988,-73.96101,Entire home/apt,244,2,35,3,319,23
48263817,21534672,Brooklyn,Prospect-Lefferts Gardens,40.66146,-73.9451,Entire home/apt,400,2,13,4,28,9
48265859,3223938,Brooklyn,Bushwick,40.69431,-73.92991,Private room,26,90,0,288,281,0
48265994,3223938,Brooklyn,Bedford-Stuyvesant,40.69361,-73.92961,Private room,37,30,2,288,274,1
48266114,87639559,Brooklyn,Bedford-Stuyvesant,40.68056,-73.91099,Entire home/apt,490,7,10,11,349,2
48211888,308339340,Queens,Jamaica,40.66796,-73.78224,Entire home/apt,244,2,55,2,338,34
48213630,200239515,Queens,Woodside,40.74304,-73.89785,Private room,34,30,0,158,0,0
48213733,128161356,Brooklyn,Bedford-Stuyvesant,40.69213,-73.94025,Private room,45,3,13,1,0,7
48213871,32441059,Manhattan,Upper East Side,40.77977,-73.9558,Entire home/apt,234,10,13,2,67,8
48214528,204704622,Queens,Woodside,40.74311,-73.89789,Private room,36,30,3,157,26,2
48214743,356623718,Staten Island,Tompkinsville,40.63371,-74.0928,Entire home/apt,111,3,10,10,287,8
48215693,52577963,Queens,Ozone Park,40.67694,-73.8385,Entire home/apt,100,5,26,5,293,15
48070762,65976155,Bronx,Kingsbridge,40.87194,-73.90307,Private room,35,30,1,2,154,1
48266140,44223001,Brooklyn,Canarsie,40.64172,-73.88724,Private room,70,14,1,2,0,0
48267691,3223938,Brooklyn,Bedford-Stuyvesant,40.67903,-73.95427,Private room,29,30,0,288,275,0
48270362,17638955,Queens,Jamaica,40.6843,-73.77658,Entire home/apt,60,3,46,1,270,31
48074767,88011030,Manhattan,Hell's Kitchen,40.7658,-73.99195,Entire home/apt,149,30,0,1,129,0
48078656,338314964,Manhattan,Tribeca,40.7187,-74.00965,Private room,124,30,0,1,0,0
48079191,1549503,Brooklyn,Brooklyn Heights,40.69201,-73.99413,Entire home/apt,500,5,0,1,0,0
48079314,118902541,Manhattan,Harlem,40.82676,-73.94392,Entire home/apt,80,1,10,1,9,4
48080611,7798275,Brooklyn,Prospect-Lefferts Gardens,40.66232,-73.95187,Entire home/apt,112,30,6,1,235,5
48081208,83367874,Brooklyn,Bushwick,40.6867,-73.90766,Entire home/apt,203,2,32,1,174,21
48081712,138994918,Manhattan,East Harlem,40.8034,-73.9385,Private room,50,30,0,2,0,0
48083343,3223938,Brooklyn,Bushwick,40.69321,-73.91189,Private room,32,90,1,288,341,1
48089766,375344103,Manhattan,West Village,40.74009,-74.00629,Entire home/apt,3300,1,1,3,364,0
48092479,386135351,Manhattan,Washington Heights,40.85441,-73.93515,Private room,65,2,6,1,0,0
48216295,66363020,Brooklyn,Williamsburg,40.7163,-73.94869,Entire home/apt,160,3,7,1,0,0
48225044,355258878,Staten Island,Mariners Harbor,40.63711,-74.1694,Private room,60,2,5,4,224,5
48226948,25608298,Brooklyn,Bedford-Stuyvesant,40.6919,-73.94456,Private room,42,1,46,2,0,22
48271744,224402698,Queens,East Elmhurst,40.75808,-73.8577,Entire home/apt,204,2,21,2,167,20
48276918,195157226,Brooklyn,Crown Heights,40.66962,-73.93203,Private room,57,2,57,1,53,39
48227231,387784105,Brooklyn,Bedford-Stuyvesant,40.68531,-73.93186,Private room,41,1,67,2,92,45
48228125,179364522,Brooklyn,Bedford-Stuyvesant,40.68968,-73.92402,Private room,100,1,1,1,0,0
48229606,146776990,Brooklyn,East Flatbush,40.65317,-73.93213,Private room,38,30,1,5,348,1
48093274,387806692,Manhattan,East Harlem,40.80234,-73.94389,Entire home/apt,210,3,34,1,208,31
48277170,194142632,Manhattan,Hell's Kitchen,40.76432,-73.99453,Entire home/apt,350,30,9,6,321,6
48279821,380601266,Manhattan,East Village,40.72613,-73.98864,Entire home/apt,127,90,3,25,258,3
48279949,170568130,Manhattan,Chelsea,40.75123,-73.99684,Entire home/apt,90,1,28,15,50,21
48281428,329544129,Brooklyn,East New York,40.66853,-73.87581,Entire home/apt,118,3,46,1,345,35
48285269,368785877,Manhattan,Hell's Kitchen,40.76201,-73.99099,Entire home/apt,99,30,0,1,0,0
48093831,385609575,Queens,Far Rockaway,40.59607,-73.73876,Entire home/apt,790,7,0,1,83,0
48095346,380332619,Brooklyn,Prospect-Lefferts Gardens,40.65953,-73.94353,Entire home/apt,318,15,4,14,245,3
48230820,262570325,Manhattan,Hell's Kitchen,40.75856,-73.99183,Entire home/apt,393,3,12,5,132,5
48230852,384532776,Manhattan,Midtown,40.75962,-73.96679,Entire home/apt,125,30,6,44,312,4
48230897,380601266,Manhattan,East Village,40.72797,-73.98704,Entire home/apt,135,90,5,25,264,2
48231063,380601266,Manhattan,East Village,40.72754,-73.98853,Entire home/apt,135,90,4,25,258,3
48232450,21534672,Brooklyn,Prospect-Lefferts Gardens,40.66023,-73.94491,Private room,131,2,7,4,0,1
48232592,52577963,Queens,Ozone Park,40.67515,-73.83944,Entire home/apt,105,5,27,5,126,23
48232952,19866189,Queens,Arverne,40.59018,-73.79351,Entire home/apt,516,30,3,3,347,2
48233657,2867137,Manhattan,Upper East Side,40.78119,-73.95532,Entire home/apt,190,30,4,73,160,2
48234496,365301635,Bronx,Mount Eden,40.83872,-73.91915,Private room,125,1,2,3,365,2
48240129,26377263,Brooklyn,East Flatbush,40.66105,-73.93396,Private room,56,6,3,53,159,2
48285942,29658719,Manhattan,Midtown,40.74995,-73.98565,Private room,200,7,4,3,351,3
48286996,312661846,Brooklyn,Brownsville,40.6679,-73.9231,Entire home/apt,320,3,36,3,150,20
48288989,4089511,Manhattan,Harlem,40.81527,-73.94344,Private room,57,90,1,3,0,0
48290153,101264083,Brooklyn,Williamsburg,40.71269,-73.94704,Entire home/apt,275,3,3,1,0,2
48295531,1699871,Brooklyn,Bushwick,40.68438,-73.9077,Private room,175,3,0,4,310,0
48295712,385091169,Manhattan,Financial District,40.70795,-74.00974,Entire home/apt,220,30,2,3,259,1
48296383,358356356,Brooklyn,Bedford-Stuyvesant,40.68962,-73.95185,Private room,56,35,1,5,36,0
48297656,248971869,Bronx,Kingsbridge,40.86211,-73.91226,Entire home/apt,99,30,0,1,0,0
48241249,5643575,Queens,Elmhurst,40.74424,-73.87748,Entire home/apt,90,4,0,1,0,0
48241526,22541573,Manhattan,Midtown,40.74579,-73.9854,Entire home/apt,314,30,0,131,330,0
48242704,54269012,Manhattan,Harlem,40.81138,-73.94468,Private room,95,1,37,1,28,24
48243028,1699871,Brooklyn,Bushwick,40.68312,-73.90927,Entire home/apt,301,3,32,4,360,21
48096824,387845873,Queens,Woodside,40.74827,-73.89683,Entire home/apt,105,30,3,2,82,3
48100776,107434423,Manhattan,Upper West Side,40.7911888,-73.9737101,Entire home/apt,342,31,0,453,255,0
48100962,107434423,Manhattan,SoHo,40.72421920000001,-74.0034696,Entire home/apt,448,31,0,453,0,0
48103216,204704622,Queens,Jackson Heights,40.74872,-73.87853,Private room,30,30,1,157,0,0
48103930,51501835,Manhattan,Hell's Kitchen,40.76333,-73.98779,Entire home/apt,115,30,7,109,257,3
48104025,348619646,Manhattan,Midtown,40.74759,-73.98895,Entire home/apt,261,7,11,52,77,8
48104102,2155593,Manhattan,Harlem,40.8256,-73.93706,Entire home/apt,71,2,10,1,0,2
48104906,33867639,Manhattan,Chinatown,40.71464,-73.99708,Private room,125,30,3,8,293,2
48105141,33867639,Manhattan,Chinatown,40.71351,-73.99706,Private room,145,1,70,8,196,63
48105602,13524368,Brooklyn,Windsor Terrace,40.65852,-73.97754,Entire home/apt,171,1,38,3,87,28
48297854,388190137,Brooklyn,Bushwick,40.69821,-73.93217,Entire home/apt,250,1,145,2,90,87
48109162,116914541,Queens,Bellerose,40.73312,-73.73666,Entire home/apt,95,4,91,1,45,37
48243225,138205173,Queens,Ridgewood,40.70549,-73.91141,Private room,72,3,17,3,71,11
48244153,384559808,Manhattan,Gramercy,40.73427,-73.98519,Entire home/apt,86,30,3,24,21,1
48298144,309612914,Queens,East Elmhurst,40.76304,-73.86194,Private room,99,5,0,7,51,0
48298348,309612914,Queens,East Elmhurst,40.76366,-73.86133,Private room,99,5,6,7,68,4
48300185,278925199,Manhattan,Upper East Side,40.7593,-73.9597,Entire home/apt,349,30,4,17,365,3
48300385,26377263,Brooklyn,East Flatbush,40.66062,-73.93576,Private room,60,6,1,53,40,1
48301728,341468081,Brooklyn,Williamsburg,40.70873,-73.95431,Entire home/apt,190,20,2,1,212,0
48246413,19578509,Brooklyn,Williamsburg,40.71334,-73.94291,Entire home/apt,260,3,10,1,1,9
48247365,12222829,Brooklyn,Williamsburg,40.70668,-73.95478,Private room,58,4,8,2,0,4
48247577,3223938,Brooklyn,Williamsburg,40.70918,-73.96606,Private room,40,30,1,288,113,1
48110470,405662122,Brooklyn,Sunset Park,40.6595,-73.99216,Entire home/apt,306,4,40,1,339,35
48111149,65925820,Brooklyn,Bergen Beach,40.62527,-73.91304,Entire home/apt,300,1,3,1,177,3
48111332,3223938,Brooklyn,Flatbush,40.65247,-73.95622,Private room,31,90,1,288,191,0
48111511,3223938,Brooklyn,Bushwick,40.70098,-73.91252,Private room,29,90,1,288,219,0
48111679,3223938,Brooklyn,Williamsburg,40.70913,-73.96635,Private room,36,90,1,288,280,0
48114910,107434423,Manhattan,West Village,40.73332389999999,-74.0021707,Entire home/apt,756,31,0,453,279,0
48117551,107434423,Manhattan,Upper West Side,40.8009069,-73.96954989999999,Entire home/apt,650,31,1,453,0,1
48120855,5328757,Manhattan,Kips Bay,40.74506,-73.97841,Entire home/apt,133,180,0,1,184,0
48121041,1386685,Manhattan,Upper West Side,40.78626,-73.9783,Entire home/apt,200,30,0,1,180,0
48121515,2930761,Queens,Fresh Meadows,40.75096,-73.78733,Private room,65,14,8,10,156,5
48121560,1716576,Manhattan,Hell's Kitchen,40.76609,-73.986,Entire home/apt,145,4,9,1,0,8
48123720,200239515,Queens,Woodside,40.74634,-73.89956,Private room,35,30,0,158,0,0
48303790,247446830,Manhattan,Harlem,40.82571,-73.94884,Private room,89,3,36,2,27,27
48310420,31609967,Bronx,Woodlawn,40.90111,-73.86914,Entire home/apt,106,30,2,1,66,1
48312829,255526462,Brooklyn,Bedford-Stuyvesant,40.67862,-73.94888,Private room,30,30,1,4,0,0
48313976,5085140,Brooklyn,Williamsburg,40.71712,-73.94532,Entire home/apt,150,30,2,1,0,0
48124366,215440793,Queens,Corona,40.7398784054511,-73.85072973855655,Private room,85,2,3,2,346,3
48124385,215440793,Queens,Corona,40.73937,-73.84928,Private room,75,2,19,2,282,19
48124602,384532776,Manhattan,Hell's Kitchen,40.76271,-73.99233,Entire home/apt,175,30,3,44,281,2
48126670,38391974,Brooklyn,Crown Heights,40.67606,-73.93228,Entire home/apt,345,3,14,1,0,10
48127084,161592215,Manhattan,East Harlem,40.80243,-73.93604,Entire home/apt,110,30,5,4,249,4
48128555,337940010,Manhattan,Midtown,40.75608,-73.97011,Entire home/apt,199,1,37,1,57,21
48130923,947248,Brooklyn,East Flatbush,40.64502,-73.94295,Entire home/apt,95,5,27,1,9,19
48131270,38592279,Manhattan,Chelsea,40.74698,-73.99,Private room,351,1,36,26,27,24
48134893,107434423,Manhattan,Battery Park City,40.71785,-74.01519,Entire home/apt,704,31,0,453,244,0
48135717,381698920,Manhattan,Hell's Kitchen,40.75609,-73.99801,Entire home/apt,214,2,19,19,134,17
48137711,727585,Brooklyn,Bedford-Stuyvesant,40.68673,-73.95552,Entire home/apt,165,5,62,3,241,43
48137872,25703731,Brooklyn,Williamsburg,40.70624,-73.95381,Entire home/apt,850,2,14,1,329,7
48139155,107434423,Manhattan,SoHo,40.72669579999999,-74.0013997,Entire home/apt,346,31,0,453,175,0
48142110,55183922,Brooklyn,Crown Heights,40.6734,-73.94623,Entire home/apt,149,3,63,1,284,51
48142282,43926352,Manhattan,Upper West Side,40.79672940461701,-73.96317754131918,Entire home/apt,180,30,0,1,127,0
48142798,70668167,Bronx,Tremont,40.8488,-73.89986,Entire home/apt,106,365,0,1,99,0
48144209,156295223,Manhattan,Upper East Side,40.77916,-73.95075,Entire home/apt,320,30,1,5,342,0
48379543,35877638,Brooklyn,Bedford-Stuyvesant,40.68621,-73.93432,Entire home/apt,145,1,119,1,106,81
48247585,241454071,Bronx,Hunts Point,40.81901,-73.88569,Entire home/apt,101,4,18,1,155,13
48250684,277698942,Queens,Flushing,40.75958,-73.82691,Private room,85,1,23,2,74,23
48251477,371972456,Manhattan,Financial District,40.70458,-74.00499,Private room,407,1,68,101,110,31
48251602,371972456,Manhattan,Financial District,40.7044,-74.00531,Private room,407,1,38,101,110,21
48251757,371972456,Manhattan,Financial District,40.70463,-74.00592,Private room,407,1,19,101,109,11
48251788,371972456,Manhattan,Financial District,40.70644,-74.00408,Private room,407,1,8,101,110,3
48252078,371972456,Manhattan,Financial District,40.7063,-74.00357,Private room,407,1,67,101,108,32
48253767,10987233,Queens,Ditmars Steinway,40.77467,-73.91581,Entire home/apt,60,31,6,1,250,3
48255185,375678301,Manhattan,Midtown,40.75306,-73.97351,Entire home/apt,408,2,0,1,84,0
48255376,68134012,Brooklyn,Bedford-Stuyvesant,40.69909,-73.93937,Entire home/apt,301,2,103,1,171,73
48316162,219517861,Manhattan,Midtown,40.74463,-73.99042,Private room,398,2,8,71,353,7
48316241,219517861,Manhattan,Flatiron District,40.74295,-73.99012,Private room,443,2,16,71,352,5
48316249,219517861,Manhattan,Midtown,40.74528,-73.98984,Private room,410,2,253,71,359,204
48316258,219517861,Manhattan,Flatiron District,40.74296,-73.99036,Private room,460,2,69,71,354,56
48316284,219517861,Manhattan,Midtown,40.74506,-73.98891,Private room,465,2,58,71,356,42
48317355,373790863,Brooklyn,Bedford-Stuyvesant,40.69435,-73.93419,Shared room,40,90,2,3,273,2
48255427,312923422,Manhattan,Chelsea,40.74970671193784,-74.00277608539548,Entire home/apt,357,1,77,1,295,69
48256339,371972456,Manhattan,Financial District,40.70619,-74.00555,Private room,407,1,16,101,110,12
48257309,371972456,Manhattan,Financial District,40.70638,-74.00497,Private room,407,1,13,101,110,2
48491025,161454135,Brooklyn,Flatbush,40.63506,-73.96459,Private room,65,1,21,1,248,21
48380142,390535864,Queens,Woodside,40.74551,-73.89235,Private room,23,30,1,30,0,0
48380523,62025273,Manhattan,East Harlem,40.79075,-73.94507,Entire home/apt,130,60,1,3,68,1
48380680,390535864,Queens,Woodside,40.74551,-73.89235,Private room,38,30,0,30,0,0
48380702,85375602,Brooklyn,Bushwick,40.69731,-73.93363,Entire home/apt,100,4,0,1,0,0
48380889,390535864,Queens,Woodside,40.74446,-73.89193,Private room,45,30,0,30,0,0
48381141,390535864,Queens,Woodside,40.7411,-73.89705,Private room,45,30,0,30,0,0
48381288,390535864,Queens,Woodside,40.74188,-73.89781,Private room,43,30,0,30,0,0
48381528,390535864,Queens,Woodside,40.74318,-73.89574,Private room,27,30,0,30,0,0
48381921,390535864,Queens,Woodside,40.74267,-73.90295,Private room,36,30,0,30,0,0
48382101,390560570,Bronx,Wakefield,40.88438,-73.85081,Entire home/apt,79,5,11,2,131,11
48382104,390560570,Bronx,Wakefield,40.88432,-73.85199,Entire home/apt,79,5,1,2,41,1
48382130,390535864,Queens,Woodside,40.74294,-73.90458,Private room,45,30,1,30,0,0
48382594,390535864,Queens,Elmhurst,40.73857,-73.87559,Private room,32,7,0,30,0,0
48382776,390535864,Queens,Elmhurst,40.73867,-73.87774,Private room,48,30,0,30,0,0
48383033,390535864,Queens,Elmhurst,40.73989,-73.87545,Private room,45,30,0,30,0,0
48383682,80134273,Queens,Forest Hills,40.72,-73.85118,Entire home/apt,145,3,49,1,262,32
48317954,380601266,Manhattan,Upper West Side,40.79067,-73.97028,Entire home/apt,207,90,5,25,258,2
48318184,380601266,Manhattan,Upper West Side,40.79201,-73.97232,Entire home/apt,190,90,5,25,249,3
48318945,18582746,Manhattan,Harlem,40.80682,-73.94976,Entire home/apt,125,28,9,2,278,6
48321960,207013855,Manhattan,Hell's Kitchen,40.75839,-73.9974,Private room,110,6,0,3,0,0
48323889,263259304,Brooklyn,East New York,40.66843,-73.89387,Entire home/apt,179,2,14,1,155,14
48383760,266310389,Manhattan,East Village,40.72956,-73.97973,Private room,45,30,3,1,280,2
48492440,391331417,Queens,Astoria,40.75518,-73.91652,Private room,121,3,12,1,34,12
48384100,1804283,Manhattan,East Village,40.72692,-73.98297,Private room,80,64,1,1,0,0
48384560,390535864,Queens,Jackson Heights,40.75247,-73.87847,Private room,23,30,0,30,0,0
48384753,390535864,Queens,Jackson Heights,40.75234,-73.87635,Private room,31,30,0,30,0,0
48384761,284126288,Queens,Flushing,40.74068,-73.81401,Private room,70,30,1,5,326,0
48384825,390535864,Queens,Jackson Heights,40.75286,-73.87619,Private room,34,30,1,30,0,0
48384916,390535864,Queens,Jackson Heights,40.75239,-73.87854,Private room,28,30,2,30,0,0
48384920,390535864,Queens,Jackson Heights,40.75102,-73.8766,Private room,29,30,0,30,0,0
48385026,367986829,Brooklyn,East Flatbush,40.64116,-73.95121,Private room,70,3,8,1,353,8
48387350,347560493,Queens,East Elmhurst,40.7616,-73.87273,Private room,49,1,22,3,330,14
48326236,69209117,Brooklyn,Williamsburg,40.71991,-73.95636,Entire home/apt,260,1,12,1,3,4
48393913,145578669,Bronx,Concourse,40.82145,-73.9271,Entire home/apt,380,30,0,1,0,0
48395654,50266813,Brooklyn,Williamsburg,40.71318,-73.95331,Private room,89,2,31,4,30,30
48397375,6274029,Brooklyn,Crown Heights,40.67402,-73.96083,Entire home/apt,365,4,4,1,8,2
48494826,8619985,Brooklyn,Bedford-Stuyvesant,40.68981,-73.94132,Entire home/apt,129,2,13,1,25,10
48328710,380601266,Manhattan,Upper West Side,40.79164,-73.97237,Entire home/apt,133,90,5,25,297,3
48331524,358903800,Manhattan,Harlem,40.80397,-73.94727,Private room,115,2,14,4,0,11
48333932,5460788,Brooklyn,Williamsburg,40.71285,-73.95809,Entire home/apt,150,6,1,1,0,0
48503146,391400443,Staten Island,Prince's Bay,40.53138,-74.19113,Entire home/apt,96,5,12,1,37,12
48503504,23708355,Brooklyn,Bushwick,40.70486,-73.91797,Entire home/apt,175,3,43,1,130,39
48334556,2930761,Queens,Fresh Meadows,40.75247,-73.78604,Private room,67,10,3,10,325,2
48341938,74151784,Manhattan,Theater District,40.76212,-73.98152,Private room,244,3,83,1,31,54
48397805,160737309,Manhattan,Financial District,40.7039,-74.0064,Entire home/apt,220,30,0,1,291,0
48399663,162280872,Manhattan,Hell's Kitchen,40.75756,-73.99472,Entire home/apt,220,30,2,98,336,2
48343270,385129361,Manhattan,Upper West Side,40.79673,-73.96255,Entire home/apt,100,30,2,48,268,2
48506346,205099645,Queens,Springfield Gardens,40.66554,-73.76782,Entire home/apt,175,3,1,1,0,1
48507123,171051361,Brooklyn,South Slope,40.66212,-73.98479,Entire home/apt,120,180,0,4,358,0
48517390,2653479,Manhattan,Upper West Side,40.80256,-73.96525,Private room,90,2,50,41,62,31
48517850,2653479,Manhattan,Morningside Heights,40.80433,-73.965,Private room,90,2,36,41,69,19
48518155,2653479,Manhattan,Upper West Side,40.80298,-73.96511,Private room,130,2,6,41,69,3
48518577,391440782,Queens,Rosedale,40.65522,-73.73546,Private room,80,1,0,1,0,0
48518696,20487896,Manhattan,West Village,40.72859,-74.00284,Entire home/apt,163,7,14,1,2,12
48518699,90860314,Brooklyn,Crown Heights,40.6677,-73.95716,Private room,80,3,22,3,310,14
48519376,241676154,Staten Island,Grant City,40.57973,-74.11029,Private room,36,30,2,14,93,1
48344749,38592279,Manhattan,Hell's Kitchen,40.75303,-73.9941,Private room,296,1,3,26,27,3
48344963,38592279,Manhattan,Hell's Kitchen,40.75486,-73.99409,Private room,497,1,43,26,17,28
48345047,38592279,Manhattan,Hell's Kitchen,40.75293,-73.99388,Private room,479,1,31,26,26,22
48345099,385129361,Manhattan,Upper West Side,40.79673,-73.96255,Entire home/apt,70,30,3,48,132,3
48345227,38592279,Manhattan,Hell's Kitchen,40.75468,-73.99483,Private room,296,1,0,26,26,0
48345447,38592279,Manhattan,Hell's Kitchen,40.75487,-73.99374,Private room,420,1,19,26,25,10
48345694,238604880,Brooklyn,Bushwick,40.6905,-73.92179,Private room,66,1,4,1,331,4
48520815,151939707,Brooklyn,Crown Heights,40.67798,-73.94406,Entire home/apt,129,3,60,1,21,44
48349089,358801617,Brooklyn,Sheepshead Bay,40.58443,-73.95446,Private room,85,1,2,2,341,2
48402078,24580977,Staten Island,New Brighton,40.64041,-74.08834,Entire home/apt,141,1,126,2,162,89
48349147,204704622,Queens,Woodside,40.74449,-73.90476,Private room,46,30,1,157,41,0
48349321,200239515,Queens,Woodside,40.74302,-73.90443,Private room,43,30,1,158,10,0
48350489,246225955,Manhattan,Midtown,40.75266,-73.97248,Entire home/apt,594,2,1,2,0,1
48357548,37821056,Manhattan,Harlem,40.80257,-73.9583,Private room,48,30,3,8,263,1
48358899,390346114,Manhattan,Inwood,40.86723,-73.92721,Entire home/apt,226,2,29,4,135,16
48402757,13730809,Brooklyn,East Flatbush,40.65252,-73.94599,Entire home/apt,173,3,31,1,68,23
48403914,162109689,Manhattan,Chinatown,40.71644,-73.99072,Entire home/apt,349,4,90,4,236,64
48404024,5644061,Brooklyn,Bedford-Stuyvesant,40.68854,-73.94355,Entire home/apt,145,2,10,1,0,1
48404504,299930452,Brooklyn,Bedford-Stuyvesant,40.68902,-73.93317,Private room,500,1,0,1,365,0
48413404,3223938,Brooklyn,Bushwick,40.68968,-73.91937,Private room,37,90,2,288,249,1
48414050,3223938,Brooklyn,Bushwick,40.68935,-73.92028,Private room,31,30,1,288,69,0
48415866,390535864,Queens,Woodside,40.74598,-73.89941,Private room,28,30,0,30,0,0
48522168,131971883,Brooklyn,Bushwick,40.69958,-73.93111,Entire home/apt,155,4,2,1,39,0
48524254,24557646,Brooklyn,Williamsburg,40.713,-73.96341,Entire home/apt,250,5,13,1,329,8
48526976,2653479,Manhattan,Upper West Side,40.8023,-73.96688,Private room,90,2,16,41,73,14
48527218,2653479,Manhattan,Upper West Side,40.80426,-73.96712,Private room,90,2,42,41,124,22
48528952,37821056,Manhattan,Morningside Heights,40.80372,-73.95832,Private room,48,30,1,8,126,0
48541285,365280067,Manhattan,Chelsea,40.73912,-73.99781,Entire home/apt,1200,3,0,1,362,0
48541458,10727796,Manhattan,Harlem,40.80829,-73.94568,Entire home/apt,822,30,15,1,306,13
48542532,65482154,Bronx,Longwood,40.81794,-73.90084,Private room,150,7,0,2,365,0
48545541,380332619,Brooklyn,East Flatbush,40.66346,-73.93609,Entire home/apt,367,15,3,14,345,2
48545956,380332619,Brooklyn,East Flatbush,40.66141,-73.93606,Entire home/apt,334,30,3,14,335,2
48548174,39395765,Bronx,Wakefield,40.90403,-73.8474,Entire home/apt,200,1,1,1,0,0
48549263,88450280,Queens,Sunnyside,40.74415,-73.91977,Entire home/apt,90,30,6,2,151,3
48559749,62025273,Manhattan,East Harlem,40.79016,-73.94943,Entire home/apt,135,30,2,3,249,1
48559980,61391963,Manhattan,Upper West Side,40.78552,-73.97458,Entire home/apt,159,30,1,116,341,1
48360362,390359155,Queens,Ditmars Steinway,40.77218,-73.90753,Private room,48,30,10,2,38,6
48361053,41096941,Brooklyn,Greenpoint,40.72866,-73.95938,Entire home/apt,350,2,13,1,0,2
48561129,3739543,Manhattan,Nolita,40.72215,-73.99378,Entire home/apt,200,30,0,1,0,0
48561933,41941061,Manhattan,Hell's Kitchen,40.7644,-73.99557,Entire home/apt,190,2,69,3,228,43
48561991,383332265,Manhattan,Chelsea,40.74577,-73.99193,Private room,89,1,7,50,0,1
48562140,383332265,Manhattan,Chelsea,40.7478,-73.99241,Private room,89,1,17,50,0,3
48562198,383332265,Manhattan,Chelsea,40.74601,-73.99092,Private room,89,1,6,50,0,0
48562525,383332265,Manhattan,Chelsea,40.74561,-73.99091,Private room,90,1,34,50,0,11
48562591,383332265,Manhattan,Chelsea,40.7478,-73.99204,Private room,89,1,15,50,0,0
48562666,383332265,Manhattan,Chelsea,40.74648,-73.99051,Private room,89,1,40,50,0,18
48362226,27181542,Manhattan,Upper East Side,40.77184,-73.95781,Entire home/apt,199,30,7,69,111,4
48363419,390388354,Queens,Ozone Park,40.67546,-73.84403,Entire home/apt,99,5,21,1,35,8
48421464,390836474,Queens,Elmhurst,40.74482,-73.88689,Entire home/apt,79,30,7,1,84,6
48422033,83143535,Brooklyn,Crown Heights,40.67602,-73.94471,Private room,75,3,73,14,23,49
48423570,5147704,Manhattan,Lower East Side,40.71944,-73.99119,Entire home/apt,200,30,3,1,23,0
48425681,390535864,Queens,Woodside,40.7431,-73.89754,Private room,32,30,0,30,0,0
48425839,390346114,Manhattan,Inwood,40.86834,-73.92617,Entire home/apt,145,3,45,4,31,29
48426005,390535864,Queens,Woodside,40.74326,-73.89773,Private room,32,30,0,30,0,0
48426501,15905036,Brooklyn,Williamsburg,40.71303,-73.95212,Entire home/apt,275,5,3,1,0,1
48426539,390535864,Queens,Woodside,40.7412,-73.89764,Private room,37,30,0,30,0,0
48427036,390535864,Queens,Sunnyside,40.73828,-73.92554,Private room,37,30,0,30,0,0
48562671,124312370,Manhattan,West Village,40.73184,-74.00399,Entire home/apt,140,30,1,1,0,0
48562731,383332265,Manhattan,Chelsea,40.74742,-73.99278,Private room,89,1,37,50,0,15
48562814,383332265,Manhattan,Chelsea,40.74593,-73.99207,Private room,98,1,20,50,0,3
48562902,383332265,Manhattan,Chelsea,40.74695,-73.99062,Private room,92,1,30,50,0,8
48563279,383332265,Manhattan,Chelsea,40.74782,-73.99226,Private room,95,1,23,50,0,7
48563315,383332265,Manhattan,Chelsea,40.74782,-73.99051,Private room,96,1,26,50,0,8
48563374,383332265,Manhattan,Chelsea,40.74571,-73.99106,Private room,100,1,29,50,0,6
48563418,383332265,Manhattan,Chelsea,40.74776,-73.99089,Private room,102,1,40,50,0,14
48563493,383332265,Manhattan,Chelsea,40.74561,-73.99111,Private room,102,1,34,50,0,9
48564529,383332265,Manhattan,Chelsea,40.74559,-73.99185,Private room,94,1,14,50,0,4
48565695,263951701,Brooklyn,Bedford-Stuyvesant,40.68667,-73.92905,Entire home/apt,145,30,0,1,0,0
48566707,219517861,Manhattan,Financial District,40.70511,-74.01466,Entire home/apt,537,2,21,71,243,13
48569389,81764323,Manhattan,Chelsea,40.74637,-73.99233,Entire home/apt,998,2,38,2,79,21
48571590,50618720,Brooklyn,Canarsie,40.63249,-73.88925,Entire home/apt,113,2,38,3,161,21
48577509,107434423,Manhattan,West Village,40.73332389999999,-74.0021707,Entire home/apt,525,31,0,453,265,0
48584513,231138233,Queens,Ridgewood,40.71254,-73.91882,Private room,59,1,91,7,55,64
48585070,152331348,Queens,Richmond Hill,40.69455,-73.82275,Entire home/apt,339,2,34,2,359,20
48365708,89680730,Brooklyn,Brownsville,40.66209,-73.91951,Private room,75,4,37,3,56,21
48367018,120551798,Brooklyn,Bedford-Stuyvesant,40.69538,-73.93372,Entire home/apt,175,4,57,1,268,46
48585303,2000165,Manhattan,Washington Heights,40.83404,-73.94417,Private room,49,17,0,1,0,0
48586222,219517861,Manhattan,Midtown,40.76195,-73.97595,Private room,459,2,81,71,360,51
48587319,219517861,Manhattan,Midtown,40.76225,-73.97647,Private room,645,2,1,71,334,1
48587320,219517861,Manhattan,Midtown,40.76184,-73.97425,Private room,483,2,22,71,356,14
48587324,219517861,Manhattan,Midtown,40.76348,-73.97436,Private room,469,2,3,71,349,3
48587330,219517861,Manhattan,Midtown,40.76392,-73.97574,Private room,568,2,5,71,318,4
48587331,219517861,Manhattan,Midtown,40.76192,-73.97584,Private room,607,2,5,71,344,2
48587332,219517861,Manhattan,Midtown,40.76242,-73.97458,Private room,635,2,3,71,281,1
48587333,219517861,Manhattan,Midtown,40.76331,-73.9762,Private room,1078,2,6,71,298,0
48587864,120762452,Manhattan,Murray Hill,40.74806,-73.97523,Entire home/apt,240,30,1,83,365,0
48427492,36333834,Brooklyn,Bedford-Stuyvesant,40.68369,-73.93592,Entire home/apt,214,3,9,1,33,7
48367351,27181542,Manhattan,Upper East Side,40.7717,-73.95816,Entire home/apt,199,30,3,69,109,1
48369592,24641078,Manhattan,Upper East Side,40.77723,-73.96053,Entire home/apt,280,30,10,4,101,7
48374098,19243808,Manhattan,Hell's Kitchen,40.76743,-73.9827,Entire home/apt,387,29,4,12,35,2
48378158,377635800,Bronx,Mount Hope,40.84514,-73.90506,Entire home/apt,250,3,0,1,0,0
48430489,250376883,Brooklyn,Cypress Hills,40.68106,-73.86492,Private room,41,30,1,2,357,1
48442281,385129361,Manhattan,Upper West Side,40.79673,-73.96255,Entire home/apt,85,30,2,48,239,1
48444347,107709624,Manhattan,West Village,40.73097,-74.00669,Entire home/apt,274,30,4,1,281,3
48446426,253839975,Manhattan,Hell's Kitchen,40.7551,-73.99146,Entire home/apt,175,30,1,3,42,1
48446604,253839975,Manhattan,Hell's Kitchen,40.75351,-73.99465,Entire home/apt,175,30,0,3,66,0
48622044,371972456,Manhattan,Financial District,40.70629,-74.00379,Private room,407,1,29,101,75,13
48622138,371972456,Manhattan,Financial District,40.70634,-74.00368,Private room,407,1,54,101,75,38
48622261,371972456,Manhattan,Financial District,40.70641,-74.00409,Private room,407,1,24,101,110,13
48622314,176809727,Manhattan,Upper West Side,40.80101,-73.96205,Private room,90,1,2,1,263,1
48446709,43972204,Queens,Ditmars Steinway,40.77418,-73.90266,Entire home/apt,115,5,13,1,35,2
48449006,301831302,Manhattan,Harlem,40.83009,-73.94089,Private room,66,1,1,8,365,0
48449474,301831302,Manhattan,Washington Heights,40.8316,-73.94113,Private room,200,1,2,8,365,2
48589219,72131006,Manhattan,West Village,40.73665,-74.00475,Entire home/apt,230,30,5,1,56,4
48596794,343632743,Manhattan,Kips Bay,40.74071,-73.98008,Entire home/apt,169,1,0,1,0,0
48601027,120762452,Manhattan,Murray Hill,40.74864,-73.97736,Entire home/apt,240,30,2,83,335,0
48601046,10777921,Brooklyn,Williamsburg,40.71396,-73.94824,Entire home/apt,162,4,29,3,236,23
48601052,120762452,Manhattan,Murray Hill,40.7499,-73.97545,Entire home/apt,240,30,3,83,340,1
48601560,120762452,Manhattan,Murray Hill,40.74811,-73.97694,Entire home/apt,240,30,1,83,365,0
48601706,120762452,Manhattan,Murray Hill,40.75019,-73.97562,Entire home/apt,240,30,1,83,365,0
48601811,120762452,Manhattan,Murray Hill,40.74833,-73.97726,Entire home/apt,240,30,0,83,365,0
48602128,120762452,Manhattan,Murray Hill,40.7504,-73.9757,Entire home/apt,240,30,2,83,365,1
48602260,120762452,Manhattan,Murray Hill,40.74951,-73.97542,Entire home/apt,240,30,1,83,365,1
48602318,120762452,Manhattan,Murray Hill,40.74875,-73.97736,Entire home/apt,240,30,1,83,365,1
48602370,120762452,Manhattan,Murray Hill,40.74825,-73.97713,Entire home/apt,240,30,0,83,365,0
48605346,170568130,Manhattan,Upper West Side,40.80109,-73.96394,Entire home/apt,160,1,3,15,0,2
48622379,371972456,Manhattan,Financial District,40.70446,-74.00544,Private room,407,1,9,101,110,3
48622476,10457300,Queens,Arverne,40.59333,-73.79647,Entire home/apt,250,2,6,2,0,1
48622483,371972456,Manhattan,Financial District,40.70578,-74.00581,Private room,407,1,55,101,110,14
48624250,386744710,Manhattan,Midtown,40.76397,-73.98165,Private room,250,1,1,1,1,1
48608581,390876463,Queens,Springfield Gardens,40.66778,-73.76406,Private room,100,1,100,1,87,64
48611645,384532776,Manhattan,Hell's Kitchen,40.76066,-73.99361,Entire home/apt,159,30,0,44,283,0
48449570,39066993,Queens,Astoria,40.76599,-73.91956,Private room,60,1,6,1,0,0
48451638,3223938,Brooklyn,Bedford-Stuyvesant,40.6924,-73.92947,Private room,33,90,1,288,218,1
48452047,57161962,Brooklyn,Bay Ridge,40.62766,-74.02223,Private room,70,2,26,1,136,22
48455965,38013656,Bronx,Wakefield,40.8899,-73.8642,Entire home/apt,50,90,0,2,0,0
48456241,2035021,Brooklyn,Crown Heights,40.67235,-73.95827,Entire home/apt,325,1,54,4,150,38
48461879,390535864,Brooklyn,Bushwick,40.68743,-73.91357,Private room,45,5,1,30,0,0
48463531,200239515,Queens,Woodside,40.74435,-73.892,Private room,38,30,3,158,22,1
48463899,200239515,Queens,Jackson Heights,40.75286,-73.87774,Private room,27,30,0,158,0,0
48625147,371972456,Manhattan,Financial District,40.70667,-74.0036,Private room,407,1,9,101,110,5
48625432,371972456,Manhattan,Financial District,40.70634,-74.0052,Private room,407,1,2,101,110,0
48625609,371972456,Manhattan,Financial District,40.70583,-74.00383,Private room,407,1,1,101,110,0
48625937,371972456,Manhattan,Financial District,40.70634,-74.00591,Private room,407,1,47,101,102,39
48630018,25141383,Manhattan,Lower East Side,40.72122,-73.98862,Private room,117,28,6,4,113,3
48631819,210133054,Brooklyn,Cypress Hills,40.68021,-73.8642,Entire home/apt,107,2,43,1,259,23
48611921,384870828,Queens,Laurelton,40.68122,-73.74409,Entire home/apt,93,4,43,1,64,23
48632932,389896641,Brooklyn,Bushwick,40.68801,-73.90728,Private room,100,15,0,1,0,0
48612262,86213021,Brooklyn,East Flatbush,40.64225,-73.94935,Private room,74,2,52,1,329,44
48466224,2816129,Brooklyn,Williamsburg,40.71879,-73.94693,Entire home/apt,200,3,17,1,0,12
48467225,384559808,Manhattan,East Village,40.73248,-73.98549,Entire home/apt,88,30,3,24,74,2
48467390,13135873,Manhattan,Upper West Side,40.77465,-73.97973,Entire home/apt,405,2,6,1,295,6
48470766,391176643,Brooklyn,Flatbush,40.65186,-73.95721,Entire home/apt,120,3,40,1,161,25
48471666,229386490,Brooklyn,Bedford-Stuyvesant,40.6834,-73.92498,Private room,43,3,42,4,55,36
48636094,392342746,Brooklyn,Canarsie,40.63935,-73.90823,Entire home/apt,130,2,60,1,298,48
48471746,371071446,Brooklyn,Bedford-Stuyvesant,40.69174,-73.93601,Private room,89,9,0,1,358,0
48479151,326768388,Brooklyn,Carroll Gardens,40.67434,-74.00021,Private room,900,30,0,1,0,0
48482250,20366520,Manhattan,Greenwich Village,40.72893,-74.00101,Entire home/apt,200,30,3,1,65,2
48483049,384559808,Manhattan,Gramercy,40.73406,-73.98583,Entire home/apt,78,30,6,24,34,5
48485961,2867137,Manhattan,Upper West Side,40.79446,-73.96612,Entire home/apt,265,30,1,73,256,1
48486327,391286807,Brooklyn,Bedford-Stuyvesant,40.69272,-73.93274,Shared room,40,90,1,3,280,1
48487012,391286807,Brooklyn,Bedford-Stuyvesant,40.6943,-73.93461,Shared room,40,90,0,3,271,0
48619317,11168804,Brooklyn,Flatbush,40.638,-73.96041,Private room,250,1,0,1,0,0
48621625,371972456,Manhattan,Financial District,40.70638,-74.00557,Private room,407,1,55,101,75,33
48621914,371972456,Manhattan,Financial District,40.70478,-74.00583,Private room,407,1,47,101,75,19
48621980,371972456,Manhattan,Financial District,40.70584,-74.00592,Private room,407,1,53,101,75,25
48752672,310565256,Manhattan,East Village,40.725418,-73.988174,Entire home/apt,500,30,3,3,364,2
48753911,30418939,Brooklyn,Greenpoint,40.71917,-73.94876,Entire home/apt,280,1,17,1,126,11
48754399,393305761,Brooklyn,Bedford-Stuyvesant,40.68916,-73.93513,Private room,60,4,38,2,327,30
48758785,121399223,Staten Island,Arrochar,40.58541,-74.07033,Entire home/apt,120,2,110,6,155,78
48758887,393305761,Brooklyn,Bedford-Stuyvesant,40.69071,-73.93676,Private room,55,4,28,2,313,20
48759678,90860314,Brooklyn,Crown Heights,40.66754,-73.95732,Private room,75,3,16,3,334,8
48764611,37821056,Manhattan,Harlem,40.80425,-73.95815,Private room,48,28,3,8,258,2
48764668,37821056,Manhattan,Harlem,40.80438,-73.95625,Private room,48,27,1,8,11,1
48767472,263720409,Queens,Long Island City,40.75331,-73.93501,Private room,198,1,50,11,307,28
48767648,23772724,Manhattan,Upper East Side,40.78508,-73.95228,Entire home/apt,99,30,1,58,255,0
48768760,263720409,Queens,Long Island City,40.75257,-73.93556,Private room,219,1,47,11,346,21
48770022,219738858,Queens,Long Island City,40.75428,-73.9184,Entire home/apt,125,30,54,5,324,42
48773561,63272360,Queens,Woodhaven,40.69314,-73.86693,Entire home/apt,90,7,7,3,0,4
48773575,348619646,Manhattan,Chelsea,40.74817,-73.98897,Entire home/apt,352,7,1,52,66,0
48637811,25141383,Manhattan,Lower East Side,40.71905,-73.98678,Private room,120,28,6,4,96,4
48637911,277969285,Brooklyn,Bushwick,40.69176,-73.91371,Entire home/apt,125,2,52,1,287,42
48782140,393536950,Brooklyn,Flatbush,40.65442,-73.95982,Entire home/apt,70,32,4,1,58,2
48783563,326725787,Manhattan,Hell's Kitchen,40.75555,-73.99227,Entire home/apt,135,30,87,4,269,65
48784696,195712950,Manhattan,Chelsea,40.74383,-74.00123,Entire home/apt,220,7,2,1,0,2
48786590,3656008,Queens,Bayside,40.74827,-73.7569,Entire home/apt,456,30,2,5,105,2
48787510,393282713,Bronx,Tremont,40.84592,-73.89141,Private room,58,2,48,1,165,31
48787946,15939103,Queens,Jackson Heights,40.74986,-73.88164,Private room,70,4,3,1,0,2
48487568,183791264,Brooklyn,East Flatbush,40.65381,-73.92574,Entire home/apt,900,30,0,1,0,0
48489567,184147615,Queens,College Point,40.7789,-73.84532,Private room,70,30,1,1,365,1
48637923,231138233,Queens,Ridgewood,40.71057,-73.91901,Private room,59,1,75,7,116,43
48489664,391308796,Queens,Rockaway Beach,40.58755,-73.81244,Entire home/apt,300,31,0,1,0,0
48489975,83786650,Manhattan,Upper East Side,40.7597,-73.96072,Entire home/apt,120,60,1,16,69,1
48490427,89680730,Brooklyn,Brownsville,40.66228,-73.92014,Private room,420,1,10,3,180,3
48638427,231138233,Queens,Ridgewood,40.7115,-73.91831,Private room,61,1,112,7,43,77
48639203,231138233,Queens,Ridgewood,40.71097,-73.91855,Private room,61,1,96,7,219,71
48639294,231138233,Queens,Ridgewood,40.71249,-73.92015,Private room,58,1,67,7,137,56
48639298,74822306,Queens,Springfield Gardens,40.66022,-73.76563,Entire home/apt,418,2,8,1,116,5
48919978,10351823,Brooklyn,Williamsburg,40.703705,-73.935112,Entire home/apt,181,30,24,1,13,13
48639884,392360860,Queens,St. Albans,40.69987,-73.75528,Private room,200,1,0,1,0,0
48920131,238328671,Brooklyn,Clinton Hill,40.68459,-73.96135,Entire home/apt,495,4,17,1,100,10
48788057,393595369,Bronx,Morrisania,40.83383,-73.89947,Entire home/apt,140,7,4,1,350,2
48789001,19924289,Brooklyn,Gowanus,40.66655,-73.99415,Entire home/apt,240,6,42,2,217,30
48790712,348619646,Manhattan,Midtown,40.74619,-73.98891,Private room,517,5,15,52,0,7
48645050,67097676,Bronx,Olinville,40.87241,-73.86887,Entire home/apt,257,3,19,2,329,14
48802079,62961405,Brooklyn,Flatbush,40.63704,-73.9533,Entire home/apt,200,7,0,1,358,0
48804279,209193034,Brooklyn,Bushwick,40.69516,-73.90944,Entire home/apt,700,1,2,1,364,0
48804726,86771798,Manhattan,Murray Hill,40.74524021593186,-73.97644584788922,Entire home/apt,151,30,2,30,136,1
48805587,22541573,Manhattan,Upper West Side,40.78622,-73.97282,Entire home/apt,244,30,2,131,332,2
48808190,204704622,Queens,Woodside,40.74462,-73.89259,Private room,45,30,0,157,0,0
48809059,390535864,Brooklyn,Bushwick,40.6872,-73.91333,Private room,38,5,0,30,0,0
48809258,3223938,Brooklyn,Bushwick,40.68806,-73.91883,Private room,37,30,0,288,247,0
48809400,3223938,Brooklyn,Bushwick,40.68838,-73.91828,Private room,34,90,0,288,249,0
48809783,3223938,Brooklyn,Crown Heights,40.675,-73.95912,Private room,30,30,0,288,249,0
48810194,390535864,Queens,Woodside,40.74252,-73.89434,Private room,34,30,0,30,0,0
48810304,390535864,Manhattan,Inwood,40.86624,-73.92332,Private room,38,10,0,30,0,0
48811129,393754684,Brooklyn,Prospect-Lefferts Gardens,40.65989,-73.95322,Private room,162,3,0,2,167,0
48811350,251943568,Bronx,Pelham Gardens,40.86261,-73.8483,Private room,85,1,0,1,361,0
48920995,118248883,Brooklyn,Prospect-Lefferts Gardens,40.66185,-73.94322,Entire home/apt,154,2,49,1,309,47
48921389,394599669,Manhattan,Battery Park City,40.71186,-74.01506,Private room,100,30,0,1,0,0
48645294,105672251,Manhattan,East Harlem,40.78373,-73.94457,Private room,95,2,38,1,0,16
48647202,2493847,Brooklyn,Greenpoint,40.73177,-73.95158,Private room,70,1,1,1,0,1
48649306,392456121,Brooklyn,East New York,40.66283,-73.87011,Entire home/apt,200,5,0,1,0,0
48652544,350871958,Bronx,Woodlawn,40.8989,-73.86164,Entire home/apt,350,1,4,1,364,3
48921786,394603762,Queens,St. Albans,40.70068,-73.75677,Entire home/apt,97,1,60,1,351,60
48922519,30045574,Manhattan,Upper West Side,40.77651,-73.98135,Entire home/apt,150,30,6,5,267,4
48925746,107434423,Manhattan,Upper East Side,40.7777829,-73.95316150000001,Entire home/apt,245,31,0,453,309,0
48926498,107434423,Manhattan,Upper East Side,40.7777829,-73.95316150000001,Entire home/apt,416,31,0,453,350,0
48812738,123048179,Brooklyn,Bensonhurst,40.61762,-73.99852,Entire home/apt,125,29,0,1,339,0
48654449,129160124,Queens,Flushing,40.7289,-73.7932,Entire home/apt,87,3,58,1,116,46
48813639,58581532,Brooklyn,Clinton Hill,40.68772,-73.96122,Private room,95,90,1,1,216,1
48657187,370195051,Queens,St. Albans,40.68667,-73.76532,Entire home/apt,201,3,26,1,0,19
48824474,204746258,Brooklyn,Prospect-Lefferts Gardens,40.66191,-73.96029,Entire home/apt,120,2,8,2,272,6
48825622,348619646,Manhattan,Midtown,40.74822,-73.98802,Private room,245,1,13,52,0,4
48827696,12749467,Manhattan,SoHo,40.72485,-74.00327,Entire home/apt,200,30,7,4,0,6
48828204,384559808,Manhattan,East Village,40.73273,-73.98734,Entire home/apt,86,30,2,24,125,1
48830070,3311012,Queens,Elmhurst,40.74166,-73.88734,Private room,67,5,10,1,0,5
48931571,394671767,Queens,Forest Hills,40.7222709929815,-73.84640184339547,Private room,68,2,0,1,151,0
48933117,64660747,Manhattan,Tribeca,40.71863,-74.0041,Entire home/apt,199,30,2,3,144,2
48935632,219517861,Manhattan,Financial District,40.71061,-74.00759,Entire home/apt,643,2,37,71,338,28
48658249,28692874,Manhattan,East Village,40.72383,-73.97671,Entire home/apt,900,5,26,1,44,17
48936162,60451787,Brooklyn,Bedford-Stuyvesant,40.68901,-73.95278,Entire home/apt,383,3,53,1,246,37
48830356,393891728,Queens,Fresh Meadows,40.74666,-73.78221,Entire home/apt,90,5,14,1,315,6
48658534,10052540,Brooklyn,Bedford-Stuyvesant,40.69229,-73.95634,Entire home/apt,200,3,56,1,27,43
48659103,155791040,Queens,Queens Village,40.71054,-73.74084,Entire home/apt,176,2,34,2,353,26
48661038,10259705,Staten Island,New Springville,40.58325,-74.15221,Entire home/apt,295,5,16,1,217,11
48661258,53132,Brooklyn,Bedford-Stuyvesant,40.68614,-73.95319,Entire home/apt,85,30,2,1,6,1
48662231,2583234,Manhattan,West Village,40.73275,-74.00023,Entire home/apt,259,4,3,1,0,3
48662331,345738005,Queens,Ridgewood,40.69552,-73.9011,Private room,95,4,0,1,0,0
48663269,392588255,Manhattan,Upper West Side,40.80264,-73.96387,Entire home/apt,119,30,0,1,0,0
48670736,57827692,Manhattan,Harlem,40.82333,-73.95173,Entire home/apt,95,2,5,1,221,0
48830865,32142173,Brooklyn,Greenpoint,40.72163,-73.940231,Private room,85,5,3,1,0,1
48831365,19243808,Manhattan,East Harlem,40.78969,-73.95428,Entire home/apt,189,29,10,12,67,7
48936325,394704718,Brooklyn,Greenpoint,40.72526,-73.94149,Entire home/apt,150,3,6,1,0,3
48936420,219517861,Manhattan,Financial District,40.70903,-74.00982,Entire home/apt,525,2,31,71,354,14
48936871,219517861,Manhattan,Financial District,40.71099,-74.00913,Entire home/apt,487,2,77,71,360,64
48936915,30532557,Brooklyn,Bedford-Stuyvesant,40.68901,-73.92859,Private room,37,30,1,26,313,0
48938639,219517861,Manhattan,Financial District,40.71111,-74.00902,Entire home/apt,408,2,32,71,347,21
48938894,219517861,Manhattan,Financial District,40.71099,-74.00944,Entire home/apt,447,2,154,71,315,145
48672660,2867137,Manhattan,Financial District,40.70482,-74.00756,Entire home/apt,195,30,0,73,342,0
48674402,7114486,Brooklyn,Williamsburg,40.71543,-73.96392,Entire home/apt,250,6,8,1,28,6
48939308,394726603,Manhattan,Harlem,40.81228,-73.94718,Entire home/apt,130,3,0,1,0,0
48939322,394726912,Brooklyn,East Flatbush,40.6415,-73.94988,Private room,63,1,0,1,0,0
48831918,393527994,Brooklyn,Brownsville,40.66548,-73.91365,Entire home/apt,112,3,80,1,66,59
48674893,385129361,Manhattan,Upper West Side,40.79673,-73.96255,Entire home/apt,85,30,4,48,159,3
48676880,349342033,Queens,Ridgewood,40.70349,-73.90875,Private room,100,1,1,1,0,0
48845751,53288612,Manhattan,Upper East Side,40.77726,-73.955,Entire home/apt,4880,3,2,1,84,2
48846231,5938496,Brooklyn,Williamsburg,40.71423,-73.94893,Entire home/apt,120,21,2,1,98,1
48939444,230705060,Queens,Long Island City,40.75882,-73.94195,Entire home/apt,246,2,41,3,110,27
48940172,394602143,Queens,St. Albans,40.69203,-73.75761,Entire home/apt,88,3,70,2,74,44
48940263,97439067,Queens,Rosedale,40.66456,-73.73009,Entire home/apt,94,4,23,1,74,11
48941264,33867639,Manhattan,Chinatown,40.71384,-73.99488,Private room,135,30,1,8,249,0
48941935,219517861,Manhattan,Financial District,40.70898,-74.0094,Entire home/apt,448,2,12,71,325,11
48942316,3990540,Brooklyn,Prospect Heights,40.67824,-73.97232,Entire home/apt,250,7,24,1,3,12
48942328,33867639,Manhattan,Chinatown,40.71341,-73.99705,Private room,85,30,4,8,273,3
48942624,9293730,Manhattan,Upper East Side,40.770451,-73.955894,Entire home/apt,123,30,8,37,334,7
48942774,33867639,Manhattan,Chinatown,40.71375,-73.99521,Private room,135,1,60,8,249,49
48676981,129643632,Brooklyn,Park Slope,40.67718,-73.97533,Entire home/apt,276,2,42,2,104,28
48677043,283057520,Manhattan,Chinatown,40.71652,-73.99058,Private room,134,14,5,4,317,3
48677256,8769461,Queens,Kew Gardens,40.70596,-73.83199,Entire home/apt,100,90,0,1,0,0
48677306,1187935,Manhattan,East Village,40.72544323694225,-73.98554131580212,Private room,99,1,2,2,0,2
48679571,10194781,Queens,Glendale,40.70438,-73.87307,Entire home/apt,115,2,42,5,345,40
48679875,180608314,Brooklyn,Bushwick,40.69062,-73.90897,Entire home/apt,85,1,1,1,0,0
48846698,19537871,Brooklyn,Canarsie,40.64841,-73.89884,Private room,87,3,10,1,347,5
48847759,51548122,Manhattan,Lower East Side,40.7202,-73.99403,Entire home/apt,150,15,6,53,45,6
48848322,380601266,Manhattan,East Village,40.72786,-73.98773,Entire home/apt,125,90,5,25,108,3
48848698,380601266,Manhattan,East Village,40.72757,-73.98685,Entire home/apt,135,90,7,25,266,4
48848891,380601266,Manhattan,East Village,40.72759,-73.98681,Entire home/apt,135,90,6,25,271,4
48849201,380601266,Manhattan,East Village,40.72576,-73.98721,Entire home/apt,140,90,2,25,115,2
48850220,29658719,Manhattan,Midtown,40.75045,-73.98589,Entire home/apt,250,30,0,3,341,0
48680807,22528598,Manhattan,Chelsea,40.74169,-74.00262,Private room,158,2,31,1,7,24
48681298,40511252,Queens,Glendale,40.69971,-73.89508,Private room,90,2,24,3,125,24
48682927,469086,Manhattan,Upper West Side,40.78129,-73.97606,Entire home/apt,247,2,31,1,63,31
48851881,334094481,Brooklyn,Bedford-Stuyvesant,40.68918,-73.93815,Entire home/apt,651,2,76,1,240,49
48856996,371784614,Brooklyn,Bay Ridge,40.63089,-74.02519,Entire home/apt,129,1,79,3,274,60
48943038,278008007,Brooklyn,Bushwick,40.68839,-73.91905,Private room,70,30,5,5,218,4
48943933,87639559,Brooklyn,Bedford-Stuyvesant,40.67846,-73.91222,Entire home/apt,490,7,8,11,280,4
48945306,23003173,Brooklyn,Brighton Beach,40.57867,-73.96439,Private room,90,30,0,1,0,0
48950531,384532776,Manhattan,Hell's Kitchen,40.76109,-73.99365,Entire home/apt,130,30,0,44,283,0
48688988,126626529,Manhattan,Hell's Kitchen,40.75961,-73.99469,Entire home/apt,205,5,25,1,25,12
48951983,394817730,Manhattan,Theater District,40.7608,-73.98536,Private room,289,1,11,61,0,1
48952252,96729434,Brooklyn,Bedford-Stuyvesant,40.68731,-73.94976,Entire home/apt,145,2,5,1,198,5
48952447,107434423,Manhattan,Upper East Side,40.7783421,-73.9523075,Entire home/apt,343,31,0,453,0,0
48952456,107434423,Manhattan,Upper East Side,40.7783421,-73.9523075,Entire home/apt,328,31,0,453,189,0
48952532,86771798,Manhattan,Murray Hill,40.74695,-73.97657,Entire home/apt,135,30,0,30,137,0
48955719,385129361,Manhattan,Upper West Side,40.79553,-73.9634,Entire home/apt,85,30,4,48,73,4
48956711,95303084,Manhattan,Upper West Side,40.78826,-73.96969,Entire home/apt,156,4,45,6,206,45
48958753,60134224,Manhattan,Hell's Kitchen,40.76427,-73.99346,Entire home/apt,199,7,0,1,0,0
48697648,237139220,Manhattan,Upper West Side,40.80062,-73.96367,Entire home/apt,119,10,2,1,0,0
48698796,313246536,Manhattan,Chelsea,40.75147375383818,-73.99811827395621,Entire home/apt,1237,1,17,2,345,12
48699809,338228106,Queens,Ditmars Steinway,40.7711,-73.90644,Entire home/apt,143,30,95,1,338,70
48860567,389805358,Brooklyn,Bath Beach,40.60798,-74.00808,Entire home/apt,279,2,105,2,171,70
48861627,86771798,Manhattan,Murray Hill,40.75043600122476,-73.98052877815655,Entire home/apt,155,30,2,30,127,1
48862596,371784614,Brooklyn,Bay Ridge,40.63246,-74.02726,Entire home/apt,139,1,94,3,182,68
48863697,7652744,Manhattan,Midtown,40.76152,-73.97056,Entire home/apt,285,3,65,4,15,41
48865244,39069377,Queens,Long Island City,40.75007,-73.93885,Entire home/apt,110,60,0,1,7,0
48867046,384559808,Manhattan,Gramercy,40.7338,-73.98532,Entire home/apt,82,30,5,24,113,4
48704743,263514248,Queens,Jackson Heights,40.75312,-73.87479,Private room,700,94,0,1,173,0
48711194,253784,Brooklyn,Greenpoint,40.73089,-73.95863,Entire home/apt,250,2,26,1,62,14
48867842,394177265,Queens,Astoria,40.76961,-73.91247,Entire home/apt,110,3,12,2,294,4
48871083,3223938,Brooklyn,Crown Heights,40.67305,-73.95912,Private room,34,90,2,288,280,1
48871242,3223938,Brooklyn,Bushwick,40.68969,-73.91938,Private room,35,90,0,288,280,0
48959233,117633494,Queens,Astoria,40.76861,-73.91987,Entire home/apt,85,30,2,1,0,1
48959254,43825074,Brooklyn,Cypress Hills,40.6846,-73.87707,Private room,40,30,4,5,280,3
48959628,95303084,Manhattan,Upper West Side,40.78834,-73.96995,Entire home/apt,238,4,44,6,245,42
48960138,43825074,Brooklyn,Cypress Hills,40.68564,-73.87935,Private room,38,30,1,5,341,0
48960986,16851857,Bronx,Wakefield,40.89613,-73.8515,Entire home/apt,74,21,11,10,335,6
48712867,27116445,Queens,Ridgewood,40.70193,-73.90953,Private room,95,1,72,1,112,44
48961693,217362657,Manhattan,Hell's Kitchen,40.76124,-73.98798,Entire home/apt,189,30,0,3,277,0
48871991,71451795,Queens,Long Island City,40.74821,-73.93894,Entire home/apt,90,31,0,1,0,0
48879282,373729963,Bronx,Parkchester,40.83399,-73.86183,Entire home/apt,84,2,14,2,249,6
48883545,170568130,Manhattan,Murray Hill,40.74533,-73.97717,Entire home/apt,110,1,6,15,45,5
48713339,384559808,Manhattan,Gramercy,40.7344,-73.98534,Entire home/apt,82,30,5,24,65,4
48716450,19303369,Queens,Woodside,40.74607,-73.8978,Private room,35,30,0,175,15,0
48718623,200239515,Queens,Woodside,40.74804,-73.89904,Private room,36,30,1,158,2,1
48718972,204704622,Queens,Woodside,40.74597,-73.89823,Private room,35,30,2,157,0,0
48720514,384532776,Manhattan,Midtown,40.76155,-73.96694,Entire home/apt,121,30,5,44,342,3
48720650,393051877,Brooklyn,East Flatbush,40.64895,-73.93298,Private room,86,1,53,2,164,42
48886368,2582224,Manhattan,Gramercy,40.735085,-73.985542,Entire home/apt,210,120,2,1,182,2
48886891,394305005,Brooklyn,East Flatbush,40.63776,-73.93062,Entire home/apt,115,2,47,1,150,29
48721300,314868050,Brooklyn,Sunset Park,40.64993,-74.00849,Entire home/apt,160,2,55,1,153,44
48962279,394902893,Queens,Richmond Hill,40.6959,-73.83649,Entire home/apt,75,30,0,1,269,0
48962547,217362657,Manhattan,Theater District,40.76129,-73.98622,Entire home/apt,220,30,0,3,293,0
48962975,281700813,Brooklyn,Flatlands,40.63121,-73.92558,Private room,50,1,25,2,28,17
48965545,107434423,Manhattan,Chelsea,40.73685459999999,-73.99266399999999,Entire home/apt,323,31,0,453,0,0
48728878,53707983,Queens,South Ozone Park,40.67561,-73.81956,Entire home/apt,300,1,3,1,125,0
48970627,122679380,Manhattan,Hell's Kitchen,40.76125543301799,-73.98894861064012,Entire home/apt,280,1,2,1,89,2
48972837,219517861,Manhattan,Midtown,40.76404,-73.97421,Private room,581,2,4,71,193,2
48973504,385129361,Manhattan,Upper West Side,40.79596,-73.96328,Entire home/apt,83,30,5,48,160,4
48974158,149768346,Brooklyn,Bedford-Stuyvesant,40.67842,-73.94351,Private room,75,30,4,10,338,4
48974492,319067048,Manhattan,East Village,40.7301,-73.98514,Entire home/apt,400,30,2,3,0,1
48976390,4083654,Manhattan,Upper East Side,40.77021,-73.95386,Entire home/apt,95,30,1,4,250,0
48976728,394768007,Brooklyn,Bushwick,40.68452,-73.90753,Entire home/apt,111,15,3,1,312,2
48887283,162407370,Brooklyn,Sunset Park,40.64878,-74.01001,Private room,38,30,0,1,0,0
48891112,80262218,Manhattan,Upper East Side,40.77173,-73.95648,Entire home/apt,100,90,0,4,266,0
48891803,373077389,Manhattan,Morningside Heights,40.8039,-73.96405,Private room,110,1,41,3,258,24
48900518,138205173,Queens,Ridgewood,40.70571,-73.91357,Private room,85,3,32,3,0,28
48900720,394423249,Staten Island,Mariners Harbor,40.6367,-74.15344,Private room,89,1,2,1,136,2
48903782,394177265,Queens,Ditmars Steinway,40.77002,-73.91229,Entire home/apt,90,4,35,2,109,19
48904271,31244515,Manhattan,Hell's Kitchen,40.76702,-73.98999,Entire home/apt,135,3,3,1,0,3
48731947,149768346,Brooklyn,Crown Heights,40.67704,-73.94558,Private room,64,30,4,10,311,4
48733636,384559808,Manhattan,Gramercy,40.73397,-73.98707,Entire home/apt,86,30,3,24,87,3
48734137,59996301,Queens,Woodside,40.74196,-73.90649,Entire home/apt,140,29,2,3,344,2
48735370,331706361,Brooklyn,Cobble Hill,40.68562,-73.9964,Entire home/apt,850,12,7,1,165,5
48910461,394499579,Manhattan,Washington Heights,40.84361,-73.93908,Private room,72,1,45,1,0,20
48978779,395015552,Queens,Forest Hills,40.7221,-73.84459,Private room,69,3,12,2,144,12
48736458,301831302,Manhattan,Washington Heights,40.83166,-73.94272,Entire home/apt,561,2,3,8,364,2
48736649,59996301,Queens,Woodside,40.74366,-73.90815,Entire home/apt,140,29,0,3,342,0
48737435,27446767,Brooklyn,Greenpoint,40.73307,-73.95679,Private room,85,20,0,1,308,0
48738829,391638914,Brooklyn,Bushwick,40.69846,-73.9357,Private room,75,5,0,1,0,0
48980478,154955520,Manhattan,Nolita,40.72421,-73.99382,Private room,165,2,44,1,58,30
48913390,60069248,Queens,Long Island City,40.7615,-73.92731,Entire home/apt,147,2,14,2,64,2
48740080,90710149,Brooklyn,Bushwick,40.68689,-73.90622,Entire home/apt,66,90,0,1,90,0
48913889,7049728,Manhattan,Financial District,40.70583,-74.00949,Entire home/apt,95,2,10,1,0,0
48740096,393196534,Bronx,Clason Point,40.81257,-73.85371,Private room,45,5,38,5,350,31
48917085,8602681,Brooklyn,Greenpoint,40.72109,-73.95341,Entire home/apt,249,4,13,1,20,10
48980681,395032236,Manhattan,Upper East Side,40.76999,-73.95338,Entire home/apt,196,1,59,1,216,47
48981222,87639559,Brooklyn,Bedford-Stuyvesant,40.67881,-73.91256,Entire home/apt,490,7,12,11,353,8
48982479,3223938,Brooklyn,Crown Heights,40.67517,-73.95907,Private room,37,90,0,288,265,0
48982500,395029025,Queens,South Ozone Park,40.6656,-73.81383,Entire home/apt,250,1,60,2,356,45
48982617,333256736,Brooklyn,Canarsie,40.63638,-73.90926,Private room,72,2,22,5,322,19
48741152,393196534,Bronx,Clason Point,40.81189,-73.85516,Private room,60,5,23,5,359,14
48742328,25896614,Brooklyn,Bushwick,40.6931,-73.90877,Entire home/apt,500,5,22,1,0,10
48982748,16549175,Manhattan,Upper West Side,40.79979,-73.96335,Entire home/apt,300,4,12,1,4,9
48982956,149768346,Brooklyn,Crown Heights,40.67646,-73.94535,Private room,88,30,1,10,218,1
48983218,149768346,Brooklyn,Bedford-Stuyvesant,40.67867,-73.9454,Private room,64,30,4,10,352,2
48983439,81274648,Brooklyn,Bushwick,40.70045,-73.92973,Private room,64,2,46,3,38,35
48983715,149768346,Brooklyn,Crown Heights,40.67658,-73.94356,Private room,64,30,5,10,337,4
48984579,149768346,Brooklyn,Bedford-Stuyvesant,40.67834,-73.94408,Private room,57,30,1,10,338,1
48985558,149768346,Brooklyn,Crown Heights,40.67657,-73.94488,Private room,48,30,0,10,249,0
48989849,380601266,Manhattan,East Village,40.72561,-73.98815,Entire home/apt,130,90,5,25,104,4
48989915,149768346,Brooklyn,Crown Heights,40.67728,-73.9458,Private room,57,30,3,10,260,3
48991170,2867137,Manhattan,Upper West Side,40.79545,-73.9668,Entire home/apt,255,30,0,73,254,0
48749286,393265299,Brooklyn,Bedford-Stuyvesant,40.67832,-73.91148,Entire home/apt,107,2,70,1,324,44
48991274,325573918,Manhattan,East Harlem,40.79748,-73.9413,Private room,70,1,40,1,0,16
48917956,394564578,Queens,Springfield Gardens,40.6679,-73.76346,Entire home/apt,110,5,23,1,7,13
48996689,126503835,Brooklyn,Williamsburg,40.71606,-73.96585,Private room,146,2,22,4,56,16
48997978,395029025,Brooklyn,Bushwick,40.69409,-73.92985,Entire home/apt,234,1,39,2,322,33
48998158,105616582,Manhattan,West Village,40.73561,-74.001,Entire home/apt,159,30,2,3,281,1
48998267,149768346,Brooklyn,Crown Heights,40.67689,-73.94575,Private room,57,30,1,10,335,1
48998269,38395419,Manhattan,Harlem,40.82556,-73.94838,Entire home/apt,55,3,14,1,0,0
48998388,358151054,Bronx,Mott Haven,40.81269,-73.908,Entire home/apt,231,30,1,3,4,1
48998414,149768346,Brooklyn,Crown Heights,40.67653,-73.94426,Private room,64,30,2,10,347,2
48998616,395153297,Manhattan,West Village,40.73634,-74.00596,Private room,207,14,48,1,45,32
49002584,161976329,Brooklyn,East New York,40.67103,-73.8784,Entire home/apt,155,10,13,2,321,10
49003697,229470652,Manhattan,Chelsea,40.74296,-74.0004,Entire home/apt,226,3,91,1,259,65
48992187,71658176,Manhattan,Hell's Kitchen,40.76791,-73.98655,Entire home/apt,285,3,0,1,346,0
48992874,272265577,Brooklyn,Bedford-Stuyvesant,40.6843,-73.93107,Private room,60,2,47,1,0,34
48994382,30532557,Brooklyn,Bedford-Stuyvesant,40.69875,-73.93972,Private room,39,30,0,26,304,0
48995084,395134149,Brooklyn,Crown Heights,40.67066,-73.92228,Entire home/apt,1000,1,1,2,0,0
48995883,47769520,Queens,Flushing,40.75832,-73.8352,Entire home/apt,100,1,5,2,0,0
48996609,22462,Brooklyn,Bedford-Stuyvesant,40.68464,-73.92527,Entire home/apt,95,4,27,1,69,24
49081461,251455701,Queens,Woodside,40.74444,-73.91089,Entire home/apt,163,4,9,7,7,5
48751647,54130868,Manhattan,West Village,40.73017,-74.00663,Entire home/apt,120,5,2,1,0,1
49083454,35166784,Brooklyn,Bedford-Stuyvesant,40.68017,-73.9431,Entire home/apt,135,1,101,1,67,69
49088566,334376746,Manhattan,Upper West Side,40.79949,-73.96118,Private room,88,90,0,3,261,0
49003714,395195732,Bronx,Longwood,40.82425,-73.89668,Entire home/apt,304,2,66,1,333,48
48752329,278925199,Manhattan,Midtown,40.7593,-73.96153,Entire home/apt,399,30,3,17,365,3
48752657,393291725,Queens,Long Island City,40.75534,-73.92084,Private room,80,1,2,1,0,0
49174756,1515607,Brooklyn,Park Slope,40.67721,-73.98318,Entire home/apt,128,2,82,1,81,69
49006941,143882962,Manhattan,Upper East Side,40.77931,-73.95462,Entire home/apt,164,30,3,6,273,2
49008611,394817730,Manhattan,Theater District,40.75941,-73.98667,Private room,309,1,15,61,0,5
49009149,394817730,Manhattan,Theater District,40.75963,-73.98564,Private room,165,1,5,61,0,0
49089026,5075088,Brooklyn,Fort Greene,40.69001,-73.9743,Entire home/apt,295,4,6,1,35,2
49089324,386345949,Manhattan,Chelsea,40.75049,-73.99579,Private room,190,30,0,7,339,0
49089376,386345949,Manhattan,Chelsea,40.74845,-73.99715,Private room,179,30,0,7,315,0
49089583,386345949,Manhattan,Chelsea,40.74896,-73.99523,Private room,186,30,0,7,319,0
49091394,107434423,Manhattan,Upper West Side,40.793337,-73.967587,Entire home/apt,608,31,0,453,21,0
49091621,385129361,Manhattan,Upper West Side,40.79786,-73.96286,Entire home/apt,90,30,4,48,156,4
49092042,385129361,Manhattan,Upper West Side,40.79629,-73.96353,Entire home/apt,60,30,7,48,56,5
49092069,386345949,Manhattan,Chelsea,40.74307,-74.00058,Private room,224,30,0,7,348,0
49092077,386345949,Manhattan,Chelsea,40.75042,-73.99497,Private room,186,30,0,7,332,0
49092089,386345949,Manhattan,Chelsea,40.75043,-73.99544,Private room,186,30,0,7,324,0
49094153,384559808,Manhattan,Gramercy,40.73436,-73.98517,Entire home/apt,86,30,3,24,87,2
49175784,218319766,Brooklyn,Williamsburg,40.7153,-73.95769,Entire home/apt,135,7,1,1,0,0
49175875,396629612,Brooklyn,Williamsburg,40.71696,-73.95877,Private room,88,30,1,2,324,1
49176281,237012544,Brooklyn,Canarsie,40.63819,-73.90988,Private room,100,4,1,1,0,0
49095065,395949423,Manhattan,Upper West Side,40.79425,-73.96346,Private room,125,1,80,3,60,53
49011831,228915442,Manhattan,Little Italy,40.71945,-73.99767,Entire home/apt,600,30,4,1,365,4
49013421,38592279,Manhattan,Chelsea,40.75279,-73.99508,Private room,323,1,6,26,21,6
49177425,32295605,Manhattan,Upper East Side,40.76298,-73.95947,Entire home/apt,200,30,0,2,356,0
49177819,8565572,Brooklyn,Bedford-Stuyvesant,40.68455,-73.91776,Entire home/apt,166,4,53,1,32,36
49013592,31350052,Manhattan,Greenwich Village,40.73483,-73.99823,Private room,425,2,5,1,0,2
49014354,3223938,Brooklyn,Prospect-Lefferts Gardens,40.65795,-73.95382,Private room,41,90,1,288,258,1
49178290,278008007,Brooklyn,Bushwick,40.68832,-73.91896,Private room,50,30,2,5,291,2
49179008,96741258,Brooklyn,Prospect-Lefferts Gardens,40.66239,-73.9618,Entire home/apt,99,30,3,4,122,2
49179068,31825476,Manhattan,Two Bridges,40.70965,-73.99424,Entire home/apt,199,30,1,1,48,1
49186968,396119944,Manhattan,Upper West Side,40.80089,-73.95932,Private room,85,30,1,7,257,1
49014923,15429555,Brooklyn,South Slope,40.66383,-73.98145,Entire home/apt,175,5,10,1,113,8
49016783,87639559,Brooklyn,Bedford-Stuyvesant,40.67878,-73.91265,Entire home/apt,490,7,1,11,353,1
49018696,395286433,Queens,Rego Park,40.7265,-73.8599,Entire home/apt,90,30,1,1,0,0
49019237,87639559,Brooklyn,Bedford-Stuyvesant,40.68044,-73.9109,Entire home/apt,490,7,11,11,333,7
49022805,263720409,Queens,Long Island City,40.75422,-73.93532,Private room,255,1,36,11,298,28
49022831,63941465,Manhattan,Gramercy,40.73649534066526,-73.98555424056882,Entire home/apt,300,20,0,1,249,0
49024100,349395270,Queens,Laurelton,40.68128,-73.73261,Entire home/apt,190,2,40,1,170,40
49024648,137358866,Manhattan,East Harlem,40.79295,-73.94503,Private room,69,30,4,111,263,3
49025291,21074914,Brooklyn,Bedford-Stuyvesant,40.68129,-73.91362,Private room,61,30,5,4,68,4
49096894,395972564,Brooklyn,East Flatbush,40.649277,-73.929771,Entire home/apt,97,2,54,1,312,44
49099507,51501835,Manhattan,Hell's Kitchen,40.7601,-73.99311,Entire home/apt,271,30,1,109,360,0
49099609,890215,Brooklyn,Crown Heights,40.66723,-73.95919,Entire home/apt,195,2,67,5,205,43
49100116,183423525,Manhattan,Theater District,40.75717,-73.98347,Entire home/apt,70,120,0,3,153,0
49107036,357257077,Bronx,Mott Haven,40.80836,-73.91417,Entire home/apt,188,3,31,1,50,20
49107351,390535864,Queens,Sunnyside,40.7378,-73.92648,Private room,45,30,0,30,0,0
49111268,305489297,Brooklyn,Windsor Terrace,40.65716,-73.98164,Entire home/apt,160,30,4,6,258,3
49113280,384559808,Manhattan,Gramercy,40.73442,-73.98679,Entire home/apt,82,30,3,24,140,0
49113515,38592279,Manhattan,Hell's Kitchen,40.75279,-73.99365,Private room,420,1,32,26,23,17
49113582,128565429,Queens,Springfield Gardens,40.65928,-73.75783,Entire home/apt,174,2,79,2,167,59
49114251,278008007,Brooklyn,Bushwick,40.68894,-73.91908,Private room,55,30,6,5,335,5
49114361,21382844,Manhattan,Gramercy,40.7367,-73.98407,Entire home/apt,181,4,22,2,23,15
49115129,199321754,Manhattan,East Harlem,40.79311,-73.94403,Entire home/apt,124,3,12,1,0,1
49115879,264990100,Brooklyn,East Flatbush,40.6605,-73.92398,Entire home/apt,322,3,33,3,305,32
49117469,27181542,Manhattan,Upper East Side,40.77071,-73.95865,Entire home/apt,225,30,3,69,153,2
49119149,128565429,Queens,Springfield Gardens,40.65966,-73.75828,Entire home/apt,174,2,4,2,167,4
49123854,41232114,Queens,Jackson Heights,40.75552,-73.87271,Private room,49,1,0,1,0,0
49124456,383332265,Manhattan,Chelsea,40.74746,-73.99088,Private room,89,1,2,50,0,0
49124533,383332265,Manhattan,Chelsea,40.74693,-73.99274,Private room,89,1,6,50,0,0
49124587,383332265,Manhattan,Chelsea,40.74783,-73.99263,Private room,89,1,5,50,0,2
49124633,383332265,Manhattan,Chelsea,40.74761,-73.9913,Private room,89,1,10,50,0,0
49124689,383332265,Manhattan,Chelsea,40.74641,-73.99055,Private room,89,1,4,50,0,0
49124837,383332265,Manhattan,Chelsea,40.74766,-73.99227,Private room,89,1,10,50,0,1
49124885,383332265,Manhattan,Chelsea,40.74771,-73.99069,Private room,89,1,12,50,0,4
49124895,395972423,Brooklyn,East New York,40.65763,-73.89398,Entire home/apt,167,2,33,1,342,20
49124930,383332265,Manhattan,Chelsea,40.7456,-73.99208,Private room,89,1,6,50,0,0
49124976,383332265,Manhattan,Chelsea,40.74628,-73.99066,Private room,90,1,11,50,7,1
49188543,105737629,Bronx,Fordham,40.8573,-73.90379,Private room,39,30,4,1,6,0
49125305,2543296,Manhattan,Chelsea,40.74318,-74.00144,Entire home/apt,300,8,2,1,54,1
49125584,3223938,Brooklyn,Williamsburg,40.70949,-73.96586,Private room,33,90,0,288,250,0
49125621,209279462,Manhattan,Harlem,40.82953,-73.94774,Entire home/apt,115,30,6,8,265,4
49126418,390535864,Queens,Astoria,40.76181,-73.91869,Private room,45,30,0,30,0,0
49126719,189625025,Brooklyn,Williamsburg,40.70973,-73.94221,Private room,94,2,55,5,336,40
49126789,189625025,Brooklyn,Williamsburg,40.70986,-73.94345,Private room,94,2,57,5,327,36
49026277,388178312,Queens,College Point,40.77898,-73.82664,Private room,90,1,4,1,167,1
49026901,394817730,Manhattan,Hell's Kitchen,40.7616,-73.98736,Private room,289,1,13,61,0,1
49027327,394817730,Manhattan,Theater District,40.75947,-73.98562,Private room,299,1,11,61,0,5
49027595,394817730,Manhattan,Theater District,40.76002,-73.98559,Private room,289,1,6,61,0,0
49029323,30532557,Brooklyn,Bushwick,40.70077,-73.94035,Private room,38,30,0,26,249,0
49030864,391013997,Queens,Elmhurst,40.73203,-73.87308,Private room,50,1,0,1,0,0
49030865,139238261,Queens,Fresh Meadows,40.735012,-73.789673,Entire home/apt,212,4,43,4,110,26
49038860,19243808,Manhattan,East Harlem,40.78821,-73.95401,Entire home/apt,165,29,3,12,21,2
49039026,150532585,Queens,Ridgewood,40.70332,-73.90116,Entire home/apt,177,4,19,1,184,14
49190656,135072241,Staten Island,Midland Beach,40.575172,-74.092789,Entire home/apt,172,28,15,1,356,15
49041803,9878956,Manhattan,Midtown,40.75609,-73.96265,Entire home/apt,249,30,1,1,297,1
49041989,344029666,Queens,Corona,40.73623,-73.86243,Private room,52,1,89,2,105,66
49126896,332584554,Manhattan,Harlem,40.82838,-73.94435,Entire home/apt,145,3,22,1,237,20
49127236,23215098,Brooklyn,Bedford-Stuyvesant,40.68725,-73.95225,Entire home/apt,374,3,37,2,213,32
49190919,396786434,Manhattan,SoHo,40.72596,-74.00523,Entire home/apt,284,2,44,1,16,32
49127535,20037314,Queens,Long Island City,40.76646,-73.93824,Private room,100,3,1,1,0,1
49128815,104947454,Manhattan,Hell's Kitchen,40.75538,-73.99469,Entire home/apt,275,365,0,1,0,0
49133282,381515765,Queens,Long Island City,40.74516,-73.95571,Entire home/apt,428,2,0,1,0,0
49134582,2374190,Queens,Sunnyside,40.74665,-73.91936,Private room,100,3,0,2,353,0
49136477,76940812,Staten Island,Midland Beach,40.573452,-74.088165,Entire home/apt,175,2,26,1,272,26
49042509,230947125,Brooklyn,Bedford-Stuyvesant,40.69056,-73.9328,Private room,155,1,18,5,204,12
49044299,385129361,Manhattan,Upper West Side,40.79632,-73.96369,Entire home/apt,100,30,2,48,107,1
49044619,231452775,Queens,Astoria,40.76596,-73.92276,Entire home/apt,122,2,53,1,1,34
49045052,254372359,Manhattan,East Harlem,40.79518,-73.93856,Entire home/apt,165,30,4,2,90,3
49191440,10467569,Brooklyn,Bushwick,40.70636,-73.92039,Entire home/apt,100,2,5,1,0,3
49046091,186136214,Bronx,Mount Hope,40.84572,-73.90382,Private room,60,2,62,2,351,34
49046539,348619646,Manhattan,Midtown,40.74639,-73.987,Entire home/apt,165,1,2,52,0,1
49046672,348619646,Manhattan,Midtown,40.74696,-73.98677,Private room,660,1,5,52,4,3
49138564,343450886,Manhattan,Midtown,40.7485,-73.98732,Entire home/apt,304,1,39,3,27,24
49138581,126503835,Brooklyn,Williamsburg,40.71755,-73.96409,Private room,165,2,14,4,75,9
49140464,394817730,Manhattan,Theater District,40.7608,-73.98549,Private room,289,1,23,61,0,8
49140503,394817730,Manhattan,Hell's Kitchen,40.76142,-73.98719,Private room,289,1,16,61,0,9
49191915,348141027,Queens,Astoria,40.75914,-73.92354,Entire home/apt,116,1,137,1,125,96
49192576,127721863,Brooklyn,Kensington,40.63072,-73.97264,Entire home/apt,159,1,69,1,338,48
49141844,444889759,Brooklyn,Cypress Hills,40.67801,-73.90613,Private room,81,15,64,5,68,43
49141926,444889759,Brooklyn,Brownsville,40.67588,-73.90684,Private room,81,15,67,5,83,36
49142018,444889759,Brooklyn,Cypress Hills,40.67612,-73.90662,Private room,81,10,93,5,60,58
49193889,396808869,Brooklyn,Bedford-Stuyvesant,40.68537,-73.93766,Entire home/apt,145,30,2,2,188,2
49142194,202287550,Queens,Sunnyside,40.73885,-73.92228,Private room,160,1,0,1,358,0
49142923,396369764,Brooklyn,Crown Heights,40.67153,-73.94392,Entire home/apt,209,3,62,3,247,40
49196020,59833851,Brooklyn,Bedford-Stuyvesant,40.68488,-73.92887,Entire home/apt,514,2,14,1,168,10
49143253,394810331,Queens,East Elmhurst,40.7601,-73.88123,Private room,66,2,134,1,44,97
49145224,60069248,Queens,Astoria,40.76287,-73.92597,Private room,68,2,1,2,0,0
49145365,74331597,Queens,St. Albans,40.685,-73.76792,Private room,66,4,5,4,363,5
49047825,81359949,Brooklyn,Bushwick,40.69831,-73.92985,Private room,55,2,39,3,29,20
49048165,81359949,Brooklyn,Bushwick,40.69833,-73.93085,Private room,71,2,48,3,38,37
49196376,278008007,Brooklyn,Bedford-Stuyvesant,40.68888,-73.92142,Private room,44,2,34,5,218,27
49197208,147791016,Brooklyn,Bedford-Stuyvesant,40.69428,-73.94891,Entire home/apt,355,3,55,2,313,47
49199110,1192424,Brooklyn,Bedford-Stuyvesant,40.68446,-73.91785,Entire home/apt,250,3,9,1,86,9
49199709,116067987,Queens,Long Island City,40.75426,-73.92274,Entire home/apt,151,30,8,2,340,5
49199952,137358866,Manhattan,Upper East Side,40.76164,-73.96633,Entire home/apt,215,30,7,111,258,5
49206870,141808415,Manhattan,Upper East Side,40.78076,-73.94756,Entire home/apt,130,30,0,1,0,0
49051881,188974456,Brooklyn,Crown Heights,40.67319,-73.93915,Entire home/apt,153,2,66,1,199,49
49149598,396419043,Brooklyn,Greenpoint,40.73276,-73.95834,Entire home/apt,269,30,4,1,149,3
49151544,281700813,Brooklyn,Flatlands,40.63065,-73.92656,Private room,65,1,12,2,159,6
49152044,369817284,Manhattan,Gramercy,40.73666,-73.98084,Entire home/apt,220,30,2,4,327,1
49207257,374804480,Brooklyn,Crown Heights,40.67529,-73.95871,Private room,80,1,52,1,0,41
49207819,41339282,Queens,Elmhurst,40.74695,-73.87379,Private room,75,1,106,1,133,77
49152970,396461379,Manhattan,Washington Heights,40.84962,-73.93075,Private room,50,1,1,1,246,0
49208064,22244527,Manhattan,Harlem,40.81644,-73.94559,Entire home/apt,135,30,5,1,74,5
49153354,91301448,Brooklyn,Flatbush,40.64453,-73.95746,Entire home/apt,142,2,59,1,81,43
49154478,285333,Brooklyn,South Slope,40.66511,-73.99144,Entire home/apt,150,2,21,1,0,18
49156383,30532557,Brooklyn,Williamsburg,40.70098,-73.94113,Private room,38,30,2,26,69,1
49051926,391596394,Queens,Richmond Hill,40.67991,-73.8253,Entire home/apt,121,31,3,1,251,3
49052902,390535864,Queens,Woodside,40.74131,-73.89794,Private room,36,30,1,30,0,0
49053064,390535864,Queens,Woodside,40.74665,-73.89983,Private room,36,30,0,30,0,0
49053647,390535864,Queens,Elmhurst,40.73885,-73.87781,Private room,36,30,0,30,0,0
49053913,107434423,Manhattan,Chelsea,40.73685459999999,-73.99266399999999,Entire home/apt,355,31,1,453,151,0
49054018,107434423,Manhattan,Chelsea,40.73685459999999,-73.99266399999999,Entire home/apt,299,31,0,453,290,0
49054028,107434423,Manhattan,Chelsea,40.73685459999999,-73.99266399999999,Entire home/apt,261,31,0,453,256,0
49208181,3223938,Brooklyn,Bushwick,40.69751,-73.90771,Private room,35,90,1,288,340,1
49208965,396940563,Brooklyn,Bay Ridge,40.63607,-74.02389,Entire home/apt,183,1,39,2,336,39
49054182,307205588,Queens,Kew Gardens,40.70588,-73.82962,Private room,87,1,0,1,360,0
49054315,394817730,Manhattan,Theater District,40.75949,-73.98606,Private room,309,1,13,61,0,4
49157025,192747450,Brooklyn,Crown Heights,40.67692,-73.95111,Entire home/apt,160,3,26,2,135,20
49157424,163374912,Queens,Sunnyside,40.74055,-73.92595,Private room,66,1,22,1,276,13
49209163,346906516,Manhattan,East Village,40.72122,-73.97945,Private room,100,3,7,1,0,0
49211825,381148614,Manhattan,Washington Heights,40.85728,-73.92788,Entire home/apt,88,2,31,1,321,22
49214530,326668977,Brooklyn,Flatlands,40.62131,-73.94094,Private room,80,2,32,1,358,16
49055211,235062143,Queens,East Elmhurst,40.76734,-73.86803,Entire home/apt,122,1,55,1,147,42
49057606,22103146,Manhattan,Washington Heights,40.85414,-73.93807,Private room,80,20,2,2,0,1
49057864,22103146,Manhattan,Washington Heights,40.85373,-73.93614,Private room,65,20,1,2,0,0
49059730,2845,Manhattan,Hell's Kitchen,40.75426,-73.99227,Entire home/apt,185,7,2,3,331,2
49214699,432355062,Brooklyn,Williamsburg,40.71671,-73.94764,Entire home/apt,257,3,33,1,18,31
49060074,41573259,Brooklyn,Crown Heights,40.672,-73.93283,Entire home/apt,215,2,51,1,318,36
49157631,276612072,Brooklyn,Park Slope,40.67621,-73.97429,Entire home/apt,220,6,20,1,0,12
49159620,3223938,Brooklyn,Bushwick,40.68881,-73.92065,Private room,32,90,0,288,262,0
49159942,29310877,Manhattan,Gramercy,40.7323,-73.98455,Entire home/apt,220,30,2,1,0,2
49218440,107434423,Manhattan,Upper West Side,40.77849519999999,-73.9882729,Entire home/apt,350,31,0,453,271,0
49225568,348619646,Manhattan,Midtown,40.74606,-73.98866,Private room,945,1,4,52,0,3
49225747,7754646,Manhattan,East Harlem,40.78763,-73.94769,Entire home/apt,115,35,1,1,0,1
49060869,395671107,Manhattan,Upper West Side,40.79719,-73.96995,Private room,70,30,2,14,136,2
49226723,93352694,Brooklyn,East Flatbush,40.66127,-73.938583,Entire home/apt,500,1,21,1,0,21
49169710,354409033,Brooklyn,Boerum Hill,40.68672,-73.98978,Entire home/apt,270,4,15,1,1,9
49171376,396622736,Brooklyn,Bedford-Stuyvesant,40.68255,-73.91744,Entire home/apt,184,1,63,1,5,45
49172890,230705060,Queens,Long Island City,40.75896,-73.94325,Entire home/apt,338,1,32,3,95,28
49228667,385129361,Manhattan,Upper West Side,40.79591,-73.96298,Entire home/apt,85,30,4,48,214,2
49228776,385129361,Manhattan,Upper West Side,40.79721,-73.96368,Entire home/apt,78,30,5,48,140,3
49230116,325451328,Manhattan,East Harlem,40.78505,-73.94319,Entire home/apt,350,6,41,5,74,32
49173322,395806806,Brooklyn,Flatlands,40.61525,-73.92357,Private room,70,1,35,3,363,22
49173363,20703641,Brooklyn,Williamsburg,40.71914,-73.95685,Entire home/apt,160,30,0,1,148,0
49174400,24273714,Queens,Jamaica,40.69091,-73.79589,Private room,55,14,9,8,259,2
49062414,395626408,Manhattan,Hell's Kitchen,40.76432,-73.98875,Entire home/apt,305,1,69,1,133,45
49069387,16851857,Bronx,Wakefield,40.89817,-73.85157,Entire home/apt,125,7,7,10,358,6
49232018,380496008,Brooklyn,Cypress Hills,40.68307,-73.89141,Entire home/apt,187,2,46,2,323,30
49239113,186668589,Queens,Sunnyside,40.74307,-73.91559,Private room,60,3,1,2,0,0
49240064,24258807,Brooklyn,Greenpoint,40.72855,-73.95071,Entire home/apt,263,3,3,2,1,2
49241398,385129361,Manhattan,Upper West Side,40.79646,-73.9614,Entire home/apt,85,30,3,48,135,1
49241564,107434423,Manhattan,Upper East Side,40.761182,-73.96527259999999,Entire home/apt,590,31,0,453,342,0
49243212,38592279,Manhattan,Hell's Kitchen,40.7544,-73.99539,Private room,476,1,37,26,21,33
49244021,396629612,Brooklyn,Williamsburg,40.71774,-73.95722,Private room,88,30,0,2,326,0
49244163,20338147,Queens,Maspeth,40.73076,-73.89566,Private room,70,1,0,2,167,0
49244215,38592279,Manhattan,Hell's Kitchen,40.75413,-73.9936,Private room,420,1,12,26,27,6
49245482,397259778,Queens,Jackson Heights,40.75254,-73.89361,Private room,119,2,9,3,332,4
49069467,31260008,Brooklyn,Bushwick,40.70634,-73.9173,Entire home/apt,160,3,4,1,0,4
49270929,55972382,Manhattan,Murray Hill,40.74655,-73.9731,Entire home/apt,150,3,3,1,0,2
49271920,10930874,Queens,Forest Hills,40.72846,-73.85032,Entire home/apt,100,30,0,2,146,0
49272338,2989773,Brooklyn,Bedford-Stuyvesant,40.68699,-73.95324,Entire home/apt,222,4,23,1,0,19
49272799,49481890,Manhattan,Washington Heights,40.83683,-73.94692,Private room,80,5,38,3,83,25
49273709,5945833,Brooklyn,Williamsburg,40.712753,-73.941566,Entire home/apt,260,30,4,4,0,0
49274169,1130454,Manhattan,Tribeca,40.71538,-74.00599,Entire home/apt,899,30,7,1,353,5
49274746,83974928,Queens,Laurelton,40.66778,-73.74357,Private room,45,1,31,4,337,10
49275777,75248463,Brooklyn,East Flatbush,40.64509,-73.94641,Entire home/apt,217,3,13,6,301,6
49246673,384559808,Manhattan,Gramercy,40.73405,-73.98552,Entire home/apt,88,30,4,24,76,4
49247483,28518140,Brooklyn,Bedford-Stuyvesant,40.68413,-73.93224,Entire home/apt,225,5,42,1,83,32
49070045,250358007,Brooklyn,Sunset Park,40.6441,-74.00093,Private room,59,1,57,3,30,54
49247694,2264004,Brooklyn,Gowanus,40.68469,-73.98884,Entire home/apt,205,30,10,2,96,7
49248255,397288055,Bronx,North Riverdale,40.90326,-73.90709,Entire home/apt,125,3,21,1,15,15
49249517,96741258,Brooklyn,Prospect-Lefferts Gardens,40.66065,-73.95911,Entire home/apt,109,30,4,4,71,4
49250263,395134149,Brooklyn,Crown Heights,40.67114,-73.92511,Entire home/apt,700,1,1,2,0,0
49252893,6556716,Brooklyn,Prospect Heights,40.68145,-73.96673,Entire home/apt,120,14,6,2,249,5
49072113,395765663,Brooklyn,Prospect-Lefferts Gardens,40.66089,-73.96155,Private room,120,2,65,1,323,51
49072662,43601655,Brooklyn,Bedford-Stuyvesant,40.68134,-73.91128,Private room,40,1,1,1,0,0
49276831,397594672,Queens,Richmond Hill,40.70101,-73.82792,Entire home/apt,174,3,9,1,37,0
49283219,3223938,Brooklyn,Bedford-Stuyvesant,40.68636,-73.95449,Private room,33,90,0,288,53,0
49253321,389993466,Manhattan,Harlem,40.81666,-73.94232,Private room,120,4,4,1,173,0
49283942,114521467,Brooklyn,Flatbush,40.63931,-73.95354,Entire home/apt,150,2,59,1,271,41
49287294,209279462,Manhattan,Harlem,40.82993,-73.94604,Entire home/apt,105,30,2,8,247,1
49254275,373042041,Queens,St. Albans,40.686001,-73.7677,Entire home/apt,207,1,10,2,264,5
49288693,144807057,Brooklyn,Flatbush,40.64178,-73.95942,Entire home/apt,140,14,4,1,140,4
49289097,385129361,Manhattan,Upper West Side,40.79749,-73.96144,Entire home/apt,78,30,3,48,156,3
49072965,20662566,Brooklyn,Boerum Hill,40.6865,-73.98095,Entire home/apt,99,1,0,1,36,0
49254514,385772454,Queens,Jamaica,40.70877,-73.78936,Entire home/apt,130,2,28,1,164,16
49073830,395781469,Manhattan,Midtown,40.76544,-73.98026,Private room,614,1,2,1,357,1
49074308,30532557,Brooklyn,Bedford-Stuyvesant,40.68797,-73.92652,Private room,37,30,1,26,250,0
49074726,162280872,Manhattan,Upper East Side,40.76514,-73.96665,Entire home/apt,185,30,1,98,201,0
49074929,348619646,Manhattan,Midtown,40.74637,-73.98684,Entire home/apt,259,1,5,52,0,0
49075743,444889759,Brooklyn,Bedford-Stuyvesant,40.67756,-73.90811,Private room,77,15,91,5,73,59
49077058,395806806,Brooklyn,East Flatbush,40.639774,-73.932579,Entire home/apt,95,2,43,3,164,24
49289463,90655016,Brooklyn,Gravesend,40.58886,-73.9702,Private room,65,1,38,1,125,14
49289676,385129361,Manhattan,Upper West Side,40.79604,-73.96315,Entire home/apt,85,30,1,48,333,1
49256651,394817730,Manhattan,Theater District,40.75974,-73.98588,Private room,299,1,3,61,0,0
49256890,17116465,Manhattan,Upper East Side,40.77543,-73.95107,Entire home/apt,250,5,27,1,126,27
49290285,346273882,Queens,Ridgewood,40.70374,-73.90832,Private room,49,2,4,1,249,0
49290383,278925199,Manhattan,Midtown,40.75887,-73.96068,Entire home/apt,199,30,4,17,364,3
49291302,321338266,Brooklyn,Williamsburg,40.71634,-73.95863,Entire home/apt,230,5,30,1,309,23
49292046,285523117,Brooklyn,Williamsburg,40.71233,-73.96147,Entire home/apt,110,30,5,3,1,3
49077488,19924780,Manhattan,West Village,40.73805,-74.00649,Entire home/apt,700,30,1,1,348,0
49256954,394817730,Manhattan,Theater District,40.7617,-73.98519,Private room,309,1,5,61,0,0
49257438,3223938,Brooklyn,Bedford-Stuyvesant,40.68862,-73.95399,Private room,31,90,0,288,249,0
49258287,397389208,Manhattan,Harlem,40.80624,-73.95634,Private room,85,5,29,1,0,15
49077902,18259103,Queens,Laurelton,40.66658,-73.74587,Entire home/apt,212,1,10,1,340,10
49078338,45293333,Brooklyn,Prospect-Lefferts Gardens,40.65941,-73.96152,Entire home/apt,88,30,6,1,0,6
49079517,8524356,Queens,Long Island City,40.75323,-73.91473,Shared room,30,1,0,2,0,0
49079603,278008007,Brooklyn,Bedford-Stuyvesant,40.68757,-73.91931,Private room,50,30,4,5,207,3
49292877,397721061,Brooklyn,Williamsburg,40.70896,-73.96232,Private room,121,3,96,2,312,72
49293501,227037845,Queens,Maspeth,40.73844,-73.90511,Entire home/apt,150,2,67,3,300,38
49293503,3223938,Brooklyn,Bedford-Stuyvesant,40.68655,-73.95586,Private room,31,90,0,288,311,0
49294132,380601266,Manhattan,East Village,40.72743,-73.98811,Entire home/apt,137,90,6,25,248,4
49294392,56653749,Brooklyn,Prospect-Lefferts Gardens,40.6633,-73.95718,Entire home/apt,450,30,77,1,314,62
49258364,43515749,Manhattan,Tribeca,40.71812,-74.0076,Entire home/apt,399,2,10,1,322,7
49294442,397743459,Brooklyn,Bedford-Stuyvesant,40.68838,-73.92902,Private room,120,1,0,1,0,0
49294534,380601266,Manhattan,East Village,40.72754,-73.98793,Entire home/apt,135,90,4,25,264,3
49079940,243009708,Manhattan,Washington Heights,40.8573,-73.92954,Private room,51,1,56,1,30,41
49081266,56373916,Manhattan,Flatiron District,40.7419,-73.98887,Entire home/apt,1250,7,4,1,250,4
49081276,204348856,Manhattan,Midtown,40.75377,-73.97265,Entire home/apt,367,30,1,7,112,1
49380595,28722667,Brooklyn,Flatlands,40.62244,-73.92403,Private room,79,1,35,4,319,31
49258823,11625123,Brooklyn,Crown Heights,40.67678,-73.95756,Entire home/apt,199,4,3,2,14,2
49258856,162280872,Manhattan,Upper East Side,40.77309,-73.95563,Entire home/apt,150,30,3,98,265,3
49258880,27181542,Manhattan,Upper East Side,40.76988,-73.9568,Entire home/apt,280,30,2,69,246,1
49259046,162280872,Manhattan,Upper East Side,40.77159,-73.95574,Entire home/apt,170,30,1,98,322,1
49259071,12133063,Manhattan,Midtown,40.75196,-73.97212,Entire home/apt,471,3,3,1,233,3
49294881,301884869,Brooklyn,Greenpoint,40.73122,-73.95497,Entire home/apt,160,3,3,1,0,2
49259253,10526077,Brooklyn,Bedford-Stuyvesant,40.69086,-73.94075,Entire home/apt,200,30,8,1,140,6
49381739,397872858,Manhattan,Theater District,40.7636,-73.98473,Private room,457,1,1229,12,319,949
49382063,394817730,Manhattan,Theater District,40.76152,-73.98548,Private room,299,1,5,61,0,1
49260138,27181542,Manhattan,Upper East Side,40.77463,-73.94774,Entire home/apt,155,30,3,69,142,2
49260325,72312989,Brooklyn,Williamsburg,40.71009,-73.95762,Entire home/apt,225,30,1,1,0,0
49384258,19243808,Manhattan,East Harlem,40.78793,-73.95464,Entire home/apt,225,30,4,12,56,3
49384376,209279462,Manhattan,Harlem,40.83132,-73.94617,Entire home/apt,1140,30,0,8,343,0
49385901,81274648,Brooklyn,Bushwick,40.70011,-73.92994,Private room,53,2,8,3,17,5
49296171,264984346,Brooklyn,Bedford-Stuyvesant,40.68834,-73.95916,Entire home/apt,160,2,91,2,23,74
49260633,27181542,Manhattan,Upper East Side,40.77334,-73.95482,Entire home/apt,180,30,2,69,81,0
49261329,11628194,Brooklyn,South Slope,40.66506,-73.98218,Entire home/apt,249,3,5,1,0,3
49261406,122726779,Brooklyn,Williamsburg,40.71321,-73.93642,Entire home/apt,197,30,9,3,79,6
49261650,146614700,Brooklyn,Williamsburg,40.71533,-73.94315,Private room,86,1,81,1,33,64
49297916,282221870,Brooklyn,Bedford-Stuyvesant,40.67993,-73.91394,Private room,46,1,31,2,281,23
49299232,22057975,Brooklyn,Bedford-Stuyvesant,40.68136,-73.91904,Entire home/apt,170,10,9,1,131,8
49300491,67097676,Bronx,Olinville,40.87077,-73.86879,Entire home/apt,257,3,3,2,345,2
49301973,393539508,Brooklyn,Clinton Hill,40.68831,-73.96583,Entire home/apt,50,90,0,1,0,0
49315958,6602545,Brooklyn,South Slope,40.6677,-73.98919,Private room,150,30,0,2,63,0
49318489,32708211,Brooklyn,Bedford-Stuyvesant,40.68948,-73.95426,Private room,85,2,56,7,279,38
49319626,395015552,Queens,Forest Hills,40.72383,-73.84601,Private room,64,3,7,2,151,7
49386157,384307416,Queens,Ozone Park,40.68272,-73.84804,Entire home/apt,165,2,65,4,230,45
49386840,9919024,Brooklyn,Crown Heights,40.6774,-73.95546,Private room,159,5,22,2,47,15
49262417,107548612,Brooklyn,Fort Greene,40.68774,-73.97993,Entire home/apt,200,31,2,1,0,1
49320836,397758091,Queens,Queens Village,40.70649,-73.74763,Private room,116,1,20,1,150,18
49322333,380601266,Manhattan,East Village,40.72565,-73.98772,Entire home/apt,135,90,5,25,1,3
49267373,394817730,Manhattan,Hell's Kitchen,40.76123,-73.98714,Private room,309,1,17,61,0,8
49268785,397500496,Staten Island,"Chelsea, Staten Island",40.59116,-74.1858,Entire home/apt,112,5,48,1,162,33
49323218,397899582,Queens,Jamaica,40.67684,-73.77502,Entire home/apt,305,1,1,1,0,0
49323605,107950422,Brooklyn,Bushwick,40.68829,-73.91233,Entire home/apt,185,3,25,1,218,20
49324156,13579390,Brooklyn,Bushwick,40.68708,-73.91086,Entire home/apt,249,4,62,1,60,56
49325044,337846634,Queens,Woodhaven,40.6921,-73.86627,Private room,65,1,28,2,111,15
49325686,162280872,Manhattan,Hell's Kitchen,40.75733,-73.99266,Entire home/apt,250,30,4,98,338,3
49326170,154763419,Brooklyn,Flatbush,40.64148,-73.95543,Private room,100,1,34,2,334,34
49328408,107434423,Manhattan,Kips Bay,40.7449717,-73.9770424,Entire home/apt,407,31,0,453,0,0
49335791,337846634,Queens,Woodhaven,40.69182,-73.86455,Entire home/apt,97,1,18,2,311,18
49387570,397538297,Manhattan,Chelsea,40.74948,-73.99811,Entire home/apt,298,3,77,1,132,56
49388478,204811322,Manhattan,Midtown,40.74789,-73.98701,Entire home/apt,154,2,58,4,187,43
49390997,29582882,Manhattan,Midtown,40.75443,-73.97277,Entire home/apt,234,30,0,9,175,0
49391341,29582882,Manhattan,Midtown,40.75298,-73.97285,Entire home/apt,271,30,2,9,159,1
49394418,291873184,Manhattan,Upper West Side,40.77516,-73.99049,Private room,91,3,7,1,0,0
49270284,348619646,Manhattan,Midtown,40.74616,-73.98682,Private room,1331,1,2,52,0,2
49270303,21452140,Brooklyn,Fort Greene,40.6976,-73.97356,Entire home/apt,396,14,0,1,272,0
49470050,373307437,Manhattan,Midtown,40.7639,-73.98165,Entire home/apt,929,2,0,7,115,0
49336931,33871880,Brooklyn,Williamsburg,40.71074,-73.96273,Private room,107,2,14,2,68,11
49470218,373307437,Manhattan,Midtown,40.76597,-73.98205,Entire home/apt,499,2,0,7,115,0
49470374,373307437,Manhattan,Midtown,40.76596,-73.98031,Entire home/apt,400,2,0,7,115,0
49474557,795181,Brooklyn,Greenpoint,40.72304,-73.94546,Entire home/apt,175,6,1,1,0,0
49475002,107434423,Manhattan,Upper East Side,40.77592,-73.94643,Entire home/apt,438,31,1,453,224,1
49475096,107434423,Manhattan,Kips Bay,40.74021949999999,-73.9795651,Entire home/apt,360,31,0,453,273,0
49476517,107434423,Manhattan,Kips Bay,40.74021949999999,-73.9795651,Entire home/apt,664,31,0,453,343,0
49481016,86771798,Manhattan,Kips Bay,40.74512,-73.97686,Entire home/apt,135,30,0,30,137,0
49481775,16480700,Manhattan,Hell's Kitchen,40.76189,-73.99103,Private room,259,1,13,12,157,12
49483226,130929164,Brooklyn,South Slope,40.66248,-73.98472,Entire home/apt,145,7,23,1,3,21
49341125,398011206,Queens,Bayswater,40.60107,-73.76515,Entire home/apt,130,30,3,1,89,2
49401537,66451784,Brooklyn,Bedford-Stuyvesant,40.68042,-73.92662,Entire home/apt,150,7,0,1,4,0
49484842,179951095,Queens,Richmond Hill,40.69501,-73.82562,Private room,53,1,5,2,249,2
49486977,231870747,Manhattan,Harlem,40.82255,-73.94684,Private room,61,30,8,5,214,7
49487011,398849838,Manhattan,Hell's Kitchen,40.75788,-73.99543,Entire home/apt,106,1,0,1,0,0
49402615,56887361,Brooklyn,Bedford-Stuyvesant,40.68627,-73.92742,Private room,59,2,38,2,112,27
49341301,386307946,Manhattan,Midtown,40.75186,-73.97132,Entire home/apt,500,3,0,1,0,0
49341413,22541573,Manhattan,Upper West Side,40.7865,-73.98081,Entire home/apt,285,30,1,131,358,0
49341459,22541573,Manhattan,Upper East Side,40.76981,-73.95714,Entire home/apt,184,30,0,131,190,0
49341629,357482672,Manhattan,Upper East Side,40.77137,-73.94711,Entire home/apt,243,2,13,1,7,13
49345491,57286209,Brooklyn,Prospect-Lefferts Gardens,40.66032,-73.96228,Entire home/apt,129,3,19,1,0,17
49346114,339083618,Queens,Ditmars Steinway,40.77268,-73.90835,Entire home/apt,189,30,2,3,337,1
49346405,384532776,Manhattan,Hell's Kitchen,40.76133,-73.99407,Entire home/apt,160,30,4,44,281,2
49487853,298086688,Brooklyn,South Slope,40.66077,-73.98365,Entire home/apt,250,5,7,1,338,6
49488940,2215152,Queens,Long Island City,40.74965,-73.9402,Entire home/apt,150,7,3,1,0,0
49491879,107434423,Manhattan,Upper East Side,40.77592,-73.94643,Entire home/apt,640,31,1,453,344,1
49493207,56887361,Brooklyn,Bedford-Stuyvesant,40.68477,-73.9275,Private room,50,2,4,2,5,4
49495090,385782494,Brooklyn,East New York,40.67,-73.88956,Private room,80,1,12,3,64,11
49499951,368901342,Manhattan,Harlem,40.81733,-73.93825,Private room,200,1,1,1,0,0
49348128,143794889,Manhattan,Harlem,40.8154,-73.94441,Entire home/apt,275,30,1,1,358,1
49348423,23829716,Brooklyn,Bedford-Stuyvesant,40.69526701768636,-73.94612383870718,Entire home/apt,400,30,0,2,98,0
49348736,16881300,Manhattan,Midtown,40.75239,-73.97156,Private room,197,2,0,1,0,0
49402750,51589519,Manhattan,Midtown,40.755787,-73.965126,Entire home/apt,220,31,6,14,314,2
49500273,200239515,Queens,Woodside,40.74076,-73.89341,Entire home/apt,237,1,21,158,126,13
49500622,3813758,Brooklyn,Williamsburg,40.71549,-73.94499,Entire home/apt,127,30,5,1,125,4
49502039,396548417,Queens,Springfield Gardens,40.66701,-73.77028,Entire home/apt,199,1,80,2,348,72
49403099,433146,Brooklyn,Crown Heights,40.67368,-73.9547,Entire home/apt,219,5,20,1,79,20
49403543,30532557,Brooklyn,Bushwick,40.70061,-73.93877,Private room,37,30,1,26,280,1
49503671,179805100,Brooklyn,Williamsburg,40.71663,-73.94446,Entire home/apt,212,7,1,1,0,1
49503838,265628724,Brooklyn,Crown Heights,40.67645,-73.91661,Entire home/apt,300,2,38,1,356,26
49403665,388868701,Brooklyn,Canarsie,40.63956,-73.88291,Entire home/apt,164,2,70,1,348,56
49348879,398072416,Queens,St. Albans,40.68674,-73.76876,Entire home/apt,323,2,31,1,120,19
49349355,397721061,Brooklyn,Williamsburg,40.71046,-73.9621,Private room,112,3,80,2,276,64
49350255,21091779,Brooklyn,Bedford-Stuyvesant,40.68524,-73.92294,Private room,250,1,16,4,314,12
49350342,329475936,Queens,Rosedale,40.66166,-73.73932,Entire home/apt,78,2,20,2,68,15
49351415,29582882,Manhattan,Midtown,40.75405,-73.97061,Entire home/apt,240,30,3,9,160,2
49351916,29582882,Manhattan,Midtown,40.75438,-73.97282,Entire home/apt,260,30,0,9,114,0
49357786,3126726,Brooklyn,Williamsburg,40.71196,-73.96123,Entire home/apt,150,30,1,1,66,1
49360254,12462016,Manhattan,Tribeca,40.71713,-74.00579,Entire home/apt,126,6,2,1,0,0
49361560,69075864,Queens,Far Rockaway,40.59763,-73.76347,Entire home/apt,115,4,0,1,0,0
49362741,385129361,Manhattan,Upper West Side,40.7976,-73.96189,Entire home/apt,79,30,5,48,131,3
49363822,303911109,Manhattan,Kips Bay,40.741115612212205,-73.98265743089397,Entire home/apt,292,4,0,2,306,0
49364284,380601266,Manhattan,East Village,40.72586,-73.98735,Entire home/apt,130,90,2,25,183,2
49367371,384559808,Manhattan,Gramercy,40.73426,-73.98567,Entire home/apt,82,30,1,24,117,1
49368347,9814074,Manhattan,Upper West Side,40.80309,-73.96611,Entire home/apt,79,8,2,2,58,2
49370423,235681234,Queens,Long Island City,40.74452,-73.95161,Entire home/apt,280,3,44,2,249,36
49377125,107434423,Manhattan,Murray Hill,40.74885,-73.97319,Entire home/apt,478,31,0,453,333,0
49377204,394817730,Manhattan,Hell's Kitchen,40.76161,-73.98667,Private room,299,1,8,61,0,1
49377255,107434423,Manhattan,Murray Hill,40.74885,-73.97319,Entire home/apt,533,31,0,453,269,0
49377270,107434423,Manhattan,Murray Hill,40.74885,-73.97319,Entire home/apt,319,31,0,453,134,0
49377278,107434423,Manhattan,Murray Hill,40.74885,-73.97319,Entire home/apt,410,31,0,453,336,0
49377310,107434423,Manhattan,Murray Hill,40.74885,-73.97319,Entire home/apt,701,31,0,453,361,0
49377523,107434423,Manhattan,Kips Bay,40.74021949999999,-73.9795651,Entire home/apt,388,31,0,453,1,0
49405043,132538605,Manhattan,East Village,40.72952,-73.9823,Entire home/apt,200,3,0,1,0,0
49505001,3223938,Brooklyn,Bushwick,40.69648,-73.90592,Private room,34,90,1,288,250,0
49506819,166672703,Brooklyn,Bushwick,40.69871,-73.91648,Private room,53,7,24,2,0,10
49405437,108133340,Queens,Corona,40.75092,-73.85547,Private room,120,3,0,1,0,0
49405833,3223938,Brooklyn,Bushwick,40.69937,-73.91956,Private room,36,90,1,288,281,1
49409612,24641078,Manhattan,Upper East Side,40.77796,-73.96073,Entire home/apt,172,30,4,4,95,3
49377769,2156741,Queens,Forest Hills,40.73406,-73.84593,Entire home/apt,114,4,61,2,10,45
49506941,373307437,Manhattan,Midtown,40.75174,-73.97178,Entire home/apt,499,2,0,7,69,0
49507083,373307437,Manhattan,Midtown,40.75296,-73.97366,Entire home/apt,359,2,0,7,74,0
49507167,373307437,Manhattan,Midtown,40.75214,-73.97367,Entire home/apt,567,2,1,7,68,1
49509755,43599290,Manhattan,SoHo,40.72272,-74.00408,Entire home/apt,826,1,9,4,256,7
49512284,14684764,Manhattan,Chelsea,40.74533,-73.99679,Entire home/apt,170,44,1,1,48,0
49378714,398277756,Manhattan,Financial District,40.70386,-74.00782,Entire home/apt,220,30,0,3,291,0
49380182,398277756,Manhattan,Financial District,40.70378,-74.00646,Entire home/apt,195,30,0,3,291,0
49380403,398277756,Manhattan,Financial District,40.7056,-74.00654,Entire home/apt,195,30,0,3,311,0
49512718,27181542,Manhattan,Upper East Side,40.76993,-73.95647,Entire home/apt,145,30,2,69,265,2
49512986,2737410,Manhattan,East Village,40.72742,-73.98529,Entire home/apt,220,2,22,1,0,16
49513454,2867137,Manhattan,Midtown,40.76568,-73.98184,Entire home/apt,450,30,2,73,272,1
49515442,42147412,Brooklyn,Williamsburg,40.70874,-73.95187,Entire home/apt,159,1,6,1,0,2
49517798,114216175,Manhattan,West Village,40.73575,-74.00458,Entire home/apt,307,2,16,1,20,11
49590052,400013151,Manhattan,Kips Bay,40.74327,-73.98146,Private room,150,1,96,2,144,70
49416907,206954368,Brooklyn,Williamsburg,40.71589,-73.96303,Entire home/apt,300,6,5,1,0,2
49518785,1288057,Brooklyn,Williamsburg,40.71048,-73.94158,Entire home/apt,185,4,7,1,39,4
49418367,135370608,Manhattan,Upper West Side,40.78194,-73.97653,Entire home/apt,175,30,2,1,11,1
49419331,394817730,Manhattan,Theater District,40.76127,-73.98575,Private room,289,1,10,61,0,3
49590069,34161028,Brooklyn,Williamsburg,40.71219,-73.96537,Private room,127,6,4,1,0,4
49590996,231870747,Manhattan,Harlem,40.82449,-73.947,Private room,61,30,3,5,2,2
49519286,399414325,Bronx,Kingsbridge,40.87177,-73.89981,Entire home/apt,112,30,2,2,249,2
49591019,253332603,Brooklyn,Crown Heights,40.67572,-73.92368,Private room,90,1,52,2,343,28
49591825,34353017,Staten Island,Tompkinsville,40.62837,-74.08608,Private room,90,1,65,3,33,41
49593677,380601266,Manhattan,East Village,40.72753,-73.98818,Entire home/apt,140,90,3,25,257,2
49593742,325451328,Manhattan,Washington Heights,40.84404,-73.93708,Entire home/apt,230,6,12,5,44,11
49594127,394817730,Manhattan,Midtown,40.76203,-73.97586,Private room,285,1,2,61,0,1
49594952,127982853,Brooklyn,Park Slope,40.67746,-73.97294,Entire home/apt,190,5,3,1,51,3
49596032,384532776,Manhattan,Hell's Kitchen,40.75919,-73.99036,Entire home/apt,200,30,1,44,328,1
49597474,36732553,Queens,Astoria,40.75611,-73.91593,Private room,45,14,4,3,0,3
49597728,36732553,Queens,Astoria,40.75468,-73.91402,Private room,50,25,2,3,0,0
49419996,186795756,Brooklyn,Williamsburg,40.70467,-73.95103,Entire home/apt,169,5,0,1,0,0
49420553,310458391,Queens,Astoria,40.75791,-73.9218,Private room,70,2,20,2,318,20
49421625,92030616,Manhattan,Gramercy,40.73533,-73.98666,Entire home/apt,390,3,40,1,37,30
49422007,398622781,Bronx,Schuylerville,40.83950004126023,-73.83314878424079,Entire home/apt,143,1,42,3,361,26
49422561,40805731,Manhattan,Lower East Side,40.72066,-73.98837,Private room,98,1,66,1,3,66
49422746,4303663,Brooklyn,Bedford-Stuyvesant,40.68333053588867,-73.94183349609375,Entire home/apt,166,3,1,2,0,1
49423106,380332619,Brooklyn,Bedford-Stuyvesant,40.67987,-73.95073,Entire home/apt,336,15,3,14,336,2
49423322,380332619,Brooklyn,Crown Heights,40.67825,-73.95017,Entire home/apt,345,30,4,14,340,4
49524149,61420016,Brooklyn,East Flatbush,40.65179,-73.91475,Entire home/apt,104,2,30,1,63,30
49423451,398637169,Queens,Ozone Park,40.69037,-73.83862,Entire home/apt,275,3,6,1,363,0
49423494,380332619,Brooklyn,Crown Heights,40.6783,-73.95066,Entire home/apt,326,15,2,14,219,2
49604884,169758577,Brooklyn,East Flatbush,40.65251,-73.95114,Entire home/apt,227,1,67,1,149,48
49606003,235681234,Queens,Long Island City,40.74456,-73.95145,Entire home/apt,300,3,46,2,228,39
49528207,10612293,Brooklyn,South Slope,40.66736,-73.9903,Private room,245,3,79,3,57,54
49424017,347139856,Queens,Astoria,40.7767,-73.93371,Private room,99,1,22,1,351,17
49528626,278054491,Manhattan,Upper East Side,40.76133,-73.96,Private room,85,30,0,1,0,0
49528915,358735760,Bronx,Wakefield,40.89772,-73.84467,Private room,40,1,2,1,125,2
49424846,200183045,Brooklyn,Crown Heights,40.6714,-73.93228,Private room,100,30,1,1,66,0
49425597,1024891,Bronx,Hunts Point,40.81694,-73.88732,Private room,43,14,7,4,0,4
49425803,380332619,Brooklyn,Bedford-Stuyvesant,40.6803,-73.94927,Entire home/apt,208,30,5,14,335,4
49426040,393283611,Brooklyn,East New York,40.67606,-73.87935,Entire home/apt,150,1,180,2,97,134
49435437,107434423,Manhattan,Kips Bay,40.74021949999999,-73.9795651,Entire home/apt,495,31,0,453,279,0
49436100,2867137,Manhattan,Midtown,40.76442,-73.98158,Entire home/apt,365,30,1,73,251,1
49607441,127449724,Brooklyn,Park Slope,40.67388,-73.98005,Private room,140,2,46,1,130,30
49607596,385129361,Manhattan,Upper West Side,40.79744,-73.96196,Entire home/apt,67,30,3,48,124,3
49529057,73628681,Manhattan,Upper East Side,40.77054,-73.9486,Entire home/apt,175,30,10,1,287,7
49531439,94437412,Brooklyn,Bedford-Stuyvesant,40.6841,-73.92422,Entire home/apt,145,2,45,1,0,33
49532344,1354998,Manhattan,Chelsea,40.74737,-74.00052,Entire home/apt,160,30,10,1,110,7
49532423,5215966,Queens,Middle Village,40.71548,-73.87691,Private room,109,3,0,1,175,0
49607941,5592601,Brooklyn,Greenpoint,40.72357,-73.94111,Private room,98,2,24,1,20,21
49608321,7432764,Manhattan,Midtown,40.75941,-73.96661,Entire home/apt,242,5,23,1,0,20
49609544,310565256,Manhattan,East Village,40.725418,-73.988174,Private room,147,5,12,3,341,12
49610010,302353701,Brooklyn,Fort Greene,40.6923,-73.98191,Entire home/apt,69,200,0,1,0,0
49436882,40004714,Brooklyn,Bushwick,40.68954,-73.91488,Entire home/apt,100,30,1,1,0,0
49436928,394817730,Manhattan,Theater District,40.7594,-73.98616,Private room,269,1,0,61,0,0
49533981,399569723,Bronx,Eastchester,40.87804,-73.83925,Entire home/apt,150,1,27,1,111,27
49437218,79162651,Manhattan,Upper West Side,40.80327,-73.96737,Entire home/apt,175,30,0,1,0,0
49439129,397872858,Manhattan,Theater District,40.76176,-73.98393,Private room,481,1,893,12,326,708
49439389,397872858,Manhattan,Theater District,40.76177,-73.98265,Private room,512,1,18,12,327,6
49439946,397872858,Manhattan,Theater District,40.76217,-73.983,Private room,614,1,6,12,324,2
49440252,397872858,Manhattan,Theater District,40.7619,-73.98454,Private room,475,1,894,12,327,376
49440356,397872858,Manhattan,Theater District,40.76222,-73.98448,Private room,499,1,47,12,318,37
49440516,397872858,Manhattan,Theater District,40.76329,-73.98287,Private room,524,1,16,12,312,11
49440623,397872858,Manhattan,Theater District,40.76222,-73.98444,Private room,549,1,14,12,327,12
49441328,346283145,Brooklyn,East Flatbush,40.6501,-73.9205,Private room,60,1,0,1,0,0
49441423,43549139,Manhattan,Upper East Side,40.77895,-73.94836,Private room,279,2,9,1,145,8
49442598,18476206,Brooklyn,Bedford-Stuyvesant,40.68752,-73.9483,Private room,119,1,21,2,328,17
49534489,67377627,Queens,East Elmhurst,40.7565,-73.87939,Entire home/apt,165,2,56,3,306,36
49443360,131103701,Brooklyn,East Flatbush,40.64317,-73.93869,Entire home/apt,140,4,19,2,341,18
49610751,400165661,Brooklyn,Prospect-Lefferts Gardens,40.65583,-73.95192,Private room,65,1,44,1,197,28
49534641,27181542,Manhattan,Upper East Side,40.77203,-73.95703,Entire home/apt,199,30,6,69,126,4
49535021,376764698,Queens,East Elmhurst,40.75706,-73.89828,Private room,45,1,40,4,310,30
49535251,137358866,Manhattan,East Harlem,40.79191,-73.94477,Private room,79,30,2,111,340,1
49538059,81636631,Brooklyn,Bedford-Stuyvesant,40.67925,-73.90996,Entire home/apt,105,30,0,4,81,0
49539983,127046909,Queens,Long Island City,40.76411,-73.93947,Entire home/apt,145,13,1,1,145,0
49443808,156484505,Brooklyn,Bedford-Stuyvesant,40.69299,-73.9482,Private room,92,2,74,3,150,52
49444503,156484505,Brooklyn,Bedford-Stuyvesant,40.69146,-73.94873,Private room,109,2,69,3,74,46
49444794,66744930,Queens,Long Island City,40.74399,-73.95303,Entire home/apt,229,3,10,1,8,7
49445167,154385604,Manhattan,Midtown,40.75257,-73.99302,Private room,219,7,11,4,95,10
49540622,368276707,Manhattan,Upper West Side,40.79338,-73.97013,Private room,60,1,0,1,0,0
49446258,398395127,Bronx,Schuylerville,40.83196,-73.83436,Private room,38,28,0,1,0,0
49447343,4375819,Brooklyn,Bushwick,40.68914,-73.90994,Entire home/apt,119,30,8,1,123,7
49447906,19243808,Manhattan,Upper East Side,40.77453,-73.95825,Entire home/apt,226,30,8,12,34,6
49447911,19243808,Manhattan,Hell's Kitchen,40.76742,-73.98486,Entire home/apt,257,30,6,12,65,4
49611264,399379000,Brooklyn,Downtown Brooklyn,40.69021,-73.98894,Entire home/apt,446,1,42,2,8,35
49611867,262060162,Bronx,Olinville,40.88217,-73.86785,Private room,79,2,25,4,47,17
49613098,262060162,Bronx,Olinville,40.88193,-73.86565,Private room,79,1,24,4,50,11
49613666,5161217,Manhattan,SoHo,40.72455,-74.00623,Entire home/apt,540,4,4,2,0,1
49613696,34353017,Staten Island,Tompkinsville,40.62988,-74.08639,Private room,86,1,54,3,65,33
49613832,262060162,Bronx,Olinville,40.88066,-73.86597,Private room,69,2,9,4,7,1
49614538,41349199,Brooklyn,Williamsburg,40.71139,-73.96404,Entire home/apt,341,5,7,1,9,4
49615424,207013855,Manhattan,Hell's Kitchen,40.7585,-73.99513,Private room,110,6,5,3,0,1
49616488,313257412,Queens,Astoria,40.76175,-73.91701,Private room,70,1,3,3,168,0
49542448,147402286,Manhattan,Murray Hill,40.74794,-73.97915,Shared room,37,6,1,6,2,1
49544107,245842387,Brooklyn,East Flatbush,40.64902,-73.92538,Entire home/apt,150,3,16,1,73,16
49617403,3191240,Manhattan,Financial District,40.7101,-74.00824,Entire home/apt,501,2,0,1,249,0
49617481,230670970,Manhattan,Harlem,40.81557,-73.94228,Entire home/apt,3500,30,0,3,253,0
49617564,396548417,Queens,Jamaica,40.6691,-73.77171,Entire home/apt,175,1,126,2,161,88
49617605,17889038,Queens,Ridgewood,40.70154,-73.89604,Private room,90,1,30,1,154,17
49617920,305327549,Manhattan,Murray Hill,40.74619,-73.9747,Entire home/apt,450,2,2,5,91,1
49627000,380332619,Brooklyn,Prospect-Lefferts Gardens,40.65931,-73.94382,Entire home/apt,241,30,1,14,365,0
49627248,380332619,Brooklyn,Prospect-Lefferts Gardens,40.65939,-73.94264,Entire home/apt,220,30,1,14,311,0
49447923,44798128,Queens,Ridgewood,40.71115,-73.91696,Entire home/apt,175,30,7,1,127,6
49448081,398614581,Brooklyn,Fort Greene,40.68804,-73.97598,Entire home/apt,147,1,47,3,322,40
49448292,2867137,Manhattan,Midtown,40.76402,-73.98364,Entire home/apt,220,30,0,73,261,0
49449038,398826223,Manhattan,Washington Heights,40.84377,-73.93607,Private room,77,2,3,1,249,0
49545608,305092694,Brooklyn,Williamsburg,40.71679,-73.95675,Entire home/apt,200,1,20,1,0,15
49546017,86771798,Manhattan,Midtown,40.74599,-73.98201,Entire home/apt,125,30,0,30,77,0
49547619,34177401,Brooklyn,East New York,40.67563,-73.87809,Private room,58,1,71,6,249,46
49548424,70636634,Brooklyn,Sunset Park,40.66347,-73.99301,Entire home/apt,130,30,1,1,0,0
49550643,34325962,Manhattan,East Village,40.73092,-73.98712,Private room,285,2,6,1,0,4
49551536,302490989,Queens,Kew Gardens,40.70439,-73.83473,Entire home/apt,400,2,0,1,0,0
49551756,387699039,Brooklyn,Crown Heights,40.67504,-73.91504,Entire home/apt,180,4,16,2,0,10
49628832,18013620,Manhattan,Harlem,40.82356,-73.95375,Private room,84,2,8,2,64,5
49553240,196229541,Queens,Elmhurst,40.74751,-73.87556,Private room,50,5,3,1,0,0
49629345,1406773,Manhattan,Harlem,40.80092,-73.95885,Entire home/apt,149,3,5,1,62,3
49629954,8797392,Brooklyn,Williamsburg,40.71328,-73.96563,Entire home/apt,200,8,11,1,0,7
49631195,4765305,Manhattan,Lower East Side,40.72115,-73.984,Private room,65,1,30,8,249,23
49451418,32939046,Manhattan,Murray Hill,40.74628,-73.97032,Entire home/apt,600,31,0,1,358,0
49456735,19070143,Manhattan,Washington Heights,40.85318,-73.93301,Private room,95,2,31,1,91,22
49563078,8119681,Manhattan,East Village,40.72111,-73.98095,Entire home/apt,324,3,2,1,9,1
49564643,397160899,Manhattan,Hell's Kitchen,40.75658,-73.99268,Private room,209,1,30,6,138,20
49633075,372977893,Brooklyn,Williamsburg,40.71688,-73.9568,Private room,109,1,49,1,119,35
49634421,176710208,Brooklyn,Flatlands,40.62958,-73.92993,Entire home/apt,187,1,39,2,111,20
49565770,233896454,Manhattan,Lower East Side,40.72271,-73.98824,Entire home/apt,200,3,10,1,72,6
49635294,400345514,Brooklyn,Williamsburg,40.71112,-73.95748,Entire home/apt,566,2,90,1,183,65
49458325,122204600,Queens,Astoria,40.7607,-73.91915,Private room,55,90,2,1,250,0
49459969,365301635,Bronx,Mount Eden,40.83774,-73.91715,Private room,67,1,13,3,168,8
49460071,107434423,Manhattan,Upper West Side,40.793337,-73.967587,Entire home/apt,318,31,0,453,337,0
49462266,12802591,Manhattan,Upper West Side,40.778797,-73.976624,Entire home/apt,145,30,2,1,72,1
49565858,397160899,Manhattan,Hell's Kitchen,40.75507,-73.99497,Private room,159,1,44,6,137,21
49566018,10612293,Brooklyn,South Slope,40.66903,-73.98906,Entire home/apt,399,30,0,3,0,0
49566023,397160899,Manhattan,Hell's Kitchen,40.75688,-73.99334,Private room,199,1,7,6,94,4
49566121,397160899,Manhattan,Hell's Kitchen,40.75672,-73.99453,Private room,159,1,226,6,124,91
49566140,397160899,Manhattan,Hell's Kitchen,40.75638,-73.993,Private room,179,1,8,6,91,4
49566302,397160899,Manhattan,Hell's Kitchen,40.75492,-73.99453,Private room,209,1,1,6,103,1
49567184,125323558,Brooklyn,Bushwick,40.70168,-73.91605,Private room,109,3,26,3,35,16
49465882,210642957,Brooklyn,Prospect-Lefferts Gardens,40.66204,-73.95869,Entire home/apt,160,5,2,1,0,0
49466942,304866105,Brooklyn,Downtown Brooklyn,40.69709,-73.98299,Entire home/apt,445,1,44,1,120,44
49467391,95934601,Brooklyn,Crown Heights,40.67638,-73.94326,Entire home/apt,162,3,45,1,37,35
49468455,419579,Brooklyn,Bedford-Stuyvesant,40.68493,-73.94241,Entire home/apt,159,2,56,1,216,56
49468968,68077644,Queens,Briarwood,40.71552,-73.82423,Entire home/apt,387,1,0,1,178,0
49567765,344432929,Brooklyn,Bedford-Stuyvesant,40.684,-73.9274,Entire home/apt,150,3,9,1,0,0
49568717,399865453,Manhattan,Nolita,40.72359,-73.99469,Entire home/apt,179,30,3,10,125,2
49469061,14840359,Brooklyn,Windsor Terrace,40.65888,-73.98466,Private room,90,1,51,1,207,37
49636281,44186328,Manhattan,SoHo,40.7257,-74.00317,Entire home/apt,390,3,5,1,6,5
49636298,2867137,Manhattan,Midtown,40.76387,-73.9831,Entire home/apt,230,30,2,73,261,2
49568874,2867137,Manhattan,Upper West Side,40.79472,-73.96858,Entire home/apt,295,30,0,73,37,0
49570244,60836358,Queens,Long Island City,40.75783,-73.93481,Private room,50,30,1,1,0,0
49571409,394817730,Manhattan,Midtown,40.76332,-73.9755,Private room,285,1,1,61,0,1
49573096,4008899,Brooklyn,Williamsburg,40.71734,-73.94325,Entire home/apt,295,3,8,1,11,5
49638183,130564186,Bronx,Schuylerville,40.8424,-73.82708,Entire home/apt,61,2,14,1,251,14
49638445,8252663,Brooklyn,Greenpoint,40.72597,-73.95152,Entire home/apt,189,6,2,1,0,0
49639535,33320745,Queens,Long Island City,40.75255,-73.93463,Entire home/apt,150,29,8,7,338,8
49645125,107434423,Manhattan,Theater District,40.760189,-73.984353,Entire home/apt,363,31,0,453,303,0
49645669,217910985,Queens,Flushing,40.74418,-73.82691,Private room,60,7,0,3,0,0
49469117,398977872,Brooklyn,Williamsburg,40.71326,-73.9658,Private room,82,2,74,3,124,69
49579941,107434423,Manhattan,Upper West Side,40.7927409,-73.96798869999999,Entire home/apt,505,31,0,453,348,0
49584878,194142632,Manhattan,Hell's Kitchen,40.75568,-73.99695,Entire home/apt,300,30,6,6,143,5
49584983,51501835,Manhattan,Hell's Kitchen,40.75995,-73.99296,Entire home/apt,120,30,3,109,249,1
49589617,72418046,Brooklyn,Flatbush,40.64965,-73.96442,Entire home/apt,142,2,13,1,69,9
49689684,28917123,Brooklyn,Greenpoint,40.73269,-73.95677,Entire home/apt,200,7,0,1,116,0
49690166,400777393,Brooklyn,Williamsburg,40.71421,-73.96544,Entire home/apt,169,5,1,1,0,0
49646326,276268430,Manhattan,Upper East Side,40.77316,-73.94872,Entire home/apt,350,90,10,1,224,6
49646649,11379822,Bronx,Mount Hope,40.84534,-73.9042,Private room,57,3,15,3,260,15
49690260,20671127,Manhattan,Harlem,40.82678,-73.94388,Private room,75,3,1,1,0,0
49690753,162109689,Manhattan,Chinatown,40.71643,-73.98967,Entire home/apt,185,4,60,4,215,50
49690858,162109689,Manhattan,Chinatown,40.71645,-73.99061,Entire home/apt,205,5,61,4,195,56
49690878,231870747,Manhattan,Harlem,40.82443,-73.9471,Private room,61,30,5,5,152,5
49692590,400802920,Brooklyn,Canarsie,40.64601,-73.90387,Entire home/apt,130,2,83,1,335,62
49647776,400431577,Manhattan,Upper West Side,40.80051,-73.96087,Private room,96,1,89,6,258,67
49469841,398985476,Brooklyn,East Flatbush,40.65914,-73.92594,Entire home/apt,145,2,18,1,163,6
49800003,204704622,Queens,Elmhurst,40.74512,-73.87292,Private room,35,1,1,157,0,0
49692782,309271477,Brooklyn,Gowanus,40.67607,-73.98493,Entire home/apt,788,5,49,2,342,37
49800798,108719570,Brooklyn,Williamsburg,40.70892,-73.9432,Entire home/apt,244,1,44,2,6,39
49806254,76533663,Brooklyn,Williamsburg,40.71139,-73.94746,Private room,50,30,0,1,0,0
49809595,137358866,Queens,Elmhurst,40.74155,-73.88968,Private room,90,30,4,111,341,2
49809967,156505456,Brooklyn,East New York,40.66739,-73.8751,Private room,63,3,11,32,359,9
49811796,151421618,Queens,Ozone Park,40.68544,-73.84474,Entire home/apt,90,30,6,4,113,5
49648091,190063,Brooklyn,Greenpoint,40.72072067105499,-73.94583670710782,Entire home/apt,126,4,3,1,17,3
49693252,57865986,Brooklyn,Clinton Hill,40.68382,-73.96031,Entire home/apt,250,30,3,1,286,2
49813505,34585137,Manhattan,East Village,40.73176,-73.98447,Entire home/apt,600,2,0,1,0,0
49813829,73510171,Queens,Jamaica,40.67763,-73.78272,Entire home/apt,111,1,64,1,339,42
49698767,107434423,Manhattan,Upper West Side,40.7911888,-73.9737101,Entire home/apt,673,31,0,453,363,0
49701148,76998256,Manhattan,Harlem,40.82264,-73.95106,Entire home/apt,83,3,32,1,36,25
49701258,400858815,Brooklyn,Bedford-Stuyvesant,40.68995,-73.94509,Entire home/apt,354,2,58,1,333,43
49649623,132178349,Queens,Astoria,40.75771,-73.92666,Entire home/apt,135,6,22,1,31,21
49649853,35331837,Brooklyn,Crown Heights,40.66781,-73.94975,Private room,100,2,11,2,100,10
49702148,381698920,Manhattan,Hell's Kitchen,40.75562,-73.99822,Entire home/apt,500,2,28,19,149,19
49702711,400866258,Brooklyn,Gowanus,40.68299,-73.98701,Entire home/apt,89,30,0,1,279,0
49650012,400447524,Bronx,Fieldston,40.88867,-73.90632,Private room,70,1,22,1,51,16
49651889,4989542,Manhattan,Lower East Side,40.72095,-73.99047,Entire home/apt,3062,1,57,1,78,51
49652091,369817284,Manhattan,Gramercy,40.73814,-73.98221,Entire home/apt,218,30,5,4,340,5
49652245,384559808,Manhattan,East Village,40.73231,-73.9858,Entire home/apt,75,30,3,24,83,2
49652445,3417088,Manhattan,Upper West Side,40.79455,-73.97094,Private room,100,30,0,1,0,0
49813945,401748469,Brooklyn,Fort Greene,40.69586,-73.97405,Entire home/apt,68,30,3,2,2,2
49704845,395671107,Manhattan,Upper West Side,40.79567,-73.96975,Private room,72,30,2,14,135,2
49705160,385129361,Manhattan,Upper West Side,40.79715,-73.96341,Entire home/apt,100,30,5,48,85,4
49705162,12749467,Manhattan,SoHo,40.72371,-74.0019,Entire home/apt,152,30,6,4,69,5
49706381,43221758,Brooklyn,Bedford-Stuyvesant,40.69462,-73.9462,Entire home/apt,155,4,3,1,0,2
49707129,7159107,Brooklyn,Bushwick,40.6952,-73.9245,Entire home/apt,128,90,0,1,154,0
49652814,4408288,Manhattan,Upper West Side,40.77808,-73.98764,Entire home/apt,110,30,1,1,1,1
49653467,395671107,Manhattan,Upper West Side,40.79602,-73.9699,Private room,64,30,1,14,68,1
49707447,3700250,Brooklyn,Flatbush,40.65369,-73.9559,Entire home/apt,125,2,14,1,0,1
49707837,400901650,Manhattan,Midtown,40.74651,-73.98279,Entire home/apt,629,2,23,1,331,22
49667108,3251620,Manhattan,Harlem,40.81014,-73.95469,Entire home/apt,503,1,20,1,143,12
49667155,2653479,Manhattan,Upper West Side,40.80237,-73.96659,Entire home/apt,120,3,42,41,43,33
49668961,12539110,Brooklyn,Bushwick,40.70264,-73.92634,Entire home/apt,118,3,9,1,0,3
49669315,313257412,Queens,Astoria,40.7636,-73.91672,Private room,70,1,5,3,350,4
49670100,55922753,Brooklyn,Bedford-Stuyvesant,40.67892,-73.93489,Private room,44,30,0,7,326,0
49670237,65319038,Brooklyn,Carroll Gardens,40.68536,-73.99371,Entire home/apt,465,30,3,2,0,1
49670337,9537721,Queens,Sunnyside,40.74314,-73.92084,Private room,90,3,0,2,157,0
49670721,27181542,Manhattan,Lower East Side,40.71987,-73.98614,Entire home/apt,150,30,1,69,142,1
49670755,55922753,Brooklyn,Crown Heights,40.67735,-73.93551,Private room,48,30,0,7,298,0
49670914,55922753,Brooklyn,Crown Heights,40.67634,-73.93721,Private room,42,30,0,7,310,0
49671134,53562827,Brooklyn,Williamsburg,40.72142190564433,-73.95534161726306,Entire home/apt,250,2,1,1,0,1
49671494,27181542,Manhattan,Upper East Side,40.77184,-73.95559,Entire home/apt,199,30,2,69,154,2
49814851,399098718,Queens,Ozone Park,40.68311,-73.85361,Private room,115,5,3,1,359,2
49815039,3073250,Manhattan,Hell's Kitchen,40.76723,-73.98567,Entire home/apt,169,30,10,2,62,7
49816205,90417316,Queens,Long Island City,40.75165,-73.93715,Private room,70,1,2,1,0,0
49824060,394817730,Manhattan,Midtown,40.76319,-73.97698,Private room,275,1,6,61,0,2
49830930,394817730,Manhattan,Midtown,40.76368,-73.97612,Private room,275,1,7,61,0,6
49831413,2092089,Brooklyn,Williamsburg,40.71555,-73.94719,Entire home/apt,220,30,1,1,0,0
49831773,394817730,Manhattan,Midtown,40.7637,-73.97722,Private room,275,1,25,61,0,11
49833804,394817730,Manhattan,Midtown,40.76332,-73.97726,Private room,275,1,0,61,0,0
49834444,394817730,Manhattan,Midtown,40.76141,-73.97726,Private room,275,1,2,61,0,1
49834604,26555925,Brooklyn,Bushwick,40.70412,-73.92531,Private room,173,4,12,3,35,12
49834852,26681543,Brooklyn,Bushwick,40.6855,-73.90565,Entire home/apt,166,15,1,1,0,0
49709501,95552798,Brooklyn,Williamsburg,40.71438,-73.96614,Entire home/apt,215,7,2,1,0,2
49835791,50377301,Brooklyn,Williamsburg,40.70765,-73.94983,Entire home/apt,170,1,83,2,113,67
49835977,401904837,Brooklyn,Bushwick,40.68812,-73.91441,Private room,97,1,67,4,357,55
49672546,104619093,Queens,Sunnyside,40.74128,-73.92068,Private room,80,2,1,1,0,0
49713396,400944908,Manhattan,Upper West Side,40.79466,-73.96256,Private room,75,3,72,3,211,68
49674636,9876064,Brooklyn,Williamsburg,40.71629,-73.95417,Entire home/apt,300,7,6,1,29,3
49677553,141371258,Manhattan,Washington Heights,40.8377,-73.94356,Entire home/apt,110,30,0,1,0,0
49681209,394817730,Manhattan,Theater District,40.76104,-73.98549,Private room,289,1,7,61,0,0
49684216,3223938,Brooklyn,Prospect Heights,40.67541,-73.96724,Private room,41,90,0,288,259,0
49685074,8387407,Brooklyn,East Flatbush,40.6376,-73.9469,Private room,70,1,31,5,250,20
49685423,8387407,Brooklyn,Bedford-Stuyvesant,40.68121,-73.95208,Entire home/apt,500,1,2,5,280,1
49687884,51857129,Manhattan,Hell's Kitchen,40.75563,-73.99954,Shared room,250,4,2,1,0,2
49922780,394817730,Manhattan,Theater District,40.76002,-73.98552,Private room,289,1,5,61,0,0
49923849,396119944,Manhattan,Upper West Side,40.80067,-73.9592,Private room,85,30,4,7,298,4
49923877,396119944,Manhattan,Upper West Side,40.79862,-73.95986,Private room,85,30,2,7,250,1
49836839,97980042,Brooklyn,Prospect-Lefferts Gardens,40.65526,-73.95842,Private room,99,2,19,1,80,8
49837820,10015683,Brooklyn,Sheepshead Bay,40.58787,-73.94471,Entire home/apt,65,30,31,1,94,21
49713996,108699045,Brooklyn,Flatbush,40.6543,-73.95882,Entire home/apt,185,30,6,3,331,5
49714213,13460023,Manhattan,West Village,40.73735,-74.00291,Entire home/apt,160,14,1,1,0,1
49716170,321208922,Manhattan,Washington Heights,40.847126,-73.936584,Entire home/apt,123,2,47,1,251,39
49839232,85525216,Brooklyn,Flatbush,40.65283,-73.96331,Private room,90,30,0,1,0,0
49923953,402572772,Brooklyn,Bushwick,40.69644,-73.92897,Shared room,65,3,49,1,96,35
49716781,8387407,Brooklyn,East Flatbush,40.63746,-73.94533,Private room,60,1,13,5,334,11
49726606,349624504,Queens,Long Island City,40.74293,-73.95017,Private room,750,1,0,1,0,0
49839257,401937392,Queens,Corona,40.73876,-73.86291,Shared room,41,1,23,10,346,16
49727199,22541573,Manhattan,Chelsea,40.73969,-73.99935,Entire home/apt,186,30,1,131,275,1
49727266,916410,Brooklyn,Crown Heights,40.67951,-73.9618,Private room,50,30,3,1,195,2
49924084,183288789,Brooklyn,Bushwick,40.69775,-73.93055,Private room,75,3,43,1,86,36
49728351,401061543,Manhattan,Hell's Kitchen,40.75727044466444,-73.99321948995534,Entire home/apt,266,1,46,1,0,29
49729445,1014883,Manhattan,West Village,40.73255,-74.00667,Entire home/apt,200,30,3,1,119,2
49729986,38179415,Brooklyn,Bedford-Stuyvesant,40.69173,-73.93802,Entire home/apt,275,3,4,1,159,2
49730285,166713328,Queens,Ozone Park,40.67721,-73.85973,Private room,36,1,4,3,0,1
49732450,401096854,Brooklyn,Bedford-Stuyvesant,40.68322,-73.91827,Private room,95,30,3,9,0,1
49925408,260604130,Brooklyn,East Flatbush,40.63487,-73.93241,Entire home/apt,219,2,96,1,265,78
49839739,344223705,Bronx,Williamsbridge,40.88526,-73.8607,Entire home/apt,403,1,41,3,305,41
49840165,25037051,Brooklyn,Crown Heights,40.67035,-73.95496,Private room,80,3,14,1,0,7
49840515,7245581,Manhattan,Chelsea,40.74847,-73.99723,Entire home/apt,102,365,2,19,263,1
49841064,3073250,Manhattan,Midtown,40.76497,-73.98237,Private room,159,5,3,2,1,2
49733348,99545344,Manhattan,Hell's Kitchen,40.76019,-73.99962,Entire home/apt,873,1,38,1,300,31
49847910,80207362,Brooklyn,Park Slope,40.67111,-73.97221,Entire home/apt,279,6,5,1,0,3
49926303,261424448,Staten Island,New Brighton,40.639664,-74.088959,Entire home/apt,124,1,90,1,146,74
49926529,2610233,Manhattan,Kips Bay,40.73984,-73.98406,Entire home/apt,728,3,38,2,108,34
49926780,1220499,Brooklyn,Red Hook,40.67917,-74.00608,Entire home/apt,284,3,35,1,137,32
49927058,209279462,Manhattan,East Harlem,40.79986,-73.93621,Entire home/apt,130,30,2,8,119,2
49927153,137522531,Queens,Flushing,40.7557,-73.80948,Entire home/apt,216,30,2,5,365,2
49733510,13303603,Brooklyn,Bushwick,40.69398,-73.91984,Entire home/apt,227,1,83,1,110,75
49928434,401709949,Brooklyn,Bedford-Stuyvesant,40.69796,-73.93886,Private room,56,30,6,20,305,4
49928613,401709949,Brooklyn,Bedford-Stuyvesant,40.69816,-73.94067,Private room,66,30,8,20,324,7
49852731,45994562,Brooklyn,Bay Ridge,40.63787,-74.02705,Private room,249,4,0,1,0,0
49853168,391031052,Bronx,Belmont,40.853836,-73.891304,Entire home/apt,200,1,1,2,365,1
49855534,61555945,Brooklyn,Downtown Brooklyn,40.69348,-73.98363,Entire home/apt,196,28,1,1,0,1
49856007,401709949,Brooklyn,Bedford-Stuyvesant,40.69842,-73.94287,Private room,56,30,1,20,281,0
49858272,384559808,Manhattan,East Village,40.73247,-73.98739,Entire home/apt,82,30,6,24,95,6
49859909,24981245,Brooklyn,Bushwick,40.70816,-73.92208,Private room,70,7,2,2,0,0
49733992,399032318,Brooklyn,Williamsburg,40.72049,-73.9563,Entire home/apt,220,28,0,2,317,0
49860773,2023694,Brooklyn,Williamsburg,40.70991,-73.94466,Entire home/apt,240,30,3,1,261,2
49928632,402608429,Queens,Ditmars Steinway,40.77068,-73.88928,Entire home/apt,280,2,12,1,356,12
49734537,401113005,Brooklyn,Brighton Beach,40.57661,-73.95617,Entire home/apt,75,30,4,1,56,2
49928900,402614133,Manhattan,Hell's Kitchen,40.7622,-73.99878,Entire home/apt,629,3,50,1,105,46
49931452,231870747,Manhattan,Harlem,40.82407,-73.94672,Private room,46,30,8,5,152,5
49735135,14751594,Brooklyn,Clinton Hill,40.68418,-73.96304,Entire home/apt,182,1,152,1,123,124
49931513,127431806,Queens,Rockaway Beach,40.59027,-73.81032,Entire home/apt,400,6,0,1,0,0
49934233,401709949,Brooklyn,Bedford-Stuyvesant,40.69968,-73.94059,Private room,69,30,6,20,291,3
49861555,398408597,Brooklyn,East New York,40.66722,-73.87401,Entire home/apt,160,1,32,2,35,26
49735358,384532776,Manhattan,Upper East Side,40.77056,-73.95134,Entire home/apt,170,30,2,44,192,1
49735553,43008598,Manhattan,Harlem,40.8283,-73.94453,Entire home/apt,175,5,24,1,114,20
49738307,181372846,Manhattan,Chinatown,40.71674,-73.99964,Entire home/apt,763,3,56,2,175,49
49748862,138514498,Queens,Jamaica Estates,40.7126,-73.79272,Entire home/apt,170,2,40,1,164,40
49749290,107434423,Manhattan,Kips Bay,40.74021949999999,-73.9795651,Entire home/apt,403,31,0,453,190,0
49749316,5826497,Brooklyn,Williamsburg,40.70748,-73.95399,Entire home/apt,217,5,22,1,89,19
49752049,372673,Brooklyn,Carroll Gardens,40.675797,-73.998322,Entire home/apt,300,3,18,1,78,18
49752230,401245166,Queens,Maspeth,40.73069,-73.91994,Entire home/apt,86,1,45,1,158,38
49752320,385129361,Manhattan,Upper West Side,40.7978,-73.96196,Entire home/apt,57,30,0,48,109,0
49754177,44883261,Brooklyn,Park Slope,40.67582,-73.97481,Entire home/apt,352,2,70,1,261,61
49861789,374576747,Bronx,Parkchester,40.83933,-73.86905,Entire home/apt,279,2,12,11,363,12
49756129,12866178,Brooklyn,East New York,40.6602,-73.89424,Private room,80,3,8,3,0,3
49756756,1103131,Brooklyn,Williamsburg,40.71281,-73.95462,Private room,152,3,21,2,23,20
49757918,212058279,Brooklyn,Flatlands,40.62953,-73.94687,Private room,60,1,0,2,0,0
49767880,5565918,Brooklyn,Prospect-Lefferts Gardens,40.65651,-73.96146,Entire home/apt,80,6,7,1,29,7
49768387,8387407,Brooklyn,East Flatbush,40.63586,-73.94686,Private room,60,1,11,5,161,11
49769396,401381568,Manhattan,East Village,40.724,-73.9834,Entire home/apt,295,30,0,1,0,0
49936931,402340182,Manhattan,East Harlem,40.79116,-73.94071,Entire home/apt,180,6,1,1,0,0
49770219,268353279,Brooklyn,Red Hook,40.6789,-74.00783,Entire home/apt,357,5,8,3,0,4
49770362,388056806,Queens,Briarwood,40.70676,-73.81369,Private room,86,1,110,3,72,80
49938794,247502306,Brooklyn,Williamsburg,40.71736,-73.95623,Private room,150,1,33,2,82,21
49770554,177143668,Brooklyn,Midwood,40.61446,-73.95445,Private room,70,5,21,1,286,16
49939732,392567584,Brooklyn,Bedford-Stuyvesant,40.68948,-73.95927,Shared room,38,10,30,12,357,23
49944155,334495442,Brooklyn,Bushwick,40.68983,-73.91464,Private room,135,1,113,2,151,92
49862439,58228630,Manhattan,Harlem,40.82202,-73.95647,Private room,106,2,35,4,350,20
49863599,10388850,Manhattan,NoHo,40.72831,-73.99344,Entire home/apt,329,28,0,1,293,0
49864168,286130003,Brooklyn,Williamsburg,40.708031,-73.942581,Entire home/apt,298,3,19,1,0,19
49865120,401937392,Queens,Corona,40.73798,-73.863693,Shared room,38,1,24,10,347,21
49871065,171697479,Manhattan,Midtown,40.74567,-73.98284,Private room,100,30,31,26,334,13
49770573,395131057,Manhattan,Midtown,40.75346,-73.97207,Entire home/apt,315,2,13,1,19,7
49944738,49636275,Brooklyn,Gowanus,40.68275,-73.98588,Entire home/apt,300,7,1,1,0,0
49945479,64565460,Manhattan,Upper West Side,40.78977,-73.9728,Entire home/apt,333,30,0,1,0,0
49771515,381698920,Manhattan,Hell's Kitchen,40.756,-73.9964,Entire home/apt,457,2,29,19,133,20
49774481,385129361,Manhattan,Upper West Side,40.79746,-73.96153,Entire home/apt,94,30,1,48,162,1
49775120,4852748,Manhattan,Harlem,40.80694,-73.94709,Entire home/apt,229,4,18,8,76,14
49775279,401436640,Bronx,Allerton,40.86174,-73.8654,Entire home/apt,182,2,14,1,159,6
49945526,402747348,Manhattan,Midtown,40.7561,-73.96686,Entire home/apt,230,240,0,1,0,0
49946056,402752945,Brooklyn,Bushwick,40.69817,-73.9292,Private room,65,3,45,1,76,32
49872358,401202937,Manhattan,Midtown,40.74813,-73.9872,Private room,279,1,43,51,61,35
49873851,113295877,Staten Island,Tompkinsville,40.63525,-74.09086,Private room,71,3,25,3,164,20
49776485,26535250,Brooklyn,Windsor Terrace,40.65653,-73.97776,Entire home/apt,176,30,1,7,249,1
49777076,270575271,Manhattan,Upper West Side,40.79259,-73.97238,Private room,123,5,21,2,84,12
49874665,367328551,Brooklyn,Bushwick,40.69369,-73.9055,Entire home/apt,200,5,14,1,158,14
49777208,148101743,Queens,Far Rockaway,40.59529,-73.76355,Entire home/apt,170,4,24,1,352,16
49875205,102643721,Brooklyn,Canarsie,40.64328,-73.91563,Private room,310,2,19,1,180,13
49878174,16782056,Brooklyn,Williamsburg,40.71311,-73.9583,Entire home/apt,240,7,27,1,0,11
49878744,2495677,Manhattan,East Village,40.72629,-73.98766,Private room,450,1,0,5,0,0
49946146,341752262,Manhattan,Midtown,40.74813,-73.98851,Entire home/apt,420,1,162,13,112,127
49946280,402749186,Manhattan,Midtown,40.76419,-73.98005,Entire home/apt,479,3,1,1,64,1
49946348,341752262,Manhattan,Midtown,40.74629,-73.98688,Entire home/apt,490,1,98,13,52,81
49946425,341752262,Manhattan,Midtown,40.74818,-73.98726,Entire home/apt,451,1,96,13,111,70
49777311,393016479,Bronx,Mount Hope,40.84789,-73.90886,Private room,52,2,22,3,107,17
49946463,11280566,Manhattan,Lower East Side,40.71971,-73.99284,Private room,115,2,49,1,3,39
49946551,341752262,Manhattan,Midtown,40.74653,-73.98862,Entire home/apt,991,1,56,13,0,56
49946637,341752262,Manhattan,Midtown,40.74645,-73.9887,Entire home/apt,223,1,235,13,169,183
49946715,341752262,Manhattan,Midtown,40.7464,-73.98701,Entire home/apt,250,1,680,13,177,536
49946754,341752262,Manhattan,Midtown,40.74676,-73.98666,Entire home/apt,318,1,68,13,89,56
49946785,394817730,Manhattan,Theater District,40.75968,-73.98612,Private room,289,1,7,61,0,3
49946789,341752262,Manhattan,Midtown,40.74805,-73.98867,Entire home/apt,256,1,132,13,62,102
49946887,341752262,Manhattan,Midtown,40.74811,-73.98664,Entire home/apt,262,1,186,13,283,175
49946969,341752262,Manhattan,Chelsea,40.7483,-73.98891,Entire home/apt,344,1,400,13,173,320
49947015,341752262,Manhattan,Midtown,40.74822,-73.98747,Entire home/apt,362,1,86,13,127,66
49878995,395965505,Manhattan,East Harlem,40.78576,-73.94448,Private room,98,1,33,3,8,17
49880803,402257342,Brooklyn,East Flatbush,40.65477,-73.93344,Shared room,150,7,1,2,114,1
49881313,402261529,Manhattan,Civic Center,40.71242,-74.00743,Entire home/apt,181,100,2,1,260,1
49881408,394817730,Manhattan,Theater District,40.75965,-73.98558,Private room,289,1,9,61,0,0
49881509,401400056,Manhattan,East Harlem,40.80544,-73.94157,Entire home/apt,300,30,2,1,219,1
49884552,392567584,Brooklyn,Bedford-Stuyvesant,40.68942853259439,-73.95900209891467,Private room,70,15,0,12,340,0
49779563,1556814,Manhattan,Harlem,40.8152,-73.94214,Entire home/apt,200,30,0,10,310,0
49781710,223087887,Queens,Corona,40.73894,-73.86337,Shared room,40,1,20,6,351,13
49785276,133197429,Queens,Ozone Park,40.67186,-73.84234,Private room,110,1,91,4,354,62
49785310,401334061,Queens,Astoria,40.76242,-73.9207,Private room,80,2,24,1,249,15
49887317,7952814,Brooklyn,Bedford-Stuyvesant,40.69007,-73.95647,Entire home/apt,90,2,13,2,27,4
49789530,401539965,Brooklyn,Bensonhurst,40.6069,-73.99596,Entire home/apt,180,50,0,1,90,0
49887648,179266454,Bronx,Williamsbridge,40.8791,-73.86374,Entire home/apt,95,1,3,1,179,2
49889636,5270096,Brooklyn,Bushwick,40.70046,-73.93264,Private room,90,30,1,1,0,1
49895075,7241359,Queens,Ditmars Steinway,40.77267,-73.91481,Private room,115,30,1,1,0,0
49895566,107434423,Manhattan,Upper East Side,40.7777024,-73.9522846,Entire home/apt,329,31,0,453,37,0
49947233,16347811,Brooklyn,Fort Greene,40.68746,-73.97528,Entire home/apt,210,30,1,1,251,0
49948971,335973546,Manhattan,Washington Heights,40.84351,-73.94287,Private room,49,30,0,1,326,0
49949089,155968930,Queens,Astoria,40.76418,-73.92638,Entire home/apt,337,2,61,1,265,42
49949577,247900596,Manhattan,Harlem,40.80549,-73.9482,Entire home/apt,295,1,37,3,300,28
49949849,381698920,Manhattan,Hell's Kitchen,40.75559,-73.99831,Entire home/apt,500,2,20,19,154,12
49791051,401550069,Queens,Richmond Hill,40.70329,-73.82832,Entire home/apt,150,3,22,1,344,17
49791282,401552656,Manhattan,Nolita,40.72214,-73.99417,Entire home/apt,675,30,0,1,328,0
49792387,394817730,Manhattan,Theater District,40.761,-73.98526,Private room,289,1,1,61,0,0
49792993,394817730,Manhattan,Hell's Kitchen,40.76167,-73.98737,Private room,289,1,7,61,0,0
49793548,1186604,Manhattan,West Village,40.73131,-74.00445,Entire home/apt,220,30,2,1,241,1
49793941,70345156,Manhattan,West Village,40.73037,-74.00488,Entire home/apt,165,2,11,1,0,9
49794052,294428595,Brooklyn,Sunset Park,40.64489,-74.00689,Private room,70,1,20,7,352,14
49797045,183038816,Manhattan,Lower East Side,40.71656,-73.98923,Private room,120,1,0,1,0,0
49798380,401614822,Queens,St. Albans,40.69328,-73.75256,Entire home/apt,95,1,75,1,98,56
49951099,402799430,Queens,Howard Beach,40.65358,-73.83582,Private room,103,5,27,4,155,27
49951454,402752251,Brooklyn,Bushwick,40.6961,-73.93036,Shared room,65,3,34,1,87,23
49951702,134428157,Brooklyn,Bedford-Stuyvesant,40.68418,-73.94205,Entire home/apt,140,30,2,5,221,1
49898328,17775359,Brooklyn,Williamsburg,40.71522,-73.96205,Entire home/apt,600,30,17,5,126,3
49898501,24675899,Brooklyn,Bushwick,40.6885225648506,-73.91354294902474,Private room,96,1,0,1,280,0
49898771,112335936,Manhattan,Upper West Side,40.77193,-73.98143,Private room,257,3,0,2,0,0
49899141,179643204,Staten Island,Shore Acres,40.61126,-74.06789,Private room,82,1,6,1,0,4
49899440,223087887,Queens,Corona,40.73766326904297,-73.86444854736328,Private room,89,1,28,6,350,24
49901356,373729963,Bronx,Claremont Village,40.84373,-73.90495,Entire home/apt,61,2,12,2,99,12
49901647,96741258,Brooklyn,Prospect-Lefferts Gardens,40.66161,-73.96123,Entire home/apt,125,30,3,4,94,1
49902236,144008701,Manhattan,Harlem,40.82501,-73.94417,Private room,52,30,7,4,121,6
49799029,401096854,Brooklyn,Bedford-Stuyvesant,40.68369,-73.91665,Private room,80,30,7,9,0,6
49799391,377577659,Queens,Sunnyside,40.74153,-73.92666,Private room,99,5,84,2,269,60
49903574,402410298,Manhattan,Midtown,40.76378,-73.98046,Private room,300,2,0,1,0,0
49906500,61391963,Manhattan,Midtown,40.76116,-73.96911,Entire home/apt,165,30,3,116,342,3
50000106,382617662,Manhattan,Midtown,40.74624,-73.98692,Entire home/apt,238,1,87,7,66,70
50001583,217521776,Manhattan,East Village,40.72726,-73.97705,Entire home/apt,178,30,4,1,198,4
49907989,402456922,Manhattan,Washington Heights,40.83148,-73.94216,Private room,111,2,55,1,36,41
49958366,324189902,Brooklyn,Prospect Heights,40.680935948478144,-73.97284383874046,Entire home/apt,185,30,0,1,308,0
49958460,394817730,Manhattan,Theater District,40.75985,-73.98755,Private room,299,1,0,61,0,0
49958636,394817730,Manhattan,Hell's Kitchen,40.7617,-73.98696,Private room,289,1,22,61,0,10
49958899,394817730,Manhattan,Theater District,40.7616,-73.98518,Private room,299,1,2,61,0,0
50002776,113854049,Manhattan,East Harlem,40.79209,-73.9463,Entire home/apt,137,1,38,1,19,37
49959128,394817730,Manhattan,Theater District,40.76021,-73.98543,Private room,299,1,1,61,0,0
49959478,394817730,Manhattan,Theater District,40.75992,-73.98717,Private room,299,1,1,61,0,0
49959661,394817730,Manhattan,Theater District,40.75966,-73.98711,Private room,299,1,4,61,0,1
49963603,38592279,Manhattan,Midtown,40.74541,-73.9899,Private room,394,1,3,26,27,1
49909523,132878036,Manhattan,Midtown,40.75441,-73.99017,Entire home/apt,182,4,66,1,132,60
49910029,367704372,Manhattan,West Village,40.73381,-74.00165,Entire home/apt,175,180,2,1,90,0
49910031,194940666,Queens,Far Rockaway,40.604,-73.75148,Entire home/apt,116,30,1,6,364,1
49910561,286952543,Manhattan,Flatiron District,40.74017,-73.98749,Entire home/apt,600,3,6,1,44,6
49916027,38530455,Manhattan,Hell's Kitchen,40.76425,-73.98764,Entire home/apt,110,30,2,2,85,1
50003985,202701019,Manhattan,Upper West Side,40.77703,-73.98263,Entire home/apt,1043,4,32,1,210,30
50005702,380601266,Manhattan,East Village,40.72776,-73.98673,Entire home/apt,130,90,3,25,164,2
50006302,4911933,Manhattan,Upper East Side,40.77067,-73.95034,Entire home/apt,250,30,1,1,82,1
50007311,87629139,Bronx,Mott Haven,40.8087,-73.91909,Entire home/apt,281,1,29,4,84,24
49965626,261649111,Queens,Howard Beach,40.65424,-73.84639,Entire home/apt,186,2,36,1,0,24
49966373,6305499,Manhattan,Lower East Side,40.72008,-73.98306,Entire home/apt,374,4,10,1,0,6
49966432,139238261,Queens,Fresh Meadows,40.72926,-73.78704,Entire home/apt,269,4,20,4,118,16
49967730,346364657,Queens,Elmhurst,40.74217,-73.88446,Private room,80,2,29,2,291,17
49968723,346364657,Queens,Elmhurst,40.74251686644669,-73.88549015141699,Private room,90,2,0,2,98,0
49969003,344223705,Bronx,Williamsbridge,40.88408,-73.86027,Entire home/apt,250,1,14,3,305,14
49969511,140241933,Queens,Astoria,40.7549464,-73.91316359999999,Private room,126,1,3,2,365,3
49969599,2653479,Manhattan,Upper West Side,40.79956,-73.96502,Private room,75,3,32,41,75,23
50009504,87629139,Bronx,Mott Haven,40.80722,-73.92109,Private room,99,1,0,4,87,0
50009928,17788946,Manhattan,West Village,40.73123,-74.00523,Entire home/apt,337,2,7,1,0,6
50010284,384532776,Manhattan,Hell's Kitchen,40.75923,-73.98907,Entire home/apt,250,30,0,44,348,0
50011852,206529596,Queens,Jamaica,40.68217,-73.80055,Entire home/apt,160,2,25,1,72,24
50012899,401937392,Queens,Corona,40.73689,-73.8632,Shared room,40,1,30,10,326,19
50014718,49191712,Brooklyn,Bedford-Stuyvesant,40.69381,-73.94532,Entire home/apt,291,2,37,1,63,29
50023441,177174475,Manhattan,Midtown,40.74605,-73.98889,Entire home/apt,331,1,20,8,36,20
49920227,76699286,Bronx,Longwood,40.82456,-73.88819,Private room,9994,1,10,1,365,3
49920246,86771798,Manhattan,Murray Hill,40.74718,-73.97656,Entire home/apt,142,30,0,30,73,0
50023516,401937392,Queens,Corona,40.73798,-73.863693,Private room,83,1,24,10,346,16
50024311,26856136,Queens,Springfield Gardens,40.665,-73.77379,Entire home/apt,259,1,70,1,357,44
49920683,91111113,Manhattan,Harlem,40.82535,-73.94404,Entire home/apt,175,5,43,2,0,30
49976968,237617302,Manhattan,Upper East Side,40.76343,-73.96578,Private room,154,1,80,1,102,64
49977607,3882661,Manhattan,West Village,40.73180395742201,-74.00356670873158,Entire home/apt,300,1,0,4,282,0
50025783,250358007,Brooklyn,Sunset Park,40.64476,-74.00139,Private room,59,1,79,3,27,49
50025884,123284293,Manhattan,Harlem,40.82842,-73.94477,Private room,70,2,9,1,28,9
49979956,401032717,Brooklyn,Cypress Hills,40.68133,-73.88341,Entire home/apt,127,1,51,1,79,35
49980221,260396179,Staten Island,Tompkinsville,40.63488,-74.08711,Entire home/apt,115,5,11,2,56,11
49980442,403061977,Bronx,North Riverdale,40.91138,-73.89677,Private room,120,1,0,1,0,0
49921103,8597778,Manhattan,Upper West Side,40.79183,-73.96641,Entire home/apt,500,6,2,1,0,0
49921619,385129361,Manhattan,Upper West Side,40.79787,-73.96333,Entire home/apt,83,30,5,48,109,4
49922670,199797217,Brooklyn,Mill Basin,40.6162199316187,-73.91504077909616,Entire home/apt,210,4,0,1,360,0
50026612,8309060,Manhattan,Midtown,40.74812,-73.98717,Entire home/apt,257,1,62,9,63,57
50026951,2035021,Brooklyn,Crown Heights,40.67324,-73.958,Entire home/apt,538,1,22,4,360,17
50026965,7952814,Brooklyn,Bedford-Stuyvesant,40.69001,-73.95568,Private room,107,1,5,2,79,4
50027063,193364875,Manhattan,Upper West Side,40.79996,-73.9666,Entire home/apt,150,3,57,2,83,50
50030772,37847510,Queens,Kew Gardens Hills,40.7282,-73.82764,Private room,61,1,1,1,0,0
50031800,384532776,Manhattan,Hell's Kitchen,40.76076,-73.98898,Entire home/apt,250,30,4,44,6,2
50032244,254847,Brooklyn,Windsor Terrace,40.65543,-73.97818,Entire home/apt,131,48,1,1,0,0
50032602,66926,Brooklyn,Bedford-Stuyvesant,40.68712,-73.94687,Private room,120,1,45,1,267,41
50033203,81329124,Manhattan,East Village,40.72874,-73.98353,Entire home/apt,200,3,1,1,0,1
49980476,403062824,Queens,Jackson Heights,40.75057,-73.86329,Entire home/apt,140,30,5,2,309,4
49980819,65809485,Queens,Flushing,40.74921,-73.82733,Private room,70,7,8,12,361,6
49981212,3583662,Brooklyn,Bedford-Stuyvesant,40.68304,-73.91235,Entire home/apt,325,30,1,2,204,1
49985609,155990761,Brooklyn,Williamsburg,40.71478,-73.96506,Private room,120,3,4,2,11,3
49986232,156505456,Brooklyn,East New York,40.66568,-73.87542,Private room,80,2,10,32,363,9
49986878,267735490,Queens,Arverne,40.59282,-73.7967,Entire home/apt,199,3,18,3,365,9
50033816,4012917,Manhattan,Harlem,40.80369,-73.9558,Entire home/apt,229,1,1,1,13,1
49987009,257245441,Brooklyn,Windsor Terrace,40.64984,-73.97989,Private room,101,2,28,1,319,24
49987096,384532776,Manhattan,Hell's Kitchen,40.75969,-73.991,Entire home/apt,265,30,3,44,348,2
49988374,27181542,Manhattan,Upper East Side,40.77282,-73.95574,Entire home/apt,170,30,1,69,65,1
49992561,17266546,Queens,East Elmhurst,40.75663,-73.88729,Entire home/apt,200,30,0,1,179,0
49996255,319990351,Brooklyn,Williamsburg,40.71133,-73.95296,Entire home/apt,175,30,4,2,114,4
49922716,402562568,Manhattan,Kips Bay,40.7406,-73.98163,Entire home/apt,150,30,2,2,309,1
50091740,3223938,Brooklyn,Midwood,40.61514,-73.95502,Private room,29,90,0,288,183,0
50092391,19393988,Manhattan,Upper East Side,40.7745,-73.94928,Entire home/apt,250,7,6,1,0,3
50098070,5319354,Manhattan,Battery Park City,40.71032,-74.01676,Entire home/apt,300,30,1,2,65,1
50098206,3223938,Brooklyn,Bushwick,40.68907,-73.91798,Private room,27,90,0,288,264,0
50098374,782801,Brooklyn,Bedford-Stuyvesant,40.68823,-73.95583,Entire home/apt,160,7,6,1,261,4
50098903,11477369,Manhattan,Washington Heights,40.85036,-73.93906,Entire home/apt,100,2,4,1,5,1
50099111,3223938,Brooklyn,Bushwick,40.69001,-73.91435,Private room,30,90,0,288,266,0
50099245,3223938,Brooklyn,Bedford-Stuyvesant,40.68792,-73.92059,Private room,35,90,0,288,249,0
50034857,403560356,Manhattan,Hell's Kitchen,40.764420923429576,-73.99200441031417,Private room,133,4,49,2,305,47
50102900,167695588,Manhattan,Upper West Side,40.78773,-73.9725,Entire home/apt,141,30,1,1,0,0
50038208,403471033,Manhattan,Hell's Kitchen,40.76406,-73.98771,Shared room,74,2,43,8,5,28
50102924,76901881,Manhattan,Upper West Side,40.78394,-73.9749,Private room,94,1,63,1,0,50
49999513,403222895,Brooklyn,Williamsburg,40.70877,-73.96742,Private room,114,2,27,4,334,23
49999965,403222895,Brooklyn,Williamsburg,40.70858,-73.96725,Private room,111,2,30,4,332,27
50000018,403222895,Brooklyn,Williamsburg,40.70982,-73.968,Private room,114,2,40,4,303,34
50000060,403222895,Brooklyn,Williamsburg,40.71043,-73.96571,Private room,107,2,48,4,285,40
50196889,394817730,Manhattan,Theater District,40.75948,-73.98532,Private room,289,1,10,61,0,0
50197398,162280872,Manhattan,Kips Bay,40.73934,-73.97993,Entire home/apt,150,30,2,98,341,2
50197569,348847132,Manhattan,Harlem,40.82209,-73.95539,Private room,145,2,13,1,346,12
50197603,162280872,Manhattan,Upper East Side,40.77354,-73.95547,Entire home/apt,175,30,0,98,297,0
50043710,267028253,Manhattan,Lower East Side,40.71845,-73.99244,Private room,99,2,33,4,28,16
50197742,15625009,Manhattan,Hell's Kitchen,40.766,-73.99453,Private room,59,30,0,3,316,0
50198813,91016269,Queens,Forest Hills,40.73241,-73.849,Entire home/apt,108,1,0,3,0,0
50199416,392567584,Brooklyn,Clinton Hill,40.68966,-73.96133,Private room,90,7,5,12,346,3
50104622,404233577,Queens,Queens Village,40.7068,-73.74808,Entire home/apt,98,2,55,2,348,38
50105157,3223938,Brooklyn,Bushwick,40.69042,-73.91798,Private room,26,90,0,288,38,0
50105297,3223938,Brooklyn,Prospect Heights,40.67552,-73.96834,Private room,39,90,0,288,249,0
50105429,3223938,Brooklyn,Bushwick,40.68934,-73.9206,Private room,31,90,0,288,262,0
50106057,299128204,Queens,Springfield Gardens,40.69077,-73.74803,Entire home/apt,138,4,9,3,358,7
50044339,2653479,Manhattan,Upper West Side,40.80127,-73.9652,Private room,71,3,23,41,77,18
50044566,341908723,Brooklyn,Crown Heights,40.67652,-73.95729,Private room,53,30,1,53,0,0
50045106,107434423,Manhattan,Midtown,40.7514705,-73.9714149,Entire home/apt,390,31,0,453,158,0
50045900,341908723,Brooklyn,Crown Heights,40.67699,-73.95726,Private room,57,30,1,53,218,0
50046718,341908723,Brooklyn,Crown Heights,40.67687,-73.95742,Private room,52,30,1,53,68,0
50046726,385129361,Manhattan,Upper West Side,40.79753,-73.96188,Entire home/apt,75,30,2,48,251,1
50047337,341908723,Brooklyn,Crown Heights,40.67866,-73.95779,Private room,52,30,0,53,266,0
50048177,231138233,Queens,Ridgewood,40.71221,-73.92014,Private room,65,1,63,7,69,60
50048178,31883653,Manhattan,Financial District,40.70921,-74.00632,Entire home/apt,140,30,0,1,0,0
50110836,137347,Brooklyn,Sheepshead Bay,40.59075,-73.95706,Private room,58,30,1,1,91,1
50114549,401202937,Manhattan,Midtown,40.74767,-73.98664,Private room,277,1,59,51,38,45
50199869,7149860,Brooklyn,Bedford-Stuyvesant,40.68214,-73.94376,Entire home/apt,185,30,1,1,95,0
50199947,461430493,Queens,Ditmars Steinway,40.77168,-73.91766,Private room,77,1,74,3,93,69
50200118,401937392,Queens,Corona,40.73798,-73.863693,Shared room,40,1,27,10,353,23
50201085,393016479,Bronx,Mount Hope,40.84772,-73.90845,Private room,51,1,34,3,130,34
50202344,107434423,Manhattan,Midtown,40.7529005,-73.9743251,Entire home/apt,323,31,0,453,256,0
50202430,107434423,Manhattan,Midtown,40.7529005,-73.9743251,Entire home/apt,317,31,1,453,218,1
50203495,107434423,Manhattan,Midtown,40.7529005,-73.9743251,Entire home/apt,320,31,0,453,140,0
50207230,381698920,Manhattan,Hell's Kitchen,40.75643,-73.99784,Entire home/apt,564,2,19,19,148,15
50048410,207367268,Brooklyn,Sheepshead Bay,40.59978231605954,-73.96303197001573,Private room,102,1,0,1,358,0
50209987,219945845,Brooklyn,Coney Island,40.57943,-73.9847,Entire home/apt,360,30,0,1,0,0
50210952,22541573,Manhattan,Chelsea,40.74113,-73.99885,Entire home/apt,239,30,2,131,325,2
50211348,250252296,Manhattan,Midtown,40.74819,-73.98835,Entire home/apt,310,6,62,4,278,57
50211756,384559808,Manhattan,Gramercy,40.73424,-73.98685,Entire home/apt,82,30,0,24,107,0
50211821,384295125,Manhattan,Midtown,40.76657,-73.98105,Entire home/apt,470,1,23,11,360,20
50213092,394817730,Manhattan,Hell's Kitchen,40.76115,-73.98725,Private room,289,1,8,61,0,2
50213471,214121850,Manhattan,Upper East Side,40.76388,-73.95654,Entire home/apt,500,5,8,1,306,6
50213868,4852748,Manhattan,Harlem,40.80625,-73.94535,Entire home/apt,230,4,2,8,351,2
50214010,19303369,Queens,Sunnyside,40.73825,-73.92568,Private room,46,30,1,175,25,0
50214080,19303369,Queens,Sunnyside,40.73862,-73.92416,Private room,45,30,0,175,0,0
50214137,19303369,Queens,Sunnyside,40.73689,-73.92594,Private room,48,30,0,175,32,0
50214259,19303369,Queens,Sunnyside,40.73841,-73.92566,Private room,39,30,1,175,0,1
50214689,394817730,Manhattan,Theater District,40.76003,-73.98547,Private room,289,1,8,61,0,0
50215606,195137,Manhattan,Harlem,40.82323,-73.94933,Entire home/apt,810,4,3,3,275,3
50217756,283057520,Manhattan,Chinatown,40.71656,-73.99046,Private room,130,5,3,4,325,3
50217850,32924585,Manhattan,Little Italy,40.71698,-73.99797,Entire home/apt,343,1,6,1,348,6
50218172,7755931,Brooklyn,Columbia St,40.68526,-74.00292,Private room,400,6,5,1,332,4
50218259,5717334,Brooklyn,Bedford-Stuyvesant,40.69071,-73.95317,Private room,145,6,0,3,190,0
50218280,253332603,Brooklyn,Bedford-Stuyvesant,40.67752,-73.92228,Private room,73,1,44,2,347,38
50225837,9727832,Brooklyn,Williamsburg,40.714577,-73.946495,Entire home/apt,150,15,3,1,74,2
50114718,9757948,Brooklyn,Greenpoint,40.72847,-73.95952,Entire home/apt,174,30,2,1,168,2
50114749,3388510,Brooklyn,Flatbush,40.64755,-73.96,Entire home/apt,100,2,3,1,0,0
50114923,404355372,Manhattan,East Village,40.72663,-73.98299,Entire home/apt,250,5,20,4,319,15
50115342,112932058,Brooklyn,East Flatbush,40.63567,-73.94713,Entire home/apt,199,9,8,2,320,8
50049091,341908723,Manhattan,Harlem,40.81767,-73.93856,Private room,42,30,1,53,218,0
50049654,341908723,Manhattan,Harlem,40.81751,-73.93888,Private room,42,30,0,53,33,0
50051890,356788134,Queens,Arverne,40.59522,-73.79469,Entire home/apt,80,2,0,1,0,0
50227370,400070515,Manhattan,Harlem,40.82332,-73.9406,Entire home/apt,75,7,6,1,0,2
50227515,405442151,Brooklyn,East Flatbush,40.66213,-73.92345,Private room,1025,30,0,1,0,0
50051908,217879009,Queens,Fresh Meadows,40.73952,-73.78714,Private room,186,2,24,1,343,15
50228716,45949720,Brooklyn,Park Slope,40.67165,-73.98635,Entire home/apt,261,2,47,1,82,47
50115798,60093971,Manhattan,Harlem,40.82567,-73.94489,Entire home/apt,121,2,13,1,264,11
50052108,48282875,Brooklyn,Williamsburg,40.70471,-73.94064,Entire home/apt,150,7,4,2,9,3
50052355,267028253,Manhattan,Lower East Side,40.71782,-73.9911,Private room,102,1,52,4,24,33
50052647,403724650,Manhattan,Harlem,40.80284,-73.94643,Private room,50,15,0,3,0,0
50229406,162411010,Queens,Ozone Park,40.68633,-73.83581,Entire home/apt,120,30,0,1,83,0
50229441,200239515,Queens,Sunnyside,40.73856,-73.92431,Private room,48,30,5,158,0,5
50053083,217621677,Queens,Jamaica,40.687073,-73.77549,Entire home/apt,124,1,44,1,157,41
50116702,362818550,Brooklyn,Crown Heights,40.67597,-73.9387,Private room,103,2,27,1,70,16
50117518,141931484,Brooklyn,Canarsie,40.63297,-73.89027,Private room,44,4,16,5,329,13
50117914,383117231,Brooklyn,Bedford-Stuyvesant,40.68444,-73.93846,Entire home/apt,550,30,0,3,90,0
50054553,255420742,Brooklyn,Windsor Terrace,40.65886,-73.98405,Private room,82,1,59,2,105,48
50060238,224047081,Brooklyn,Sea Gate,40.57706,-74.01059,Private room,91,5,17,12,120,14
50117933,326865029,Manhattan,Inwood,40.86378,-73.92729,Private room,90,1,2,1,351,2
50124455,404456124,Queens,Jackson Heights,40.75285,-73.88539,Entire home/apt,58,3,27,1,0,15
50229460,84093348,Manhattan,West Village,40.73623,-74.00012,Entire home/apt,650,7,0,1,0,0
50229513,200239515,Queens,Sunnyside,40.73819,-73.92428,Private room,43,30,0,158,0,0
50229577,200239515,Queens,Sunnyside,40.73701,-73.92565,Private room,43,30,2,158,32,2
50229778,200239515,Queens,Sunnyside,40.73693,-73.9239,Private room,37,30,0,158,0,0
50230422,405475955,Brooklyn,Bedford-Stuyvesant,40.69,-73.93311,Entire home/apt,187,5,0,1,0,0
50230523,9743617,Manhattan,Harlem,40.81563,-73.94315,Entire home/apt,139,4,24,7,298,20
50231254,9743617,Manhattan,Harlem,40.81581,-73.94122,Entire home/apt,125,4,22,7,299,16
50231445,237715800,Brooklyn,Bushwick,40.69224,-73.9202,Entire home/apt,101,30,4,2,301,3
50232312,4888892,Brooklyn,Bushwick,40.70045,-73.91861,Private room,94,5,36,8,328,28
50232558,3223938,Brooklyn,Prospect-Lefferts Gardens,40.65759,-73.95326,Private room,38,90,0,288,241,0
50240309,75088796,Bronx,Highbridge,40.82979,-73.92907,Entire home/apt,201,7,2,1,352,1
50060985,227736941,Bronx,Pelham Bay,40.84571,-73.83198,Entire home/apt,93,2,17,1,133,16
50240781,284337887,Brooklyn,Bedford-Stuyvesant,40.69902,-73.94112,Private room,37,30,3,14,122,2
50241151,284337887,Brooklyn,Bushwick,40.70087,-73.93942,Private room,38,30,0,14,249,0
50241334,382603514,Brooklyn,Bedford-Stuyvesant,40.68169,-73.95207,Entire home/apt,236,1,78,2,69,64
50243139,41577453,Manhattan,Flatiron District,40.73936,-73.98491,Entire home/apt,170,2,17,1,0,12
50243748,307197943,Manhattan,Hell's Kitchen,40.76054,-73.99775,Entire home/apt,1128,1,37,6,67,36
50126048,404468987,Queens,Laurelton,40.68169,-73.7345,Entire home/apt,220,2,29,1,134,29
50128696,9289171,Brooklyn,Crown Heights,40.67129,-73.92768,Entire home/apt,313,2,42,4,126,34
50129322,9289171,Brooklyn,Crown Heights,40.67158,-73.92963,Entire home/apt,336,2,32,4,142,29
50132114,278925199,Manhattan,Upper East Side,40.75894,-73.95951,Entire home/apt,275,30,4,17,365,4
50132200,404527714,Bronx,Concourse Village,40.82092,-73.92437,Entire home/apt,215,3,46,1,353,34
50133133,377953873,Manhattan,East Village,40.72858,-73.9809,Entire home/apt,115,30,4,3,270,2
50133539,291168522,Queens,Ridgewood,40.69663,-73.90285,Entire home/apt,295,28,2,2,117,0
50133982,171697479,Manhattan,Midtown,40.74524,-73.98298,Private room,115,30,16,26,332,8
50133987,19349568,Brooklyn,Flatlands,40.62133,-73.92777,Entire home/apt,132,3,45,2,352,35
50136462,45416627,Queens,Astoria,40.76741,-73.92334,Private room,50,3,8,10,69,8
50138450,3857642,Brooklyn,Canarsie,40.64044,-73.88476,Entire home/apt,150,1,0,1,95,0
50138941,53686964,Manhattan,Upper East Side,40.77138,-73.95431,Private room,80,1,54,4,269,44
50065207,67377627,Queens,East Elmhurst,40.75665,-73.87943,Entire home/apt,170,2,21,3,281,17
50066448,341908723,Manhattan,Harlem,40.81752,-73.93825,Private room,48,30,1,53,15,1
50066660,11910319,Brooklyn,Bedford-Stuyvesant,40.67907111214717,-73.94057534541045,Private room,153,1,1,1,17,1
50067437,36793116,Manhattan,Midtown,40.76624,-73.97967,Entire home/apt,235,1,1,5,263,1
50068428,24338669,Brooklyn,Williamsburg,40.71005,-73.95455,Entire home/apt,250,30,0,1,0,0
50068502,3249409,Brooklyn,Williamsburg,40.71024,-73.96355,Entire home/apt,175,14,2,1,0,1
50069160,17412395,Queens,Arverne,40.59386,-73.78876,Entire home/apt,150,1,77,1,134,44
50145063,13693119,Queens,Astoria,40.77427,-73.92764,Entire home/apt,153,3,42,1,167,34
50146700,219517861,Manhattan,Financial District,40.71054,-74.00766,Entire home/apt,355,29,0,71,264,0
50243778,388071431,Queens,South Ozone Park,40.67143,-73.79035,Entire home/apt,102,2,23,1,157,23
50070357,384559808,Manhattan,Gramercy,40.73259,-73.98538,Entire home/apt,78,30,1,24,72,1
50070650,61391963,Manhattan,Murray Hill,40.74733,-73.97452,Entire home/apt,175,30,5,116,99,4
50071251,381930015,Brooklyn,Bedford-Stuyvesant,40.68076,-73.92291,Entire home/apt,60,30,1,1,111,0
50073324,257640921,Bronx,Clason Point,40.813202,-73.860641,Private room,55,30,3,2,105,2
50243854,10512098,Brooklyn,Carroll Gardens,40.67914,-73.99889,Entire home/apt,179,30,7,1,46,6
50244908,6057887,Manhattan,Washington Heights,40.84897,-73.93882,Private room,60,4,0,2,0,0
50245157,31856478,Manhattan,Morningside Heights,40.81144,-73.96385,Entire home/apt,190,45,2,1,49,1
50147459,60094602,Manhattan,Hell's Kitchen,40.76571,-73.98995,Entire home/apt,210,30,2,1,326,2
50073673,386760479,Brooklyn,East Flatbush,40.64937,-73.9502,Entire home/apt,129,2,83,3,64,40
50073875,52834548,Bronx,Parkchester,40.83806,-73.86827,Entire home/apt,200,3,18,1,338,10
50074337,175684720,Manhattan,West Village,40.72887,-74.00278,Entire home/apt,261,3,40,1,205,36
50147460,50506922,Brooklyn,Clinton Hill,40.68971,-73.96544,Entire home/apt,450,4,7,1,249,6
50147790,10516325,Manhattan,Hell's Kitchen,40.75552,-73.99581,Entire home/apt,210,8,3,1,0,3
50148604,61391963,Manhattan,Midtown,40.75904,-73.96924,Entire home/apt,175,30,0,116,311,0
50148960,126503835,Brooklyn,Williamsburg,40.71565,-73.96623,Private room,166,2,20,4,74,12
50150722,19135883,Brooklyn,Williamsburg,40.70845,-73.9474,Entire home/apt,280,3,13,1,0,10
50152840,6796668,Brooklyn,Williamsburg,40.71941,-73.943146,Entire home/apt,200,31,0,1,165,0
50153056,404734114,Brooklyn,Bedford-Stuyvesant,40.68209,-73.92051,Entire home/apt,183,2,36,1,195,36
50245768,145743257,Brooklyn,Bushwick,40.69304,-73.92499,Private room,36,30,0,1,0,0
50084196,395965505,Manhattan,East Harlem,40.78692,-73.94268,Private room,110,1,65,3,67,55
50084204,12749467,Manhattan,SoHo,40.72574,-74.00323,Entire home/apt,150,30,5,4,126,4
50084513,306351832,Brooklyn,Crown Heights,40.67285,-73.91909,Entire home/apt,200,4,10,1,71,8
50246021,370972093,Brooklyn,Williamsburg,40.70682,-73.96011,Entire home/apt,195,1,2,1,0,0
50246186,6057887,Manhattan,Washington Heights,40.84755,-73.93825,Private room,70,4,1,2,0,0
50154258,7133387,Queens,Long Island City,40.75976,-73.92899,Entire home/apt,249,2,69,1,62,60
50154380,112814443,Brooklyn,Bedford-Stuyvesant,40.68364,-73.94448,Entire home/apt,220,2,47,2,186,39
50154480,61391963,Manhattan,Murray Hill,40.74716,-73.97385,Entire home/apt,175,30,4,116,250,3
50086015,194953121,Manhattan,Midtown,40.76326,-73.98061,Entire home/apt,1114,2,0,25,0,0
50086019,194953121,Manhattan,Theater District,40.76129,-73.97949,Entire home/apt,891,2,0,25,0,0
50086021,194953121,Manhattan,Midtown,40.76288,-73.98052,Entire home/apt,631,2,0,25,0,0
50086024,194953121,Manhattan,Theater District,40.76152,-73.98048,Entire home/apt,1203,2,0,25,0,0
50086027,194953121,Manhattan,Midtown,40.7633,-73.98063,Entire home/apt,1203,2,0,25,0,0
50086115,194953121,Manhattan,Midtown,40.76437,-73.97623,Entire home/apt,1755,2,0,25,0,0
50086117,194953121,Manhattan,Midtown,40.76507,-73.97616,Entire home/apt,1203,2,0,25,0,0
50086122,194953121,Manhattan,Midtown,40.76481,-73.97672,Entire home/apt,1404,2,0,25,0,0
50086127,194953121,Manhattan,Midtown,40.76557,-73.97689,Entire home/apt,602,2,0,25,0,0
50087383,380601266,Manhattan,East Village,40.72658,-73.98845,Entire home/apt,124,90,3,25,112,2
50087884,404036280,Queens,Jamaica Hills,40.71031,-73.79472,Private room,20,7,0,1,0,0
50155245,225246934,Manhattan,Kips Bay,40.74041,-73.97961,Entire home/apt,140,5,5,1,0,0
50088503,2867137,Manhattan,Midtown,40.76401,-73.98341,Entire home/apt,230,30,1,73,250,1
50088585,2867137,Manhattan,Theater District,40.76361,-73.98343,Entire home/apt,220,30,0,73,305,0
50088752,105616582,Manhattan,Chelsea,40.74043,-73.99881,Shared room,179,30,2,3,311,1
50089988,166713328,Queens,Ozone Park,40.67722,-73.86025,Private room,45,1,10,3,0,1
50273161,546370,Brooklyn,Bedford-Stuyvesant,40.68744,-73.94992,Private room,68,30,7,16,320,7
50155997,404763698,Manhattan,East Harlem,40.81533,-73.93524,Entire home/apt,174,2,64,2,113,45
50247406,27646625,Brooklyn,Bushwick,40.69184,-73.92625,Entire home/apt,200,2,80,1,319,65
50277469,20087667,Queens,Astoria,40.76771,-73.93076,Entire home/apt,275,30,2,2,109,1
50247467,201875657,Queens,Jackson Heights,40.74818,-73.87969,Private room,85,2,22,3,316,22
50249217,3223938,Brooklyn,Bushwick,40.69287,-73.91095,Private room,31,30,0,288,264,0
50249515,3223938,Brooklyn,Bushwick,40.68926,-73.91875,Private room,32,90,1,288,129,1
50257676,681225,Queens,Rockaway Beach,40.58809886447322,-73.81426478741061,Private room,75,1,7,2,356,7
50260476,22541573,Manhattan,Chelsea,40.74007,-74.00058,Entire home/apt,179,30,1,131,345,1
50261209,2811974,Brooklyn,Flatbush,40.644,-73.95622,Entire home/apt,110,5,0,1,0,0
50277587,405957567,Manhattan,Midtown,40.750782,-73.984215,Private room,171,1,21,23,0,16
50279149,53766519,Staten Island,Arden Heights,40.56434,-74.18373,Entire home/apt,97,1,95,1,357,67
50263277,547423,Manhattan,Tribeca,40.71747,-74.00354,Entire home/apt,350,3,2,1,0,0
50263316,51589519,Manhattan,Midtown,40.75523,-73.96626,Entire home/apt,130,31,5,14,64,5
50263756,51426218,Queens,Richmond Hill,40.68554,-73.81995,Private room,30,30,0,6,130,0
50156236,72086306,Brooklyn,Bedford-Stuyvesant,40.69653,-73.94857,Entire home/apt,121,3,63,1,138,51
50156834,387851556,Queens,Arverne,40.59088,-73.78667,Entire home/apt,190,3,19,1,0,10
50281935,162280872,Manhattan,Upper East Side,40.77531,-73.94897,Entire home/apt,150,30,2,98,311,2
50282803,10309182,Brooklyn,Williamsburg,40.70866,-73.94245,Entire home/apt,210,30,3,1,70,2
50284772,141785145,Manhattan,Harlem,40.82541,-73.94189,Private room,75,5,1,2,300,0
50157885,313011393,Brooklyn,Bedford-Stuyvesant,40.69463,-73.96034,Private room,53,1,31,3,0,23
50158891,3922019,Queens,Ditmars Steinway,40.77568,-73.90218,Entire home/apt,125,20,0,1,0,0
50285340,138373960,Brooklyn,Prospect-Lefferts Gardens,40.65643,-73.95362,Entire home/apt,212,2,48,1,157,38
50265828,88566861,Manhattan,Hell's Kitchen,40.76242,-73.99234,Private room,217,1,100,3,285,99
50265921,88566861,Manhattan,Hell's Kitchen,40.76175,-73.99281,Private room,207,1,194,3,286,187
50265933,88566861,Manhattan,Hell's Kitchen,40.76018,-73.99078,Private room,150,1,25,3,224,25
50265944,350862434,Brooklyn,East Flatbush,40.63824,-73.93567,Private room,51,30,4,4,305,2
50286714,182827988,Brooklyn,Brownsville,40.67574,-73.90565,Private room,85,2,28,1,0,15
50265988,182523684,Queens,Middle Village,40.71559,-73.8888,Private room,70,2,12,4,249,10
50287920,15147054,Brooklyn,Williamsburg,40.70822,-73.942,Private room,145,3,34,2,330,30
50288087,343836403,Brooklyn,Bedford-Stuyvesant,40.68019,-73.91056,Entire home/apt,115,1,55,1,0,53
50266054,399555458,Manhattan,Kips Bay,40.74192,-73.98142,Private room,331,2,55,1,231,47
50268123,31601716,Manhattan,Nolita,40.72376,-73.99365,Entire home/apt,159,31,1,2,324,0
50269963,403724650,Manhattan,Harlem,40.80208,-73.94795,Private room,45,15,0,3,0,0
50270422,333057838,Brooklyn,Flatlands,40.632427,-73.922829,Entire home/apt,364,120,0,9,156,0
50270699,2653479,Manhattan,Upper West Side,40.80209,-73.96642,Private room,74,2,34,41,71,27
50159127,404801432,Bronx,Concourse,40.82923,-73.92162,Private room,60,28,6,1,103,6
50288333,257640921,Bronx,Clason Point,40.813202,-73.860687,Private room,50,1,7,2,226,5
50288716,38592279,Manhattan,Hell's Kitchen,40.75474,-73.99436,Private room,334,1,16,26,24,10
50288808,344974718,Brooklyn,Williamsburg,40.71603,-73.93923,Entire home/apt,168,3,44,1,264,44
50271544,363672432,Manhattan,Financial District,40.70687,-74.00886,Entire home/apt,150,1,1,1,0,0
50272588,263331130,Brooklyn,Bushwick,40.70002,-73.92011,Private room,90,1,63,6,75,46
50373097,151084261,Brooklyn,Williamsburg,40.71859,-73.95089,Private room,70,30,3,7,360,2
50373395,26535250,Brooklyn,Windsor Terrace,40.65943,-73.97711,Entire home/apt,350,30,4,7,330,3
50373477,406886697,Queens,Astoria,40.75795,-73.92002,Entire home/apt,196,5,11,1,228,8
50289003,404435510,Manhattan,East Village,40.72461,-73.98834,Entire home/apt,104,30,0,1,0,0
50376628,6032380,Manhattan,Kips Bay,40.74284,-73.98032,Entire home/apt,200,3,35,1,40,32
50377243,405504942,Manhattan,Kips Bay,40.74525,-73.97853,Entire home/apt,150,7,1,1,0,0
50379809,384295125,Manhattan,Midtown,40.76386,-73.98007,Private room,470,1,1,11,360,0
50379952,1321504,Brooklyn,Crown Heights,40.67183,-73.94548,Entire home/apt,80,30,0,1,280,0
50380428,10135159,Brooklyn,Fort Greene,40.68671,-73.97844,Entire home/apt,200,90,1,1,248,1
50380463,51426218,Queens,Richmond Hill,40.68426,-73.82152,Private room,50,10,0,6,0,0
50380856,31916657,Queens,East Elmhurst,40.76474,-73.87659,Entire home/apt,269,3,31,2,346,27
50380976,9041334,Queens,Forest Hills,40.72192,-73.85611,Entire home/apt,182,1,17,1,95,17
50164728,13678083,Brooklyn,Greenpoint,40.72486,-73.94666,Entire home/apt,200,2,17,1,5,16
50165876,157236586,Bronx,Fordham,40.85868,-73.90025,Private room,80,5,0,2,0,0
50165885,107434423,Manhattan,Flatiron District,40.7432769,-73.9912032,Entire home/apt,701,31,0,453,345,0
50166529,3223938,Brooklyn,Bensonhurst,40.61068,-73.98152,Private room,24,90,0,288,333,0
50168481,39737693,Brooklyn,Fort Greene,40.68943,-73.9722,Entire home/apt,180,4,6,1,18,4
50169444,15857126,Manhattan,SoHo,40.72728,-74.00443,Entire home/apt,135,5,2,1,0,2
50291206,406092115,Brooklyn,Park Slope,40.67126,-73.98432,Entire home/apt,150,30,0,1,0,0
50170583,399513696,Brooklyn,Prospect-Lefferts Gardens,40.66005,-73.95834,Entire home/apt,150,4,44,1,199,39
50172208,36978567,Bronx,Port Morris,40.80537,-73.92174,Private room,67,1,87,3,235,65
50291345,162280872,Manhattan,Hell's Kitchen,40.76093,-73.99115,Entire home/apt,165,30,1,98,278,1
50297261,21534672,Brooklyn,Prospect-Lefferts Gardens,40.66186,-73.94324,Entire home/apt,407,2,9,4,63,9
50300354,406163945,Brooklyn,Greenpoint,40.72957,-73.9574,Entire home/apt,244,2,10,2,0,7
50172883,93994090,Brooklyn,Williamsburg,40.71067,-73.96606,Private room,146,3,10,5,348,10
50175339,17330506,Manhattan,Tribeca,40.71875,-74.00784,Private room,160,2,1,1,0,0
50381056,406984733,Brooklyn,East New York,40.660553,-73.899261,Entire home/apt,246,2,60,1,279,46
50381132,11369454,Manhattan,Harlem,40.8106,-73.95307,Entire home/apt,145,1,75,3,255,63
50381159,298747627,Queens,Ozone Park,40.68264,-73.85221,Entire home/apt,111,1,13,4,363,6
50382110,20854377,Manhattan,Upper West Side,40.77763,-73.97773,Entire home/apt,461,3,12,1,9,9
50387298,394817730,Manhattan,Theater District,40.75975,-73.98533,Private room,299,1,2,61,0,1
50303978,406193264,Brooklyn,Bushwick,40.68315,-73.91083,Private room,78,1,83,7,35,67
50389441,407057335,Bronx,Williamsbridge,40.87851,-73.857643,Private room,98,3,0,3,354,0
50390924,385129361,Manhattan,Upper West Side,40.79556,-73.96321,Entire home/apt,75,30,2,48,131,1
50391221,108719570,Brooklyn,Williamsburg,40.70855,-73.94372,Private room,110,1,21,2,0,10
50177212,404960164,Queens,East Elmhurst,40.76216,-73.88219,Entire home/apt,103,1,37,3,67,36
50307224,2867137,Manhattan,Midtown,40.76431,-73.98173,Entire home/apt,195,30,2,73,242,2
50307683,284337887,Brooklyn,Bedford-Stuyvesant,40.68895,-73.92867,Private room,37,30,1,14,313,0
50307968,163251048,Manhattan,Midtown,40.765633,-73.982376,Entire home/apt,720,30,0,30,363,0
50308659,2653479,Manhattan,Morningside Heights,40.80346,-73.96459,Private room,80,2,19,41,77,15
50308709,163251048,Manhattan,Midtown,40.76563,-73.98238,Entire home/apt,522,30,0,30,251,0
50309082,36964384,Manhattan,West Village,40.7379,-74.007,Entire home/apt,147,30,1,1,133,1
50179331,362114671,Queens,Astoria,40.75999,-73.91602,Entire home/apt,325,2,0,1,356,0
50179515,1001259,Manhattan,Upper East Side,40.76365,-73.96666,Entire home/apt,198,4,19,1,208,15
50180051,9510011,Manhattan,Hell's Kitchen,40.764149,-73.991844,Entire home/apt,300,2,27,2,34,23
50309109,180746404,Queens,Hollis,40.705786171403474,-73.7723614008002,Entire home/apt,120,1,8,1,362,8
50393010,406175571,Brooklyn,Kensington,40.63439,-73.97239,Entire home/apt,112,30,4,6,347,3
50309122,2867137,Manhattan,Midtown,40.76589,-73.98297,Entire home/apt,230,30,1,73,341,1
50309369,377953873,Brooklyn,Williamsburg,40.70743,-73.96251,Entire home/apt,160,30,5,3,319,4
50309981,199118646,Brooklyn,East Flatbush,40.64829,-73.94991,Entire home/apt,140,4,1,2,163,1
50310154,1099124,Queens,Sunnyside,40.74132,-73.91903,Private room,95,3,38,1,0,28
50310472,40939327,Manhattan,Hell's Kitchen,40.76498361338172,-73.99054836695413,Private room,220,2,1,1,351,1
50394733,407101663,Queens,Jamaica,40.69231,-73.78522,Private room,97,1,57,1,239,39
50394984,380601266,Manhattan,East Village,40.72715,-73.98643,Entire home/apt,137,90,2,25,6,1
50395307,2264004,Brooklyn,Carroll Gardens,40.6849,-73.98993,Entire home/apt,210,30,6,2,125,5
50399497,203890641,Queens,Ditmars Steinway,40.77594,-73.90974,Private room,105,3,27,5,51,27
50399977,103841276,Brooklyn,Williamsburg,40.70117,-73.94484,Entire home/apt,566,2,55,4,102,45
50402337,58203710,Queens,Long Island City,40.75438,-73.93245,Entire home/apt,196,2,55,1,52,43
50181584,405009589,Brooklyn,East Flatbush,40.64163,-73.93033,Entire home/apt,100,1,68,1,36,68
50184806,233375830,Brooklyn,East Flatbush,40.64774,-73.94967,Entire home/apt,233,30,5,1,261,5
50310569,406193264,Brooklyn,Bushwick,40.68442,-73.91271,Private room,84,1,74,7,35,55
50312725,378900197,Brooklyn,Bedford-Stuyvesant,40.69158,-73.94066,Entire home/apt,349,13,0,1,341,0
50313498,3223938,Brooklyn,Sheepshead Bay,40.5928,-73.95041,Private room,23,90,0,288,99,0
50313940,3223938,Queens,Ridgewood,40.69906,-73.90357,Private room,34,90,0,288,249,0
50314078,3223938,Queens,Ridgewood,40.69894,-73.90483,Private room,36,90,0,288,219,0
50317248,19981094,Brooklyn,Prospect Heights,40.67776,-73.969,Private room,52,6,1,2,1,1
50321489,406175571,Brooklyn,Kensington,40.63353,-73.97404,Entire home/apt,112,30,1,6,346,0
50322420,25358619,Queens,Astoria,40.76819,-73.91357,Entire home/apt,175,3,28,1,283,28
50190755,30554088,Bronx,Kingsbridge,40.87039,-73.89849,Entire home/apt,90,30,4,1,157,4
50191037,25608298,Brooklyn,Bedford-Stuyvesant,40.69336,-73.94175,Private room,51,1,52,2,0,37
50191539,342223816,Bronx,Van Nest,40.84317,-73.86575,Entire home/apt,116,1,54,1,46,54
50195162,388190137,Brooklyn,Bushwick,40.69804,-73.93145,Private room,165,1,33,2,19,33
50402504,61796982,Brooklyn,Bedford-Stuyvesant,40.69263,-73.95921,Entire home/apt,80,5,3,1,6,2
50403442,112901574,Brooklyn,Bedford-Stuyvesant,40.6914,-73.93302,Private room,89,3,18,7,162,18
50323999,195034008,Queens,Arverne,40.59788,-73.79966,Entire home/apt,339,31,58,3,342,43
50403831,7979680,Brooklyn,Coney Island,40.5773,-73.99807,Entire home/apt,214,5,5,1,351,5
50403963,112901574,Brooklyn,Bedford-Stuyvesant,40.6891,-73.93272,Private room,94,3,39,7,165,36
50324225,6556716,Brooklyn,Prospect Heights,40.67944,-73.96693,Entire home/apt,120,10,9,2,277,9
50324935,157728550,Manhattan,East Harlem,40.80098,-73.94218,Private room,350,5,0,2,365,0
50325603,385129361,Manhattan,Upper West Side,40.79782,-73.96146,Entire home/apt,78,30,2,48,134,2
50327420,4888892,Brooklyn,Bushwick,40.70219,-73.92009,Private room,87,7,19,8,341,16
50327689,406416181,Manhattan,SoHo,40.72301,-73.99873,Entire home/apt,425,30,0,1,0,0
50404599,405865572,Manhattan,East Village,40.72317,-73.98915,Entire home/apt,317,1,52,1,313,49
50406828,26377263,Brooklyn,East Flatbush,40.65876,-73.93578,Private room,43,6,6,53,278,6
50408339,67067520,Brooklyn,Greenpoint,40.72525,-73.95345,Entire home/apt,207,30,5,1,97,5
50410074,59039009,Brooklyn,Williamsburg,40.7149,-73.96349,Entire home/apt,300,2,18,1,62,15
50195261,404940500,Brooklyn,Williamsburg,40.7126,-73.94766,Entire home/apt,425,30,1,12,156,1
50195332,57655724,Manhattan,Upper West Side,40.77993,-73.98098,Entire home/apt,1064,3,27,3,50,25
50329700,128244964,Brooklyn,Crown Heights,40.67409,-73.92671,Private room,88,5,2,4,46,1
50331423,110506181,Queens,Rego Park,40.73326,-73.8594,Private room,80,2,1,2,0,0
50332538,73390844,Manhattan,Hell's Kitchen,40.7622,-73.99577,Private room,53,30,0,1,35,0
50196203,393411688,Brooklyn,Bedford-Stuyvesant,40.67964,-73.94179,Entire home/apt,147,2,62,3,234,49
50196788,302951011,Manhattan,Hell's Kitchen,40.7696,-73.9907,Entire home/apt,750,1,0,1,365,0
50414936,405199754,Brooklyn,East Flatbush,40.64266,-73.94589,Entire home/apt,150,4,47,1,331,45
50333765,303749984,Brooklyn,Sunset Park,40.65552,-74.00462,Entire home/apt,110,3,1,1,0,1
50416136,407298976,Brooklyn,East New York,40.675,-73.88861,Private room,70,3,14,2,64,12
50416222,177174475,Manhattan,Midtown,40.74615,-73.98882,Entire home/apt,376,1,30,8,14,29
50416793,3722715,Brooklyn,Bedford-Stuyvesant,40.69019,-73.95321,Entire home/apt,293,1,27,3,218,21
50416865,271275048,Manhattan,Chelsea,40.74641,-73.9912,Entire home/apt,125,30,4,15,311,3
50196868,96056572,Brooklyn,Bedford-Stuyvesant,40.68941,-73.94896,Private room,180,5,0,1,107,0
50467092,129797713,Queens,Astoria,40.76501,-73.91036,Private room,80,5,7,1,235,5
50468791,17647550,Manhattan,NoHo,40.7247,-73.99248,Entire home/apt,414,2,31,2,12,28
50335735,107434423,Manhattan,Hell's Kitchen,40.76304,-73.98697,Entire home/apt,235,31,0,453,336,0
50335745,107434423,Manhattan,Upper West Side,40.7927409,-73.96798869999999,Entire home/apt,330,31,0,453,324,0
50341262,406175571,Brooklyn,Kensington,40.6358,-73.97404,Entire home/apt,114,30,0,6,281,0
50342075,284337887,Brooklyn,Bedford-Stuyvesant,40.69877,-73.93945,Private room,38,30,1,14,280,0
50343225,263331130,Brooklyn,Bushwick,40.69946,-73.92035,Private room,114,1,21,6,62,21
50343729,406570122,Manhattan,East Village,40.73299,-73.99012,Entire home/apt,525,4,4,1,0,0
50344358,284337887,Brooklyn,Bedford-Stuyvesant,40.68978,-73.92799,Private room,37,30,1,14,250,0
50345226,406581194,Manhattan,Upper East Side,40.77157,-73.96086,Entire home/apt,80,3,2,1,204,0
50469018,271146927,Queens,Flushing,40.72347,-73.80079,Entire home/apt,75,30,0,1,0,0
50469249,162280872,Manhattan,Upper East Side,40.77159,-73.95498,Entire home/apt,150,30,0,98,251,0
50473264,107434423,Manhattan,Midtown,40.75478,-73.96689,Entire home/apt,366,31,0,453,151,0
50475919,1403096,Brooklyn,Greenpoint,40.73409,-73.95791,Entire home/apt,249,30,3,1,74,2
50476178,95331018,Manhattan,Harlem,40.80315,-73.94989,Entire home/apt,216,90,0,4,37,0
50417430,407257557,Queens,Astoria,40.76551,-73.91039,Entire home/apt,93,2,3,1,66,0
50417918,13667544,Brooklyn,Crown Heights,40.6723,-73.96088,Entire home/apt,125,10,1,1,0,0
50419158,216453855,Manhattan,West Village,40.73302,-74.00722,Entire home/apt,140,30,0,1,0,0
50420834,100666941,Brooklyn,Sheepshead Bay,40.60133,-73.95419,Entire home/apt,74,30,0,1,0,0
50346231,284337887,Brooklyn,Bushwick,40.70018,-73.94082,Private room,38,30,1,14,249,0
50346990,290512768,Brooklyn,Gravesend,40.59314,-73.98912,Entire home/apt,130,1,85,1,150,67
50421355,407354015,Manhattan,Midtown,40.74403,-73.98162,Entire home/apt,500,30,0,4,365,0
50476420,407147563,Manhattan,Harlem,40.82677,-73.94219,Entire home/apt,225,1,77,1,17,63
50478502,394817730,Manhattan,Theater District,40.75936,-73.98714,Private room,309,1,1,61,0,0
50480214,4516365,Brooklyn,Crown Heights,40.67316,-73.95798,Entire home/apt,275,2,69,1,177,59
50482591,3007477,Manhattan,Washington Heights,40.8476,-73.94097,Entire home/apt,150,5,0,2,0,0
50347787,406606560,Queens,Jackson Heights,40.74956,-73.87231,Private room,66,2,43,3,148,31
50484087,31925547,Queens,Astoria,40.76052,-73.92635,Entire home/apt,122,4,3,1,0,3
50486372,402562568,Manhattan,Kips Bay,40.73911,-73.98144,Entire home/apt,150,30,2,2,156,2
50423095,267582985,Manhattan,Inwood,40.86262,-73.92896,Private room,65,30,0,1,0,0
50423127,365309485,Queens,Far Rockaway,40.59727,-73.74178,Entire home/apt,113,2,20,3,162,16
50423420,14366869,Manhattan,Hell's Kitchen,40.76144,-73.98758,Private room,247,2,41,1,32,37
50424036,15835028,Manhattan,Harlem,40.81488,-73.94503,Entire home/apt,289,7,12,3,158,6
50348687,406616783,Brooklyn,Canarsie,40.64282,-73.91394,Entire home/apt,175,2,18,1,168,12
50486817,223558519,Brooklyn,Prospect-Lefferts Gardens,40.65902,-73.95759,Private room,50,1,40,2,0,24
50487150,308339340,Queens,Woodhaven,40.68848,-73.86521,Entire home/apt,116,1,22,2,64,17
50350619,47119244,Manhattan,Washington Heights,40.84676,-73.93754,Private room,93,2,18,2,325,14
50350784,298205971,Queens,Rego Park,40.73408,-73.85733,Private room,110,30,13,5,173,12
50351057,52817844,Manhattan,Upper West Side,40.79706,-73.96392,Private room,80,1,86,2,6,75
50487933,137019730,Brooklyn,Bedford-Stuyvesant,40.68638,-73.95692,Entire home/apt,150,3,3,1,0,1
50488088,380601266,Manhattan,Upper West Side,40.79002,-73.97097,Entire home/apt,190,90,3,25,298,3
50488322,169873853,Queens,Ridgewood,40.7066,-73.90545,Entire home/apt,93,1,69,3,254,58
50488612,153925237,Manhattan,Upper East Side,40.77759,-73.94832,Entire home/apt,86,365,1,1,129,0
50488977,407057335,Bronx,Williamsbridge,40.87924,-73.85831,Private room,120,1,3,3,363,1
50424804,407393457,Queens,St. Albans,40.70111,-73.7494,Entire home/apt,219,2,47,1,161,41
50426034,290845,Manhattan,East Harlem,40.79099,-73.94577,Private room,55,30,0,1,251,0
50351207,335600487,Manhattan,Lower East Side,40.71704,-73.98875,Entire home/apt,250,5,6,1,6,5
50426419,31944119,Bronx,Pelham Gardens,40.86518,-73.846,Entire home/apt,95,30,0,1,295,0
50427075,157236586,Bronx,Fordham,40.85841,-73.8989,Private room,90,7,3,2,365,1
50429515,394817730,Manhattan,Theater District,40.76008,-73.98539,Private room,289,1,1,61,0,0
50429960,394817730,Manhattan,Theater District,40.76153,-73.98664,Private room,289,1,3,61,0,0
50430599,394817730,Manhattan,Hell's Kitchen,40.76143,-73.98686,Private room,289,1,11,61,0,7
50432427,407284341,Brooklyn,Bedford-Stuyvesant,40.68782,-73.93257,Private room,53,30,1,7,325,1
50432736,72748551,Queens,Astoria,40.76924,-73.92233,Private room,59,8,5,1,1,4
50432864,1616218,Manhattan,Chinatown,40.71606,-74.0002,Entire home/apt,200,2,8,2,83,3
50433046,407284341,Brooklyn,Bedford-Stuyvesant,40.68738,-73.93249,Private room,54,30,0,7,33,0
50434100,3223938,Brooklyn,Gravesend,40.59198,-73.96862,Private room,27,90,0,288,258,0
50434405,249681695,Queens,Astoria,40.7681,-73.91982,Entire home/apt,120,1,29,1,0,27
50490000,407896135,Brooklyn,Gerritsen Beach,40.58994,-73.92364,Entire home/apt,185,1,48,1,350,48
50490073,3491890,Manhattan,Murray Hill,40.74913,-73.97981,Entire home/apt,252,30,2,5,250,0
50490369,54743396,Brooklyn,Bedford-Stuyvesant,40.68807,-73.94144,Entire home/apt,153,14,17,1,134,16
50491422,9598889,Brooklyn,Bedford-Stuyvesant,40.67901,-73.94293,Entire home/apt,140,30,4,3,141,2
50491757,9598889,Brooklyn,Bedford-Stuyvesant,40.68095,-73.94236,Private room,92,3,1,3,51,0
50494788,407939379,Manhattan,Hell's Kitchen,40.7623,-73.99923,Entire home/apt,659,2,61,3,153,49
50351396,73868437,Manhattan,Lower East Side,40.72034,-73.99099,Entire home/apt,207,10,8,1,18,7
50496178,407949665,Bronx,Wakefield,40.90229,-73.84239,Entire home/apt,90,2,47,2,335,36
50496488,51913277,Brooklyn,Sunset Park,40.65713,-74.00466,Private room,84,1,78,5,33,71
50357770,224047081,Brooklyn,Sea Gate,40.57765,-74.01229,Entire home/apt,130,30,7,12,64,5
50357883,231312986,Manhattan,Midtown,40.76522,-73.98017,Entire home/apt,250,2,0,1,226,0
50497636,1746838,Brooklyn,Crown Heights,40.67055314090256,-73.95744532723954,Entire home/apt,150,5,1,1,239,1
50497807,394817730,Manhattan,Theater District,40.76014,-73.98531,Private room,299,1,4,61,0,1
50501277,2389600,Brooklyn,Flatbush,40.64834,-73.96081,Private room,60,30,1,1,0,0
50504090,223558519,Brooklyn,Prospect-Lefferts Gardens,40.65823,-73.95602,Private room,50,1,67,2,0,56
50504251,890215,Brooklyn,Crown Heights,40.667625,-73.958359,Entire home/apt,150,2,56,5,128,46
50358401,343450886,Manhattan,Midtown,40.7468,-73.98882,Entire home/apt,206,1,19,3,28,19
50359042,179026754,Brooklyn,Williamsburg,40.711187627699175,-73.96412522362729,Private room,175,3,2,2,318,2
50359369,406603166,Bronx,Fordham,40.86795,-73.89203,Private room,100,2,12,1,361,9
50361286,2495677,Manhattan,East Village,40.72853,-73.98836,Private room,130,1,17,5,0,2
50361433,17266994,Manhattan,Harlem,40.80716,-73.95652,Entire home/apt,217,4,41,4,180,31
50361943,406760220,Queens,Springfield Gardens,40.66215,-73.75736,Entire home/apt,270,2,40,1,354,31
50504833,5599375,Brooklyn,Park Slope,40.66923,-73.98008,Entire home/apt,250,5,4,1,0,4
50504862,106569357,Brooklyn,Williamsburg,40.71623,-73.95234,Entire home/apt,291,30,3,4,55,3
50506735,10522872,Manhattan,Lower East Side,40.7202,-73.98384,Entire home/apt,408,3,0,1,0,0
50507294,302743217,Brooklyn,Bushwick,40.70211,-73.92436,Private room,110,2,8,3,6,6
50434790,133109712,Queens,Long Island City,40.74938,-73.93717,Entire home/apt,161,1,9,1,0,8
50434926,19243808,Manhattan,East Harlem,40.78799,-73.95356,Entire home/apt,349,30,5,12,65,4
50437750,284337887,Brooklyn,Bedford-Stuyvesant,40.68747,-73.92714,Private room,37,30,0,14,250,0
50438495,407354015,Manhattan,Kips Bay,40.74138,-73.98212,Entire home/apt,599,30,1,4,351,1
50439191,18990231,Brooklyn,Bushwick,40.7055,-73.91841,Entire home/apt,92,30,1,1,213,1
50362850,8783166,Queens,Astoria,40.76699,-73.92928,Private room,39,30,4,2,244,2
50362907,89332916,Brooklyn,Greenpoint,40.71946,-73.95331,Entire home/apt,271,3,12,1,0,7
50363428,24516141,Brooklyn,Williamsburg,40.71747,-73.96465,Private room,170,1,11,1,16,8
50364332,50116334,Staten Island,Tompkinsville,40.63064,-74.08179,Private room,95,30,0,1,0,0
50365468,3223938,Brooklyn,Bay Ridge,40.62851,-74.02636,Private room,30,90,0,288,282,0
50365489,147210078,Brooklyn,East Flatbush,40.65067,-73.9523,Private room,55,2,15,3,18,10
50367089,137358866,Queens,Maspeth,40.74003,-73.90153,Private room,94,90,4,111,335,4
50371077,406446693,Queens,Jamaica,40.68287,-73.77372,Entire home/apt,100,1,4,1,0,4
50439217,38127209,Brooklyn,Bedford-Stuyvesant,40.69985,-73.94086,Entire home/apt,225,3,24,1,1,17
50508230,408059360,Brooklyn,Sunset Park,40.640072,-74.024666,Private room,70,3,6,2,72,6
50508331,304385607,Manhattan,Stuyvesant Town,40.73355,-73.98045,Entire home/apt,330,14,0,1,75,0
50371171,2883788,Manhattan,Chinatown,40.71723,-73.99887,Entire home/apt,399,5,51,1,272,40
50555048,26377263,Brooklyn,South Slope,40.66459,-73.99172,Private room,65,6,0,53,0,0
50555438,199766237,Manhattan,Hell's Kitchen,40.75980566833991,-73.99407602315593,Private room,134,1,3,1,10,3
50516286,296801664,Manhattan,Hell's Kitchen,40.76109,-73.9898,Private room,152,5,33,1,46,30
50439347,214428653,Queens,St. Albans,40.69906,-73.75493,Entire home/apt,158,3,46,1,140,37
50556425,26377263,Brooklyn,Sunset Park,40.66572,-73.9939,Private room,65,6,1,53,166,1
50556675,26377263,Brooklyn,Sunset Park,40.66375,-73.99168,Private room,43,6,1,53,159,1
50557109,26377263,Brooklyn,Sunset Park,40.6639,-73.99186,Private room,65,6,1,53,159,0
50557626,26377263,Brooklyn,Sunset Park,40.66594,-73.99364,Private room,65,6,6,53,27,6
50558313,26377263,Brooklyn,South Slope,40.66525,-73.99159,Private room,43,6,4,53,124,4
50563028,74310552,Manhattan,Chelsea,40.7467,-74.00189,Entire home/apt,150,10,2,1,0,2
50564872,137358866,Manhattan,Upper East Side,40.76177,-73.96664,Entire home/apt,226,30,3,111,341,3
50567735,112773863,Brooklyn,Williamsburg,40.71754,-73.94252,Entire home/apt,145,1,11,2,0,7
50568419,282848422,Manhattan,Upper West Side,40.77407,-73.98772,Private room,155,15,0,1,159,0
50442062,407526938,Brooklyn,Canarsie,40.63294,-73.90211,Entire home/apt,85,2,26,1,350,19
50442598,831185,Brooklyn,Crown Heights,40.68017,-73.96139,Entire home/apt,338,3,31,3,347,25
50443776,15718962,Manhattan,Murray Hill,40.74953,-73.97802,Entire home/apt,250,3,15,3,0,11
50444487,24641078,Manhattan,Upper East Side,40.77586,-73.96099,Entire home/apt,55,30,3,4,119,3
50446140,39922917,Manhattan,Hell's Kitchen,40.75997,-73.99872,Entire home/apt,110,1,1,1,0,0
50519901,408165393,Brooklyn,Flatlands,40.62452,-73.9277,Private room,63,1,0,1,0,0
50568691,2955215,Brooklyn,Bedford-Stuyvesant,40.69445,-73.96114,Entire home/apt,425,1,56,2,327,48
50569755,408578454,Brooklyn,Crown Heights,40.67642,-73.95469,Entire home/apt,175,1,37,1,249,28
50520504,123793147,Manhattan,Upper East Side,40.76358,-73.97115,Private room,275,2,0,1,356,0
50522547,107603094,Brooklyn,Greenpoint,40.73576,-73.95636,Private room,91,10,7,1,78,6
50524648,226739525,Manhattan,Morningside Heights,40.80333,-73.96382,Private room,66,2,43,3,0,38
50446274,226739525,Manhattan,Upper West Side,40.80216,-73.96369,Private room,70,2,53,3,4,48
50446307,14818218,Brooklyn,Bushwick,40.70168,-73.91243,Entire home/apt,192,3,56,3,95,49
50447076,393073349,Brooklyn,Midwood,40.61211,-73.95441,Private room,61,3,29,1,13,23
50569899,22541573,Manhattan,East Village,40.7317,-73.99145,Entire home/apt,424,30,0,131,318,0
50572728,397125340,Brooklyn,Williamsburg,40.71597,-73.94132,Entire home/apt,600,1,3,2,90,0
50573533,365309485,Queens,Far Rockaway,40.59882,-73.74171,Private room,757,1,1,3,0,0
50573906,167828586,Brooklyn,Canarsie,40.63687,-73.89282,Entire home/apt,130,4,17,1,172,9
50525650,45404928,Queens,Queens Village,40.71449,-73.73122,Entire home/apt,68,20,49,2,291,41
50526392,89211125,Queens,East Elmhurst,40.75761,-73.89543,Entire home/apt,85,2,50,3,274,41
50574468,112773863,Brooklyn,Williamsburg,40.71598,-73.94023,Private room,79,1,40,2,73,35
50576400,365309485,Queens,Far Rockaway,40.59833,-73.74202,Entire home/apt,98,2,16,3,288,13
50578877,95570540,Staten Island,Oakwood,40.55966,-74.11788,Entire home/apt,165,2,6,7,65,5
50578893,95570540,Staten Island,Oakwood,40.55893,-74.12009,Entire home/apt,153,2,13,7,85,12
50583386,26377263,Brooklyn,East Flatbush,40.65389,-73.91451,Private room,52,6,0,53,320,0
50586925,204704622,Queens,Jackson Heights,40.75248,-73.87857,Private room,36,30,1,157,10,1
50587797,25454304,Brooklyn,Williamsburg,40.71971,-73.96033,Entire home/apt,165,30,0,1,0,0
50526813,273971514,Staten Island,Clifton,40.61717,-74.07848,Entire home/apt,125,2,51,2,335,36
50527238,297679711,Manhattan,West Village,40.73511,-74.0068,Entire home/apt,301,1,14,1,2,12
50588246,21127686,Manhattan,Financial District,40.70662,-74.01279,Entire home/apt,170,14,0,1,69,0
50527661,408248869,Queens,Jamaica,40.68644,-73.77668,Entire home/apt,131,2,29,1,39,21
50528088,293746147,Queens,Astoria,40.75847,-73.91664,Entire home/apt,175,30,2,2,36,2
50447705,12552130,Manhattan,Chelsea,40.74017,-74.00247,Entire home/apt,299,3,10,1,100,10
50448458,401937392,Queens,Corona,40.73912,-73.8646,Private room,117,1,9,10,358,9
50454030,192747450,Brooklyn,Crown Heights,40.67665,-73.95078,Entire home/apt,176,3,45,2,307,41
50455183,407298976,Brooklyn,East New York,40.67676,-73.88671,Private room,70,3,20,2,59,17
50461026,267175603,Manhattan,Hell's Kitchen,40.76964,-73.99264,Entire home/apt,230,2,84,1,74,72
50588332,27895636,Brooklyn,Brownsville,40.66751,-73.92292,Entire home/apt,164,1,28,1,347,28
50464753,50770601,Queens,Astoria,40.76912,-73.91336,Private room,96,1,5,2,338,5
50464835,50770601,Queens,Astoria,40.76881,-73.91418,Private room,64,1,21,2,320,16
50531454,82866085,Brooklyn,Crown Heights,40.6731,-73.93499,Entire home/apt,125,30,2,1,0,1
50534781,362281804,Brooklyn,Crown Heights,40.66655,-73.93039,Private room,60,2,0,1,0,0
50535109,394817730,Manhattan,Hell's Kitchen,40.76132,-73.98688,Private room,289,1,8,61,0,1
50535149,7450345,Brooklyn,Bedford-Stuyvesant,40.6918,-73.95267,Entire home/apt,130,30,6,1,249,6
50535600,394817730,Manhattan,Hell's Kitchen,40.76163,-73.98678,Private room,289,1,3,61,0,0
50535731,171697479,Manhattan,Midtown,40.74548,-73.98265,Private room,99,30,17,26,240,11
50536106,394817730,Manhattan,Hell's Kitchen,40.76145,-73.98698,Private room,289,1,15,61,0,8
50537560,67119821,Brooklyn,Greenpoint,40.73627,-73.9543,Entire home/apt,275,2,1,1,60,0
50589543,19855355,Brooklyn,Park Slope,40.67001,-73.9852,Entire home/apt,304,2,31,1,199,31
50539494,207599465,Bronx,Longwood,40.82316,-73.88633,Entire home/apt,143,5,0,1,0,0
50465512,297176,Manhattan,Harlem,40.80237,-73.95591,Private room,70,30,0,1,342,0
50653323,20520627,Brooklyn,Clinton Hill,40.68463,-73.9627,Entire home/apt,550,13,0,1,0,0
50591009,241676154,Staten Island,West Brighton,40.63276,-74.10573,Private room,43,35,0,14,218,0
50591305,407354015,Manhattan,Kips Bay,40.7412,-73.98347,Entire home/apt,399,30,1,4,336,1
50594529,18679866,Queens,Arverne,40.59435,-73.79401,Entire home/apt,108,2,17,3,361,16
50540529,91554940,Manhattan,Kips Bay,40.74264,-73.97337,Entire home/apt,150,7,6,1,0,1
50595710,74215453,Queens,Astoria,40.76595,-73.92611,Private room,80,5,10,1,105,8
50653645,35468163,Brooklyn,Bedford-Stuyvesant,40.68111,-73.94352,Entire home/apt,175,30,0,1,159,0
50653691,3223938,Brooklyn,Bushwick,40.69453,-73.93067,Private room,30,90,0,288,264,0
50654283,3223938,Brooklyn,Flatbush,40.65157,-73.96183,Private room,27,90,0,288,280,0
50654386,17529646,Brooklyn,Greenpoint,40.72096,-73.94786,Private room,175,30,0,1,92,0
50654799,394817730,Manhattan,Theater District,40.7597,-73.98741,Private room,299,1,0,61,0,0
50656857,407939379,Manhattan,Financial District,40.70663,-74.00871,Entire home/apt,395,2,42,3,159,36
50596016,27863482,Bronx,Mott Haven,40.80879,-73.91413,Entire home/apt,380,1,0,2,365,0
50596576,199806359,Queens,Long Island City,40.75046,-73.93943,Entire home/apt,115,10,6,1,0,4
50656950,7760617,Brooklyn,Columbia St,40.68848,-73.9996,Entire home/apt,95,30,1,1,0,1
50657006,156505456,Brooklyn,East New York,40.66729,-73.87393,Private room,49,2,17,32,354,14
50540716,408346348,Queens,Richmond Hill,40.70003,-73.84181,Entire home/apt,98,5,44,1,310,32
50599418,408827396,Brooklyn,Greenpoint,40.73371,-73.95213,Entire home/apt,175,1,43,2,21,34
50541486,22863129,Manhattan,Chelsea,40.74431,-74.00163,Entire home/apt,250,5,2,1,0,1
50542216,161135042,Manhattan,Upper East Side,40.76231,-73.96092,Entire home/apt,300,2,39,2,0,31
50657075,2628742,Brooklyn,Fort Greene,40.68962,-73.98032,Entire home/apt,168,30,4,1,129,4
50657119,334490031,Brooklyn,Crown Heights,40.67461,-73.93198,Entire home/apt,163,2,64,2,0,49
50599476,17639548,Brooklyn,Williamsburg,40.7206,-73.95565,Private room,179,3,17,1,110,14
50612168,408917399,Manhattan,East Village,40.729992,-73.980415,Entire home/apt,250,2,40,1,7,33
50657479,4191076,Brooklyn,Williamsburg,40.70553,-73.94378,Entire home/apt,300,30,3,1,213,2
50657826,348032287,Queens,Hollis,40.71506,-73.75643,Private room,83,1,15,2,84,8
50542414,113260524,Brooklyn,Williamsburg,40.70929,-73.94732,Entire home/apt,147,30,6,1,20,5
50542617,269263032,Manhattan,SoHo,40.72748,-74.00279,Entire home/apt,2500,1,0,2,0,0
50545664,408388828,Brooklyn,Canarsie,40.63829,-73.90112,Entire home/apt,350,3,40,1,349,35
50613932,956365,Brooklyn,Prospect Heights,40.67393,-73.96828,Entire home/apt,175,30,1,1,42,1
50614149,36063879,Manhattan,Morningside Heights,40.80509,-73.96586,Private room,249,1,80,2,152,65
50546202,26766402,Brooklyn,Prospect Heights,40.67884,-73.96835,Entire home/apt,248,30,3,1,292,3
50547123,342080802,Manhattan,Chelsea,40.74152,-74.00272,Entire home/apt,571,3,6,1,77,6
50547429,61391963,Manhattan,Upper East Side,40.77667,-73.94955,Entire home/apt,133,30,3,116,342,3
50547960,10952361,Manhattan,West Village,40.73366,-74.00065,Private room,229,2,7,1,5,7
50548558,241764251,Manhattan,Harlem,40.80062,-73.94772,Entire home/apt,199,2,50,2,34,44
50549001,284337887,Brooklyn,Bedford-Stuyvesant,40.6989,-73.93892,Private room,38,30,2,14,260,1
50549725,2596736,Manhattan,Greenwich Village,40.73212,-73.99752,Entire home/apt,200,5,9,1,0,5
50550783,4888892,Brooklyn,Bushwick,40.70262,-73.91975,Private room,75,20,10,8,276,8
50658275,44811074,Brooklyn,Bedford-Stuyvesant,40.68632,-73.92101,Entire home/apt,220,1,23,1,6,23
50661588,88352949,Brooklyn,Gowanus,40.6833,-73.98688,Entire home/apt,550,4,9,3,305,9
50661719,95570540,Staten Island,Oakwood,40.55901,-74.11982,Entire home/apt,165,2,14,7,65,11
50614701,15197890,Brooklyn,Clinton Hill,40.68425,-73.96501,Entire home/apt,179,4,34,1,46,28
50665618,407386185,Bronx,Throgs Neck,40.82775,-73.82379,Entire home/apt,110,1,39,1,101,39
50669306,75395516,Manhattan,Hell's Kitchen,40.7604,-74.00019,Entire home/apt,180,7,2,1,30,2
50671066,9293730,Manhattan,Upper East Side,40.769524,-73.956451,Entire home/apt,155,30,3,37,292,2
50672817,73570025,Queens,Breezy Point,40.56649,-73.86894,Private room,164,1,27,13,362,22
50675052,335923036,Manhattan,Financial District,40.70429,-74.00936,Private room,203,1,39,3,218,29
50675195,1732559,Manhattan,Hell's Kitchen,40.75744,-73.99308,Private room,119,4,23,3,115,21
50550807,408409567,Manhattan,Harlem,40.82076,-73.94677,Entire home/apt,106,4,39,1,76,36
50550914,514261,Brooklyn,South Slope,40.66559,-73.98845,Private room,60,30,0,8,0,0
50551102,4888892,Brooklyn,Bushwick,40.70041,-73.91948,Private room,68,29,9,8,281,7
50551256,361868048,Brooklyn,Greenpoint,40.72468,-73.94138,Entire home/apt,135,1,4,1,0,4
50552044,26377263,Brooklyn,Bushwick,40.70315,-73.91472,Private room,60,6,1,53,131,1
50552494,26377263,Brooklyn,Bushwick,40.70412,-73.91475,Private room,60,6,2,53,306,2
50552681,26377263,Brooklyn,Bushwick,40.70293,-73.91412,Private room,60,6,0,53,68,0
50552859,26377263,Brooklyn,Bushwick,40.70402,-73.91484,Private room,60,6,0,53,89,0
50616407,41913012,Brooklyn,East Flatbush,40.64348,-73.94944,Entire home/apt,137,2,40,1,11,34
50676122,370624057,Brooklyn,Flatbush,40.64724,-73.96196,Entire home/apt,200,2,38,1,345,32
50617228,4714927,Manhattan,East Harlem,40.78809,-73.94971,Entire home/apt,9900,3,1,5,161,1
50617981,226739525,Manhattan,Morningside Heights,40.80299,-73.9638,Private room,66,2,37,3,0,31
50618605,9966214,Manhattan,West Village,40.73759,-73.99958,Entire home/apt,450,3,10,1,0,7
50619320,408976756,Brooklyn,Windsor Terrace,40.65823,-73.97897,Entire home/apt,164,28,0,6,345,0
50679257,167364935,Manhattan,Morningside Heights,40.80689210573084,-73.96579185772946,Entire home/apt,160,2,0,1,11,0
50681515,41080880,Brooklyn,Red Hook,40.67876,-74.01266,Entire home/apt,200,4,19,1,235,19
50552956,394467691,Bronx,East Morrisania,40.83093,-73.8932,Entire home/apt,68,30,0,1,0,0
50554478,17466612,Brooklyn,Bensonhurst,40.608604,-73.977539,Private room,85,30,8,2,152,7
50744270,546370,Brooklyn,Bedford-Stuyvesant,40.68715,-73.95031,Private room,68,30,5,16,297,5
50744441,9293730,Manhattan,Upper East Side,40.770451,-73.955894,Entire home/apt,153,30,7,37,326,6
50745200,73570025,Queens,Breezy Point,40.56748,-73.87111,Private room,164,2,20,13,360,12
50745260,169873853,Queens,Ridgewood,40.70823,-73.90525,Entire home/apt,95,1,33,3,275,33
50746606,194142632,Manhattan,Hell's Kitchen,40.75539,-73.99676,Entire home/apt,500,30,5,6,264,4
50747708,204704622,Queens,Elmhurst,40.73915,-73.8757,Entire home/apt,248,1,33,157,137,27
50619651,408979935,Manhattan,Chelsea,40.749866,-73.997162,Private room,106,3,107,17,48,97
50748266,410110418,Brooklyn,Bay Ridge,40.63431,-74.02398,Entire home/apt,279,1,61,2,225,48
50748765,10529251,Manhattan,Upper East Side,40.77489,-73.96169,Private room,160,1,40,3,24,39
50620615,187466087,Manhattan,Two Bridges,40.71126,-73.99839,Entire home/apt,477,2,0,1,77,0
50748839,355586252,Queens,Kew Gardens,40.70692,-73.83618,Private room,175,2,1,1,0,1
50748961,158969505,Manhattan,Lower East Side,40.72307,-73.99226,Entire home/apt,404,2,30,200,120,18
50749345,254386690,Manhattan,Lower East Side,40.71366,-73.98729,Private room,140,7,13,1,136,13
50681902,91563694,Brooklyn,Bushwick,40.69439,-73.93041,Entire home/apt,325,2,26,1,327,26
50683106,90713895,Manhattan,Midtown,40.751297,-73.984818,Private room,478,1,1,6,310,0
50620816,408991577,Brooklyn,Bushwick,40.70009,-73.92818,Private room,62,30,0,1,0,0
50621003,178251233,Manhattan,East Village,40.72583,-73.98603,Entire home/apt,160,3,19,1,234,18
50683481,409460972,Bronx,Fordham,40.8688,-73.88947,Private room,90,1,8,1,361,8
50684236,890215,Brooklyn,Prospect-Lefferts Gardens,40.66164,-73.95254,Entire home/apt,220,3,39,5,137,33
50684240,95570540,Staten Island,Grant City,40.58239,-74.10838,Entire home/apt,130,2,32,7,85,27
50685019,26377263,Brooklyn,East Flatbush,40.65857,-73.9328,Private room,52,6,0,53,320,0
50685205,307197943,Manhattan,Chelsea,40.75329,-74.00192,Entire home/apt,1028,1,31,6,321,29
50685274,26377263,Brooklyn,Prospect-Lefferts Gardens,40.65606,-73.94422,Private room,52,6,0,53,320,0
50687637,26377263,Brooklyn,Bushwick,40.70476,-73.91941,Private room,52,6,0,53,320,0
50688922,107434423,Manhattan,Midtown,40.7574596,-73.9793586,Entire home/apt,502,31,0,453,0,0
50749649,410123680,Manhattan,Harlem,40.81926,-73.94216,Private room,85,4,19,1,130,18
50621186,388823905,Manhattan,Upper West Side,40.79585,-73.96427,Private room,89,30,0,5,299,0
50622095,45241930,Manhattan,Nolita,40.72233,-73.99499,Entire home/apt,250,7,2,3,173,1
50623654,278925199,Manhattan,Upper East Side,40.75898,-73.95983,Entire home/apt,299,30,1,17,343,0
50630130,401277068,Manhattan,Hell's Kitchen,40.76023,-73.99649,Private room,278,1,23,6,259,23
50750381,410129149,Queens,Cambria Heights,40.69136,-73.7341,Entire home/apt,100,30,1,1,64,1
50692475,405091843,Brooklyn,Bedford-Stuyvesant,40.67843,-73.93847,Entire home/apt,149,3,39,2,183,39
50692596,171697479,Manhattan,Midtown,40.74479,-73.98302,Private room,99,30,3,26,337,1
50695926,3223938,Brooklyn,Bushwick,40.6898,-73.92042,Private room,26,90,1,288,52,1
50695936,71097702,Brooklyn,Boerum Hill,40.68203,-73.98034,Entire home/apt,375,30,4,3,280,4
50697485,146615800,Brooklyn,Williamsburg,40.71666,-73.95862,Entire home/apt,225,5,18,1,213,15
50698179,376905135,Brooklyn,Gowanus,40.67027,-73.99168,Entire home/apt,313,3,38,2,16,31
50630655,226399742,Brooklyn,Williamsburg,40.71226,-73.95735,Entire home/apt,245,4,37,1,151,32
50698997,148102066,Brooklyn,Bedford-Stuyvesant,40.68756,-73.92338,Private room,69,2,58,3,218,41
50750722,67060020,Manhattan,Washington Heights,40.84977,-73.93998,Private room,103,1,15,1,32,15
50751519,279775863,Manhattan,West Village,40.73802,-74.0055,Entire home/apt,267,20,6,11,336,6
50633484,17193773,Brooklyn,Clinton Hill,40.69235,-73.96384,Entire home/apt,249,1,5,1,0,3
50753481,395520753,Brooklyn,Bedford-Stuyvesant,40.69048,-73.93277,Private room,150,1,9,2,320,6
50634114,175924907,Queens,Arverne,40.5911,-73.79805,Private room,65,2,52,1,350,42
50634158,401277068,Manhattan,Hell's Kitchen,40.7585,-73.99441,Private room,272,1,15,6,257,14
50634168,409097659,Queens,Jamaica,40.68327,-73.76568,Entire home/apt,89,1,59,1,53,47
50754872,410171023,Brooklyn,Bedford-Stuyvesant,40.6856,-73.93063,Entire home/apt,253,3,43,1,316,41
50755670,410180930,Brooklyn,East New York,40.66048,-73.87803,Entire home/apt,107,2,56,1,347,43
50755857,53845269,Manhattan,East Harlem,40.78353,-73.94414,Private room,56,28,4,3,153,4
50699494,403322325,Queens,Jamaica,40.66734,-73.77499,Entire home/apt,175,5,19,1,353,19
50700132,394817730,Manhattan,Midtown,40.76322,-73.97729,Private room,275,1,2,61,34,2
50700543,10394112,Brooklyn,Williamsburg,40.71115,-73.95462,Entire home/apt,222,3,4,1,0,3
50700754,179985630,Manhattan,Greenwich Village,40.73575,-73.99313,Entire home/apt,250,3,8,1,0,8
50702408,408979935,Manhattan,Chelsea,40.75106,-73.9969,Private room,106,3,136,17,49,124
50702550,408979935,Manhattan,Chelsea,40.75103,-73.99824,Private room,137,2,42,17,65,38
50704666,11769840,Brooklyn,Bedford-Stuyvesant,40.687,-73.92286,Private room,115,7,15,3,86,14
50704924,227872371,Queens,Springfield Gardens,40.66235,-73.7689,Entire home/apt,177,3,45,3,352,39
50706265,16480700,Manhattan,Hell's Kitchen,40.76178,-73.99151,Private room,187,1,8,12,338,8
50634191,401277068,Manhattan,Hell's Kitchen,40.75956,-73.99645,Private room,280,1,0,6,259,0
50634288,401277068,Manhattan,Hell's Kitchen,40.75862,-73.9947,Private room,304,1,208,6,352,208
50634330,401277068,Manhattan,Hell's Kitchen,40.76009,-73.99519,Private room,296,1,75,6,352,75
50634369,401277068,Manhattan,Hell's Kitchen,40.75994,-73.99665,Private room,314,1,68,6,352,68
50635368,10164435,Queens,Long Island City,40.75577,-73.92812,Private room,78,1,62,5,63,47
50635988,20443939,Manhattan,Washington Heights,40.84503,-73.94174,Entire home/apt,225,4,0,2,0,0
50636124,409114998,Manhattan,Battery Park City,40.7172,-74.01382,Entire home/apt,277,3,2,1,59,1
50706519,432873764,Brooklyn,Bedford-Stuyvesant,40.68882,-73.9492,Private room,70,1,4,1,0,1
50636537,38592279,Manhattan,Hell's Kitchen,40.75478,-73.99365,Private room,310,1,3,26,22,3
50637195,33988602,Brooklyn,Bedford-Stuyvesant,40.68765,-73.9531,Entire home/apt,311,2,10,1,9,7
50755907,1928798,Brooklyn,Bedford-Stuyvesant,40.6825,-73.91854,Entire home/apt,185,3,0,1,0,0
50637542,403986007,Queens,St. Albans,40.70825,-73.75519,Private room,110,2,2,1,289,0
50706815,133033695,Manhattan,Hell's Kitchen,40.75991,-73.98789,Entire home/apt,145,30,0,1,66,0
50706878,49018902,Queens,Corona,40.74416,-73.8668,Entire home/apt,144,2,61,1,261,50
50707731,11369454,Manhattan,Harlem,40.80852,-73.95488,Entire home/apt,136,1,82,3,271,67
50707891,546370,Brooklyn,Bedford-Stuyvesant,40.6884,-73.95008,Private room,68,30,3,16,278,2
50708181,267272502,Brooklyn,Bedford-Stuyvesant,40.69256,-73.95153,Private room,70,4,6,28,301,5
50708982,133319015,Brooklyn,Williamsburg,40.70978,-73.96101,Entire home/apt,225,2,66,1,222,61
50710947,26377263,Brooklyn,Bedford-Stuyvesant,40.69968,-73.94461,Private room,52,6,0,53,313,0
50717090,187487947,Brooklyn,Greenpoint,40.72833,-73.95388,Entire home/apt,247,3,44,3,124,39
50719695,401202937,Manhattan,Midtown,40.74641,-73.98727,Private room,218,1,31,51,55,26
50637892,287178820,Manhattan,Upper East Side,40.77474,-73.94932,Entire home/apt,160,1,34,1,0,31
50720125,25233305,Queens,Laurelton,40.67625,-73.73878,Entire home/apt,100,1,16,1,323,8
50638762,409139174,Brooklyn,Sheepshead Bay,40.58547,-73.93659,Entire home/apt,332,1,89,1,351,72
50756230,410184548,Bronx,Mott Haven,40.81069,-73.91854,Entire home/apt,97,30,5,2,249,4
50639364,28212095,Queens,Jamaica,40.67062,-73.77775,Entire home/apt,137,2,47,1,67,39
50756247,409979554,Manhattan,East Harlem,40.80148,-73.94311,Entire home/apt,207,3,11,1,134,9
50756497,6725061,Brooklyn,Crown Heights,40.67784,-73.9523,Entire home/apt,198,3,7,2,64,7
50757126,267272502,Brooklyn,Bedford-Stuyvesant,40.69422,-73.95258,Private room,70,4,13,28,326,10
50757240,8539550,Brooklyn,Prospect-Lefferts Gardens,40.65694337080711,-73.95623323174753,Private room,80,5,20,1,68,18
50757386,267272502,Brooklyn,Bedford-Stuyvesant,40.69276,-73.95312,Private room,70,4,5,28,332,5
50720505,372755385,Manhattan,Midtown,40.74797,-73.98699,Entire home/apt,290,1,28,3,313,23
50721578,391271295,Queens,Woodhaven,40.68524,-73.86503,Entire home/apt,107,2,31,1,136,24
50639818,67840135,Brooklyn,Crown Heights,40.67209,-73.95988,Entire home/apt,375,30,0,1,0,0
50758969,190174537,Brooklyn,Sunset Park,40.66136,-73.99527,Entire home/apt,231,2,55,2,6,45
50761475,250252296,Manhattan,Midtown,40.74810164455744,-73.98890159112732,Entire home/apt,296,1,1,4,287,1
50761483,250252296,Manhattan,Midtown,40.74667,-73.98899,Entire home/apt,305,1,52,4,259,47
50762178,384532776,Manhattan,Upper East Side,40.76117,-73.96505,Entire home/apt,144,75,5,44,282,5
50640505,35935,Brooklyn,Bedford-Stuyvesant,40.68291,-73.95493,Private room,86,30,1,5,234,0
50641438,409170142,Brooklyn,Williamsburg,40.7067,-73.95539,Private room,81,2,22,3,245,22
50641825,35524203,Queens,Long Island City,40.75067,-73.94133,Private room,95,5,2,1,0,0
50642735,3223938,Brooklyn,Crown Heights,40.67559,-73.95324,Private room,31,90,0,288,340,0
50642852,3223938,Brooklyn,Crown Heights,40.67491,-73.9529,Private room,32,90,0,288,7,0
50643073,321240668,Brooklyn,Williamsburg,40.70541,-73.94094,Private room,50,30,6,1,56,4
50643599,160614016,Queens,Ditmars Steinway,40.77054,-73.90586,Entire home/apt,157,3,61,1,110,60
50762218,79060345,Manhattan,Midtown,40.74744,-73.98673,Entire home/apt,280,3,43,3,288,38
50764841,5853457,Brooklyn,Borough Park,40.64225,-73.99778,Private room,64,30,4,7,320,3
50723925,41602405,Brooklyn,Bedford-Stuyvesant,40.69174,-73.94107,Entire home/apt,312,5,34,1,25,26
50644300,46430057,Queens,Sunnyside,40.74536,-73.91245,Entire home/apt,100,30,1,1,0,1
50766010,410098547,Manhattan,Midtown,40.76224,-73.97497,Private room,1499,1,1,1,71,0
50645659,3223938,Brooklyn,Crown Heights,40.67322,-73.95463,Private room,34,90,0,288,190,0
50650684,377655303,Brooklyn,Clinton Hill,40.68996229137835,-73.96047518630512,Entire home/apt,295,4,4,1,341,4
50652330,3223938,Brooklyn,Bushwick,40.68941,-73.91857,Private room,36,90,2,288,263,2
50652635,3223938,Brooklyn,Bedford-Stuyvesant,40.68777,-73.92079,Private room,32,90,0,288,280,0
50652939,3223938,Brooklyn,Bushwick,40.69911,-73.92741,Private room,33,90,0,288,338,0
50831016,404355372,Manhattan,Harlem,40.80258,-73.95762,Private room,100,5,23,4,270,20
50831816,157301360,Queens,Kew Gardens Hills,40.72817,-73.82071,Entire home/apt,210,21,15,2,152,12
50831853,107516522,Queens,Woodside,40.7432,-73.91095,Entire home/apt,250,3,32,2,56,26
50832745,15586729,Brooklyn,Greenpoint,40.73253,-73.95839,Entire home/apt,238,30,1,1,46,0
50832851,410827879,Queens,Cambria Heights,40.69369840312944,-73.7339110179495,Entire home/apt,200,1,0,2,361,0
50833394,18091877,Brooklyn,Flatbush,40.64473,-73.96204,Entire home/apt,177,30,6,1,39,6
50766173,153795655,Queens,Sunnyside,40.74668,-73.92509,Entire home/apt,229,2,0,1,0,0
50767112,3223938,Brooklyn,Crown Heights,40.67329,-73.95864,Private room,30,90,0,288,250,0
50768140,3223938,Brooklyn,Bushwick,40.68897,-73.92004,Private room,27,90,0,288,315,0
50768601,3223938,Brooklyn,Gravesend,40.58979,-73.96986,Private room,24,90,0,288,250,0
50773136,407284341,Brooklyn,Bedford-Stuyvesant,40.68724,-73.93245,Private room,54,30,1,7,341,1
50723988,409899762,Queens,Laurelton,40.67523,-73.74813,Private room,86,2,15,1,6,13
50840675,411007202,Brooklyn,Red Hook,40.6774,-74.00789,Entire home/apt,250,4,15,1,149,15
50841755,96049478,Brooklyn,Williamsburg,40.71401,-73.96616,Entire home/apt,398,4,38,1,93,35
50726409,272419087,Brooklyn,Bergen Beach,40.6232,-73.90509,Entire home/apt,500,3,0,1,92,0
50844103,411034737,Brooklyn,East Flatbush,40.637486,-73.931541,Entire home/apt,154,2,37,7,343,34
50844104,411034737,Brooklyn,East Flatbush,40.637627,-73.931778,Private room,63,2,23,7,338,23
50844678,9505527,Manhattan,Lower East Side,40.71746,-73.99088,Entire home/apt,287,3,20,1,15,16
50726603,91997718,Brooklyn,Bushwick,40.69056,-73.92207,Private room,93,1,43,1,159,30
50727455,3223938,Brooklyn,Bushwick,40.68947,-73.91903,Private room,35,90,1,288,281,1
50773840,25932245,Queens,Rockaway Beach,40.58684,-73.81588,Entire home/apt,195,2,39,2,29,30
50845735,49108760,Manhattan,Midtown,40.76005,-73.96859,Private room,195,1,45,7,316,44
50775272,217379510,Manhattan,Hell's Kitchen,40.76441,-73.98786,Entire home/apt,110,30,0,1,0,0
50775933,764790,Brooklyn,Bedford-Stuyvesant,40.69408,-73.95388,Entire home/apt,209,7,9,1,104,9
50728003,4964173,Manhattan,Lower East Side,40.71809,-73.99293,Private room,116,3,24,1,6,20
50728462,2557631,Manhattan,Washington Heights,40.83813,-73.9464,Entire home/apt,135,30,1,1,285,0
50728514,15672224,Manhattan,Inwood,40.86358,-73.92961,Entire home/apt,139,30,4,2,72,3
50846244,215759678,Queens,Jamaica Estates,40.72001,-73.79681,Entire home/apt,60,30,1,12,262,1
50847781,109196702,Manhattan,Midtown,40.74516426153713,-73.98428394886673,Private room,290,2,1,2,325,0
50728845,109442039,Manhattan,Harlem,40.8247,-73.94674,Entire home/apt,300,3,10,1,6,9
50848277,201875657,Queens,Jackson Heights,40.74822,-73.88122,Private room,95,2,37,3,310,36
50848560,51716739,Brooklyn,Bedford-Stuyvesant,40.69043,-73.9368,Entire home/apt,296,1,50,3,84,44
50848656,411079992,Queens,Richmond Hill,40.70259,-73.83074,Private room,65,1,27,8,351,27
50731428,228715959,Manhattan,Hell's Kitchen,40.76268,-73.99005,Entire home/apt,260,2,76,1,82,67
50731544,409967227,Manhattan,Gramercy,40.73385,-73.98593,Private room,95,2,38,1,78,38
50731822,375371764,Brooklyn,Bushwick,40.68481,-73.90932,Private room,90,2,28,1,135,28
50733677,1792688,Brooklyn,Bedford-Stuyvesant,40.68958,-73.953,Entire home/apt,185,2,17,1,0,14
50733678,295247374,Queens,East Elmhurst,40.76118,-73.86888,Entire home/apt,236,1,29,7,84,26
50734234,274134663,Manhattan,Midtown,40.7528,-73.96656,Entire home/apt,560,2,51,1,314,46
50776672,410346205,Queens,Arverne,40.59922,-73.7992,Entire home/apt,250,1,42,1,77,32
50776719,90860314,Brooklyn,Crown Heights,40.66775,-73.95922,Private room,70,3,10,3,338,10
50776915,400606428,Brooklyn,Williamsburg,40.70519,-73.93281,Private room,110,3,37,2,323,36
50782009,26377263,Brooklyn,Sunset Park,40.64654,-74.02228,Private room,52,6,0,53,181,0
50849891,201875657,Queens,Elmhurst,40.74746,-73.87984,Private room,85,2,34,3,314,33
50850599,381698920,Manhattan,Hell's Kitchen,40.75608,-73.99813,Private room,136,7,6,19,79,6
50852463,399868350,Manhattan,Harlem,40.82603,-73.9437,Private room,82,1,72,2,16,55
50784835,188680034,Manhattan,East Harlem,40.79268,-73.94551,Private room,92,7,6,1,0,5
50734241,409781592,Manhattan,Hell's Kitchen,40.75899,-73.99259,Entire home/apt,698,2,23,1,314,17
50735000,47900722,Queens,Cambria Heights,40.68574,-73.73454,Private room,187,1,1,5,171,0
50852587,33732084,Manhattan,Lower East Side,40.71884,-73.9885,Entire home/apt,160,20,2,1,30,1
50785673,410444097,Brooklyn,Greenpoint,40.73714,-73.95967,Entire home/apt,214,1,12,1,351,11
50786108,3223938,Queens,Ridgewood,40.70275,-73.90605,Private room,29,90,0,288,280,0
50786691,22541573,Manhattan,Midtown,40.76578,-73.98235,Entire home/apt,366,30,0,131,340,0
50786710,22541573,Manhattan,Midtown,40.76412,-73.98319,Entire home/apt,361,30,0,131,359,0
50788157,406175571,Brooklyn,Kensington,40.63348,-73.97461,Private room,57,30,3,6,54,2
50790405,5907649,Manhattan,Inwood,40.86134,-73.92782,Private room,150,30,0,1,0,0
50792146,22541573,Manhattan,Chelsea,40.7407,-73.99938,Entire home/apt,234,30,1,131,312,1
50792171,22541573,Manhattan,Chelsea,40.74082,-73.99952,Entire home/apt,179,30,1,131,318,1
50853262,411125909,Bronx,Melrose,40.82086,-73.92193,Private room,98,1,0,2,361,0
50792523,28601986,Manhattan,East Harlem,40.79741,-73.93537,Entire home/apt,100,3,4,1,0,3
50793014,7291044,Brooklyn,Bedford-Stuyvesant,40.68185,-73.95223,Private room,67,7,2,1,43,1
50853546,374593637,Queens,Richmond Hill,40.69491,-73.82786,Entire home/apt,232,2,68,1,167,66
50854194,2119276,Manhattan,Hell's Kitchen,40.76147,-73.99149,Entire home/apt,180,30,0,22,335,0
50854532,2119276,Manhattan,Hell's Kitchen,40.76289,-73.99263,Entire home/apt,160,30,1,22,255,1
50854666,411146302,Queens,Howard Beach,40.6634,-73.85416,Entire home/apt,97,1,67,1,351,55
50855055,52989652,Brooklyn,East Flatbush,40.64307,-73.94689,Entire home/apt,239,2,9,1,346,9
50793647,406942662,Manhattan,Lower East Side,40.72001,-73.99252,Private room,108,1,23,5,2,17
50793759,406942662,Manhattan,Lower East Side,40.71962,-73.99289,Private room,114,1,11,5,0,10
50793849,224047081,Brooklyn,Sea Gate,40.57578,-74.01175,Private room,84,5,14,12,162,6
50794264,410521823,Queens,Laurelton,40.66671,-73.74322,Private room,59,2,31,2,363,23
50736061,410010254,Bronx,Mott Haven,40.8125,-73.91576,Private room,76,30,0,1,113,0
50740601,384532776,Manhattan,Upper East Side,40.76836,-73.95273,Entire home/apt,158,30,3,44,266,2
50743177,410066428,Brooklyn,Williamsburg,40.70696,-73.94717,Entire home/apt,230,30,4,4,327,3
50913708,158969505,Manhattan,Lower East Side,40.72298,-73.99305,Entire home/apt,410,2,97,200,84,77
50862774,90787064,Brooklyn,Flatbush,40.63273,-73.94853,Entire home/apt,225,3,4,2,167,3
50913858,361455854,Manhattan,Harlem,40.8046,-73.94971,Entire home/apt,378,2,34,1,104,28
50794981,177571244,Brooklyn,Flatlands,40.62863,-73.94394,Entire home/apt,127,2,12,1,0,12
50795444,51501835,Manhattan,Hell's Kitchen,40.76692,-73.98978,Entire home/apt,120,30,3,109,310,2
50863511,95570540,Staten Island,Oakwood,40.56082,-74.11994,Entire home/apt,185,2,13,7,85,10
50865055,411240832,Brooklyn,Crown Heights,40.67705,-73.95654,Entire home/apt,80,30,1,1,35,1
50795818,349662394,Brooklyn,East Flatbush,40.65222,-73.94641,Entire home/apt,168,3,31,1,324,31
50914043,96202808,Brooklyn,Crown Heights,40.67637,-73.93581,Entire home/apt,270,1,107,2,37,89
50915413,566838,Manhattan,Harlem,40.8189743,-73.9400464,Entire home/apt,400,1,0,4,335,0
50915457,215759678,Queens,Jamaica Estates,40.72038,-73.79861,Private room,50,30,8,12,312,7
50865450,25697284,Brooklyn,Flatbush,40.64248,-73.95972,Private room,78,3,0,1,340,0
50915627,594816,Manhattan,Chelsea,40.73867,-73.99878,Entire home/apt,275,5,2,1,329,1
50865862,119301523,Queens,South Ozone Park,40.66715,-73.80687,Private room,73,1,3,4,65,3
50916578,213035338,Brooklyn,East Flatbush,40.64315,-73.94782,Entire home/apt,122,3,31,1,0,23
50868796,3103656,Brooklyn,Bushwick,40.69376,-73.91066,Private room,95,4,10,1,157,7
50918002,411735553,Bronx,University Heights,40.86069,-73.90523,Private room,40,3,50,1,263,46
50797765,410561414,Bronx,Pelham Gardens,40.86398,-73.84999,Entire home/apt,116,3,35,1,346,30
50802956,5406114,Manhattan,Harlem,40.81204,-73.94234,Entire home/apt,189,3,17,1,217,17
50869966,3325418,Manhattan,Upper West Side,40.79166,-73.97176,Private room,265,2,3,2,147,3
50870115,411289125,Queens,Forest Hills,40.72545,-73.85127,Private room,110,1,27,1,352,24
50806836,220629418,Brooklyn,Flatbush,40.64365,-73.95654,Entire home/apt,475,1,16,5,354,9
50807495,7752638,Manhattan,Upper West Side,40.78329101925994,-73.9710934920479,Entire home/apt,157,30,2,2,19,2
50807653,406942662,Manhattan,Lower East Side,40.71987,-73.99094,Private room,94,1,30,5,66,24
50808284,20448750,Manhattan,Chelsea,40.74982,-73.99425,Entire home/apt,1400,3,22,1,175,21
50809342,75395247,Brooklyn,Williamsburg,40.71024,-73.96103,Entire home/apt,115,30,4,4,298,3
50809609,40385488,Manhattan,Morningside Heights,40.80416,-73.96529,Private room,135,5,4,9,76,4
50809630,95570540,Staten Island,Oakwood,40.55922,-74.11809,Entire home/apt,192,2,15,7,65,13
50918390,30101639,Queens,Ditmars Steinway,40.78108,-73.92002,Entire home/apt,127,14,3,1,31,3
50918485,258806401,Bronx,Kingsbridge,40.88204,-73.90479,Entire home/apt,80,3,23,2,160,22
50870529,3325418,Manhattan,Upper West Side,40.79167,-73.96981,Entire home/apt,550,2,6,2,119,5
50870707,3007477,Manhattan,Washington Heights,40.84946,-73.94053,Private room,100,5,5,2,43,4
50871122,382582503,Brooklyn,East Flatbush,40.6511,-73.9434,Private room,93,3,18,4,357,16
50919685,1171812,Manhattan,Upper East Side,40.77906,-73.95329,Entire home/apt,257,5,12,1,95,11
50919846,6297882,Brooklyn,Williamsburg,40.71092,-73.96467,Entire home/apt,190,6,6,1,1,6
50810953,6144668,Brooklyn,Bushwick,40.70113,-73.92472,Entire home/apt,165,30,4,1,218,4
50872208,5615582,Bronx,Mott Haven,40.81185,-73.92868,Private room,159,1,4,51,0,2
50812107,149151114,Manhattan,Harlem,40.81343,-73.95194,Shared room,105,1,30,5,341,22
50812445,25043292,Manhattan,Little Italy,40.72013,-73.9962,Entire home/apt,266,3,21,1,2,20
50813895,269375752,Queens,Ridgewood,40.7092665897094,-73.90511894951217,Entire home/apt,264,2,10,1,40,10
50921324,354785010,Brooklyn,Williamsburg,40.70958,-73.95582,Private room,80,1,69,4,44,61
50922065,403724650,Manhattan,Harlem,40.8028,-73.9515,Private room,50,15,0,3,0,0
50873236,158969505,Manhattan,Lower East Side,40.72127,-73.99332,Entire home/apt,404,2,41,200,133,36
50873649,36575841,Brooklyn,Bushwick,40.69608,-73.93293,Private room,132,1,1,1,0,0
50873779,96891607,Brooklyn,East Flatbush,40.66252,-73.93269,Entire home/apt,346,1,59,4,336,45
50816218,222757969,Brooklyn,Crown Heights,40.67322,-73.93579,Entire home/apt,157,2,26,1,335,22
50821791,3223938,Brooklyn,Sheepshead Bay,40.59469,-73.95882,Private room,33,90,0,288,259,0
50822005,410819027,Manhattan,Upper West Side,40.76893,-73.98524,Private room,170,2,42,1,23,39
50822321,406606560,Queens,Jackson Heights,40.74935,-73.87035,Private room,74,2,4,3,249,2
50873910,158969505,Manhattan,Lower East Side,40.7227,-73.99305,Entire home/apt,421,2,51,200,131,42
50874018,22541573,Manhattan,Midtown,40.7639,-73.98179,Entire home/apt,283,30,0,131,339,0
50874085,408976756,Brooklyn,Windsor Terrace,40.6579,-73.97894,Private room,134,1,5,6,277,5
50874125,158969505,Manhattan,Lower East Side,40.72075,-73.99366,Entire home/apt,413,2,54,200,111,44
50874484,158969505,Manhattan,Lower East Side,40.72291,-73.99127,Private room,434,2,49,200,124,39
50875062,62828813,Brooklyn,Greenpoint,40.72304,-73.93862,Private room,300,3,0,2,0,0
50875290,153988027,Queens,Sunnyside,40.73466,-73.91724,Entire home/apt,200,4,28,6,295,26
50875520,411034737,Brooklyn,East Flatbush,40.637486,-73.931541,Private room,75,1,20,7,333,19
50876946,162280872,Manhattan,Upper East Side,40.77323,-73.95356,Entire home/apt,170,30,1,98,312,1
50877504,287918169,Manhattan,Inwood,40.86505,-73.92698,Private room,90,1,0,1,249,0
50877802,5162192,Manhattan,Upper West Side,40.79632,-73.96161,Entire home/apt,136,30,1,20,249,0
50877817,369817284,Manhattan,Gramercy,40.73681,-73.98111,Entire home/apt,200,30,6,4,280,6
50878609,50853965,Brooklyn,Greenpoint,40.72642,-73.95158,Private room,400,2,2,1,0,0
50822826,128940676,Brooklyn,East Flatbush,40.6502,-73.95194,Private room,82,2,52,2,10,40
50826322,51589519,Manhattan,Lower East Side,40.72093,-73.99094,Entire home/apt,159,30,4,14,295,3
50923430,368465567,Queens,Jamaica,40.70628,-73.80045,Entire home/apt,130,1,33,6,131,24
50925570,107434423,Manhattan,Nolita,40.7235153,-73.9937234,Entire home/apt,414,31,0,453,333,0
50925652,166672703,Brooklyn,Bushwick,40.69671,-73.91521,Private room,60,5,5,2,0,1
50879115,360780711,Manhattan,Harlem,40.80045,-73.9538,Private room,92,2,52,1,297,47
50929305,411760614,Manhattan,Harlem,40.82386,-73.94971,Entire home/apt,89,31,6,1,78,5
50933213,334611519,Queens,Flushing,40.75504,-73.805,Entire home/apt,151,1,90,14,149,78
50933576,32908315,Manhattan,Midtown,40.74603,-73.98873,Entire home/apt,250,1,16,5,237,15
50829144,410869252,Manhattan,Midtown,40.75486,-73.98905,Private room,90,3,27,1,65,25
50829435,21534672,Brooklyn,Prospect-Lefferts Gardens,40.6622,-73.94462,Private room,159,2,1,4,0,0
50999361,158969505,Manhattan,Lower East Side,40.72129,-73.99345,Entire home/apt,404,2,50,200,111,43
50880411,43719073,Brooklyn,Sheepshead Bay,40.5984,-73.9544,Shared room,75,1,31,8,0,26
50885009,313011393,Brooklyn,Bedford-Stuyvesant,40.69473,-73.96004,Private room,35,1,17,3,0,12
50889398,59795431,Bronx,Williamsbridge,40.88204,-73.86318,Entire home/apt,193,1,53,2,152,46
50999685,412547947,Queens,Arverne,40.59056,-73.79284,Entire home/apt,165,7,3,1,0,1
50999787,58228630,Manhattan,Harlem,40.82203,-73.9573,Private room,200,2,2,4,365,2
50889641,47022650,Manhattan,East Harlem,40.79349,-73.93429,Entire home/apt,170,4,14,5,337,12
50890282,408976756,Brooklyn,Windsor Terrace,40.65958,-73.97883,Private room,298,1,23,6,330,23
50892818,76943965,Brooklyn,Canarsie,40.63816,-73.88616,Entire home/apt,118,2,40,2,355,31
50894499,90633806,Manhattan,Gramercy,40.73671,-73.98739,Entire home/apt,404,1,10,1,348,10
50999924,221418152,Manhattan,Harlem,40.8059,-73.95416,Entire home/apt,200,1,48,1,336,39
51000097,75395247,Manhattan,Stuyvesant Town,40.7306,-73.97972,Entire home/apt,130,30,6,4,281,6
51000579,294428595,Brooklyn,Sunset Park,40.644371,-74.00576,Private room,75,1,47,7,298,41
50933837,55682735,Queens,St. Albans,40.7035,-73.75741,Entire home/apt,122,1,85,1,318,80
50934088,32908315,Manhattan,Midtown,40.74633,-73.98894,Entire home/apt,297,1,8,5,200,6
50934590,32908315,Manhattan,Midtown,40.74649,-73.98852,Entire home/apt,321,1,46,5,210,39
50938980,215759678,Queens,Jamaica Estates,40.72114,-73.79652,Private room,54,30,6,12,160,5
50939326,215759678,Queens,Jamaica Estates,40.72207,-73.79877,Private room,47,30,4,12,332,3
50939575,272326092,Brooklyn,East New York,40.66078,-73.89807,Private room,200,1,0,1,0,0
50940330,12874543,Brooklyn,Greenpoint,40.71959,-73.95295,Entire home/apt,390,4,5,1,0,3
50895136,51528392,Brooklyn,Crown Heights,40.67063,-73.94804,Private room,50,60,1,2,19,1
50896230,10712727,Manhattan,Harlem,40.80856,-73.95195,Entire home/apt,93,1,44,3,0,36
50896469,105633507,Bronx,Eastchester,40.88976,-73.82169,Private room,45,1,16,2,311,16
50940387,7074749,Brooklyn,Prospect Heights,40.67873,-73.96679,Entire home/apt,123,7,0,1,0,0
50942240,130030703,Manhattan,Stuyvesant Town,40.7302,-73.97896,Entire home/apt,100,30,1,2,0,0
50942618,386263,Brooklyn,Crown Heights,40.67609,-73.95478,Entire home/apt,155,30,6,1,309,6
51001754,258884392,Queens,East Elmhurst,40.76529,-73.8733,Entire home/apt,240,30,0,3,338,0
51001957,377577659,Queens,Sunnyside,40.74017,-73.92447,Entire home/apt,219,5,45,2,246,42
50897694,403320678,Brooklyn,Bedford-Stuyvesant,40.68324,-73.94569,Entire home/apt,167,5,20,1,22,18
50898831,165776960,Manhattan,East Village,40.72968,-73.98515,Entire home/apt,145,30,1,8,242,1
50899124,165776960,Manhattan,Stuyvesant Town,40.73037,-73.97997,Entire home/apt,170,30,0,8,0,0
50899201,404960164,Queens,East Elmhurst,40.76169,-73.8823,Private room,61,1,1,3,67,0
50899889,121917551,Manhattan,Upper West Side,40.76853191675706,-73.98491211710076,Entire home/apt,285,4,20,1,4,13
50900006,404960164,Queens,East Elmhurst,40.76101,-73.88445,Private room,60,1,4,3,67,3
50900377,9864136,Brooklyn,Bedford-Stuyvesant,40.68479,-73.91406,Private room,45,30,3,28,281,2
50902552,19569903,Manhattan,Hell's Kitchen,40.75275,-73.9933,Entire home/apt,422,2,52,5,350,41
50907781,34457315,Queens,Woodhaven,40.69204,-73.86595,Entire home/apt,189,3,44,3,138,37
50910281,1362759,Brooklyn,Bedford-Stuyvesant,40.68813,-73.94723,Entire home/apt,230,1,4,1,9,4
50911463,72774071,Brooklyn,Williamsburg,40.70959,-73.95317,Entire home/apt,120,60,13,1,119,10
51002225,134180270,Manhattan,Kips Bay,40.74319,-73.97736,Entire home/apt,275,3,46,1,141,42
50943920,409575276,Queens,Jackson Heights,40.74762,-73.88454,Private room,95,3,42,1,342,35
50944082,267272502,Brooklyn,Bedford-Stuyvesant,40.69416,-73.95292,Private room,62,4,4,28,268,3
50948326,156255485,Brooklyn,Williamsburg,40.70443,-73.9432,Entire home/apt,119,2,53,1,295,49
50950644,3223938,Brooklyn,Crown Heights,40.677,-73.95407,Private room,31,90,0,288,23,0
50953084,158969505,Manhattan,Nolita,40.723,-73.99358,Entire home/apt,396,2,84,200,111,64
50953290,158969505,Manhattan,Lower East Side,40.72162,-73.99352,Entire home/apt,396,2,42,200,0,36
50912102,9501531,Manhattan,Harlem,40.8246001538127,-73.94522585663027,Private room,91,2,5,3,349,5
50912189,411676796,Manhattan,Chinatown,40.71804,-73.99685,Entire home/apt,250,28,12,1,27,6
50955423,398367132,Manhattan,Inwood,40.86384,-73.92017,Entire home/apt,212,2,55,1,313,44
50912283,17775359,Manhattan,West Village,40.73312,-74.00027,Entire home/apt,1155,30,8,5,119,4
50912907,183111215,Queens,Forest Hills,40.73382,-73.8487,Entire home/apt,1357,1,14,2,363,11
50913633,158969505,Manhattan,Lower East Side,40.72093,-73.99203,Private room,429,2,59,200,110,48
50913661,71852500,Manhattan,Kips Bay,40.74057,-73.97755,Entire home/apt,110,30,5,3,81,4
50913688,215759678,Queens,Jamaica Estates,40.72218,-73.79658,Private room,46,30,2,12,249,1
51084175,28223424,Brooklyn,East Flatbush,40.66542,-73.92607,Entire home/apt,102,4,54,3,79,50
50956414,359016315,Queens,St. Albans,40.70103,-73.7526,Private room,60,1,45,1,352,42
50958541,117932348,Manhattan,Gramercy,40.73576,-73.98224,Entire home/apt,145,31,4,4,132,4
50959381,412138034,Queens,Jamaica,40.68569,-73.79397,Entire home/apt,60,1,99,1,16,93
50959515,391019420,Bronx,Belmont,40.85526,-73.88866,Entire home/apt,104,2,46,1,323,31
50959817,295760,Manhattan,Lower East Side,40.71679,-73.98246,Entire home/apt,250,30,0,1,0,0
50960211,410521823,Queens,Laurelton,40.66794,-73.74435,Private room,59,2,28,2,341,21
51002672,412583371,Brooklyn,Crown Heights,40.66976,-73.93553,Private room,70,1,40,1,327,40
51003104,258884392,Queens,East Elmhurst,40.76522,-73.87155,Entire home/apt,140,30,1,3,336,1
51087326,381702628,Manhattan,East Harlem,40.79567,-73.942,Private room,80,2,28,3,351,26
51089818,51589519,Manhattan,Chelsea,40.7426,-73.99759,Entire home/apt,275,31,4,14,297,4
51098634,149139706,Brooklyn,East Flatbush,40.63432,-73.92298,Entire home/apt,109,1,54,1,149,50
51099799,409580849,Queens,Flushing,40.7591,-73.8286,Private room,88,1,26,1,0,25
51100458,37046945,Brooklyn,Fort Greene,40.69015,-73.97967,Entire home/apt,266,3,22,4,20,18
51003110,9132087,Manhattan,Chelsea,40.7413,-74.00054,Entire home/apt,199,3,22,1,16,18
51005554,44018877,Brooklyn,East Flatbush,40.64008,-73.95052,Entire home/apt,175,3,34,4,310,31
51008522,107434423,Manhattan,Upper West Side,40.78969,-73.9744,Entire home/apt,355,31,0,453,203,0
51008529,107434423,Manhattan,Upper West Side,40.78969,-73.9744,Entire home/apt,329,31,0,453,5,0
51008582,107434423,Manhattan,Midtown,40.75147,-73.97142,Entire home/apt,457,31,0,453,278,0
51013625,107434423,Manhattan,Kips Bay,40.74572250000001,-73.9798618,Entire home/apt,263,31,0,453,237,0
51014536,385129361,Manhattan,Upper West Side,40.79673,-73.962547,Entire home/apt,70,30,3,48,72,3
51015077,8309060,Manhattan,Midtown,40.74782,-73.98698,Entire home/apt,197,1,16,9,103,16
50960910,407661651,Brooklyn,Williamsburg,40.71878,-73.9596,Entire home/apt,161,1,40,1,0,26
51100480,266609191,Queens,Long Island City,40.74576,-73.95432,Private room,161,4,23,3,74,22
51101034,37046945,Brooklyn,Fort Greene,40.69017,-73.97979,Entire home/apt,244,3,16,4,30,16
51101888,365681137,Brooklyn,Cypress Hills,40.67634,-73.90716,Private room,40,2,7,1,35,6
50961550,4030621,Brooklyn,Williamsburg,40.70759,-73.94238,Entire home/apt,145,30,25,1,35,23
50967563,394817730,Manhattan,Midtown,40.76219,-73.9752,Private room,285,1,1,61,34,1
50968152,394817730,Manhattan,Midtown,40.76328,-73.97586,Private room,285,1,1,61,34,1
50968880,394817730,Manhattan,Midtown,40.76339,-73.97674,Private room,285,1,2,61,34,2
50969129,394817730,Manhattan,Midtown,40.76342,-73.97701,Private room,275,1,5,61,34,5
50969290,394817730,Manhattan,Midtown,40.76372,-73.97554,Private room,275,1,18,61,37,17
50970167,394817730,Manhattan,Hell's Kitchen,40.76175,-73.98735,Private room,289,1,2,61,34,0
50970987,267028253,Manhattan,Lower East Side,40.71902,-73.99053,Private room,93,3,4,4,16,4
50971144,267028253,Manhattan,Lower East Side,40.71841,-73.99233,Private room,100,30,44,4,73,36
51016251,412716980,Brooklyn,Bushwick,40.704033,-73.919151,Entire home/apt,268,3,52,1,64,46
51018155,13977232,Brooklyn,Greenpoint,40.72075,-73.9533,Entire home/apt,365,5,15,1,21,14
51018343,158969505,Manhattan,Nolita,40.72249,-73.99344,Entire home/apt,396,2,47,200,117,32
51019131,408979935,Manhattan,Chelsea,40.74882,-73.99749,Private room,143,3,56,17,64,49
51101890,406163945,Brooklyn,Greenpoint,40.72921,-73.95731,Private room,150,2,40,2,282,34
51103264,405671301,Bronx,Eastchester,40.88752,-73.81806,Entire home/apt,111,1,70,2,81,67
51019803,281914515,Manhattan,Upper West Side,40.77673,-73.98141,Entire home/apt,249,4,47,1,92,42
51020151,18013620,Manhattan,Harlem,40.82524,-73.95507,Private room,55,3,5,2,0,5
51020736,180354201,Brooklyn,Flatbush,40.63265,-73.9585,Private room,164,2,0,1,90,0
50971404,3211428,Brooklyn,Bushwick,40.68776,-73.90614,Entire home/apt,250,3,11,1,87,11
51109027,90713895,Manhattan,Theater District,40.759148,-73.984161,Private room,507,1,2,6,205,2
51109419,45062059,Brooklyn,Crown Heights,40.677,-73.95922,Private room,91,1,3,3,161,2
51109929,351556515,Brooklyn,East Flatbush,40.6341,-73.92686,Entire home/apt,320,2,32,1,125,32
50972848,17784793,Brooklyn,Crown Heights,40.67638,-73.92221,Private room,120,1,11,3,325,10
50973336,3202210,Brooklyn,Williamsburg,40.71831,-73.95713,Entire home/apt,500,12,1,2,317,1
50974766,183111215,Queens,Forest Hills,40.73428,-73.84693,Entire home/apt,1357,1,5,2,363,4
50974949,411936329,Brooklyn,Prospect-Lefferts Gardens,40.66085,-73.94302,Private room,67,1,3,4,0,3
50975371,57023844,Queens,Jamaica,40.68715,-73.78011,Private room,69,3,2,3,365,2
50975673,158969505,Manhattan,Lower East Side,40.72266,-73.99317,Entire home/apt,429,2,51,200,128,37
51022299,3531288,Brooklyn,Williamsburg,40.71334,-73.95915,Entire home/apt,329,3,38,1,11,38
51023350,88929878,Manhattan,East Village,40.72237,-73.97643,Private room,136,1,52,1,70,50
51023587,17784793,Brooklyn,Bedford-Stuyvesant,40.6777,-73.92215,Private room,130,1,14,3,342,12
51023989,1171497,Manhattan,Harlem,40.80788,-73.95148,Entire home/apt,157,3,2,8,243,2
51023991,1171497,Manhattan,Harlem,40.80754,-73.9511,Private room,90,5,15,8,250,8
51024266,393196534,Bronx,Clason Point,40.81065,-73.85338,Private room,45,5,22,5,349,20
51119388,175368122,Queens,Ditmars Steinway,40.780992891226745,-73.91024387594285,Private room,37,1,2,1,287,2
51024399,4202248,Manhattan,SoHo,40.72709,-74.00254,Private room,125,1,43,1,211,39
50975806,369416627,Brooklyn,East Flatbush,40.63484,-73.94373,Entire home/apt,155,1,63,1,345,63
50976463,411936329,Brooklyn,Prospect-Lefferts Gardens,40.66199,-73.94109,Private room,67,1,5,4,0,5
50977085,158969505,Manhattan,Nolita,40.72284,-73.9933,Entire home/apt,413,2,39,200,145,30
50977255,158969505,Manhattan,Lower East Side,40.72107,-73.99298,Entire home/apt,458,2,44,200,137,36
50977325,158969505,Manhattan,Lower East Side,40.72113,-73.99174,Entire home/apt,413,2,39,200,140,29
50977430,158969505,Manhattan,Nolita,40.72251,-73.99358,Entire home/apt,404,2,35,200,136,25
50977776,56232543,Bronx,Kingsbridge,40.86991,-73.90622,Entire home/apt,98,3,32,1,124,32
51121141,12428813,Manhattan,Stuyvesant Town,40.73582,-73.97796,Entire home/apt,206,30,4,1,54,4
50978895,3426541,Brooklyn,Clinton Hill,40.68657,-73.96518,Entire home/apt,94,40,1,1,87,1
50979994,4704914,Brooklyn,Bergen Beach,40.62418,-73.91072,Entire home/apt,249,3,31,1,340,27
50982593,107434423,Manhattan,Flatiron District,40.7432769,-73.9912032,Entire home/apt,715,31,0,453,344,0
50982601,107434423,Manhattan,Kips Bay,40.74300900000001,-73.9806384,Entire home/apt,399,60,0,453,281,0
51024524,412796426,Queens,Flushing,40.75538,-73.83057,Private room,79,30,13,1,349,10
51025107,41420874,Brooklyn,Crown Heights,40.67212,-73.94028,Entire home/apt,579,4,25,1,58,24
51121143,340186155,Queens,Arverne,40.58786,-73.793732,Entire home/apt,320,30,9,1,354,9
50991222,95442839,Brooklyn,Bedford-Stuyvesant,40.68579,-73.93752,Entire home/apt,163,3,36,1,181,36
51122713,68848703,Queens,Forest Hills,40.71816,-73.84946,Entire home/apt,175,5,26,2,328,21
51124294,29788934,Brooklyn,Crown Heights,40.6764,-73.95446,Entire home/apt,174,3,37,1,21,31
51125967,1533191,Manhattan,East Village,40.72246,-73.97903,Entire home/apt,400,1,6,1,33,4
51025611,93930422,Staten Island,New Brighton,40.64349,-74.09291,Entire home/apt,112,3,0,1,269,0
51126088,413732109,Manhattan,Harlem,40.82977,-73.9443,Entire home/apt,108,30,0,1,0,0
51027422,97179902,Manhattan,Upper West Side,40.78677,-73.97501,Entire home/apt,224,1,0,1,0,0
51033468,96202808,Brooklyn,Bedford-Stuyvesant,40.6781205195402,-73.937171924475,Private room,298,1,5,2,8,4
51035025,6801314,Brooklyn,Crown Heights,40.67168,-73.94077,Entire home/apt,150,7,7,3,22,7
51035219,27558716,Queens,Corona,40.74641,-73.85541,Entire home/apt,395,2,37,2,342,28
51037520,241676154,Staten Island,West Brighton,40.63259,-74.1058,Private room,41,30,0,14,298,0
51037782,229149668,Brooklyn,Bedford-Stuyvesant,40.68342,-73.95422,Entire home/apt,252,3,23,4,348,20
50991667,60403058,Brooklyn,Bedford-Stuyvesant,40.68723583292674,-73.94405804749348,Private room,75,1,3,1,2,3
51126136,138359800,Brooklyn,Bushwick,40.69589,-73.91235,Entire home/apt,104,2,19,2,0,14
50992462,3837439,Queens,Ditmars Steinway,40.77633,-73.92569,Entire home/apt,130,4,1,1,252,0
50992992,3777978,Manhattan,Harlem,40.82417,-73.94786,Private room,114,3,13,5,59,11
50992996,117027704,Brooklyn,Williamsburg,40.71318,-73.94326,Entire home/apt,228,3,40,1,236,40
51040232,1421199,Brooklyn,East New York,40.67017,-73.89049,Entire home/apt,101,2,8,1,64,6
51040477,136984427,Manhattan,Kips Bay,40.74398,-73.97586,Entire home/apt,350,2,41,2,36,39
51040846,173307,Brooklyn,Williamsburg,40.70893,-73.9499,Entire home/apt,206,14,5,1,58,4
51127101,228146367,Brooklyn,Borough Park,40.6182008970231,-73.98551978469642,Entire home/apt,148,1,4,1,162,4
51128437,28336,Brooklyn,Bedford-Stuyvesant,40.67824,-73.93915,Private room,101,3,23,1,331,22
51042009,112494186,Queens,Astoria,40.77052,-73.92386,Private room,157,1,1,1,353,1
51042544,380818034,Brooklyn,Gravesend,40.59774,-73.99826,Entire home/apt,90,6,27,1,109,23
51044853,341752262,Manhattan,Midtown,40.74698,-73.98885,Entire home/apt,430,1,84,13,175,73
51045369,384532776,Manhattan,Hell's Kitchen,40.75953,-73.99116,Entire home/apt,116,30,2,44,219,1
50994590,412459804,Queens,Springfield Gardens,40.66592,-73.77407,Entire home/apt,149,2,67,1,114,62
50997070,158969505,Manhattan,Lower East Side,40.72228,-73.99157,Entire home/apt,392,2,36,200,139,26
50997233,158969505,Manhattan,Lower East Side,40.72113,-73.99319,Entire home/apt,391,2,72,200,115,59
50997652,158969505,Manhattan,Lower East Side,40.72232,-73.99129,Entire home/apt,392,2,36,200,131,29
50997741,19569903,Manhattan,Chelsea,40.75064,-73.99338,Entire home/apt,672,2,45,5,348,40
50998578,6238225,Brooklyn,Bedford-Stuyvesant,40.6823,-73.91266,Entire home/apt,152,2,50,1,33,43
51128975,41276293,Brooklyn,Fort Greene,40.69001,-73.97847,Private room,126,5,10,1,36,10
51046523,86943985,Brooklyn,Cypress Hills,40.68566,-73.87629,Private room,99,1,28,2,69,28
51046606,346183,Brooklyn,Bushwick,40.69573,-73.92547,Private room,45,30,7,2,53,7
51129000,11039369,Brooklyn,South Slope,40.6681,-73.98825,Entire home/apt,140,6,3,2,0,2
51129727,393992614,Manhattan,Tribeca,40.71545,-74.00732,Entire home/apt,195,7,6,1,0,3
51047557,103332090,Queens,Long Island City,40.74494,-73.94986,Entire home/apt,145,3,36,1,287,31
50998783,412537511,Brooklyn,Bensonhurst,40.60804,-74.0032,Entire home/apt,143,4,26,1,169,23
50999162,158969505,Manhattan,Lower East Side,40.72295,-73.9913,Entire home/apt,438,2,46,200,109,40
51211344,238686010,Brooklyn,Windsor Terrace,40.65475,-73.97946,Private room,293,1,20,6,249,19
51212642,39399272,Brooklyn,Bushwick,40.6891,-73.91498,Private room,75,2,11,5,67,8
51212669,266380288,Manhattan,Chelsea,40.74276,-73.99747,Entire home/apt,159,30,2,4,126,2
51129804,413772712,Brooklyn,Crown Heights,40.67028,-73.95734,Entire home/apt,152,1,61,1,271,56
51130939,42140979,Manhattan,Harlem,40.81575,-73.9538,Entire home/apt,225,2,30,1,288,25
51212978,414538902,Brooklyn,Bay Ridge,40.63495,-74.02478,Entire home/apt,129,2,69,1,342,66
51048002,119936528,Brooklyn,Bedford-Stuyvesant,40.68803,-73.9282,Entire home/apt,159,1,74,2,233,56
51139008,290380530,Manhattan,Midtown,40.75163,-73.97249,Entire home/apt,543,2,4,2,354,2
51048934,401145372,Brooklyn,Midwood,40.62866,-73.94717,Private room,60,2,3,1,0,1
51052559,143882962,Manhattan,East Village,40.72987,-73.98782,Entire home/apt,189,30,1,6,339,1
51052642,79060345,Manhattan,Midtown,40.7465,-73.98846,Entire home/apt,250,6,34,3,298,33
51058734,2867137,Manhattan,Midtown,40.76395,-73.98369,Entire home/apt,185,30,0,73,311,0
51059043,262999899,Manhattan,Tribeca,40.71878,-74.00285,Entire home/apt,549,25,2,1,0,0
51214015,106921037,Brooklyn,Bedford-Stuyvesant,40.67821,-73.90997,Entire home/apt,120,4,0,2,0,0
51214612,106921037,Brooklyn,Bedford-Stuyvesant,40.68057,-73.90943,Private room,175,1,0,2,0,0
51215526,30283594,Manhattan,Midtown,40.76453,-73.98366,Entire home/apt,469,30,1,95,365,1
51215545,30283594,Manhattan,Midtown,40.76453,-73.98366,Entire home/apt,649,30,0,95,360,0
51215712,33612342,Brooklyn,Sunset Park,40.66109,-73.9934,Private room,168,1,46,6,150,44
51216741,149151114,Manhattan,Harlem,40.81209,-73.95398,Private room,99,1,14,5,341,12
51217153,402799430,Queens,Howard Beach,40.653576,-73.835815,Private room,78,10,5,4,241,5
51139891,346183,Brooklyn,Bushwick,40.69516,-73.92541,Private room,85,30,2,2,41,2
51141168,401202937,Manhattan,Midtown,40.74611,-73.98875,Private room,216,1,34,51,53,29
51141963,290380530,Manhattan,Midtown,40.75156,-73.97326,Entire home/apt,543,2,1,2,354,1
51143643,294887247,Manhattan,Chinatown,40.71575,-73.99065,Entire home/apt,206,2,69,4,236,63
51143675,411034737,Brooklyn,East Flatbush,40.6398509,-73.9366136,Entire home/apt,150,3,0,7,353,0
51145379,56051614,Brooklyn,Williamsburg,40.71705,-73.94131,Entire home/apt,239,7,3,1,149,3
51217654,414611459,Manhattan,SoHo,40.72662658574513,-74.00438291392744,Private room,140,2,1,1,19,1
51218235,90713895,Manhattan,Midtown,40.764427,-73.982758,Private room,406,1,0,6,317,0
51224515,42011449,Manhattan,West Village,40.73328,-74.00686,Entire home/apt,315,12,0,1,4,0
51225520,3239302,Brooklyn,Bedford-Stuyvesant,40.69371,-73.94255,Entire home/apt,181,12,3,1,76,3
51059180,345231956,Manhattan,Midtown,40.74679,-73.9867,Entire home/apt,249,1,30,3,20,27
51059558,4471600,Manhattan,Financial District,40.70414,-74.00853,Entire home/apt,447,28,11,2,168,11
51059798,61391963,Manhattan,Upper East Side,40.77318,-73.95417,Entire home/apt,159,30,1,116,311,1
51059898,41949088,Brooklyn,Bushwick,40.70092,-73.9122,Entire home/apt,200,7,3,1,0,2
51060485,115671542,Staten Island,Todt Hill,40.59989,-74.10771,Entire home/apt,249,24,1,1,358,1
51149385,165193108,Manhattan,Harlem,40.80205,-73.9458,Entire home/apt,304,1,26,1,162,26
51061698,253242801,Brooklyn,Bedford-Stuyvesant,40.68494,-73.92947,Entire home/apt,136,30,1,1,25,1
51226137,284991171,Manhattan,Upper East Side,40.77911,-73.94634,Entire home/apt,216,30,8,2,182,6
51226268,75229214,Queens,Long Island City,40.74496,-73.94201,Entire home/apt,140,3,7,1,0,6
51227326,19981094,Brooklyn,Prospect Heights,40.67959,-73.96919,Private room,48,8,1,2,0,0
51227641,162280872,Manhattan,Upper East Side,40.77397,-73.9474,Entire home/apt,150,30,1,98,332,1
51149917,16954768,Manhattan,Harlem,40.81762,-73.9537,Private room,41,30,2,3,32,1
51150395,381698920,Manhattan,Hell's Kitchen,40.75422,-73.9978,Private room,132,7,3,19,178,3
51150521,411125909,Bronx,Concourse Village,40.83575,-73.91527,Private room,98,1,11,2,354,8
51154314,137358866,Manhattan,Harlem,40.81082,-73.94275,Private room,65,30,3,111,340,3
51154696,739539,Brooklyn,Williamsburg,40.72009,-73.96046,Private room,278,5,12,3,82,9
51155545,381702628,Manhattan,East Harlem,40.79566,-73.94167,Private room,83,2,15,3,352,13
51156271,143930432,Brooklyn,East Flatbush,40.65341,-73.9432,Private room,50,30,0,1,263,0
51062275,220934687,Brooklyn,Bushwick,40.68291,-73.90676,Private room,88,1,45,1,75,39
51157342,224979517,Brooklyn,Clinton Hill,40.68546,-73.96251,Entire home/apt,110,14,6,1,145,5
51063866,403893716,Brooklyn,Williamsburg,40.71927,-73.94609,Entire home/apt,200,2,1,1,0,1
51228351,414221490,Manhattan,Midtown,40.75143,-73.98045,Entire home/apt,485,1,110,2,55,110
51157976,412948033,Queens,Astoria,40.75583,-73.92489,Private room,71,30,1,2,66,1
51159132,414036947,Queens,East Elmhurst,40.76174,-73.87154,Entire home/apt,252,2,11,2,204,7
51231960,362851420,Brooklyn,Bedford-Stuyvesant,40.69184,-73.93883,Entire home/apt,174,1,60,1,57,54
51064101,413161278,Brooklyn,East Flatbush,40.64826,-73.92805,Entire home/apt,148,3,37,1,322,35
51160997,10712727,Manhattan,Harlem,40.80681,-73.95057,Shared room,75,1,0,3,193,0
51161332,10712727,Manhattan,Harlem,40.80703,-73.95003,Private room,87,1,0,3,218,0
51162963,414068298,Manhattan,Upper West Side,40.77908,-73.97714,Entire home/apt,203,30,6,15,199,6
51064493,208752230,Brooklyn,Williamsburg,40.71931,-73.94417,Entire home/apt,205,30,1,1,136,1
51065454,127847762,Queens,Corona,40.73884,-73.86409,Entire home/apt,190,2,74,2,77,65
51232680,235585976,Brooklyn,East Flatbush,40.64965,-73.91903,Private room,53,1,30,3,150,22
51232872,390359155,Queens,Ditmars Steinway,40.77229,-73.90969,Private room,51,30,11,2,44,10
51235989,167270001,Manhattan,Hell's Kitchen,40.75577,-73.99478,Private room,300,1,9,6,350,3
51241506,87183086,Manhattan,Midtown,40.75574,-73.96964,Private room,222,1,100,2,217,98
51164192,414079399,Manhattan,Kips Bay,40.74214,-73.98223,Entire home/apt,425,4,27,2,279,24
51243376,414869990,Brooklyn,Prospect-Lefferts Gardens,40.66089,-73.94728,Entire home/apt,247,2,55,1,297,51
51065814,6114916,Brooklyn,Williamsburg,40.72113,-73.9563,Entire home/apt,315,2,11,1,24,9
51067075,779474,Manhattan,Washington Heights,40.83641,-73.94312,Entire home/apt,173,30,4,2,324,3
51068167,393897747,Manhattan,Hell's Kitchen,40.76139,-73.99441,Entire home/apt,345,3,18,19,348,16
51165082,7531229,Brooklyn,Williamsburg,40.7116,-73.96737,Private room,89,30,0,1,52,0
51068377,345088683,Brooklyn,Williamsburg,40.71869,-73.9453,Entire home/apt,111,5,2,1,0,0
51068516,108699045,Brooklyn,Prospect-Lefferts Gardens,40.65509,-73.96029,Entire home/apt,260,30,3,3,306,3
51068791,248968540,Manhattan,Hell's Kitchen,40.75697,-73.9964,Entire home/apt,136,2,25,1,0,19
51069128,40317143,Queens,Maspeth,40.72215,-73.89958,Private room,35,30,0,6,63,0
51069339,4835177,Queens,Astoria,40.76041,-73.92017,Private room,105,30,1,1,156,1
51071045,173083297,Manhattan,Upper West Side,40.77738,-73.97879,Private room,427,1,1,5,300,1
51071579,2968869,Brooklyn,South Slope,40.66192,-73.98697,Entire home/apt,295,6,4,2,126,3
51079553,173083297,Manhattan,Upper West Side,40.77685,-73.97682,Private room,265,1,0,5,300,0
51081515,3223938,Brooklyn,Park Slope,40.66962,-73.98264,Private room,39,90,0,288,316,0
51081836,258884392,Queens,East Elmhurst,40.76437,-73.87142,Entire home/apt,150,30,0,3,348,0
51081964,593135,Manhattan,Greenwich Village,40.72801971435547,-74.00020599365234,Entire home/apt,239,14,4,2,16,4
51083869,147762665,Bronx,Wakefield,40.88832,-73.86067,Private room,59,1,32,7,361,27
51293194,16168122,Brooklyn,Crown Heights,40.66502,-73.9541,Entire home/apt,183,3,38,1,154,35
51295070,284991171,Manhattan,Upper East Side,40.77942,-73.94951,Entire home/apt,256,30,6,2,138,6
51299063,30735525,Manhattan,Washington Heights,40.83686,-73.94379,Private room,80,3,9,1,64,8
51300917,350144734,Manhattan,Hell's Kitchen,40.76745,-73.98694,Private room,151,2,47,2,52,44
51244685,94843889,Manhattan,East Village,40.72409,-73.9835,Private room,130,5,4,1,0,4
51245402,359075187,Manhattan,Upper West Side,40.80128,-73.96677,Private room,50,1,1,2,0,0
51246356,230947125,Brooklyn,Bedford-Stuyvesant,40.68893,-73.93441,Private room,199,1,1,5,270,0
51246503,39399272,Brooklyn,Bushwick,40.69058,-73.91496,Entire home/apt,3333,1,0,5,90,0
51248654,414924887,Brooklyn,Flatbush,40.65125,-73.96166,Private room,160,1,15,5,356,11
51248810,40912903,Brooklyn,Williamsburg,40.70785,-73.94282,Entire home/apt,230,30,0,1,0,0
51248901,39399272,Brooklyn,Bushwick,40.69108,-73.91534,Private room,77,2,15,5,85,14
51251317,1589886,Brooklyn,Williamsburg,40.71652,-73.94204,Entire home/apt,800,2,3,1,8,3
51251630,26555925,Brooklyn,Bushwick,40.70499,-73.92723,Entire home/apt,199,6,6,3,0,6
51166991,61391963,Manhattan,Upper East Side,40.77305,-73.95367,Entire home/apt,165,30,2,116,341,1
51167118,313011393,Brooklyn,Bedford-Stuyvesant,40.69603,-73.96052,Private room,51,1,27,3,0,21
51169564,134951555,Brooklyn,Williamsburg,40.71175,-73.96315,Private room,257,28,16,1,88,16
51251635,414960176,Queens,Jackson Heights,40.75435,-73.86729,Private room,55,1,4,1,0,3
51254422,138086216,Brooklyn,Bergen Beach,40.62333,-73.90511,Entire home/apt,350,4,4,5,7,4
51257643,19869951,Queens,Kew Gardens,40.70582,-73.82798,Entire home/apt,158,2,57,2,0,54
51170954,414139170,Brooklyn,Williamsburg,40.71205,-73.9399,Entire home/apt,229,1,139,2,151,126
51302149,13954781,Brooklyn,Bedford-Stuyvesant,40.68526,-73.94935,Entire home/apt,154,1,33,1,328,33
51171726,5945833,Brooklyn,Williamsburg,40.71175,-73.94237,Entire home/apt,388,5,11,4,39,11
51173947,393897747,Manhattan,Hell's Kitchen,40.76108,-73.9947,Entire home/apt,337,3,11,19,348,6
51175460,4083654,Manhattan,Upper East Side,40.77188,-73.95345,Entire home/apt,120,30,3,4,249,3
51175621,414188733,Brooklyn,Flatbush,40.64425,-73.95231,Entire home/apt,150,2,25,1,326,25
51175725,325474,Brooklyn,Crown Heights,40.67689,-73.94623,Entire home/apt,225,14,2,1,0,2
51175991,366957773,Bronx,Baychester,40.87041,-73.84194,Entire home/apt,89,5,4,1,310,3
51303562,415475108,Brooklyn,Canarsie,40.64295,-73.89909,Entire home/apt,95,3,16,1,119,16
51257815,393967857,Brooklyn,Bedford-Stuyvesant,40.68311,-73.94687,Entire home/apt,116,30,6,1,174,6
51260918,392437847,Manhattan,Upper East Side,40.772259,-73.947083,Entire home/apt,168,30,0,1,364,0
51262232,44152990,Brooklyn,Greenpoint,40.73342,-73.95545,Entire home/apt,170,2,18,2,3,15
51176539,11243113,Manhattan,West Village,40.73851,-74.0075,Entire home/apt,250,30,0,1,0,0
51177136,414206354,Bronx,Concourse Village,40.82854,-73.91589,Private room,39,356,0,1,0,0
51180486,39399272,Brooklyn,Bushwick,40.69086,-73.91489,Entire home/apt,297,2,11,5,67,10
51184002,89211125,Queens,East Elmhurst,40.7554,-73.89416,Entire home/apt,95,3,49,3,313,45
51184699,282769227,Manhattan,Inwood,40.86301,-73.92681,Private room,40,1,0,1,0,0
51262978,414684807,Manhattan,Chinatown,40.71704,-73.99528,Entire home/apt,300,30,10,1,5,6
51263090,1354727,Queens,Astoria,40.774002,-73.930298,Entire home/apt,138,1,75,4,61,69
51304263,402215343,Manhattan,Harlem,40.80098,-73.95401,Private room,64,30,1,4,170,1
51305004,8381084,Manhattan,Financial District,40.70814,-74.00231,Entire home/apt,371,2,11,1,3,11
51305818,37821056,Brooklyn,Flatbush,40.65421,-73.96083,Private room,40,30,1,8,280,1
51306036,9293730,Manhattan,Upper West Side,40.795322,-73.962921,Entire home/apt,167,30,1,37,250,1
51306886,4691967,Brooklyn,Bushwick,40.69928,-73.93813,Private room,79,30,1,3,0,1
51307852,21074914,Brooklyn,Bedford-Stuyvesant,40.67924,-73.91173,Private room,59,1,24,4,0,21
51184881,25145925,Brooklyn,Bedford-Stuyvesant,40.68086,-73.95013,Entire home/apt,127,2,3,1,0,2
51188064,45192944,Queens,Jamaica Hills,40.717861,-73.795593,Entire home/apt,157,1,31,1,169,29
51310410,27554902,Brooklyn,Flatlands,40.62169,-73.9241,Entire home/apt,91,1,50,1,325,43
51311538,87629139,Manhattan,Harlem,40.82484,-73.94897,Entire home/apt,188,1,8,4,336,5
51311626,279230537,Bronx,Kingsbridge,40.87882,-73.89983,Entire home/apt,400,2,12,2,83,11
51312764,156948703,Queens,East Elmhurst,40.76941,-73.87139,Entire home/apt,153,1,118,5,312,104
51190723,390022933,Bronx,Clason Point,40.81367,-73.86483,Private room,650,1,0,1,0,0
51318136,38257016,Brooklyn,Crown Heights,40.67641,-73.94276,Entire home/apt,150,2,3,1,0,1
51321125,3223938,Brooklyn,Bushwick,40.69068,-73.91041,Private room,36,90,0,288,264,0
51321191,319061072,Brooklyn,Bushwick,40.69828,-73.92942,Private room,150,3,2,8,4,2
51321749,382582503,Brooklyn,East Flatbush,40.64922,-73.94555,Private room,88,3,17,4,321,12
51263392,98868983,Staten Island,Stapleton,40.62723,-74.08004,Entire home/apt,124,2,11,3,360,9
51191494,15718962,Manhattan,Midtown,40.7458,-73.98067,Entire home/apt,170,30,4,3,57,4
51193208,343127628,Queens,Glendale,40.70077,-73.89222,Private room,81,2,30,2,346,16
51265152,270123215,Brooklyn,East Flatbush,40.66148,-73.92112,Entire home/apt,103,3,31,1,340,30
51265207,2107636,Brooklyn,Bedford-Stuyvesant,40.68383,-73.95823,Entire home/apt,151,30,1,1,45,0
51326534,42660040,Manhattan,Midtown,40.7567,-73.96812,Entire home/apt,320,6,16,1,20,16
51327546,326059892,Brooklyn,East New York,40.671562,-73.891777,Entire home/apt,175,5,12,2,202,12
51327577,8567200,Manhattan,East Village,40.72584,-73.9901,Entire home/apt,442,5,17,1,5,15
51330421,61391963,Manhattan,Upper East Side,40.76905,-73.96029,Entire home/apt,125,30,3,116,342,3
51193564,414343320,Queens,Flushing,40.74774,-73.83034,Private room,59,1,0,1,0,0
51195082,400193201,Brooklyn,Canarsie,40.63842240266629,-73.91792424025641,Entire home/apt,167,2,2,1,355,2
51332325,415733609,Queens,Jamaica,40.67721,-73.79503,Entire home/apt,200,2,38,1,80,35
51332358,415732126,Brooklyn,Fort Greene,40.69036,-73.97346,Entire home/apt,294,1,32,1,130,30
51265906,175716492,Manhattan,Upper West Side,40.77477,-73.98586,Entire home/apt,414,7,9,1,190,9
51266380,371559902,Queens,Jamaica,40.68599,-73.8008,Entire home/apt,182,4,20,1,285,17
51195094,402799430,Queens,Howard Beach,40.653576,-73.835815,Private room,88,10,11,4,268,11
51195536,402799430,Queens,Howard Beach,40.653576,-73.835815,Private room,88,10,17,4,248,17
51196430,395699445,Queens,Sunnyside,40.74431,-73.92326,Private room,56,5,1,1,0,0
51197167,414382710,Brooklyn,Bushwick,40.68897,-73.90957,Private room,60,1,3,1,342,3
51266545,402074599,Manhattan,East Village,40.72414,-73.97995,Private room,45,150,0,1,0,0
51334395,415297628,Manhattan,East Village,40.72733,-73.98419,Private room,131,2,4,2,110,4
51335945,7896850,Manhattan,Midtown,40.74747,-73.98674,Entire home/apt,290,6,22,3,287,22
51337620,139165159,Manhattan,Inwood,40.86814,-73.92743,Private room,45,30,1,2,280,1
51340306,12211018,Brooklyn,Bedford-Stuyvesant,40.68869,-73.95525,Entire home/apt,185,7,6,2,0,6
51340754,3223938,Queens,Ridgewood,40.69984,-73.90535,Private room,37,90,0,288,250,0
51342538,15538932,Manhattan,Hell's Kitchen,40.76719,-73.98605,Entire home/apt,474,7,7,1,0,5
51343103,3223938,Queens,Ridgewood,40.7011,-73.90398,Private room,36,90,0,288,280,0
51343497,3223938,Queens,Ridgewood,40.70113,-73.90395,Private room,34,90,0,288,338,0
51343758,3223938,Queens,Ridgewood,40.69896,-73.90463,Private room,34,90,0,288,250,0
51197475,34913162,Queens,East Elmhurst,40.76065,-73.88469,Entire home/apt,112,2,20,2,46,20
51198851,88352949,Brooklyn,Gowanus,40.68428,-73.98753,Entire home/apt,405,8,6,3,303,2
51205263,392217081,Queens,East Elmhurst,40.76298,-73.86181,Entire home/apt,263,2,71,3,166,64
51344110,289928528,Manhattan,Kips Bay,40.74125,-73.98305,Entire home/apt,700,4,47,1,245,41
51344224,415830109,Queens,Astoria,40.76513,-73.9132,Private room,90,1,22,2,310,15
51344320,19015886,Brooklyn,Greenpoint,40.72983,-73.96063,Entire home/apt,391,2,42,2,7,39
51344474,407284341,Brooklyn,Bedford-Stuyvesant,40.68721,-73.93067,Private room,46,30,0,7,267,0
51345084,407284341,Brooklyn,Bedford-Stuyvesant,40.68601,-73.93279,Private room,52,30,1,7,292,1
51345893,117478572,Staten Island,Graniteville,40.6204,-74.15343,Entire home/apt,80,90,0,1,352,0
51346279,2593223,Manhattan,Upper East Side,40.78115,-73.95866,Entire home/apt,200,400,1,2,98,1
51347340,80710087,Manhattan,Lower East Side,40.7214,-73.98841,Private room,150,1,2,1,0,0
51266608,21909330,Brooklyn,Bedford-Stuyvesant,40.68412,-73.93415,Entire home/apt,125,5,6,1,69,5
51267023,408976756,Brooklyn,Windsor Terrace,40.65781,-73.97781,Private room,240,28,0,6,334,0
51205592,48881919,Brooklyn,Williamsburg,40.71942,-73.94553,Private room,130,2,18,1,0,12
51209105,47262619,Manhattan,Lower East Side,40.71932635236843,-73.98276703842363,Entire home/apt,763,7,29,1,303,27
51267133,415121156,Queens,Astoria,40.76616,-73.90871,Entire home/apt,213,2,55,2,340,48
51347497,55191496,Queens,Elmhurst,40.73959,-73.87008,Entire home/apt,216,1,42,1,22,41
51349209,343127628,Queens,Glendale,40.70164,-73.89232,Private room,83,1,39,2,347,34
51350836,53845269,Manhattan,East Harlem,40.78358,-73.94449,Private room,107,5,4,3,155,3
51350849,53845269,Manhattan,East Harlem,40.78487,-73.94229,Private room,60,5,6,3,283,5
51351987,109196702,Manhattan,Midtown,40.7464904186591,-73.98256393595814,Entire home/apt,400,2,5,2,326,3
51209788,2968869,Brooklyn,South Slope,40.66169,-73.98649,Entire home/apt,175,6,7,2,0,6
51210127,274118210,Bronx,Williamsbridge,40.87749,-73.864,Entire home/apt,69,1,8,5,157,5
51351995,70541327,Bronx,Baychester,40.87011,-73.83514,Entire home/apt,141,1,72,1,150,72
51356492,79060345,Manhattan,Midtown,40.7469,-73.98666,Entire home/apt,330,1,57,3,245,57
51268065,341081198,Manhattan,Midtown,40.75056,-73.9712,Private room,363,1,0,3,355,0
51268106,334611519,Queens,Flushing,40.75654,-73.80609,Entire home/apt,145,1,71,14,167,66
51268773,341081198,Manhattan,Murray Hill,40.74834,-73.97129,Private room,413,1,0,3,358,0
51269003,415142603,Queens,Woodhaven,40.6966,-73.8541,Entire home/apt,100,3,51,1,308,51
51269956,341081198,Manhattan,Murray Hill,40.7499,-73.97311,Private room,513,1,0,3,365,0
51271065,5278391,Brooklyn,Williamsburg,40.71756,-73.94224,Private room,94,2,27,5,47,26
51271143,345220874,Bronx,Morris Park,40.84931,-73.85073,Entire home/apt,259,3,2,1,365,2
51409151,235585976,Brooklyn,East Flatbush,40.64826,-73.92052,Private room,87,1,50,3,134,48
51409979,158969505,Manhattan,Lower East Side,40.72084,-73.99353,Entire home/apt,269,2,52,200,104,48
51410480,158969505,Manhattan,Lower East Side,40.72117,-73.99172,Entire home/apt,279,2,31,200,136,27
51410607,158969505,Manhattan,Lower East Side,40.72098,-73.99284,Entire home/apt,291,2,53,200,125,49
51410678,158969505,Manhattan,Lower East Side,40.72094,-73.99135,Entire home/apt,266,2,44,200,117,37
51410905,158969505,Manhattan,Lower East Side,40.72123,-73.99131,Entire home/apt,280,2,64,200,120,60
51410966,158969505,Manhattan,Nolita,40.72238,-73.99349,Entire home/apt,368,2,32,200,140,29
51411027,158969505,Manhattan,Lower East Side,40.72164,-73.99351,Entire home/apt,275,2,36,200,128,33
51411120,158969505,Manhattan,Lower East Side,40.72097,-73.99187,Entire home/apt,279,2,36,200,125,34
51411184,25041906,Manhattan,Nolita,40.72248,-73.99364,Entire home/apt,199,5,0,1,321,0
51274011,413875067,Manhattan,Financial District,40.70453,-74.00599,Entire home/apt,470,3,42,1,276,41
51275148,227919091,Queens,Jamaica,40.67567380360343,-73.79618138948317,Entire home/apt,164,28,0,2,222,0
51275623,327337748,Manhattan,Upper East Side,40.774754,-73.964607,Entire home/apt,299,30,0,3,159,0
51277612,3223938,Brooklyn,Bedford-Stuyvesant,40.69458,-73.9318,Private room,30,90,0,288,311,0
51357616,29831344,Queens,East Elmhurst,40.76387,-73.88042,Entire home/apt,123,5,22,1,121,22
51411254,158969505,Manhattan,Lower East Side,40.72112,-73.99289,Entire home/apt,358,1,33,200,139,32
51411625,295247374,Queens,East Elmhurst,40.76338,-73.87012,Private room,128,1,10,7,156,4
51411714,109258783,Brooklyn,Bedford-Stuyvesant,40.69743,-73.93629,Private room,117,2,0,1,341,0
51411911,33500990,Staten Island,New Brighton,40.64008847449263,-74.08743133419358,Private room,130,1,2,3,89,2
51412408,295247374,Queens,East Elmhurst,40.76124,-73.86912,Private room,79,1,15,7,173,8
51413806,347560493,Queens,East Elmhurst,40.76045,-73.8739,Private room,49,1,19,3,317,18
51415467,183198639,Manhattan,Chelsea,40.7467,-73.99036,Entire home/apt,363,1,19,1,208,19
51278279,191186824,Manhattan,East Harlem,40.7975,-73.94835,Private room,1000,30,0,1,0,0
51279306,31204913,Brooklyn,Williamsburg,40.70835,-73.95108,Private room,232,7,6,1,23,5
51418956,393474028,Manhattan,Hell's Kitchen,40.76676,-73.98375,Entire home/apt,195,30,1,9,333,1
51279423,329063652,Manhattan,Hell's Kitchen,40.76009,-73.99167,Entire home/apt,286,2,4,1,192,3
51279437,4888892,Brooklyn,Bedford-Stuyvesant,40.67946120485764,-73.90880408167273,Private room,68,29,3,8,281,2
51358202,382498029,Bronx,Wakefield,40.89314,-73.8598,Entire home/apt,150,2,0,1,341,0
51358344,58903410,Brooklyn,Crown Heights,40.67405,-73.95995,Private room,114,1,21,1,345,21
51359407,381698920,Manhattan,Hell's Kitchen,40.7544,-73.99708,Private room,132,7,3,19,167,3
51361023,112176279,Brooklyn,Williamsburg,40.72008,-73.9603,Entire home/apt,320,6,1,1,233,1
51363890,98868983,Staten Island,Stapleton,40.62613,-74.07805,Entire home/apt,124,2,28,3,356,27
51364003,148102066,Brooklyn,Bedford-Stuyvesant,40.68761,-73.92432,Private room,81,3,43,3,216,37
51367149,2119276,Manhattan,Hell's Kitchen,40.76323,-73.9931,Entire home/apt,170,30,0,22,265,0
51421349,284126288,Queens,Flushing,40.742001,-73.816513,Private room,70,30,0,5,313,0
51425482,380355687,Manhattan,West Village,40.733143,-74.009605,Entire home/apt,190,30,2,1,239,2
51367772,415885305,Brooklyn,East New York,40.673634,-73.878761,Entire home/apt,208,5,3,2,200,3
51374868,2897548,Brooklyn,Williamsburg,40.70848,-73.95338,Entire home/apt,249,14,13,1,0,13
51279896,330751531,Queens,Middle Village,40.71047,-73.87185,Entire home/apt,150,7,5,2,328,5
51281056,305489297,Manhattan,Kips Bay,40.74483,-73.98028,Entire home/apt,210,30,0,6,131,0
51282606,24874587,Brooklyn,Crown Heights,40.67036,-73.95479,Entire home/apt,215,2,5,1,0,3
51283129,21996012,Brooklyn,Bedford-Stuyvesant,40.69313,-73.94461,Entire home/apt,380,7,4,1,128,4
51429497,137129564,Queens,Flushing,40.75559919188383,-73.80106419324875,Entire home/apt,119,1,1,6,355,1
51433519,416545661,Manhattan,Gramercy,40.73801,-73.98397,Entire home/apt,130,30,5,1,65,5
51283176,148234697,Manhattan,Nolita,40.72082,-73.9966,Entire home/apt,144,7,9,1,0,8
51437653,64984535,Queens,Flushing,40.76437,-73.83312,Private room,159,1,4,1,1,4
51283502,28384224,Manhattan,Lower East Side,40.71829,-73.98876,Entire home/apt,349,30,0,1,342,0
51285099,415297628,Manhattan,East Village,40.72614,-73.98206,Private room,130,3,5,2,78,5
51286547,90787064,Brooklyn,East Flatbush,40.63305,-73.94723,Private room,364,3,0,2,166,0
51287074,68335750,Brooklyn,Gerritsen Beach,40.59922,-73.93158,Entire home/apt,130,30,1,3,212,1
51287089,319642149,Manhattan,Upper West Side,40.79451,-73.964,Private room,113,1,8,1,56,6
51288172,2788934,Manhattan,Upper West Side,40.80007,-73.95926,Private room,85,7,1,3,14,1
51288191,375058288,Brooklyn,Bedford-Stuyvesant,40.69066,-73.93492,Private room,500,1,0,1,0,0
51290701,325264952,Queens,Maspeth,40.71652,-73.90211,Private room,100,7,0,2,0,0
51290734,204704622,Queens,Sunnyside,40.74012,-73.92727,Private room,39,30,2,157,30,2
51382663,314049729,Queens,Richmond Hill,40.6789,-73.82392,Private room,82,1,29,3,351,25
51384358,378931199,Queens,Flushing,40.74898,-73.81586,Private room,171,1,2,3,365,2
51384921,88470654,Brooklyn,Williamsburg,40.71416,-73.93912,Entire home/apt,178,3,35,1,127,34
51385479,416144471,Manhattan,East Harlem,40.78722,-73.94913,Entire home/apt,89,30,1,1,0,0
51439322,162927656,Queens,Jamaica,40.69135,-73.8067,Entire home/apt,176,1,68,4,162,57
51439915,37046945,Brooklyn,Boerum Hill,40.68734,-73.98132,Entire home/apt,200,3,26,4,21,23
51441187,373042041,Queens,Springfield Gardens,40.666199,-73.765198,Entire home/apt,185,1,7,2,350,7
51443431,29926901,Manhattan,Chelsea,40.74519,-73.999,Entire home/apt,294,4,13,1,315,13
51444181,444889759,Brooklyn,Cypress Hills,40.676884,-73.907265,Private room,81,15,70,5,79,61
51444428,3223938,Brooklyn,Midwood,40.61351,-73.95491,Private room,29,90,1,288,219,1
51444465,415830109,Queens,Ditmars Steinway,40.76844,-73.90397,Private room,120,1,0,2,310,0
51444501,370975408,Brooklyn,Bushwick,40.6938,-73.90625,Entire home/apt,234,2,29,1,284,29
51444558,44007314,Brooklyn,Kensington,40.6328,-73.97079,Entire home/apt,229,30,1,1,365,1
51291894,412378045,Manhattan,Financial District,40.70862,-74.00793,Entire home/apt,1011,1,0,1,0,0
51293159,163047410,Queens,Ditmars Steinway,40.78186,-73.91383,Entire home/apt,115,5,0,1,0,0
51444991,3223938,Brooklyn,Prospect Heights,40.67353,-73.96591,Private room,34,90,0,288,310,0
51445783,1339545,Brooklyn,Park Slope,40.67179,-73.98039,Entire home/apt,156,3,40,8,55,39
51446334,5790041,Manhattan,Upper West Side,40.77836,-73.97911,Private room,65,4,25,2,0,22
51447187,61391963,Manhattan,Upper East Side,40.76784,-73.95816,Entire home/apt,133,30,1,116,219,1
51447515,51589519,Manhattan,Midtown,40.755787,-73.965126,Entire home/apt,265,31,3,14,312,3
51449212,8198553,Brooklyn,East Flatbush,40.64811,-73.94556,Private room,68,30,0,1,51,0
51450548,364844663,Brooklyn,Bedford-Stuyvesant,40.68391,-73.92456,Entire home/apt,395,7,14,5,309,14
51450816,61391963,Manhattan,Upper East Side,40.76895,-73.96046,Entire home/apt,133,30,3,116,258,3
51451029,10123226,Queens,Arverne,40.59926,-73.79795,Private room,150,1,13,1,89,8
51500560,226804666,Brooklyn,Brooklyn Heights,40.69893,-73.99473,Private room,93,120,0,20,250,0
51500686,1671498,Brooklyn,Clinton Hill,40.68166,-73.96608,Entire home/apt,214,6,3,1,18,2
51503294,162280872,Manhattan,Upper East Side,40.77329,-73.95558,Entire home/apt,160,30,1,98,325,1
51503488,417186426,Queens,South Ozone Park,40.67327,-73.81724,Private room,78,2,14,3,347,14
51386422,46782979,Brooklyn,Prospect-Lefferts Gardens,40.65868,-73.96217,Entire home/apt,203,3,14,1,68,10
51386433,416152960,Queens,Kew Gardens,40.70584,-73.83413,Private room,76,1,55,2,335,51
51387294,27806761,Queens,Long Island City,40.74807,-73.95683,Entire home/apt,90,30,1,2,115,1
51387550,416152960,Queens,Kew Gardens,40.70679,-73.83603,Private room,56,1,80,2,343,75
51451157,16414560,Manhattan,Upper West Side,40.78169,-73.97881,Entire home/apt,380,2,10,1,119,10
51451368,17770287,Manhattan,Murray Hill,40.74866,-73.98121,Entire home/apt,180,60,2,12,254,2
51452496,182869653,Queens,Maspeth,40.730396,-73.902596,Entire home/apt,115,30,3,2,222,3
51387723,6323006,Brooklyn,East Flatbush,40.63704,-73.93993,Entire home/apt,300,5,3,1,0,3
51389174,416179654,Queens,Jamaica,40.6794,-73.79653,Entire home/apt,150,1,15,1,342,12
51390060,314049729,Queens,Richmond Hill,40.67788,-73.82385,Private room,78,1,8,3,67,3
51391672,256972139,Brooklyn,Bedford-Stuyvesant,40.68993,-73.93829,Entire home/apt,160,2,3,7,322,2
51504261,417166424,Manhattan,Theater District,40.75789,-73.9841,Private room,356,1,17,10,302,17
51504398,417196731,Queens,Arverne,40.59387,-73.78858,Entire home/apt,226,2,28,1,45,27
51504610,162927656,Queens,Jamaica,40.69152,-73.80517,Entire home/apt,174,1,43,4,348,39
51504830,397872858,Manhattan,Theater District,40.7621,-73.98294,Private room,756,1,92,12,0,90
51454608,359913981,Bronx,Parkchester,40.83304,-73.86906,Entire home/apt,180,1,0,1,0,0
51454680,331715199,Queens,Jackson Heights,40.75451,-73.89314,Entire home/apt,155,4,0,1,294,0
51392010,416205031,Queens,Rego Park,40.72974,-73.85514,Entire home/apt,120,3,0,1,159,0
51400328,3223938,Brooklyn,Prospect-Lefferts Gardens,40.65827,-73.95176,Private room,37,90,0,288,239,0
51454723,8288419,Brooklyn,Bay Ridge,40.63677,-74.02379,Private room,62,30,4,3,338,4
51401453,416291503,Brooklyn,Gowanus,40.66823,-73.99329,Entire home/apt,545,3,14,3,20,12
51505637,10884574,Manhattan,Hell's Kitchen,40.76016,-73.99751,Entire home/apt,399,7,8,1,20,8
51507287,380601266,Manhattan,East Village,40.72713,-73.98842,Entire home/apt,137,90,3,25,272,3
51508215,91548150,Queens,Richmond Hill,40.68616,-73.81633,Private room,60,7,15,2,360,15
51508902,1267556,Brooklyn,Flatbush,40.640636,-73.961548,Shared room,70,1,2,2,111,1
51455199,189763980,Brooklyn,Cypress Hills,40.67818,-73.86675,Entire home/apt,160,3,16,1,327,16
51509034,153664925,Brooklyn,Flatbush,40.64903,-73.96231,Private room,54,7,9,2,1,9
51510216,363928053,Brooklyn,Kensington,40.64165,-73.97976,Private room,59,1,8,4,23,8
51510371,363928053,Brooklyn,Kensington,40.64344,-73.98187,Private room,55,30,2,4,23,2
51511985,42415696,Manhattan,Harlem,40.80317,-73.95202,Entire home/apt,125,4,17,1,13,17
51401513,416292655,Brooklyn,Bedford-Stuyvesant,40.69212,-73.96066,Entire home/apt,142,1,89,1,57,81
51402328,3223938,Brooklyn,Midwood,40.62816,-73.95627,Private room,30,90,0,288,268,0
51402585,3223938,Brooklyn,Bushwick,40.68974,-73.91869,Private room,33,90,0,288,293,0
51403200,2074433,Manhattan,Upper East Side,40.77568,-73.9557,Private room,137,2,41,1,208,39
51404361,86020908,Queens,Ridgewood,40.69892,-73.89914,Private room,81,4,19,3,67,19
51406255,5790041,Manhattan,Upper West Side,40.77996,-73.97917,Private room,65,4,14,2,0,12
51406622,98066882,Bronx,Williamsbridge,40.87851,-73.85034,Private room,50,1,7,1,55,7
51406742,158969505,Manhattan,Nolita,40.72287,-73.99342,Entire home/apt,356,2,57,200,111,55
51407096,98868983,Staten Island,Rosebank,40.61616,-74.06902,Private room,126,2,18,3,358,18
51579838,293530967,Manhattan,Upper East Side,40.77159,-73.95344,Shared room,65,1,10,7,243,7
51580102,95604631,Brooklyn,Williamsburg,40.71157293696468,-73.94902036763055,Entire home/apt,529,4,1,1,109,1
51455566,36641,Manhattan,Harlem,40.81318,-73.94632,Private room,229,2,18,4,300,16
51455941,36641,Manhattan,Harlem,40.81499,-73.94589,Private room,219,2,22,4,303,20
51455950,36641,Manhattan,Harlem,40.81344,-73.94569,Private room,219,2,31,4,302,27
51460850,1504257,Brooklyn,Williamsburg,40.71397,-73.96238,Entire home/apt,175,31,2,2,287,2
51464250,95905001,Queens,Howard Beach,40.6517,-73.83407,Entire home/apt,98,2,34,1,269,34
51580296,417839501,Manhattan,Upper West Side,40.80368,-73.96702,Private room,118,5,3,5,6,3
51580661,412667130,Manhattan,Midtown,40.75378,-73.97278,Private room,700,2,1,1,0,1
51464921,1384559,Manhattan,Upper West Side,40.7944,-73.97617,Entire home/apt,194,2,45,2,95,45
51465312,26600861,Manhattan,East Harlem,40.81245,-73.93456,Entire home/apt,327,30,0,1,339,0
51517634,345992143,Brooklyn,Bedford-Stuyvesant,40.68324,-73.9505,Entire home/apt,305,3,37,1,296,36
51519947,411034737,Brooklyn,East Flatbush,40.638226,-73.931931,Private room,72,2,27,7,306,21
51520023,67129472,Manhattan,East Village,40.7209,-73.97908,Entire home/apt,215,3,15,1,0,13
51521740,348619646,Manhattan,Midtown,40.74603,-73.98891,Entire home/apt,356,1,4,52,67,4
51522141,172851546,Manhattan,Upper West Side,40.798267,-73.964378,Private room,193,29,13,3,264,9
51523335,28722667,Brooklyn,Flatlands,40.62186,-73.92578,Private room,89,1,23,4,135,18
51465380,23831365,Manhattan,West Village,40.73104,-74.00504,Entire home/apt,354,20,8,2,28,7
51465807,356623718,Staten Island,Stapleton,40.62636,-74.07984,Private room,80,2,3,10,310,0
51466021,4301200,Queens,Astoria,40.75835,-73.92263,Private room,50,2,7,1,249,7
51582101,417867731,Manhattan,Kips Bay,40.74202,-73.98136,Entire home/apt,284,4,23,2,324,23
51582710,162280872,Manhattan,Upper East Side,40.77151,-73.95543,Entire home/apt,185,30,2,98,248,2
51466091,81015411,Queens,Bayswater,40.60009,-73.76291,Private room,85,5,0,1,180,0
51583468,123215557,Queens,Ridgewood,40.69909,-73.90743,Entire home/apt,300,2,20,1,354,19
51584115,381698920,Manhattan,Hell's Kitchen,40.7547,-73.99825,Private room,132,7,3,19,141,3
51466826,890215,Brooklyn,Prospect-Lefferts Gardens,40.66139,-73.9529,Entire home/apt,220,3,23,5,166,23
51467306,8288419,Brooklyn,Bay Ridge,40.6365,-74.02449,Private room,60,30,4,3,162,4
51468271,68680719,Bronx,Throgs Neck,40.81567,-73.82138,Private room,50,3,14,1,228,9
51585248,224214774,Brooklyn,Bedford-Stuyvesant,40.68075,-73.95253,Entire home/apt,170,3,18,1,0,18
51591553,17212510,Brooklyn,Fort Greene,40.68826,-73.97431,Entire home/apt,185,30,3,1,39,3
51592063,61391963,Manhattan,Upper East Side,40.76794,-73.95842,Entire home/apt,142,30,2,116,335,2
51592852,107434423,Manhattan,Theater District,40.7623122,-73.9858423,Entire home/apt,413,31,0,453,0,0
51593979,158969505,Manhattan,Lower East Side,40.72091,-73.99323,Entire home/apt,370,2,24,200,125,23
51594215,22541573,Manhattan,Chelsea,40.7457,-73.99249,Entire home/apt,414,30,0,131,345,0
51595175,416552167,Brooklyn,Navy Yard,40.70245,-73.98037,Entire home/apt,800,30,4,5,341,4
51595857,492457,Queens,Ditmars Steinway,40.77969,-73.90767,Private room,65,5,6,4,341,4
51596553,158969505,Manhattan,Lower East Side,40.72287,-73.99226,Entire home/apt,361,2,31,200,120,30
51597788,416552167,Brooklyn,Navy Yard,40.70246,-73.97951,Entire home/apt,500,30,2,5,68,2
51598757,158969505,Manhattan,Lower East Side,40.72264,-73.99145,Entire home/apt,349,2,43,200,128,39
51524100,199745521,Queens,Jamaica,40.67675,-73.801422,Private room,90,1,130,1,26,127
51524301,28722667,Brooklyn,Flatlands,40.62033,-73.92429,Private room,69,1,15,4,320,12
51525711,167270001,Manhattan,Hell's Kitchen,40.75642,-73.99463,Private room,102,1,72,6,312,70
51527036,23439479,Manhattan,Inwood,40.86519,-73.92788,Private room,275,31,0,2,363,0
51470664,70095320,Queens,Flushing,40.77041,-73.83282,Private room,85,2,12,3,346,12
51530222,33210753,Brooklyn,Williamsburg,40.71882,-73.9611,Entire home/apt,325,5,0,1,249,0
51531844,9284163,Queens,Woodhaven,40.68992,-73.85344,Private room,46,2,54,3,36,49
51533096,11181551,Brooklyn,Flatbush,40.64284,-73.95598,Entire home/apt,135,1,20,1,64,19
51599200,250965815,Queens,Springfield Gardens,40.68497,-73.75942,Entire home/apt,100,1,29,1,342,29
51599239,1141610,Brooklyn,Bedford-Stuyvesant,40.68476,-73.94952,Entire home/apt,200,7,1,2,135,1
51599270,158969505,Manhattan,Lower East Side,40.72173,-73.99346,Entire home/apt,351,2,32,200,114,28
51599485,158969505,Manhattan,Lower East Side,40.72106,-73.99162,Entire home/apt,271,2,40,200,124,36
51599620,384295125,Manhattan,Theater District,40.76092,-73.98371,Private room,470,1,12,11,352,12
51599762,384295125,Manhattan,Midtown,40.76682,-73.98149,Entire home/apt,475,1,24,11,350,24
51602490,2653479,Manhattan,Upper West Side,40.80321,-73.96633,Private room,90,3,12,41,0,11
51602596,141785145,Manhattan,Harlem,40.82375,-73.94084,Private room,91,5,0,2,298,0
51603112,241676154,Staten Island,Grant City,40.5775,-74.11024,Private room,33,30,1,14,102,1
51603968,463061,Queens,Woodhaven,40.69609,-73.8484,Private room,94,3,6,3,170,5
51604813,6898927,Manhattan,Murray Hill,40.74845,-73.97867,Entire home/apt,124,30,0,1,0,0
51471374,17613914,Bronx,Longwood,40.81567,-73.91069,Private room,95,2,12,2,93,8
51607034,418043689,Brooklyn,Flatbush,40.63861,-73.95163,Entire home/apt,215,2,45,1,63,45
51534246,347502164,Brooklyn,Bedford-Stuyvesant,40.69061,-73.93492,Private room,130,7,13,2,341,13
51534404,403062824,Queens,Corona,40.74902,-73.86288,Entire home/apt,140,30,4,2,295,4
51534596,415885305,Brooklyn,East New York,40.67351,-73.87998,Entire home/apt,120,7,5,2,182,5
51535076,177599555,Queens,Ridgewood,40.70336,-73.90768,Private room,61,1,2,1,0,0
51471445,51501835,Manhattan,Upper East Side,40.78213,-73.95327,Entire home/apt,110,30,2,109,279,2
51471920,98777983,Queens,Arverne,40.598228,-73.799095,Entire home/apt,62,30,5,1,37,5
51608080,234641474,Brooklyn,Crown Heights,40.67652,-73.93595,Entire home/apt,293,1,8,1,361,8
51472557,58183447,Brooklyn,Williamsburg,40.71682743785445,-73.95081549675295,Entire home/apt,485,3,0,1,186,0
51608497,858318,Staten Island,Mariners Harbor,40.63476,-74.16903,Entire home/apt,60,30,0,1,280,0
51610857,107434423,Manhattan,Upper East Side,40.76298,-73.96306,Entire home/apt,330,31,0,453,268,0
51612312,372755385,Manhattan,Midtown,40.74809,-73.9875,Entire home/apt,300,1,31,3,303,30
51613018,107434423,Manhattan,Upper East Side,40.76279,-73.9635,Entire home/apt,330,31,0,453,264,0
51613515,341908723,Manhattan,Harlem,40.81983,-73.93989,Private room,48,30,1,53,59,1
51472940,4524130,Brooklyn,Clinton Hill,40.68713,-73.96736,Entire home/apt,164,1,75,2,276,68
51475405,739539,Brooklyn,Williamsburg,40.72147,-73.95884,Private room,423,5,2,3,8,2
51481018,4422465,Brooklyn,Bushwick,40.70124,-73.92225,Entire home/apt,80,5,11,1,0,11
51482510,384532776,Manhattan,Upper East Side,40.76903,-73.95146,Entire home/apt,120,30,2,44,250,2
51483825,384532776,Manhattan,Upper East Side,40.76143,-73.96502,Entire home/apt,140,30,0,44,345,0
51485535,385248797,Brooklyn,Bushwick,40.69995,-73.93026,Entire home/apt,99,35,1,1,221,1
51614134,418124294,Brooklyn,Canarsie,40.64479,-73.91455,Private room,85,1,81,1,326,75
51535368,398214275,Manhattan,Lower East Side,40.71929,-73.98618,Entire home/apt,159,1,50,1,308,48
51486881,417022775,Brooklyn,Bedford-Stuyvesant,40.68553,-73.92733,Private room,108,7,5,2,353,5
51487070,330751531,Queens,Middle Village,40.71156,-73.87051,Entire home/apt,130,28,5,2,342,4
51487943,378665358,Brooklyn,Williamsburg,40.70692,-73.93333,Private room,79,14,0,2,0,0
51488278,50138907,Manhattan,Theater District,40.75903,-73.98427,Entire home/apt,350,1,0,1,0,0
51491446,400606428,Brooklyn,Williamsburg,40.70366,-73.93503,Private room,97,3,30,2,313,28
51493315,417088896,Brooklyn,Williamsburg,40.70923,-73.94716,Entire home/apt,250,4,58,1,101,58
51535885,70491648,Brooklyn,Park Slope,40.67284,-73.98403,Private room,122,1,2,1,322,2
51537322,9285314,Brooklyn,Bushwick,40.69531,-73.93044,Private room,97,2,1,3,20,1
51614565,342299367,Manhattan,Theater District,40.75936,-73.98736,Entire home/apt,404,30,18,1,64,16
51615709,384532776,Manhattan,Hell's Kitchen,40.75949,-73.99106,Entire home/apt,120,30,2,44,311,2
51616822,341908723,Manhattan,Harlem,40.81948,-73.94041,Private room,48,30,0,53,64,0
51617046,341908723,Manhattan,Harlem,40.81774,-73.94051,Private room,55,30,1,53,273,1
51493475,398977872,Brooklyn,Williamsburg,40.71204,-73.9672,Private room,81,2,68,3,316,61
51493500,417090315,Manhattan,Washington Heights,40.85235,-73.93402,Private room,45,1,1,1,0,0
51494382,16142344,Manhattan,Harlem,40.82027,-73.95537,Private room,60,30,1,1,249,1
51538601,209491015,Brooklyn,Fort Greene,40.693,-73.97243,Private room,245,4,21,1,64,20
51498194,107434423,Manhattan,Upper West Side,40.777553,-73.9834589,Entire home/apt,743,31,0,453,0,0
51499702,413506029,Staten Island,Dongan Hills,40.58013,-74.10032,Entire home/apt,175,2,55,1,139,49
51538868,163058941,Queens,Ridgewood,40.69452,-73.90205,Entire home/apt,262,1,76,1,354,72
51617587,4272205,Brooklyn,Clinton Hill,40.6941,-73.96748,Entire home/apt,210,30,0,1,64,0
51618851,158969505,Manhattan,Lower East Side,40.72288,-73.99197,Entire home/apt,359,2,45,200,118,43
51619252,73570025,Queens,Breezy Point,40.56822,-73.86909,Private room,164,1,13,13,351,12
51619407,207762040,Queens,Jamaica,40.70728,-73.80076,Entire home/apt,275,1,37,1,313,34
51619634,158969505,Manhattan,Lower East Side,40.72301,-73.99201,Entire home/apt,267,2,51,200,98,48
51619950,158969505,Manhattan,Lower East Side,40.72151,-73.99136,Entire home/apt,284,2,46,200,127,44
51620506,239139334,Queens,Flushing,40.7635,-73.82608,Private room,52,2,18,3,292,18
51620526,107960898,Queens,Rosedale,40.66468648987944,-73.74442633241415,Entire home/apt,100,1,4,1,12,4
51620955,341908723,Brooklyn,Cypress Hills,40.68031,-73.88584,Private room,48,90,1,53,264,1
51621362,341908723,Brooklyn,Cypress Hills,40.67984,-73.88426,Private room,44,90,1,53,34,1
51621583,384559808,Manhattan,Gramercy,40.7343,-73.98509,Entire home/apt,87,30,2,24,30,2
51621590,341908723,Brooklyn,Cypress Hills,40.68046,-73.88635,Private room,44,90,0,53,123,0
51621735,341908723,Brooklyn,Cypress Hills,40.68125,-73.88614,Private room,43,90,1,53,80,1
51621871,341908723,Brooklyn,Cypress Hills,40.68206,-73.88551,Private room,35,90,1,53,34,1
51621907,371421385,Brooklyn,Cypress Hills,40.68398,-73.874,Private room,50,1,107,5,339,101
51653479,1516600,Brooklyn,Crown Heights,40.66441,-73.92907,Entire home/apt,159,4,0,1,310,0
51654768,31583241,Bronx,Fieldston,40.8889,-73.90539,Entire home/apt,65,30,0,1,61,0
51623255,418199181,Brooklyn,East Flatbush,40.65494,-73.95228,Entire home/apt,200,2,60,1,121,55
51623333,396369764,Brooklyn,Crown Heights,40.67162,-73.94528,Entire home/apt,124,3,44,3,297,42
51539066,391434532,Bronx,Morris Heights,40.8503,-73.92394,Private room,75,7,4,1,361,2
51540322,170380817,Brooklyn,Greenpoint,40.72870713868768,-73.95300149294317,Entire home/apt,500,4,0,1,162,0
51655249,59203702,Brooklyn,Bushwick,40.6998,-73.91802,Entire home/apt,160,1,133,1,0,127
51655626,3491890,Manhattan,Chelsea,40.74564,-74.00217,Entire home/apt,355,30,4,5,301,4
51664798,269045976,Brooklyn,Bedford-Stuyvesant,40.67721,-73.92243,Private room,85,5,17,5,12,17
51664813,418559327,Brooklyn,Crown Heights,40.6726,-73.94641,Entire home/apt,733,3,33,2,99,30
51623400,313614300,Manhattan,Harlem,40.82404,-73.94328,Entire home/apt,230,30,38,2,314,37
51665385,269045976,Brooklyn,Crown Heights,40.6766,-73.92432,Private room,55,3,7,5,29,7
51665662,418569010,Brooklyn,Flatlands,40.61969908844089,-73.91978976131107,Private room,77,2,0,1,342,0
51624523,418212047,Manhattan,Morningside Heights,40.80217,-73.9594,Entire home/apt,129,30,4,7,99,4
51625140,2495483,Manhattan,Financial District,40.70708,-74.00811,Private room,203,1,16,2,38,16
51542093,417550602,Brooklyn,Bushwick,40.68701,-73.91448,Private room,82,2,60,1,313,50
51544447,382582503,Brooklyn,East Flatbush,40.64949,-73.94404,Private room,106,2,3,4,210,1
51547861,226804666,Manhattan,Chelsea,40.75164,-73.99262,Private room,76,120,0,20,358,0
51548015,226804666,Manhattan,Hell's Kitchen,40.75301,-73.99448,Private room,72,365,0,20,358,0
51548023,226804666,Manhattan,Midtown,40.75216,-73.99239,Private room,90,270,0,20,358,0
51548032,226804666,Manhattan,Chelsea,40.75157,-73.99437,Private room,76,365,0,20,358,0
51548040,226804666,Manhattan,Chelsea,40.75188,-73.99425,Private room,58,365,0,20,358,0
51548050,226804666,Manhattan,Chelsea,40.75179,-73.99391,Private room,66,365,0,20,358,0
51548067,226804666,Manhattan,Chelsea,40.75224,-73.99459,Private room,85,270,0,20,358,0
51548080,226804666,Manhattan,Hell's Kitchen,40.7537,-73.99432,Private room,83,365,0,20,358,0
51548093,226804666,Manhattan,Hell's Kitchen,40.7536,-73.99311,Private room,95,120,0,20,238,0
51548101,226804666,Manhattan,Chelsea,40.75178,-73.99278,Private room,103,120,0,20,358,0
51548116,226804666,Manhattan,Chelsea,40.75162,-73.9939,Private room,70,120,0,20,208,0
51548192,226804666,Manhattan,Hell's Kitchen,40.75334,-73.99276,Private room,67,365,0,20,358,0
51548203,226804666,Manhattan,Midtown,40.75333,-73.99234,Private room,61,365,0,20,358,0
51548213,226804666,Manhattan,Hell's Kitchen,40.75347,-73.99289,Private room,70,365,0,20,358,0
51548221,226804666,Manhattan,Chelsea,40.7522,-73.99432,Private room,54,365,0,20,358,0
51548246,226804666,Manhattan,Hell's Kitchen,40.75351,-73.99408,Private room,77,365,0,20,358,0
51548253,226804666,Manhattan,Chelsea,40.75208,-73.99469,Private room,51,365,0,20,358,0
51548273,226804666,Manhattan,Chelsea,40.75185,-73.99429,Private room,81,120,0,20,358,0
51550928,147762665,Bronx,Wakefield,40.88835,-73.85884,Private room,61,4,40,7,362,35
51552689,417634125,Queens,Springfield Gardens,40.66085,-73.75768,Entire home/apt,129,2,27,2,169,27
51557856,266609191,Queens,Long Island City,40.74757,-73.95451,Private room,170,4,28,3,57,26
51558459,212484716,Manhattan,Tribeca,40.71442,-74.00968,Private room,329,1,1,10,82,1
51666612,417522395,Queens,Ditmars Steinway,40.77544,-73.90956,Private room,60,1,0,1,0,0
51558779,10236340,Manhattan,Midtown,40.75552,-73.96699,Private room,85,20,7,3,168,6
51559813,163251048,Manhattan,Midtown,40.76453,-73.983658,Entire home/apt,755,30,1,30,360,1
51560696,61391963,Manhattan,Upper East Side,40.77334,-73.95688,Entire home/apt,142,30,6,116,312,6
51560802,227037845,Queens,Maspeth,40.74004,-73.90511,Entire home/apt,180,2,41,3,292,38
51630447,13291840,Brooklyn,Bedford-Stuyvesant,40.68337,-73.94245,Entire home/apt,250,4,4,1,0,4
51632284,256972139,Brooklyn,Crown Heights,40.66536,-73.95483,Entire home/apt,185,2,13,7,348,12
51633018,256972139,Brooklyn,Crown Heights,40.66553,-73.95638,Entire home/apt,151,1,10,7,360,10
51634021,2867137,Manhattan,Upper West Side,40.79464,-73.96834,Entire home/apt,251,30,1,73,312,1
51634632,399379000,Brooklyn,Downtown Brooklyn,40.69026,-73.98886,Entire home/apt,362,1,58,2,8,58
51636415,149131919,Queens,Jamaica Estates,40.71649,-73.8076,Entire home/apt,150,2,18,2,311,17
51667245,418559327,Brooklyn,Crown Heights,40.67252,-73.94623,Entire home/apt,348,4,36,2,105,35
51668342,253845422,Brooklyn,Bay Ridge,40.63361138793037,-74.03330649110447,Entire home/apt,86,14,0,1,341,0
51639195,170724808,Brooklyn,Crown Heights,40.66773,-73.95399,Entire home/apt,122,4,42,1,207,40
51639443,410066428,Brooklyn,East Flatbush,40.66341,-73.93991,Entire home/apt,190,30,2,4,346,2
51639873,30045574,Manhattan,Upper West Side,40.77517,-73.98163,Entire home/apt,150,30,3,5,250,3
51640498,24981245,Brooklyn,Bushwick,40.70753,-73.92249,Entire home/apt,113,30,2,2,9,2
51641206,50266813,Brooklyn,Williamsburg,40.71212,-73.95168,Private room,66,2,23,4,34,23
51562008,62100368,Brooklyn,Crown Heights,40.66917,-73.93637,Entire home/apt,123,2,35,3,41,35
51562454,62100368,Brooklyn,Crown Heights,40.66925,-73.93673,Entire home/apt,134,2,20,3,77,20
51563164,334611519,Queens,Flushing,40.75636,-73.80369,Entire home/apt,106,1,85,14,161,81
51669628,192476124,Staten Island,Clifton,40.62151,-74.08483,Entire home/apt,625,2,13,1,108,13
51563448,417722738,Brooklyn,Kensington,40.64125,-73.97069,Entire home/apt,194,2,26,1,159,23
51563605,74328483,Queens,Astoria,40.76785,-73.92047,Private room,83,2,19,1,90,16
51669901,418612583,Brooklyn,East Flatbush,40.65017,-73.91204,Private room,62,1,70,2,291,67
51565221,149365996,Queens,Springfield Gardens,40.67365,-73.76018,Entire home/apt,150,1,60,1,348,56
51641379,273446708,Manhattan,Hell's Kitchen,40.76201,-73.99991,Entire home/apt,450,2,0,1,173,0
51642306,418212047,Manhattan,Morningside Heights,40.80219,-73.95929,Entire home/apt,90,10,3,7,104,3
51642339,418212047,Manhattan,Harlem,40.80148,-73.9592,Entire home/apt,90,5,4,7,1,4
51642397,418212047,Manhattan,Harlem,40.80146,-73.95743,Entire home/apt,93,10,3,7,99,3
51642425,418212047,Manhattan,Morningside Heights,40.80337,-73.95942,Entire home/apt,130,10,5,7,113,5
51643197,172703338,Bronx,Concourse,40.82777,-73.92334,Private room,57,1,6,2,136,6
51670402,418613898,Brooklyn,East Flatbush,40.63491,-73.94758,Entire home/apt,375,1,19,1,350,19
51672048,3752523,Brooklyn,Crown Heights,40.67124,-73.94501,Entire home/apt,125,6,14,2,266,14
51672187,17102153,Bronx,Concourse,40.82761,-73.92567,Entire home/apt,99,4,16,1,192,13
51648376,4657612,Brooklyn,Bedford-Stuyvesant,40.69177,-73.96005,Entire home/apt,222,1,29,2,317,28
51650138,378665358,Brooklyn,Williamsburg,40.70613,-73.933,Private room,65,3,0,2,0,0
51651554,3223938,Brooklyn,Bushwick,40.69152,-73.91292,Private room,35,90,0,288,249,0
51652974,156505456,Brooklyn,East New York,40.6669,-73.87516,Private room,82,2,9,32,360,8
51721133,107434423,Manhattan,Upper East Side,40.77592,-73.94643,Entire home/apt,621,31,0,453,356,0
51722037,65519019,Brooklyn,East Flatbush,40.63408,-73.94589,Entire home/apt,125,2,0,1,0,0
51722929,136814532,Manhattan,Upper East Side,40.7742,-73.94626,Private room,109,3,0,1,0,0
51723013,414053733,Brooklyn,Bushwick,40.70033,-73.93478,Entire home/apt,160,3,12,1,129,12
51724883,384532776,Manhattan,Hell's Kitchen,40.7606,-73.98889,Entire home/apt,120,30,1,44,251,1
51724994,95459395,Manhattan,Hell's Kitchen,40.758781,-73.996597,Entire home/apt,545,30,0,56,365,0
51725178,3223938,Brooklyn,Bushwick,40.6894,-73.91895,Private room,36,90,0,288,100,0
51565266,417740213,Brooklyn,Bedford-Stuyvesant,40.68482,-73.91961,Entire home/apt,137,1,27,3,326,26
51673288,156983314,Manhattan,West Village,40.73052,-74.00307,Entire home/apt,250,3,13,1,37,12
51570734,19638146,Manhattan,Chelsea,40.74666,-74.00183,Entire home/apt,525,30,5,1,59,4
51725265,419043125,Manhattan,Kips Bay,40.74402,-73.9813,Entire home/apt,389,4,23,1,298,23
51726180,45093051,Manhattan,Harlem,40.8009,-73.95135,Private room,72,5,2,1,284,2
51674323,92900025,Queens,Laurelton,40.68265,-73.74831,Entire home/apt,96,1,59,2,235,59
51571461,21130089,Queens,Jackson Heights,40.75118,-73.89498,Entire home/apt,121,2,41,2,116,41
51680457,411600910,Brooklyn,Flatbush,40.64386,-73.9646,Entire home/apt,160,3,7,1,12,5
51571914,325158648,Manhattan,Upper East Side,40.78044,-73.9508,Entire home/apt,313,30,7,1,162,6
51574589,155400834,Manhattan,Harlem,40.81574,-73.9432,Entire home/apt,150,30,4,4,149,4
51681015,2999210,Brooklyn,Gowanus,40.67827,-73.99121,Entire home/apt,350,17,2,1,0,2
51681226,239139334,Queens,Flushing,40.7635,-73.82608,Private room,68,2,18,3,354,17
51681237,158969505,Manhattan,Lower East Side,40.72129,-73.99351,Entire home/apt,290,2,33,200,126,32
51681375,158969505,Manhattan,Lower East Side,40.723,-73.99157,Entire home/apt,278,2,67,200,92,65
51681504,158969505,Manhattan,Nolita,40.72273,-73.99341,Entire home/apt,290,2,40,200,132,39
51681651,158969505,Manhattan,Lower East Side,40.72311,-73.99299,Entire home/apt,303,2,39,200,137,38
51682883,418115272,Queens,Bayside,40.76874,-73.76986,Entire home/apt,147,3,30,3,155,29
51684534,158969505,Manhattan,Lower East Side,40.72254,-73.99322,Entire home/apt,358,2,25,200,119,24
51684811,158969505,Manhattan,Lower East Side,40.72302,-73.99131,Entire home/apt,349,2,30,200,128,30
51685104,183810787,Brooklyn,Sheepshead Bay,40.5938,-73.94886,Entire home/apt,101,14,0,1,218,0
51575334,417809852,Manhattan,Harlem,40.80899,-73.94122,Entire home/apt,295,3,38,2,187,37
51575637,385129361,Manhattan,Upper West Side,40.79631,-73.96335,Entire home/apt,100,30,2,48,155,2
51576244,212216452,Brooklyn,Cypress Hills,40.67763,-73.89328,Private room,66,2,7,1,344,7
51726376,208365297,Queens,Long Island City,40.75466,-73.9372,Private room,86,1,89,5,28,85
51726524,419052826,Bronx,Mott Haven,40.81405,-73.91441,Private room,78,1,64,1,244,63
51726612,163251048,Manhattan,Hell's Kitchen,40.761532,-73.998779,Entire home/apt,545,30,1,30,363,1
51685442,158969505,Manhattan,Nolita,40.7225,-73.99346,Entire home/apt,393,2,38,200,116,38
51685477,418726582,Brooklyn,East Flatbush,40.65678,-73.93361,Private room,51,1,12,1,19,8
51726884,403218932,Staten Island,Castleton Corners,40.62575,-74.1195,Entire home/apt,130,2,12,1,263,12
51727119,163251048,Manhattan,Hell's Kitchen,40.758781,-73.996597,Entire home/apt,545,30,0,30,365,0
51727396,35474168,Brooklyn,Bedford-Stuyvesant,40.68819,-73.93322,Entire home/apt,250,3,0,1,0,0
51727600,171825960,Queens,Ditmars Steinway,40.7796,-73.92024,Entire home/apt,87,30,3,2,342,3
51685545,417275418,Brooklyn,Williamsburg,40.71038,-73.96101,Private room,117,1,51,5,153,50
51727710,23366133,Manhattan,Midtown,40.752655,-73.972481,Private room,1055,2,0,6,349,0
51728249,182523684,Queens,Middle Village,40.71501,-73.88694,Private room,68,2,14,4,249,13
51728320,2867137,Manhattan,Upper West Side,40.79265,-73.96613,Entire home/apt,230,30,0,73,279,0
51728433,23366133,Manhattan,Midtown,40.752655,-73.972481,Private room,1290,2,0,6,349,0
51728625,23366133,Manhattan,Midtown,40.752655,-73.972481,Private room,1642,2,1,6,349,1
51576917,122908845,Brooklyn,Bushwick,40.69942,-73.91675,Entire home/apt,261,2,10,1,302,10
51578313,414139170,Brooklyn,Williamsburg,40.71047,-73.94156,Entire home/apt,228,1,102,2,225,91
51579354,55858529,Brooklyn,Flatbush,40.64229,-73.95685,Private room,57,2,25,2,36,25
51781289,151150981,Manhattan,Upper East Side,40.78276,-73.94866,Entire home/apt,139,5,1,2,33,1
51781705,388056806,Queens,Briarwood,40.70628,-73.81529,Private room,65,1,95,3,72,92
51782007,377491269,Bronx,Parkchester,40.83663,-73.86901,Entire home/apt,99,7,1,1,238,1
51782200,389538239,Brooklyn,Flatbush,40.65069,-73.95318,Entire home/apt,608,1,25,1,365,25
51783037,224047081,Brooklyn,Sea Gate,40.57554,-74.01032,Entire home/apt,110,30,4,12,157,4
51685559,284818503,Queens,Arverne,40.59739,-73.79898,Entire home/apt,102,1,51,1,338,51
51784783,55346267,Brooklyn,Bushwick,40.69637,-73.93405,Private room,74,1,0,1,0,0
51728723,262239734,Manhattan,Lower East Side,40.71808,-73.98982,Entire home/apt,400,6,4,1,277,4
51730172,217362657,Manhattan,Hell's Kitchen,40.76152,-73.98679,Entire home/apt,189,30,1,3,277,1
51731111,23366133,Manhattan,Midtown,40.752655,-73.972481,Private room,645,2,0,6,349,0
51685871,158969505,Manhattan,Lower East Side,40.72095,-73.99208,Entire home/apt,270,2,33,200,132,32
51686077,51637918,Manhattan,Hell's Kitchen,40.75996,-73.98981,Entire home/apt,194,30,52,3,7,49
51686952,158969505,Manhattan,Nolita,40.72233,-73.99358,Entire home/apt,287,2,28,200,138,27
51687298,158969505,Manhattan,Lower East Side,40.72232,-73.99144,Entire home/apt,276,2,38,200,135,36
51687374,73992743,Manhattan,Hell's Kitchen,40.76512,-73.98747,Entire home/apt,560,2,36,1,0,35
51731275,419091705,Manhattan,Midtown,40.74822,-73.98804,Private room,249,1,0,10,0,0
51731451,23366133,Manhattan,Midtown,40.752655,-73.972481,Private room,645,2,0,6,349,0
51731739,4888892,Brooklyn,Bushwick,40.69130208464376,-73.91273708674417,Private room,86,29,1,8,61,0
51732203,76451380,Brooklyn,East Flatbush,40.63902,-73.94806,Private room,104,28,8,5,0,5
51732318,27792743,Brooklyn,Bushwick,40.69876,-73.91202,Entire home/apt,100,2,2,1,0,2
51732879,382603514,Queens,Cambria Heights,40.701466,-73.748283,Entire home/apt,192,1,44,2,355,40
51785469,99895215,Brooklyn,Bushwick,40.69691,-73.93332,Entire home/apt,167,30,0,1,0,0
51789075,56344347,Brooklyn,Gravesend,40.59594,-73.98928,Entire home/apt,146,1,41,1,313,39
51687443,158969505,Manhattan,Lower East Side,40.72304,-73.99291,Entire home/apt,293,2,28,200,123,27
51687664,158969505,Manhattan,Nolita,40.72293,-73.99353,Entire home/apt,275,2,57,200,103,56
51687864,158969505,Manhattan,Lower East Side,40.72102,-73.99303,Entire home/apt,267,2,55,200,92,53
51688080,158969505,Manhattan,Lower East Side,40.7213,-73.99363,Entire home/apt,282,2,47,200,110,45
51688305,158969505,Manhattan,Lower East Side,40.7208,-73.99279,Entire home/apt,287,2,34,200,119,33
51688440,162107,Brooklyn,Bedford-Stuyvesant,40.68158,-73.93177,Private room,105,1,17,1,47,17
51688456,158969505,Manhattan,Lower East Side,40.72078,-73.99352,Entire home/apt,378,2,23,200,130,22
51688589,158969505,Manhattan,Lower East Side,40.72229,-73.99157,Entire home/apt,356,2,27,200,117,25
51688592,418755715,Brooklyn,Bushwick,40.69639,-73.91692,Entire home/apt,343,2,58,1,347,55
51789106,419542964,Brooklyn,Bedford-Stuyvesant,40.68321,-73.94514,Entire home/apt,138,1,37,1,228,36
51792172,401709949,Brooklyn,Bushwick,40.69975,-73.93919,Private room,59,30,4,20,311,3
51793102,180277260,Queens,Ozone Park,40.68424,-73.83752,Entire home/apt,106,1,22,4,314,21
51796945,25856942,Brooklyn,Bedford-Stuyvesant,40.68634,-73.93292,Entire home/apt,166,1,45,1,252,44
51799070,381698920,Manhattan,Hell's Kitchen,40.75439,-73.99685,Private room,132,7,2,19,180,2
51733630,42502139,Brooklyn,Williamsburg,40.71809,-73.94623,Entire home/apt,364,3,4,1,0,1
51734038,208365297,Queens,Long Island City,40.75618,-73.93703,Private room,90,1,81,5,41,77
51734267,208365297,Queens,Long Island City,40.75595,-73.93662,Private room,71,1,80,5,82,77
51734614,412948033,Queens,Jamaica Estates,40.71785,-73.80493,Private room,54,1,2,2,74,2
51738971,284960492,Manhattan,Upper East Side,40.77208,-73.95488,Entire home/apt,341,30,13,1,174,13
51740739,107434423,Manhattan,Upper East Side,40.761182,-73.96527259999999,Entire home/apt,342,31,0,453,0,0
51688605,48483358,Manhattan,Midtown,40.75192,-73.97005,Entire home/apt,329,2,38,1,40,33
51741854,14538085,Manhattan,Upper East Side,40.78147,-73.95478,Entire home/apt,265,5,1,1,0,1
51742352,137358866,Queens,Sunnyside,40.74815,-73.91977,Private room,78,30,0,111,341,0
51800476,419642286,Queens,Douglaston,40.75803,-73.7317,Private room,64,1,8,1,83,8
51801371,2401923,Brooklyn,Crown Heights,40.67622,-73.95748,Private room,85,3,23,1,23,23
51802931,226007552,Brooklyn,Bushwick,40.69832,-73.93542,Private room,65,1,0,1,0,0
51804148,16480700,Manhattan,Hell's Kitchen,40.75946,-73.99068,Private room,260,1,7,12,348,7
51689558,5278391,Brooklyn,Williamsburg,40.7153,-73.94085,Entire home/apt,210,3,3,5,65,3
51690299,283607135,Manhattan,East Harlem,40.8038,-73.93978,Entire home/apt,88,30,0,2,250,0
51804543,374822883,Brooklyn,Canarsie,40.64049,-73.89137,Private room,60,1,10,1,354,10
51743232,419181958,Brooklyn,Crown Heights,40.66908,-73.93196,Entire home/apt,478,2,47,2,110,45
51744329,183127881,Brooklyn,Canarsie,40.64655,-73.90024,Private room,60,30,1,4,345,1
51745209,5678260,Manhattan,Little Italy,40.71913,-73.9968,Entire home/apt,376,5,29,1,298,28
51745993,198526963,Brooklyn,Bedford-Stuyvesant,40.67795,-73.93681,Private room,214,2,6,1,0,4
51747036,407284341,Brooklyn,Bedford-Stuyvesant,40.68754,-73.93077,Private room,54,30,0,7,49,0
51747397,419181958,Brooklyn,Prospect-Lefferts Gardens,40.66018,-73.93995,Entire home/apt,313,2,29,2,157,29
51747404,418212047,Manhattan,Harlem,40.80333,-73.95731,Entire home/apt,93,10,4,7,104,4
51750264,122562083,Manhattan,Upper West Side,40.80268,-73.96451,Entire home/apt,621,2,52,1,253,52
51691170,417548106,Queens,Rockaway Beach,40.58922,-73.81418,Entire home/apt,143,2,13,2,90,11
51752325,394880853,Manhattan,East Harlem,40.79751,-73.93328,Entire home/apt,118,1,46,3,174,46
51691286,21206846,Queens,Astoria,40.75765,-73.92455,Entire home/apt,110,3,48,1,5,47
51691704,256972139,Brooklyn,Crown Heights,40.66373,-73.95652,Entire home/apt,185,2,9,7,351,9
51692043,88326292,Queens,Rockaway Beach,40.58973,-73.81357,Entire home/apt,110,2,40,5,171,36
51804585,419687159,Staten Island,"Chelsea, Staten Island",40.59598,-74.18478,Entire home/apt,68,30,1,1,365,1
51692606,392125496,Brooklyn,Brownsville,40.6618,-73.91616,Entire home/apt,136,2,30,1,284,30
51805751,355686828,Manhattan,Upper West Side,40.79706,-73.96189,Entire home/apt,50,1,1,1,0,0
51812025,194142632,Manhattan,Hell's Kitchen,40.76232,-73.99574,Entire home/apt,400,30,3,6,72,3
51814193,167636238,Brooklyn,Cypress Hills,40.68217362637844,-73.88260596833435,Private room,140,1,0,3,358,0
51814324,170568130,Manhattan,Hell's Kitchen,40.76447,-73.99249,Entire home/apt,100,1,5,15,50,5
51814326,3223938,Brooklyn,Bedford-Stuyvesant,40.68414,-73.95289,Private room,39,90,0,288,73,0
51816374,7752638,Manhattan,Upper West Side,40.78578,-73.97203,Shared room,66,1,1,2,0,1
51816636,381698920,Manhattan,Hell's Kitchen,40.75421,-73.99632,Private room,132,7,3,19,173,3
51818369,76451380,Brooklyn,East Flatbush,40.63904,-73.94813,Private room,75,30,3,5,98,2
51818793,270554496,Brooklyn,Crown Heights,40.67755,-73.94512,Entire home/apt,560,1,7,3,180,7
51820262,405957567,Manhattan,Midtown,40.750374,-73.983665,Private room,203,1,10,23,0,7
51821419,163251048,Manhattan,Midtown,40.76453,-73.983658,Entire home/apt,545,30,0,30,365,0
51821804,398408597,Brooklyn,East New York,40.66596,-73.87205,Entire home/apt,195,1,39,2,52,38
51821915,163251048,Manhattan,Midtown,40.755878,-73.963348,Entire home/apt,545,30,1,30,365,1
51822545,163251048,Manhattan,Upper East Side,40.76366,-73.958603,Entire home/apt,487,30,0,30,320,0
51753768,51758985,Manhattan,Theater District,40.76089,-73.98409,Private room,101,3,21,1,87,21
51694637,384532776,Manhattan,Hell's Kitchen,40.76031,-73.99092,Entire home/apt,165,30,1,44,348,1
51696057,105279602,Brooklyn,Crown Heights,40.67755,-73.94998,Entire home/apt,207,4,24,1,335,23
51755629,366996195,Brooklyn,Bushwick,40.69074794310922,-73.90965426768562,Entire home/apt,375,1,1,2,358,0
51755775,758655,Brooklyn,Bedford-Stuyvesant,40.68467,-73.93378,Entire home/apt,154,3,16,1,174,15
51755945,2600116,Brooklyn,Fort Greene,40.68582,-73.97531,Entire home/apt,225,3,37,1,0,34
51759722,162280872,Manhattan,Upper East Side,40.77311,-73.95371,Entire home/apt,170,30,1,98,128,1
51762694,3223938,Brooklyn,Bushwick,40.69284,-73.91257,Private room,34,90,0,288,310,0
51764004,3223938,Brooklyn,Bedford-Stuyvesant,40.68398,-73.95436,Private room,35,90,1,288,295,1
51764135,419339788,Brooklyn,Williamsburg,40.70752,-73.95421,Entire home/apt,300,2,12,1,0,12
51764436,2363997,Manhattan,East Village,40.72733,-73.98222,Entire home/apt,280,8,5,2,1,5
51764451,3223938,Brooklyn,Bedford-Stuyvesant,40.68379,-73.9529,Private room,39,90,0,288,310,0
51764485,9864136,Brooklyn,Bedford-Stuyvesant,40.68445,-73.91356,Private room,41,30,0,28,280,0
51764860,3223938,Brooklyn,Bedford-Stuyvesant,40.69384,-73.93239,Private room,28,90,0,288,283,0
51764966,86771798,Manhattan,Murray Hill,40.747,-73.97636,Entire home/apt,149,30,2,30,74,2
51765500,86771798,Manhattan,Murray Hill,40.74896,-73.98065,Entire home/apt,135,30,0,30,138,0
51766925,419091705,Manhattan,Midtown,40.74816,-73.98807,Private room,269,1,0,10,0,0
51767281,419091705,Manhattan,Midtown,40.74619,-73.98751,Private room,269,1,0,10,0,0
51767338,419091705,Manhattan,Midtown,40.7464,-73.98711,Private room,269,1,0,10,0,0
51824559,419834692,Brooklyn,East New York,40.66322,-73.8795,Private room,99,1,10,2,364,9
51697373,118419433,Queens,Jackson Heights,40.74921,-73.87587,Entire home/apt,579,1,1,2,365,1
51699653,231755465,Manhattan,Hell's Kitchen,40.75405,-73.9944,Entire home/apt,550,30,6,2,56,5
51699905,107434423,Manhattan,Upper East Side,40.7618663,-73.9638512,Entire home/apt,341,31,0,453,289,0
51702228,3278848,Bronx,Highbridge,40.84163,-73.92639,Private room,51,3,34,2,0,34
51702845,418867492,Manhattan,Chelsea,40.74746,-74.00366,Entire home/apt,293,1,50,5,305,48
51825274,304317395,Manhattan,Hell's Kitchen,40.75735,-73.99343,Entire home/apt,350,2,23,1,300,21
51825700,86771798,Manhattan,Midtown,40.7492,-73.98261,Entire home/apt,124,30,1,30,63,1
51767407,49348826,Brooklyn,Gravesend,40.5895,-73.96719,Entire home/apt,120,2,21,2,354,18
51767824,419091705,Manhattan,Midtown,40.74611,-73.9883,Private room,269,1,0,10,0,0
51767903,419091705,Manhattan,Midtown,40.74787,-73.987,Private room,269,1,0,10,0,0
51768030,419091705,Manhattan,Midtown,40.74613,-73.989,Private room,269,1,0,10,0,0
51768092,419091705,Manhattan,Midtown,40.74834,-73.98845,Private room,269,1,0,10,0,0
51768147,419091705,Manhattan,Midtown,40.74834,-73.98751,Private room,279,1,0,10,0,0
51768775,147762665,Bronx,Wakefield,40.88631,-73.85881,Private room,59,1,37,7,353,37
51769802,76451380,Brooklyn,East Flatbush,40.63984,-73.94991,Private room,114,28,23,5,346,21
51769994,49108760,Manhattan,Midtown,40.75825,-73.96903,Private room,163,1,45,7,289,45
51769999,49108760,Manhattan,Midtown,40.75962,-73.96806,Private room,182,1,40,7,299,40
51770005,49108760,Manhattan,Midtown,40.75866,-73.96812,Private room,182,1,29,7,316,29
51770013,49108760,Manhattan,Midtown,40.76027,-73.97034,Private room,195,1,26,7,321,26
51702923,327439,Brooklyn,Williamsburg,40.71831,-73.96143,Entire home/apt,660,30,4,1,299,3
51770609,418761982,Manhattan,Chinatown,40.71358,-73.99544,Private room,83,30,15,4,61,15
51771273,419091705,Manhattan,Midtown,40.7475,-73.98895,Private room,259,1,0,10,0,0
51772266,10164435,Queens,Astoria,40.75572,-73.9279,Private room,59,1,69,5,105,67
51772649,348619646,Manhattan,Midtown,40.74809,-73.98852,Private room,260,1,15,52,87,13
51774144,162021586,Queens,Jackson Heights,40.75005,-73.87343,Private room,70,4,5,3,349,4
51826524,19634331,Brooklyn,East Flatbush,40.645416,-73.944351,Entire home/apt,149,30,1,1,0,0
51703788,88326292,Queens,Rockaway Beach,40.58981,-73.81388,Entire home/apt,120,2,29,5,86,27
51704149,385129361,Manhattan,Upper West Side,40.79673,-73.962547,Entire home/apt,96,30,0,48,155,0
51705833,3223938,Brooklyn,Bushwick,40.6894,-73.91884,Private room,40,90,0,288,341,0
51706108,385091169,Manhattan,Financial District,40.70455,-74.00889,Entire home/apt,500,4,2,3,122,2
51709109,2339049,Queens,Ridgewood,40.69592,-73.90436,Entire home/apt,168,1,42,1,342,42
51826933,342201767,Manhattan,Upper West Side,40.79685,-73.9621,Entire home/apt,706,3,48,1,37,46
51826952,44216429,Manhattan,Gramercy,40.73506,-73.98198,Entire home/apt,284,5,12,2,106,12
51774310,23936649,Brooklyn,Sheepshead Bay,40.60022,-73.96069,Entire home/apt,124,2,7,1,338,6
51777608,24761711,Brooklyn,Kensington,40.64685,-73.97449,Entire home/apt,395,2,4,4,343,4
51710285,73098313,Bronx,Highbridge,40.83942,-73.92595,Private room,65,4,0,3,0,0
51711068,163251048,Manhattan,Hell's Kitchen,40.761532,-73.998779,Entire home/apt,429,30,0,30,354,0
51711765,95459395,Manhattan,Midtown,40.76453,-73.983658,Entire home/apt,545,30,0,56,365,0
51712729,182869653,Queens,Maspeth,40.731091,-73.902618,Entire home/apt,153,30,4,2,212,4
51712949,71546110,Brooklyn,Bedford-Stuyvesant,40.68739,-73.93388,Entire home/apt,120,4,9,1,23,9
51827299,342002500,Queens,East Elmhurst,40.76609,-73.87582,Entire home/apt,125,1,107,1,323,103
51827555,417839501,Manhattan,Upper West Side,40.79934,-73.96311,Private room,125,5,3,5,64,2
51713611,209887985,Brooklyn,East New York,40.65805,-73.8778,Private room,84,3,4,2,312,4
51713806,1024891,Bronx,Hunts Point,40.818016,-73.88813,Private room,70,21,9,4,45,8
51714320,418957463,Queens,Jamaica,40.68962,-73.79827,Entire home/apt,160,7,8,1,362,8
51830039,419358491,Bronx,Eastchester,40.87697,-73.83578,Entire home/apt,161,2,36,1,301,35
51836468,199578818,Queens,South Ozone Park,40.67084,-73.79148,Entire home/apt,116,2,51,5,362,51
51836707,385129361,Manhattan,Upper West Side,40.79707,-73.96351,Entire home/apt,82,30,1,48,157,1
51780972,419474229,Manhattan,Murray Hill,40.74338,-73.97244,Shared room,80,3,0,1,0,0
51880650,250358007,Brooklyn,Sunset Park,40.64622,-73.99949,Private room,59,1,48,3,31,47
51883206,29358602,Manhattan,Harlem,40.80811,-73.95064,Private room,81,1,26,4,295,26
51714701,128194,Manhattan,Nolita,40.72207,-73.99404,Entire home/apt,349,3,2,1,113,2
51714906,188939673,Brooklyn,Williamsburg,40.70758,-73.94086,Entire home/apt,225,5,1,1,333,0
51715054,8563684,Brooklyn,Greenpoint,40.7286,-73.95251,Entire home/apt,186,7,1,1,18,1
51883501,420261624,Queens,Sunnyside,40.73545,-73.92166,Entire home/apt,180,1,6,1,66,6
51883717,324748144,Brooklyn,Bedford-Stuyvesant,40.69258,-73.93533,Private room,75,30,1,2,249,1
51885059,19303369,Queens,Rego Park,40.72619,-73.85744,Private room,55,17,1,175,0,1
51888724,397872858,Manhattan,Theater District,40.76188,-73.98255,Private room,457,1,23,12,327,22
51888947,200239515,Queens,Rego Park,40.72611,-73.85822,Private room,39,30,0,158,0,0
51888990,200239515,Queens,Rego Park,40.72586,-73.85872,Private room,45,30,0,158,0,0
51889016,200239515,Queens,Rego Park,40.72413,-73.85729,Private room,48,30,0,158,30,0
51889039,200239515,Queens,Rego Park,40.72636,-73.85894,Private room,37,30,1,158,46,1
51889171,200239515,Queens,Rego Park,40.72601,-73.85671,Private room,67,30,1,158,21,1
51889217,200239515,Queens,Rego Park,40.7243,-73.85758,Private room,45,30,0,158,0,0
51889250,200239515,Queens,Rego Park,40.72473,-73.85859,Private room,45,30,0,158,0,0
51889396,204704622,Queens,Rego Park,40.72581,-73.8587,Private room,45,30,0,157,0,0
51889461,204704622,Queens,Rego Park,40.72472,-73.85875,Private room,45,30,0,157,0,0
51889500,204704622,Queens,Rego Park,40.72476,-73.85864,Private room,45,30,0,157,0,0
51889577,204704622,Queens,Rego Park,40.72453,-73.85715,Private room,49,30,0,157,1,0
51889628,204704622,Queens,Rego Park,40.72557,-73.85892,Private room,45,30,0,157,0,0
51889674,204704622,Queens,Rego Park,40.72408,-73.85811,Private room,42,24,1,157,0,1
51889729,204704622,Queens,Rego Park,40.72465,-73.85892,Private room,45,30,2,157,0,2
51895764,143882962,Manhattan,Midtown,40.74559,-73.98111,Entire home/apt,350,30,2,6,341,2
51715205,2930761,Queens,Fresh Meadows,40.75049,-73.78579,Private room,100,8,2,10,90,2
51717795,301831302,Manhattan,Washington Heights,40.831,-73.94101,Entire home/apt,775,1,7,8,90,7
51719598,2954574,Brooklyn,Bedford-Stuyvesant,40.69258,-73.9383,Entire home/apt,125,7,3,1,4,3
51720274,107434423,Manhattan,Upper East Side,40.77592,-73.94643,Entire home/apt,444,31,0,453,333,0
51721119,107434423,Manhattan,Upper East Side,40.7618663,-73.9638512,Entire home/apt,311,31,0,453,106,0
51944672,158969505,Manhattan,Nolita,40.72222,-73.99357,Entire home/apt,290,2,29,200,129,27
51944693,91646104,Queens,Woodside,40.74395,-73.90858,Entire home/apt,290,3,23,3,58,23
51944735,158969505,Manhattan,Lower East Side,40.72261,-73.99169,Entire home/apt,370,2,24,200,138,24
51944756,226434039,Queens,Astoria,40.76142,-73.92144,Private room,112,1,8,2,354,8
51901717,4493085,Manhattan,Financial District,40.70401,-74.00919,Entire home/apt,450,10,2,1,7,2
51902196,420383773,Manhattan,Financial District,40.70538,-74.00824,Entire home/apt,548,3,39,1,4,39
51903949,10806025,Manhattan,Harlem,40.81957,-73.94288,Private room,105,1,19,2,0,18
51904406,158969505,Manhattan,Lower East Side,40.723,-73.99182,Entire home/apt,279,2,38,200,120,37
51905146,158969505,Manhattan,Lower East Side,40.72278,-73.99298,Entire home/apt,269,2,33,200,131,33
51905169,5319354,Manhattan,Battery Park City,40.71088,-74.01706,Private room,288,6,2,2,95,2
51839530,387493702,Bronx,Parkchester,40.83685,-73.859,Private room,85,2,3,2,354,3
51839779,63103263,Manhattan,Washington Heights,40.84958,-73.92866,Private room,81,2,17,2,81,14
51840664,385129361,Manhattan,Upper West Side,40.7959,-73.96374,Entire home/apt,75,30,2,48,153,2
51840912,405957567,Manhattan,Midtown,40.750374,-73.983665,Private room,175,1,26,23,0,25
51844533,14785032,Queens,St. Albans,40.68942,-73.77597,Private room,57,1,77,3,342,74
51844625,138205173,Queens,Ridgewood,40.7058,-73.91296,Private room,85,3,27,3,1,26
51848187,90713895,Manhattan,Theater District,40.75927,-73.984306,Private room,4143,2,0,6,168,0
51848611,23366133,Manhattan,Midtown,40.752655,-73.972481,Private room,821,2,0,6,349,0
51944795,158969505,Manhattan,Lower East Side,40.72076,-73.99215,Entire home/apt,370,2,31,200,137,30
51944931,197677939,Brooklyn,Bushwick,40.68714,-73.91455,Private room,86,1,37,2,12,36
51849879,420019170,Bronx,Morrisania,40.83221,-73.90007,Entire home/apt,111,1,68,1,336,66
51851239,15625009,Manhattan,Hell's Kitchen,40.76434,-73.99268,Private room,59,30,0,3,24,0
51856570,393897747,Manhattan,Hell's Kitchen,40.76653,-73.9865,Entire home/apt,345,3,36,19,232,35
51944937,158969505,Manhattan,Lower East Side,40.72074,-73.99202,Entire home/apt,270,2,42,200,114,41
51945055,158969505,Manhattan,Lower East Side,40.72117,-73.99344,Entire home/apt,267,2,67,200,90,67
51945109,158969505,Manhattan,Lower East Side,40.72085,-73.99192,Entire home/apt,305,2,44,200,126,44
51945163,158969505,Manhattan,Lower East Side,40.72121,-73.99332,Entire home/apt,290,2,43,200,110,43
51945222,158969505,Manhattan,Lower East Side,40.72082,-73.99152,Entire home/apt,276,2,35,200,140,35
51945252,158969505,Manhattan,Nolita,40.72215,-73.99347,Entire home/apt,361,2,21,200,125,21
51945257,420297717,Queens,Rockaway Beach,40.58953,-73.81407,Entire home/apt,115,2,12,5,78,12
51905886,420415528,Manhattan,Financial District,40.704708,-74.006424,Entire home/apt,509,1,25,9,358,25
51946796,334490031,Brooklyn,Bushwick,40.68169,-73.90406,Entire home/apt,147,2,56,2,0,55
51947188,370601452,Brooklyn,Brooklyn Heights,40.69464,-74.0,Private room,90,3,32,1,105,32
51948208,420759524,Queens,East Elmhurst,40.76284,-73.88893,Entire home/apt,353,2,108,1,100,108
51907175,411740512,Manhattan,Lower East Side,40.7186077,-73.9897804,Entire home/apt,509,1,13,7,357,11
51907246,411740512,Manhattan,Lower East Side,40.7186077,-73.9897804,Entire home/apt,483,1,12,7,357,12
51907377,411740512,Manhattan,Lower East Side,40.7186077,-73.9897804,Entire home/apt,926,1,15,7,360,14
51909801,405957567,Manhattan,Midtown,40.74994,-73.98279,Private room,119,1,17,23,0,15
51910059,405957567,Manhattan,Midtown,40.75144,-73.98419,Private room,133,1,28,23,0,23
51910544,405957567,Manhattan,Midtown,40.75142,-73.98455,Private room,161,1,36,23,0,34
51910648,405957567,Manhattan,Midtown,40.75124,-73.98401,Private room,151,1,18,23,0,17
51858220,420076709,Bronx,Soundview,40.8301,-73.86852,Private room,113,1,1,1,336,1
51858479,405957567,Manhattan,Midtown,40.750374,-73.983665,Private room,178,1,22,23,0,22
51858510,418212047,Manhattan,Harlem,40.80162,-73.95895,Entire home/apt,94,4,6,7,101,6
51859091,405957567,Manhattan,Midtown,40.75104,-73.98302,Private room,178,1,20,23,0,19
51859695,259199112,Manhattan,Hell's Kitchen,40.76471,-73.99273,Entire home/apt,338,3,43,1,140,43
51860288,420088913,Brooklyn,Bedford-Stuyvesant,40.67881,-73.93977,Entire home/apt,335,2,79,13,260,79
51861230,419416316,Queens,Flushing,40.74312,-73.82347,Entire home/apt,80,10,25,1,131,25
51861574,61391963,Manhattan,Upper East Side,40.76725,-73.95852,Entire home/apt,125,30,2,116,261,2
51862472,2867137,Manhattan,Midtown,40.7657,-73.98197,Entire home/apt,220,30,0,73,341,0
51863390,167241670,Queens,Flushing,40.75437,-73.81892,Private room,125,1,12,2,350,12
51864614,417166424,Manhattan,Theater District,40.75593,-73.98531,Private room,352,1,31,10,125,31
51864768,417166424,Manhattan,Theater District,40.75755,-73.98573,Private room,387,1,143,10,323,143
51866726,15625009,Manhattan,Hell's Kitchen,40.76375,-73.99258,Private room,46,90,0,3,334,0
51866988,417166424,Manhattan,Theater District,40.75613,-73.98573,Private room,347,1,463,10,321,463
51867006,269263032,Queens,Ditmars Steinway,40.77022,-73.89765,Entire home/apt,700,1,0,2,0,0
51949255,319633263,Queens,Astoria,40.75773,-73.91114,Entire home/apt,140,45,1,2,0,1
51950055,263331130,Brooklyn,Bushwick,40.70127,-73.91805,Private room,120,1,32,6,77,31
51950079,107434423,Manhattan,Upper East Side,40.7800854,-73.9474989,Entire home/apt,359,31,0,453,198,0
51955482,9743617,Manhattan,Harlem,40.81457,-73.94092,Entire home/apt,125,4,4,7,299,4
51956907,107434423,Manhattan,Upper East Side,40.7618229,-73.9609404,Entire home/apt,304,31,0,453,0,0
51959893,2867137,Manhattan,Murray Hill,40.74443,-73.97171,Entire home/apt,320,30,0,73,261,0
51960731,420837401,Queens,Queens Village,40.70874,-73.73535,Private room,80,1,137,1,260,135
51868126,12264492,Brooklyn,Bushwick,40.69909,-73.93535,Entire home/apt,150,3,4,2,161,3
51868298,200927536,Brooklyn,Bushwick,40.70406,-73.91609,Private room,51,10,2,2,52,2
51868685,19303369,Queens,Rego Park,40.72436,-73.85759,Private room,44,30,0,175,51,0
51868745,19303369,Queens,Rego Park,40.72464,-73.85704,Private room,43,30,0,175,38,0
51868789,19303369,Queens,Rego Park,40.72414,-73.85738,Private room,45,30,0,175,0,0
51868809,19303369,Queens,Rego Park,40.72567,-73.85893,Private room,47,30,0,175,0,0
51868842,19303369,Queens,Rego Park,40.72468,-73.85704,Private room,39,30,0,175,46,0
51868865,19303369,Queens,Rego Park,40.72621,-73.8571,Private room,46,30,1,175,1,1
51868887,19303369,Queens,Rego Park,40.72616,-73.85891,Private room,47,14,1,175,6,0
51870392,34899836,Brooklyn,Crown Heights,40.67301,-73.92554,Private room,122,2,5,2,358,5
51870855,297240751,Manhattan,Hell's Kitchen,40.76194,-73.99,Private room,138,1,39,2,92,35
51871243,17784793,Brooklyn,Crown Heights,40.67664,-73.92391,Private room,1000,1,0,3,179,0
51875328,420064732,Queens,East Elmhurst,40.766911,-73.86895,Entire home/apt,236,2,25,1,155,25
51876246,83167380,Brooklyn,Bedford-Stuyvesant,40.69769,-73.94496,Entire home/apt,118,3,6,1,0,6
52020308,158969505,Manhattan,Lower East Side,40.72109,-73.99197,Entire home/apt,261,2,19,200,135,19
52020887,158969505,Manhattan,Lower East Side,40.72117,-73.99196,Entire home/apt,293,2,41,200,97,41
52021050,158969505,Manhattan,Lower East Side,40.72161,-73.99335,Entire home/apt,296,2,28,200,111,28
52021432,113723310,Manhattan,Chelsea,40.74128,-73.99839,Entire home/apt,185,30,1,60,311,1
52021685,158969505,Manhattan,Nolita,40.72232,-73.9936,Entire home/apt,296,2,43,200,112,43
52021868,158969505,Manhattan,Lower East Side,40.72103,-73.99204,Entire home/apt,314,2,22,200,122,22
51911323,105379950,Brooklyn,Sheepshead Bay,40.58574,-73.9512,Entire home/apt,248,2,21,8,140,21
51913269,3223938,Brooklyn,Bedford-Stuyvesant,40.68222,-73.9543,Private room,43,90,0,288,99,0
51915628,263331130,Brooklyn,Bushwick,40.69981,-73.92025,Private room,90,1,64,6,68,64
51917088,2587748,Brooklyn,Bedford-Stuyvesant,40.68435,-73.91605,Entire home/apt,195,1,32,1,71,32
51960769,145327878,Brooklyn,Bushwick,40.69527,-73.90938,Private room,81,2,7,1,85,6
51917224,33510623,Manhattan,Midtown,40.74571,-73.98325,Entire home/apt,379,30,0,2,364,0
51918355,3223938,Brooklyn,Midwood,40.61483,-73.95494,Private room,29,90,0,288,69,0
51961006,420408626,Brooklyn,Bushwick,40.69246,-73.90997,Private room,77,30,0,4,250,0
52021995,4729945,Brooklyn,Bushwick,40.7027,-73.91929,Entire home/apt,150,3,13,1,35,12
52022524,158969505,Manhattan,Lower East Side,40.72075,-73.99179,Entire home/apt,250,2,38,200,99,38
51961130,2867137,Manhattan,Upper West Side,40.79618,-73.968,Entire home/apt,245,30,1,73,341,1
51961227,2867137,Manhattan,Midtown,40.76567,-73.98162,Entire home/apt,185,30,0,73,311,0
51963793,420408626,Brooklyn,Bushwick,40.69395,-73.91181,Private room,62,30,0,4,357,0
51964918,420445980,Queens,Long Island City,40.75822,-73.94347,Private room,192,1,27,7,134,27
51918710,81555710,Manhattan,Upper East Side,40.78139,-73.94592,Entire home/apt,258,10,2,1,0,2
51919125,158969505,Manhattan,Nolita,40.72287,-73.99335,Entire home/apt,279,2,49,200,113,48
51919233,158969505,Manhattan,Lower East Side,40.72102,-73.99179,Entire home/apt,279,2,37,200,125,35
51919307,158969505,Manhattan,Lower East Side,40.72254,-73.99133,Entire home/apt,260,2,29,200,112,28
51966313,174383553,Brooklyn,Crown Heights,40.67109,-73.93402,Private room,112,1,2,2,245,2
52023246,355450429,Manhattan,Midtown,40.7644,-73.97796,Entire home/apt,309,1,11,3,24,11
52024261,24273714,Queens,Jamaica,40.69138,-73.79432,Private room,55,14,2,8,159,2
51967827,74024064,Bronx,Longwood,40.81427,-73.89873,Entire home/apt,248,1,41,4,355,40
51968308,2867137,Manhattan,Theater District,40.76134,-73.98648,Entire home/apt,220,30,0,73,293,0
51968666,307197943,Manhattan,Chelsea,40.75433,-73.99982,Entire home/apt,1999,1,36,6,69,35
51970344,1024891,Bronx,Hunts Point,40.81752,-73.88919,Private room,70,21,8,4,128,8
51971986,369203714,Brooklyn,Bedford-Stuyvesant,40.69101,-73.93175,Private room,74,1,2,1,0,1
51973011,107434423,Manhattan,Upper East Side,40.7618229,-73.9609404,Entire home/apt,365,31,1,453,0,1
51976630,391891939,Manhattan,Upper East Side,40.77407,-73.95386,Entire home/apt,350,30,5,2,0,5
52024482,366584539,Manhattan,Harlem,40.81554,-73.93939,Private room,55,30,4,2,208,4
51920189,123597784,Brooklyn,Bedford-Stuyvesant,40.68717,-73.94132,Entire home/apt,275,2,12,1,19,12
51920518,416291503,Brooklyn,South Slope,40.66755,-73.99108,Entire home/apt,310,3,20,3,24,20
51920836,334592074,Brooklyn,Flatbush,40.6415,-73.95387,Private room,51,3,19,2,142,18
51921047,405957567,Manhattan,Midtown,40.7509,-73.9848,Private room,161,1,15,23,0,14
51921552,7465850,Brooklyn,Bushwick,40.69715,-73.92489,Entire home/apt,145,5,2,1,4,2
51977461,3223938,Brooklyn,Flatbush,40.65223,-73.96163,Private room,24,90,0,288,255,0
51978202,102618751,Brooklyn,East New York,40.65772,-73.89141,Entire home/apt,589,3,7,3,309,7
51978423,4025917,Manhattan,Chelsea,40.74822,-73.9943,Entire home/apt,1000,4,19,1,293,19
51922682,382317267,Brooklyn,Bedford-Stuyvesant,40.68626,-73.93108,Entire home/apt,285,20,4,1,152,4
52024550,378150602,Manhattan,Nolita,40.72177,-73.99554,Private room,139,1,40,1,277,40
51978563,420960795,Brooklyn,Bushwick,40.69355,-73.92269,Entire home/apt,256,5,22,1,57,22
52025370,255347418,Manhattan,Chelsea,40.74698,-73.99055,Entire home/apt,236,100,0,1,241,0
52025593,158969505,Manhattan,Lower East Side,40.72286,-73.99269,Entire home/apt,264,2,26,200,123,26
52025857,158969505,Manhattan,Nolita,40.72238,-73.99338,Entire home/apt,272,2,28,200,110,28
52026010,158969505,Manhattan,Lower East Side,40.72099,-73.99268,Entire home/apt,258,2,45,200,97,45
52026028,399865453,Brooklyn,Brooklyn Heights,40.69272,-73.99456,Entire home/apt,229,30,5,10,255,5
52026903,158969505,Manhattan,Lower East Side,40.72254,-73.99162,Entire home/apt,233,2,47,200,74,47
52027057,158969505,Manhattan,Lower East Side,40.72293,-73.99199,Entire home/apt,293,2,30,200,116,30
52027169,158969505,Manhattan,Lower East Side,40.72139,-73.99327,Entire home/apt,261,2,36,200,136,36
52027319,158969505,Manhattan,Lower East Side,40.72273,-73.99188,Entire home/apt,272,2,35,200,98,35
52027665,158969505,Manhattan,Lower East Side,40.72114,-73.99156,Entire home/apt,322,2,28,200,134,28
51922861,87700942,Brooklyn,Williamsburg,40.71243,-73.95473,Entire home/apt,321,2,7,1,0,7
51924442,86771798,Manhattan,Murray Hill,40.74958,-73.98082,Entire home/apt,145,30,0,30,156,0
51926710,2867137,Manhattan,Upper West Side,40.79513,-73.96596,Entire home/apt,270,30,0,73,280,0
51926956,158969505,Manhattan,Lower East Side,40.72092,-73.99181,Entire home/apt,312,2,29,200,129,29
51927035,158969505,Manhattan,Lower East Side,40.72093,-73.99225,Entire home/apt,275,2,34,200,127,34
51927288,405957567,Manhattan,Midtown,40.75111,-73.98303,Private room,161,1,5,23,0,5
51927357,405957567,Manhattan,Midtown,40.74982,-73.98278,Private room,166,1,11,23,0,11
51927457,158969505,Manhattan,Lower East Side,40.72097,-73.99324,Entire home/apt,293,2,36,200,117,36
51927550,158969505,Manhattan,Nolita,40.72252,-73.99355,Entire home/apt,293,2,19,200,122,19
51927775,420263983,Queens,Flushing,40.76155,-73.81965,Entire home/apt,156,4,28,1,20,28
51927974,420598562,Queens,Glendale,40.70149,-73.87643,Entire home/apt,150,2,15,1,341,14
51928853,89113604,Manhattan,Chelsea,40.74915,-73.99238,Entire home/apt,1450,1,0,1,0,0
51929057,395671107,Manhattan,Upper West Side,40.79568,-73.9702,Private room,79,30,3,14,153,3
51980003,3548411,Brooklyn,Bedford-Stuyvesant,40.68752,-73.93748,Entire home/apt,145,30,3,2,201,3
51930030,386935484,Queens,Bellerose,40.72703,-73.71439,Private room,80,2,8,1,356,8
51931637,42723666,Queens,Forest Hills,40.71955,-73.84381,Entire home/apt,279,31,0,1,246,0
52027712,56991582,Queens,Astoria,40.76742,-73.93025,Entire home/apt,157,2,22,1,132,22
52028179,204811322,Manhattan,Midtown,40.74638,-73.98819,Entire home/apt,130,2,1,4,0,0
52028791,158969505,Manhattan,Lower East Side,40.72074,-73.99299,Entire home/apt,307,2,11,200,131,11
52031750,113723310,Manhattan,Chelsea,40.74168,-73.99964,Entire home/apt,165,30,2,60,281,2
52032288,418449940,Manhattan,Chelsea,40.748581,-73.995651,Private room,169,1,78,13,313,76
52032578,417166424,Manhattan,Theater District,40.75821,-73.98598,Private room,358,1,203,10,326,203
52033055,417166424,Manhattan,Theater District,40.75748,-73.98375,Private room,381,1,14,10,325,14
52033161,417166424,Manhattan,Theater District,40.75593,-73.98385,Private room,413,1,104,10,326,104
52037777,418449940,Manhattan,Chelsea,40.74794,-73.99467,Private room,171,1,96,13,334,94
52039176,418449940,Manhattan,Chelsea,40.748581,-73.995651,Private room,171,1,82,13,326,80
52041531,418449940,Manhattan,Chelsea,40.7494,-73.99668,Private room,169,1,91,13,322,91
52041617,418449940,Manhattan,Chelsea,40.7475,-73.99473,Private room,169,1,78,13,308,76
52042673,226434039,Queens,Astoria,40.75798,-73.92482,Private room,116,1,9,2,352,9
52046731,107434423,Manhattan,Upper East Side,40.7618229,-73.9609404,Entire home/apt,387,31,0,453,0,0
52050916,17613914,Bronx,Longwood,40.81661,-73.91194,Private room,159,2,16,2,93,16
52053160,266726110,Queens,Ridgewood,40.70344,-73.9032,Private room,50,30,0,15,295,0
52053404,266726110,Queens,Ridgewood,40.70341,-73.90315,Private room,50,30,0,15,295,0
52053622,266726110,Queens,Ridgewood,40.70349,-73.90401,Private room,52,30,1,15,283,1
52053768,266726110,Queens,Ridgewood,40.70169,-73.90272,Private room,49,30,0,15,283,0
51980527,41835277,Brooklyn,Gerritsen Beach,40.5915,-73.92946,Entire home/apt,300,31,0,1,173,0
52053898,16707319,Brooklyn,Crown Heights,40.67493,-73.92738,Private room,75,3,7,1,58,7
52053911,266726110,Queens,Ridgewood,40.70217,-73.90431,Private room,51,30,0,15,249,0
52054086,266726110,Queens,Ridgewood,40.70329,-73.90456,Private room,51,30,0,15,248,0
52055248,418449940,Manhattan,Chelsea,40.74858,-73.99565,Private room,169,1,66,13,332,66
51933160,229697915,Queens,Rosedale,40.65842681075672,-73.74451179749146,Private room,214,2,1,1,365,1
51980770,36012265,Brooklyn,Bushwick,40.70434,-73.92804,Private room,65,30,4,1,84,4
51980852,420297717,Queens,Rockaway Beach,40.58773,-73.81234,Entire home/apt,110,2,15,5,90,15
51980970,251455701,Queens,Sunnyside,40.74816,-73.91492,Private room,180,1,4,7,71,4
51982952,416381658,Brooklyn,Bedford-Stuyvesant,40.68915,-73.9441,Entire home/apt,140,6,8,3,297,8
51933590,4579626,Brooklyn,Park Slope,40.6743,-73.98095,Entire home/apt,91,30,2,1,156,2
51934249,381698920,Manhattan,Hell's Kitchen,40.75431,-73.99809,Private room,132,7,2,19,164,2
51939606,413243090,Brooklyn,Cypress Hills,40.68711,-73.87407,Entire home/apt,161,5,17,4,347,16
52059098,15113882,Brooklyn,Williamsburg,40.72164,-73.95798,Entire home/apt,1100,3,6,1,365,6
51983004,24132769,Manhattan,Midtown,40.753,-73.9724,Entire home/apt,537,2,0,2,2,0
51940555,154611549,Manhattan,Upper West Side,40.78335,-73.9714,Entire home/apt,223,365,0,1,365,0
51983686,418449940,Manhattan,Chelsea,40.748581,-73.995651,Private room,169,1,82,13,342,81
51983887,36057973,Manhattan,West Village,40.7313,-74.00474,Private room,100,1,0,2,0,0
51984324,58228630,Manhattan,Harlem,40.82204,-73.95562,Shared room,300,1,12,4,334,12
51985589,421007927,Manhattan,East Harlem,40.79755,-73.93353,Entire home/apt,109,30,3,4,259,3
52059246,234572569,Queens,Bayside,40.76154,-73.77384,Entire home/apt,146,1,51,1,213,51
52059533,28223424,Brooklyn,East Flatbush,40.66479,-73.92768,Entire home/apt,80,4,49,3,83,49
52059982,239139334,Queens,Flushing,40.7635,-73.82608,Private room,68,3,28,3,346,28
52060322,293530967,Manhattan,Upper East Side,40.7697,-73.9533,Shared room,99,1,0,7,249,0
52060325,193758145,Manhattan,Inwood,40.86455,-73.92072,Entire home/apt,143,2,20,1,271,20
52060328,293530967,Manhattan,Upper East Side,40.7707,-73.95396,Shared room,60,1,9,7,249,9
51986202,408801405,Queens,Ridgewood,40.70687,-73.91375,Entire home/apt,315,28,4,3,153,4
51940938,32370387,Brooklyn,Bushwick,40.69455,-73.92962,Private room,73,1,46,2,275,45
51987241,113723310,Manhattan,Chelsea,40.73976,-74.00003,Entire home/apt,160,30,2,60,218,2
51987334,417850661,Brooklyn,Mill Basin,40.60997,-73.92248,Entire home/apt,138,3,20,1,354,20
51942167,288500463,Manhattan,Murray Hill,40.744286,-73.97187,Entire home/apt,497,2,30,1,35,30
51942202,420445980,Queens,Long Island City,40.757648,-73.942703,Private room,183,1,170,7,128,166
51942513,22253952,Manhattan,Theater District,40.76263,-73.98351,Entire home/apt,400,2,8,1,0,7
51942816,250585210,Manhattan,Harlem,40.82458,-73.94963,Entire home/apt,73,1,26,1,173,26
51943950,158969505,Manhattan,Lower East Side,40.72088,-73.99333,Entire home/apt,365,2,41,200,129,40
51944137,158969505,Manhattan,Lower East Side,40.72074,-73.99268,Entire home/apt,308,2,26,200,122,26
51944223,158969505,Manhattan,Lower East Side,40.72138,-73.9933,Entire home/apt,291,2,43,200,120,43
51944320,158969505,Manhattan,Lower East Side,40.72079,-73.99366,Entire home/apt,285,2,48,200,121,48
51944357,348619646,Manhattan,Midtown,40.74645,-73.98851,Private room,945,1,5,52,0,5
51944428,158969505,Manhattan,Lower East Side,40.72306,-73.99178,Entire home/apt,287,2,42,200,114,41
51944487,158969505,Manhattan,Lower East Side,40.72158,-73.9934,Entire home/apt,379,2,35,200,117,34
51944588,158969505,Manhattan,Lower East Side,40.72308,-73.99138,Entire home/apt,278,2,35,200,135,34
52101440,116596381,Manhattan,Washington Heights,40.83641,-73.94312,Entire home/apt,229,3,34,1,297,34
52060379,374244051,Manhattan,Hell's Kitchen,40.76063,-73.99408,Entire home/apt,514,3,3,1,116,3
52061594,418449940,Manhattan,Chelsea,40.74908,-73.99446,Private room,171,1,40,13,340,40
52062209,35429361,Brooklyn,Bedford-Stuyvesant,40.68276,-73.9387,Private room,92,1,75,1,28,75
51987707,50814868,Brooklyn,Bedford-Stuyvesant,40.68579,-73.9331,Entire home/apt,120,5,2,1,0,2
52062263,22800762,Manhattan,Chelsea,40.7484,-73.98888,Entire home/apt,197,4,39,4,286,39
51989137,314036011,Staten Island,Woodrow,40.53777,-74.20674,Entire home/apt,115,1,54,1,314,54
51990190,421041104,Manhattan,Harlem,40.81148,-73.94405,Private room,89,4,6,1,73,6
52062739,308730623,Brooklyn,Flatbush,40.64672,-73.95397,Entire home/apt,257,2,18,1,322,18
52062993,22800762,Manhattan,Midtown,40.74647,-73.98898,Entire home/apt,211,4,36,4,283,36
52071868,37787619,Brooklyn,Bedford-Stuyvesant,40.6774,-73.92096,Entire home/apt,613,2,3,4,95,3
52101974,366922406,Bronx,Morris Heights,40.85276,-73.91344,Entire home/apt,117,2,37,1,319,37
52102524,113723310,Manhattan,Chelsea,40.73959,-74.00002,Entire home/apt,180,30,0,60,310,0
52104098,49128620,Manhattan,Civic Center,40.71345,-74.00503,Private room,300,3,2,2,218,2
52105294,421862996,Bronx,Norwood,40.86909,-73.88371,Private room,80,2,7,1,365,7
52105349,44305915,Queens,Jamaica,40.68415,-73.7801,Entire home/apt,150,1,27,1,357,27
52105561,171697479,Manhattan,Midtown,40.7435,-73.98296,Private room,99,30,3,26,337,3
52107496,171697479,Manhattan,Kips Bay,40.74363,-73.98137,Private room,119,30,12,26,342,12
51990443,417475830,Manhattan,Harlem,40.81243,-73.94383,Private room,120,4,13,1,258,13
52108798,366413815,Manhattan,Upper East Side,40.77142,-73.95682,Entire home/apt,419,3,9,2,293,9
52109105,395282289,Manhattan,Upper East Side,40.77332,-73.95689,Entire home/apt,411,3,26,1,293,26
52109956,371421385,Brooklyn,Cypress Hills,40.68507,-73.87198,Private room,60,1,57,5,149,57
52110070,421890661,Queens,Rosedale,40.6622079217765,-73.73844399059806,Entire home/apt,151,3,1,1,72,1
52110071,28700317,Brooklyn,Williamsburg,40.71192,-73.95064,Entire home/apt,575,3,0,1,179,0
52072231,421609761,Queens,Ditmars Steinway,40.77661,-73.91903,Private room,127,4,20,1,161,20
52072361,395671107,Manhattan,Upper West Side,40.79758,-73.97113,Private room,84,30,0,14,199,0
52073172,418449940,Manhattan,Chelsea,40.748581,-73.995651,Private room,169,1,34,13,276,34
52073221,23790442,Queens,Rosedale,40.65086,-73.73634,Entire home/apt,139,2,13,1,156,13
51991090,151001073,Brooklyn,Bedford-Stuyvesant,40.682484,-73.93924,Entire home/apt,229,3,26,1,60,26
52073825,835318,Manhattan,West Village,40.73817,-73.99909,Entire home/apt,121,2,18,1,0,18
52074857,416291503,Brooklyn,Gowanus,40.66953,-73.99139,Entire home/apt,337,3,17,3,22,17
52112035,78150907,Brooklyn,Crown Heights,40.67672,-73.95844,Entire home/apt,300,7,4,1,285,4
52112120,141853769,Manhattan,Lower East Side,40.72072,-73.98367,Entire home/apt,161,1,47,3,17,47
51992320,91173287,Brooklyn,Williamsburg,40.71307,-73.96,Private room,120,5,21,1,13,21
52075215,421638103,Manhattan,East Harlem,40.80037,-73.94338,Entire home/apt,320,1,52,2,317,52
52075219,418449940,Manhattan,Chelsea,40.74882,-73.99476,Private room,169,1,82,13,327,82
52075359,31410393,Brooklyn,Flatlands,40.62856,-73.92014,Private room,58,1,32,1,299,32
51992365,212164658,Queens,Flushing,40.75637,-73.82586,Entire home/apt,181,1,70,6,157,69
52076178,17379284,Brooklyn,Greenpoint,40.72135,-73.94355,Entire home/apt,185,30,1,1,310,1
52077439,418449940,Manhattan,Chelsea,40.74923,-73.99648,Private room,169,1,54,13,319,54
51992616,26823845,Brooklyn,Prospect-Lefferts Gardens,40.66159,-73.96189,Entire home/apt,121,2,30,1,7,30
52077582,264722462,Brooklyn,Cypress Hills,40.67843,-73.90692,Entire home/apt,220,30,8,1,180,8
52084036,1583461,Brooklyn,Williamsburg,40.71868,-73.95757,Entire home/apt,100,2,2,1,0,2
52084225,359097710,Manhattan,Murray Hill,40.74763,-73.97329,Private room,288,4,16,1,357,16
52084970,81959456,Bronx,Bronxdale,40.85463,-73.86767,Private room,69,30,0,1,3,0
52085221,381698920,Manhattan,Hell's Kitchen,40.75447,-73.998,Private room,132,7,2,19,165,2
51997965,73965928,Manhattan,East Village,40.72777,-73.98244,Entire home/apt,250,5,2,1,0,2
52085532,421715571,Queens,Middle Village,40.72389,-73.8693,Entire home/apt,178,2,20,1,330,20
52088986,418449940,Manhattan,Chelsea,40.74968,-73.99542,Private room,169,1,81,13,327,81
52089998,52942822,Brooklyn,Bushwick,40.69281,-73.91527,Entire home/apt,194,1,40,1,309,40
52112453,222232146,Manhattan,Upper East Side,40.76775584420635,-73.95284795838906,Entire home/apt,125,1,7,1,44,7
51999513,158969505,Manhattan,Nolita,40.7222,-73.99364,Private room,341,2,34,200,117,33
52001672,158969505,Manhattan,Lower East Side,40.72076,-73.99132,Entire home/apt,308,2,21,200,137,21
52001802,182363374,Queens,Long Island City,40.7448,-73.9449,Private room,125,5,3,6,41,3
52114771,70552468,Brooklyn,Bedford-Stuyvesant,40.68782,-73.93307,Entire home/apt,279,3,18,1,301,18
52002141,401202937,Manhattan,Midtown,40.74832,-73.98717,Private room,175,1,24,51,51,24
52002292,158969505,Manhattan,Nolita,40.72261,-73.99347,Entire home/apt,393,2,38,200,119,38
52002317,283057520,Manhattan,Lower East Side,40.71468,-73.98874,Private room,121,5,11,4,270,11
52002873,158969505,Manhattan,Nolita,40.72258,-73.99323,Entire home/apt,274,2,28,200,132,28
52004474,420995366,Bronx,Tremont,40.83972,-73.88726,Entire home/apt,223,3,28,1,56,28
52115109,74488815,Queens,Astoria,40.76849,-73.92412,Private room,60,1,39,15,270,39
52119400,39877585,Queens,Long Island City,40.74847,-73.9465,Entire home/apt,152,1,38,1,70,38
52090012,384861601,Bronx,Morrisania,40.83107,-73.90126,Private room,50,4,28,3,291,28
52090874,420088913,Brooklyn,Bedford-Stuyvesant,40.68072,-73.94138,Entire home/apt,208,2,69,13,115,69
52091007,418449940,Manhattan,Chelsea,40.7478,-73.99653,Private room,169,1,48,13,339,48
52005211,420852622,Brooklyn,Canarsie,40.64198,-73.91183,Entire home/apt,150,2,33,1,354,33
52121408,207638192,Brooklyn,Williamsburg,40.70885,-73.92291,Entire home/apt,120,7,6,1,18,6
52123676,74488815,Queens,Astoria,40.75951,-73.91088,Private room,100,1,19,15,330,19
52123884,343450886,Manhattan,Midtown,40.7468,-73.98864,Entire home/apt,249,1,19,3,36,19
52006219,268347722,Manhattan,Harlem,40.79964,-73.95154,Private room,67,30,5,3,263,5
52007029,421150536,Manhattan,Midtown,40.75188,-73.9709,Entire home/apt,1600,1,33,1,345,33
52094310,142030905,Manhattan,West Village,40.7322,-74.00469,Entire home/apt,289,3,4,1,33,4
52095695,10348207,Manhattan,Upper East Side,40.76926,-73.95732,Private room,111,4,12,2,280,12
52096040,229149668,Brooklyn,Bedford-Stuyvesant,40.68322,-73.95626,Entire home/apt,250,3,10,4,336,10
52166542,158969505,Manhattan,Lower East Side,40.72119,-73.99349,Entire home/apt,255,2,43,200,105,43
52166661,158969505,Manhattan,Lower East Side,40.72083,-73.99224,Entire home/apt,280,2,32,200,120,32
52007271,158969505,Manhattan,Nolita,40.72313,-73.99302,Entire home/apt,279,2,46,200,130,46
52009700,411740512,Manhattan,Lower East Side,40.7186077,-73.9897804,Entire home/apt,676,1,7,7,354,7
52010222,88397174,Brooklyn,Downtown Brooklyn,40.68922,-73.9866,Private room,1257,1,21,1,276,21
52010443,32370387,Brooklyn,Bushwick,40.69491,-73.92817,Private room,74,1,51,2,130,50
52011015,310556889,Queens,Astoria,40.77319,-73.92381,Private room,55,4,43,2,77,43
52011240,97127885,Queens,Ditmars Steinway,40.76862,-73.89661,Entire home/apt,71,30,4,3,276,4
52011753,310556889,Queens,Astoria,40.77338,-73.9225,Private room,55,4,44,2,121,44
52011762,63103263,Manhattan,Washington Heights,40.84789,-73.92894,Entire home/apt,145,2,19,2,157,19
52013393,420148935,Queens,Jamaica,40.67344,-73.782,Entire home/apt,121,1,96,1,78,96
52236918,272342845,Brooklyn,Bushwick,40.70204,-73.92465,Private room,115,2,0,4,7,0
52237124,3223938,Brooklyn,Bedford-Stuyvesant,40.68755,-73.919,Private room,34,90,2,288,341,2
52239020,421792224,Brooklyn,Bedford-Stuyvesant,40.69197,-73.93845,Private room,49,1,0,1,0,0
52239335,29590110,Queens,Jamaica,40.71089,-73.78318,Entire home/apt,195,2,41,1,337,41
52240499,420297717,Queens,Rockaway Beach,40.58765,-73.81176,Entire home/apt,120,2,31,5,83,31
52241459,189961241,Manhattan,Chinatown,40.71648,-73.99782,Entire home/apt,899,3,49,2,135,49
52242415,17775359,Brooklyn,Williamsburg,40.71298,-73.94826,Entire home/apt,575,30,26,5,180,26
52244717,4039777,Manhattan,Kips Bay,40.74128,-73.97986,Entire home/apt,110,1,4,2,0,4
52245700,33124160,Manhattan,West Village,40.73863,-74.00413,Entire home/apt,1000,1,0,1,0,0
52166736,422309354,Brooklyn,Bedford-Stuyvesant,40.68938,-73.93656,Private room,75,2,52,1,53,52
52166804,8096185,Brooklyn,Bedford-Stuyvesant,40.69076,-73.95858,Entire home/apt,95,2,51,1,0,51
52166839,158969505,Manhattan,Lower East Side,40.72284,-73.99289,Entire home/apt,330,2,19,200,158,19
52166956,158969505,Manhattan,Lower East Side,40.72313,-73.99297,Entire home/apt,318,2,25,200,118,25
52124237,8415945,Manhattan,Financial District,40.71117,-74.00797,Entire home/apt,875,2,5,1,178,5
52245998,27717006,Bronx,Parkchester,40.84011,-73.85652,Private room,78,14,1,2,0,1
52246096,400615103,Queens,Bayswater,40.61121,-73.76804,Entire home/apt,260,2,11,3,365,11
52246989,21400222,Manhattan,Harlem,40.81619,-73.94094,Entire home/apt,140,4,5,1,32,5
52248301,130971031,Brooklyn,Greenpoint,40.7324,-73.95998,Private room,159,2,12,3,156,12
52124474,41680962,Manhattan,West Village,40.73279,-74.00519,Entire home/apt,300,30,0,1,0,0
52251326,107434423,Manhattan,Kips Bay,40.7399363,-73.9789488,Entire home/apt,406,31,0,453,298,0
52252523,256972139,Brooklyn,Bedford-Stuyvesant,40.68962,-73.93626,Entire home/apt,275,2,7,7,258,7
52253807,298841502,Manhattan,West Village,40.73134,-74.00227,Entire home/apt,283,3,23,3,282,23
52124924,422008059,Brooklyn,Canarsie,40.63717,-73.89636,Entire home/apt,81,2,33,1,0,33
52125718,127250744,Brooklyn,Bedford-Stuyvesant,40.68271340069855,-73.95377976964073,Entire home/apt,299,5,4,1,24,4
52126228,316920152,Manhattan,Hell's Kitchen,40.76198,-73.99242,Entire home/apt,933,2,30,3,116,30
52168422,134140323,Queens,East Elmhurst,40.766327,-73.870796,Entire home/apt,175,2,59,1,324,59
52168496,219517861,Manhattan,Tribeca,40.71689690882887,-74.00698163983742,Private room,400,2,31,71,358,31
52168525,219517861,Manhattan,Tribeca,40.7166995990223,-74.00697983585954,Private room,492,2,20,71,348,20
52168540,56550255,Queens,Rego Park,40.73052,-73.86545,Entire home/apt,160,1,5,1,162,5
52168779,219517861,Manhattan,Tribeca,40.71551635541327,-74.0083536704482,Private room,463,2,9,71,356,9
52169215,219517861,Manhattan,Tribeca,40.715132478559006,-74.00808008559747,Private room,366,2,8,71,296,8
52169355,127570065,Queens,Corona,40.74349,-73.8564,Entire home/apt,143,2,6,1,161,6
52169754,219517861,Manhattan,Tribeca,40.71510741719657,-74.00651051837374,Private room,466,2,5,71,300,5
52169805,113723310,Manhattan,Chelsea,40.74138,-73.99941,Entire home/apt,190,30,4,60,310,4
52169886,219517861,Manhattan,Tribeca,40.71532684596645,-74.00850860759218,Private room,466,2,3,71,291,3
52170063,113723310,Manhattan,Chelsea,40.74136,-73.99852,Entire home/apt,180,30,4,60,342,4
52170623,113723310,Manhattan,Chelsea,40.74096,-73.99804,Entire home/apt,200,30,2,60,311,2
52255940,430970,Brooklyn,Greenpoint,40.72461,-73.9517,Entire home/apt,227,5,3,1,2,3
52256640,422990421,Brooklyn,Greenpoint,40.72774,-73.95776,Entire home/apt,350,7,4,1,249,4
52171254,181844338,Brooklyn,Crown Heights,40.67212,-73.94011,Entire home/apt,90,30,1,1,0,1
52172342,235585976,Brooklyn,East Flatbush,40.64941,-73.92056,Private room,75,1,25,3,176,25
52172527,411740512,Manhattan,Lower East Side,40.7186077,-73.9897804,Entire home/apt,452,1,28,7,321,28
52172540,411740512,Manhattan,Lower East Side,40.7186077,-73.9897804,Entire home/apt,480,1,13,7,346,13
52172548,411740512,Manhattan,Lower East Side,40.7186077,-73.9897804,Entire home/apt,449,1,6,7,352,6
52172586,346657643,Brooklyn,Williamsburg,40.71486,-73.9653,Entire home/apt,275,4,5,1,41,5
52174275,9289171,Brooklyn,Crown Heights,40.66616,-73.93288,Entire home/apt,168,2,45,4,110,45
52175741,266627618,Bronx,Wakefield,40.90371,-73.84851,Entire home/apt,262,4,9,6,346,9
52177005,130971031,Brooklyn,Greenpoint,40.73182,-73.95799,Private room,218,2,34,3,128,34
52178233,130971031,Brooklyn,Greenpoint,40.73365,-73.96002,Private room,177,2,32,3,125,32
52181849,266797018,Manhattan,Lower East Side,40.7183,-73.99359,Private room,390,1,0,14,272,0
52126679,97660847,Brooklyn,East Flatbush,40.64511,-73.92413,Entire home/apt,148,2,53,1,64,53
52127911,37787619,Brooklyn,Bedford-Stuyvesant,40.67751,-73.91961,Entire home/apt,301,2,74,4,121,74
52128130,4819615,Brooklyn,Williamsburg,40.71886,-73.94006,Entire home/apt,180,2,3,1,3,3
52128438,405957567,Manhattan,Midtown,40.75156,-73.98333,Private room,199,1,2,23,0,2
52128553,37787619,Brooklyn,Bedford-Stuyvesant,40.67934,-73.92166,Entire home/apt,214,2,54,4,129,54
52128565,405957567,Manhattan,Midtown,40.75119,-73.98256,Private room,199,1,0,23,0,0
52128775,2125773,Brooklyn,Sunset Park,40.66334,-73.99097,Entire home/apt,150,2,9,1,88,9
52128826,405957567,Manhattan,Midtown,40.75122,-73.98265,Private room,199,1,1,23,0,1
52128884,405957567,Manhattan,Midtown,40.74927,-73.98287,Private room,199,1,0,23,0,0
52129460,405957567,Manhattan,Midtown,40.75117,-73.98477,Private room,199,1,3,23,0,3
52129502,405957567,Manhattan,Midtown,40.7498,-73.98267,Private room,199,1,0,23,0,0
52129565,405957567,Manhattan,Midtown,40.75058,-73.9846,Private room,199,1,4,23,0,4
52129608,405957567,Manhattan,Midtown,40.74985,-73.98258,Private room,199,1,1,23,0,1
52129646,405957567,Manhattan,Midtown,40.74985,-73.98462,Private room,199,1,0,23,0,0
52129682,405957567,Manhattan,Midtown,40.75099,-73.98466,Private room,199,1,2,23,0,2
52257683,376734323,Manhattan,West Village,40.73633,-74.00037,Entire home/apt,495,5,30,1,53,30
52257785,173999598,Queens,Whitestone,40.78655,-73.82432,Entire home/apt,108,1,100,1,317,100
52131795,422064086,Manhattan,Harlem,40.80884,-73.94466,Entire home/apt,154,30,4,2,297,4
52135378,74488815,Queens,Astoria,40.76625,-73.92346,Private room,55,1,33,15,258,33
52139752,387784105,Brooklyn,Bedford-Stuyvesant,40.68451,-73.92994,Private room,37,1,34,2,303,34
52141366,417809852,Manhattan,Harlem,40.8212,-73.95721,Entire home/apt,325,4,2,2,0,2
52143943,414068298,Manhattan,Upper West Side,40.78071,-73.97878,Entire home/apt,182,30,2,15,260,2
52181872,5659683,Brooklyn,Bedford-Stuyvesant,40.68822,-73.94356,Entire home/apt,125,18,0,1,0,0
52183021,420132354,Brooklyn,Red Hook,40.67981,-74.01032,Entire home/apt,166,1,81,1,97,81
52184522,107434423,Manhattan,Theater District,40.7623122,-73.9858423,Entire home/apt,357,31,0,453,150,0
52258307,419900720,Manhattan,Harlem,40.82433548061,-73.94959666772026,Private room,107,7,2,1,226,2
52184876,9432812,Brooklyn,Williamsburg,40.70435,-73.93614,Entire home/apt,181,5,35,1,303,35
52186222,22302461,Brooklyn,Crown Heights,40.67187,-73.96087,Entire home/apt,250,3,0,1,0,0
52144908,147668954,Staten Island,Stapleton,40.62619,-74.07717,Entire home/apt,309,14,0,1,0,0
52144930,158969505,Manhattan,Nolita,40.72166,-73.99366,Entire home/apt,356,2,30,200,144,30
52145064,97127885,Queens,Ditmars Steinway,40.76975,-73.89687,Private room,46,11,1,3,263,1
52260313,7301545,Queens,Astoria,40.766,-73.92827,Entire home/apt,102,45,0,1,249,0
52260344,9419684,Manhattan,Midtown,40.76377,-73.98342,Entire home/apt,349,30,0,79,175,0
52261555,24771677,Queens,Bayside,40.76303,-73.77303,Entire home/apt,110,30,2,6,151,2
52262415,134887663,Manhattan,Financial District,40.70463,-74.01507,Entire home/apt,223,3,5,1,0,5
52145241,3684332,Brooklyn,Crown Heights,40.672,-73.94715,Private room,115,3,3,1,5,3
52147738,158969505,Manhattan,Lower East Side,40.72099,-73.99319,Entire home/apt,278,2,29,200,116,29
52148096,158969505,Manhattan,Lower East Side,40.72227,-73.99144,Entire home/apt,260,2,33,200,153,33
52148281,158969505,Manhattan,Lower East Side,40.72278,-73.99179,Entire home/apt,285,2,19,200,139,19
52149099,158969505,Manhattan,Nolita,40.72311,-73.9931,Entire home/apt,259,2,57,200,99,57
52149257,158969505,Manhattan,Lower East Side,40.72137,-73.99343,Entire home/apt,278,2,29,200,135,29
52149394,158969505,Manhattan,Nolita,40.72304,-73.99346,Entire home/apt,266,2,40,200,106,40
52149565,158969505,Manhattan,Nolita,40.72239,-73.99361,Entire home/apt,307,2,21,200,166,21
52149810,158969505,Manhattan,Lower East Side,40.72113,-73.99313,Entire home/apt,325,2,20,200,167,20
52149841,266793360,Manhattan,Harlem,40.80378,-73.9552,Entire home/apt,250,1,5,4,338,5
52149992,158969505,Manhattan,Lower East Side,40.72249,-73.99163,Entire home/apt,305,2,26,200,154,26
52186244,38457889,Brooklyn,Bedford-Stuyvesant,40.69447,-73.93206,Private room,50,7,7,1,0,7
52262858,353406425,Bronx,Olinville,40.8803,-73.86509,Private room,62,5,31,3,355,31
52188203,27796238,Manhattan,West Village,40.73304,-74.00692,Entire home/apt,175,5,5,1,10,5
52188420,2867137,Manhattan,Midtown,40.76511,-73.98153,Entire home/apt,220,30,0,73,235,0
52188706,2867137,Manhattan,Midtown,40.76384,-73.98176,Entire home/apt,230,30,1,73,218,1
52189549,30532557,Brooklyn,Bushwick,40.70094,-73.93884,Private room,39,30,1,26,160,1
52189570,2867137,Manhattan,Hell's Kitchen,40.76577,-73.98375,Entire home/apt,220,30,1,73,336,1
52189847,319061072,Brooklyn,Bushwick,40.70072,-73.92543,Private room,115,3,1,8,7,1
52189856,157870939,Brooklyn,Bushwick,40.68897,-73.91754,Private room,58,3,20,5,348,20
52150127,16237288,Manhattan,Harlem,40.81094988948175,-73.94540252259567,Shared room,105,1,0,1,317,0
52150231,236607813,Queens,Arverne,40.59154,-73.79727,Private room,90,3,16,2,352,16
52150889,2867137,Manhattan,Midtown,40.76535,-73.98181,Entire home/apt,185,30,0,73,251,0
52151109,128041172,Queens,Woodside,40.7555,-73.90555,Private room,49,30,0,1,0,0
52151871,49646121,Manhattan,Kips Bay,40.74151,-73.97772,Entire home/apt,774,30,2,1,0,2
52153731,113723310,Manhattan,Chelsea,40.73935,-73.99836,Entire home/apt,185,30,1,60,341,1
52154854,256966373,Staten Island,St. George,40.64458,-74.08005,Entire home/apt,157,3,31,4,194,31
52155068,29569596,Manhattan,Washington Heights,40.84062,-73.93744,Entire home/apt,281,3,40,1,350,40
52263027,302924,Brooklyn,Bushwick,40.69282,-73.92548,Private room,72,13,9,4,221,9
52155173,422234306,Brooklyn,Sunset Park,40.649017,-74.000664,Private room,216,1,231,3,365,231
52162163,107434423,Manhattan,Theater District,40.7623122,-73.9858423,Entire home/apt,376,31,0,453,0,0
52190367,399839711,Bronx,Wakefield,40.88485,-73.85113,Entire home/apt,114,2,23,1,164,23
52264364,384559808,Manhattan,East Village,40.73243,-73.98574,Entire home/apt,82,30,1,24,107,1
52266126,44153917,Staten Island,Graniteville,40.61264,-74.15086,Private room,40,5,5,1,277,5
52190454,16066061,Brooklyn,Bedford-Stuyvesant,40.67695,-73.91321,Private room,64,3,37,2,34,37
52191839,422234306,Brooklyn,Sunset Park,40.64802,-73.99985,Private room,242,1,14,3,364,14
52266283,417275418,Brooklyn,Williamsburg,40.71043,-73.95974,Private room,124,1,60,5,143,60
52266519,423062857,Brooklyn,Crown Heights,40.67652,-73.91601,Entire home/apt,129,3,21,2,20,21
52266674,96148809,Brooklyn,Bedford-Stuyvesant,40.68218,-73.93615,Entire home/apt,137,4,29,2,216,29
52266979,66841868,Brooklyn,Fort Greene,40.68749,-73.97582,Entire home/apt,135,9,3,1,97,3
52267290,5853457,Brooklyn,Borough Park,40.6424,-73.99569,Private room,64,30,1,7,346,1
52267534,226070943,Manhattan,SoHo,40.72108,-73.99892,Entire home/apt,1000,30,0,1,365,0
52194261,156168934,Queens,Long Island City,40.75275,-73.93879,Private room,500,10,3,1,179,3
52194454,157870939,Brooklyn,Bushwick,40.68747,-73.91732,Private room,65,3,16,5,343,16
52195689,422002010,Manhattan,Lower East Side,40.71889,-73.99085,Entire home/apt,370,5,39,1,111,39
52198687,384861601,Bronx,Fordham,40.85923,-73.89362,Entire home/apt,55,4,11,3,177,11
52198893,420445980,Queens,Long Island City,40.7566,-73.94318,Private room,218,1,175,7,124,175
52163706,102373033,Manhattan,Nolita,40.72133,-73.99593,Entire home/apt,399,5,36,1,257,36
52163880,265651637,Brooklyn,Flatbush,40.63139,-73.94965,Entire home/apt,272,2,6,1,55,6
52164794,113723310,Manhattan,Chelsea,40.73971,-73.99969,Entire home/apt,175,30,2,60,341,2
52164854,158969505,Manhattan,Lower East Side,40.72162,-73.99337,Entire home/apt,264,2,23,200,128,23
52164877,87983379,Queens,Maspeth,40.72808,-73.89384,Entire home/apt,208,3,38,2,293,38
52164915,271275048,Manhattan,Chelsea,40.746838,-73.992073,Entire home/apt,125,30,1,15,313,1
52165147,113723310,Manhattan,Chelsea,40.74094,-73.99984,Entire home/apt,190,30,0,60,335,0
52165328,158969505,Manhattan,Lower East Side,40.72302,-73.99134,Entire home/apt,233,2,50,200,102,50
52165827,158969505,Manhattan,Lower East Side,40.72081,-73.99321,Entire home/apt,285,2,54,200,86,54
52165924,158969505,Manhattan,Lower East Side,40.72128,-73.99336,Entire home/apt,270,2,44,200,109,44
52166065,158969505,Manhattan,Lower East Side,40.72112,-73.99194,Entire home/apt,250,2,34,200,119,34
52166179,158969505,Manhattan,Lower East Side,40.72172,-73.99133,Entire home/apt,258,2,28,200,115,28
52166223,385129361,Manhattan,Upper West Side,40.79602,-73.96165,Entire home/apt,75,30,2,48,135,2
52329966,3490498,Brooklyn,Bedford-Stuyvesant,40.68321,-73.95691,Private room,100,2,14,1,0,14
52330611,400615103,Queens,Bayswater,40.60995,-73.76898,Entire home/apt,150,2,27,3,222,27
52334489,298333005,Bronx,Allerton,40.87256,-73.85139,Private room,50,30,2,1,178,2
52336155,350252704,Manhattan,Midtown,40.75313,-73.97257,Entire home/apt,400,30,1,8,78,1
52336346,350252704,Manhattan,Midtown,40.75451,-73.97257,Entire home/apt,214,30,1,8,152,1
52336808,128246923,Brooklyn,Bedford-Stuyvesant,40.69606,-73.94065,Entire home/apt,245,3,15,3,135,15
52336951,18220713,Queens,South Ozone Park,40.6809,-73.80911,Entire home/apt,110,2,15,1,84,15
52338270,8793489,Brooklyn,Williamsburg,40.71539,-73.94036,Private room,105,1,0,1,0,0
52339404,9679192,Manhattan,East Village,40.72459,-73.97564,Private room,125,5,6,2,0,6
52339476,1033970,Brooklyn,Williamsburg,40.71893,-73.94631,Entire home/apt,586,2,51,5,118,51
52340282,350252704,Manhattan,Midtown,40.75463,-73.97214,Entire home/apt,411,30,1,8,138,1
52267684,6313991,Brooklyn,Bedford-Stuyvesant,40.68655,-73.93226,Entire home/apt,175,3,18,1,30,18
52271041,395520753,Brooklyn,Bedford-Stuyvesant,40.69078,-73.93415,Entire home/apt,356,1,3,2,204,3
52277683,345231956,Manhattan,Midtown,40.74653,-73.98878,Entire home/apt,376,1,42,3,36,42
52280572,329967443,Queens,Springfield Gardens,40.66916,-73.76457,Entire home/apt,83,1,39,1,340,39
52199496,43004238,Brooklyn,Crown Heights,40.67122,-73.95516,Entire home/apt,174,2,8,1,0,8
52280776,27551876,Brooklyn,Williamsburg,40.71031,-73.95096,Entire home/apt,280,3,15,1,310,15
52282232,7309378,Queens,Jamaica Hills,40.71502958166857,-73.8017217763913,Private room,89,2,5,1,319,5
52342849,423653399,Queens,Far Rockaway,40.59730426721439,-73.74711598495422,Entire home/apt,189,1,11,1,362,11
52343745,9653082,Manhattan,Harlem,40.82075,-73.95658,Private room,98,1,25,1,170,25
52344848,305161808,Brooklyn,Bedford-Stuyvesant,40.68565,-73.95578,Private room,85,5,1,11,0,1
52344999,305161808,Brooklyn,Bedford-Stuyvesant,40.68595,-73.95779,Private room,90,7,5,11,0,5
52345078,305161808,Brooklyn,Bedford-Stuyvesant,40.68718,-73.95792,Private room,85,3,4,11,341,4
52345232,90786439,Brooklyn,Bedford-Stuyvesant,40.68602,-73.94534,Entire home/apt,99,2,5,1,0,5
52351256,410184548,Bronx,Mott Haven,40.80869,-73.91969,Entire home/apt,132,30,4,2,321,4
52282835,423175770,Brooklyn,Bedford-Stuyvesant,40.68567,-73.92846,Entire home/apt,239,3,39,1,294,39
52352531,280209892,Brooklyn,East Flatbush,40.65055,-73.95006,Private room,62,1,18,1,51,18
52201155,146005201,Manhattan,Midtown,40.76546,-73.98166,Entire home/apt,365,30,1,5,251,1
52202614,146005201,Manhattan,Midtown,40.76563,-73.9819,Entire home/apt,230,30,0,5,219,0
52283472,75857,Manhattan,Harlem,40.80679,-73.94997,Entire home/apt,299,4,24,2,162,24
52283717,128093565,Brooklyn,Bushwick,40.70286,-73.91902,Private room,91,1,33,1,330,33
52202625,422581359,Brooklyn,Columbia St,40.68475,-74.00452,Entire home/apt,351,1,68,1,342,68
52203086,217379941,Queens,Springfield Gardens,40.6653,-73.77054,Entire home/apt,125,1,20,1,354,20
52203113,405957567,Manhattan,Midtown,40.75088,-73.98281,Private room,159,1,5,23,0,5
52203556,394817730,Manhattan,Theater District,40.75951,-73.98694,Private room,289,1,0,61,0,0
52204946,207195903,Brooklyn,Bay Ridge,40.62939,-74.02375,Private room,107,3,22,5,14,22
52205994,19955301,Manhattan,East Harlem,40.79516,-73.93984,Private room,110,90,1,1,179,1
52353508,308692530,Queens,Rockaway Beach,40.58514870179617,-73.81517700933472,Entire home/apt,191,1,9,1,176,9
52353584,91473229,Bronx,Melrose,40.81794,-73.92286,Private room,70,2,7,1,244,7
52284361,18732561,Brooklyn,Fort Greene,40.6849,-73.97614,Entire home/apt,223,3,62,1,37,62
52353916,43376059,Manhattan,Midtown,40.75823,-73.96745,Entire home/apt,120,2,10,1,3,10
52206067,422579287,Queens,Bayswater,40.60023,-73.76878,Private room,77,31,1,2,311,1
52286333,423200663,Brooklyn,Bushwick,40.70209,-73.91497,Private room,85,2,21,2,101,21
52207504,18170444,Manhattan,East Harlem,40.78654,-73.94254,Private room,103,3,36,3,77,36
52207849,40883581,Brooklyn,Greenpoint,40.72568,-73.95213,Entire home/apt,285,2,47,1,100,47
52354036,48588253,Queens,Astoria,40.75989,-73.92201,Private room,134,6,5,1,6,5
52286422,423201359,Queens,Howard Beach,40.66846514918531,-73.84967982972513,Entire home/apt,175,2,4,1,354,4
52286495,19902271,Manhattan,Washington Heights,40.83747,-73.94125,Entire home/apt,130,30,2,2,243,2
52286964,423206065,Manhattan,Harlem,40.80194,-73.95223,Entire home/apt,172,1,12,1,155,12
52288075,396808869,Brooklyn,Bedford-Stuyvesant,40.68589,-73.93703,Entire home/apt,165,30,2,2,310,2
52288214,423215241,Manhattan,Upper West Side,40.77283,-73.98873,Private room,134,4,3,1,1,3
52288229,43372445,Brooklyn,Midwood,40.62136,-73.96514,Private room,39,20,1,1,0,1
52288632,51524470,Queens,Arverne,40.59262,-73.79011,Private room,39,30,3,2,347,3
52288869,23760930,Queens,Arverne,40.59544,-73.80071,Private room,40,30,0,1,242,0
52209121,355499242,Queens,Kew Gardens Hills,40.71673,-73.81687,Entire home/apt,149,3,31,1,355,31
52289151,224047081,Brooklyn,Sea Gate,40.57931,-74.01105,Entire home/apt,110,30,2,12,125,2
52299330,3223938,Brooklyn,Bedford-Stuyvesant,40.68757,-73.91943,Private room,36,90,0,288,241,0
52300094,423294451,Brooklyn,Crown Heights,40.67303,-73.91539,Entire home/apt,172,3,32,1,83,32
52354363,423769430,Brooklyn,East New York,40.66248,-73.8919,Entire home/apt,398,2,27,1,354,27
52354371,13791418,Brooklyn,Williamsburg,40.71707,-73.95422,Private room,170,1,2,2,0,2
52301844,4149443,Brooklyn,Crown Heights,40.67738,-73.93786,Private room,125,3,6,2,361,6
52354591,263312677,Queens,East Elmhurst,40.76513159640417,-73.88932811555772,Entire home/apt,160,6,4,1,327,4
52355281,3360618,Brooklyn,Crown Heights,40.67426,-73.94061,Private room,55,5,17,3,0,17
52355596,92900025,Queens,Laurelton,40.68395,-73.74632,Entire home/apt,119,1,131,2,235,131
52355957,18170444,Manhattan,East Harlem,40.78517,-73.94323,Private room,108,3,14,3,89,14
52211971,88150433,Manhattan,Lower East Side,40.72102,-73.9888,Entire home/apt,347,30,5,1,10,5
52217201,305351979,Brooklyn,Clinton Hill,40.68196,-73.9604,Entire home/apt,290,2,40,1,311,40
52303594,422978002,Brooklyn,Flatbush,40.65058,-73.95767,Entire home/apt,100,1,0,1,0,0
52303735,8502743,Queens,Long Island City,40.75383,-73.93429,Private room,80,30,3,1,266,3
52304111,32159799,Brooklyn,Fort Greene,40.68866,-73.97768,Entire home/apt,131,1,11,1,252,11
52217859,90797147,Manhattan,Upper West Side,40.77955,-73.97656,Private room,399,3,1,1,242,1
52218820,395806806,Brooklyn,Flatlands,40.6167,-73.92456,Shared room,65,1,28,3,353,28
52360862,422067855,Queens,Far Rockaway,40.59837,-73.75924,Entire home/apt,771,2,14,5,365,14
52304392,423326630,Bronx,Westchester Square,40.84435,-73.8455,Entire home/apt,141,2,27,1,148,27
52219116,18170333,Queens,Kew Gardens,40.7084,-73.82665,Private room,75,2,19,1,344,19
52219943,3486202,Manhattan,Harlem,40.8223,-73.95604,Private room,150,2,10,2,346,10
52305166,302924,Brooklyn,Bushwick,40.69284,-73.92448,Private room,69,29,16,4,192,16
52305625,423317308,Brooklyn,Bedford-Stuyvesant,40.69347,-73.9403,Private room,63,5,3,4,293,3
52307085,420297717,Queens,Rockaway Beach,40.58959,-73.81339,Entire home/apt,116,2,20,5,90,20
52307689,19175487,Manhattan,Harlem,40.82126,-73.93926,Entire home/apt,150,30,0,1,0,0
52220040,49376270,Brooklyn,Greenpoint,40.72456,-73.94295,Entire home/apt,325,3,3,1,41,3
52362873,179355129,Staten Island,Dongan Hills,40.58308,-74.09337,Entire home/apt,270,3,22,1,321,22
52308192,212229650,Manhattan,Hell's Kitchen,40.75693,-73.99453,Entire home/apt,500,3,0,1,0,0
52312904,421715467,Brooklyn,Flatbush,40.64303,-73.96434,Entire home/apt,149,5,1,1,334,1
52363121,423838195,Queens,Flushing,40.76548,-73.83024,Entire home/apt,128,2,12,1,31,12
52363247,13128030,Brooklyn,Flatlands,40.62857,-73.94169,Entire home/apt,350,3,21,1,176,21
52365494,9293730,Manhattan,East Harlem,40.789291,-73.942764,Entire home/apt,199,30,2,37,354,2
52365660,282655,Brooklyn,Flatbush,40.63163,-73.95539,Entire home/apt,550,4,6,4,121,6
52366169,2809854,Brooklyn,Windsor Terrace,40.65555,-73.97763,Entire home/apt,278,2,35,1,262,35
52315440,128246923,Brooklyn,Bedford-Stuyvesant,40.69556,-73.94076,Entire home/apt,227,3,14,3,116,14
52316185,113723310,Manhattan,Chelsea,40.74127,-73.99956,Entire home/apt,170,30,1,60,250,1
52316709,3223938,Brooklyn,Bedford-Stuyvesant,40.69241,-73.92987,Private room,32,90,0,288,310,0
52317592,162280872,Manhattan,Upper East Side,40.76497,-73.96534,Entire home/apt,150,30,3,98,339,3
52318130,400615103,Queens,Bayswater,40.60914,-73.76831,Entire home/apt,214,2,8,3,365,8
52318166,59156312,Queens,Woodhaven,40.688,-73.86599,Private room,62,7,4,5,354,4
52318271,37046945,Brooklyn,Fort Greene,40.6892,-73.98101,Entire home/apt,200,3,9,4,4,9
52318574,266726110,Queens,Ridgewood,40.70318,-73.90445,Private room,52,30,1,15,248,1
52318675,266726110,Queens,Ridgewood,40.70031,-73.90309,Private room,49,30,1,15,309,1
52320080,397259778,Queens,Jackson Heights,40.75314,-73.89474,Private room,149,3,2,3,358,2
52320787,423451497,Queens,Rosedale,40.65256,-73.74703,Entire home/apt,89,2,31,3,74,31
52367170,358237996,Bronx,Highbridge,40.83512514126815,-73.9242659441977,Entire home/apt,122,30,0,1,310,0
52367339,422067855,Queens,Far Rockaway,40.59849,-73.76122,Private room,200,2,1,5,365,1
52367668,30283594,Bronx,Mott Haven,40.811848,-73.929665,Entire home/apt,225,1,7,95,353,7
52368136,422067855,Queens,Far Rockaway,40.59882,-73.75944,Private room,125,2,1,5,365,1
52368832,422067855,Queens,Far Rockaway,40.59836,-73.76084,Private room,150,2,0,5,363,0
52368962,423884624,Bronx,Fordham,40.85701,-73.90321,Private room,70,3,26,2,157,26
52369054,422067855,Queens,Far Rockaway,40.60059,-73.75919,Private room,175,2,0,5,365,0
52371416,423884624,Bronx,Fordham,40.85509,-73.90307,Private room,70,3,25,2,337,25
52372345,25683499,Brooklyn,Williamsburg,40.7043,-73.94182,Entire home/apt,206,2,30,1,52,30
52373620,27181542,Manhattan,Lower East Side,40.72049,-73.98394,Entire home/apt,199,30,0,69,89,0
52373813,348619646,Manhattan,Midtown,40.74832,-73.98804,Entire home/apt,750,1,1,52,0,1
52374326,348619646,Manhattan,Midtown,40.74627,-73.98743,Entire home/apt,750,1,2,52,0,2
52221260,422737259,Manhattan,Upper East Side,40.76224,-73.95848,Entire home/apt,363,3,17,1,54,17
52221335,67395042,Manhattan,Harlem,40.82274,-73.94626,Private room,88,1,28,2,62,28
52221919,3486202,Manhattan,Harlem,40.82202,-73.95601,Private room,150,2,6,2,343,6
52223600,329271,Brooklyn,Bedford-Stuyvesant,40.6853,-73.93016,Private room,44,1,14,2,241,14
52223877,20177472,Brooklyn,Park Slope,40.67859,-73.97362,Entire home/apt,350,4,23,2,212,23
52226952,69181351,Brooklyn,Brownsville,40.67231,-73.90383,Entire home/apt,150,1,8,1,308,8
52229417,107434423,Manhattan,Theater District,40.7623122,-73.9858423,Entire home/apt,432,31,0,453,358,0
52229489,224733902,Manhattan,Upper East Side,40.77127,-73.9576,Entire home/apt,117,30,2,7,347,2
52231166,107434423,Manhattan,Theater District,40.7623122,-73.9858423,Entire home/apt,316,31,0,453,325,0
52233258,107434423,Manhattan,Murray Hill,40.748405,-73.979865,Entire home/apt,360,31,1,453,274,1
52320898,17873135,Brooklyn,Bedford-Stuyvesant,40.69158,-73.94501,Entire home/apt,170,2,53,1,16,53
52320950,423452852,Manhattan,Theater District,40.76281,-73.98434,Entire home/apt,300,30,0,1,0,0
52324341,272571748,Brooklyn,Canarsie,40.63793,-73.89232,Entire home/apt,237,2,9,1,360,9
52235688,20170794,Manhattan,East Village,40.72537,-73.97839,Entire home/apt,303,30,21,1,111,21
52235795,30238962,Brooklyn,Bedford-Stuyvesant,40.6879,-73.92335,Entire home/apt,441,4,16,1,139,16
52236517,3223938,Queens,Ridgewood,40.7011,-73.90536,Private room,37,90,0,288,250,0
52374738,10736629,Brooklyn,Crown Heights,40.67124,-73.9586,Entire home/apt,90,2,8,1,8,8
52378641,353406425,Bronx,Williamsbridge,40.88014,-73.86368,Private room,104,5,45,3,339,45
52324415,84239198,Queens,St. Albans,40.7035,-73.75796,Entire home/apt,153,2,32,1,354,32
52324528,423484073,Manhattan,Midtown,40.74877,-73.98547,Private room,140,5,6,1,274,6
52236717,410669633,Brooklyn,East Flatbush,40.65726,-73.92475,Private room,55,21,17,2,341,17
52325109,363928053,Brooklyn,Kensington,40.64299,-73.97965,Private room,55,30,2,4,10,2
52471610,6104459,Manhattan,Financial District,40.70427,-74.01545,Private room,160,7,0,1,302,0
52380053,14264966,Brooklyn,Clinton Hill,40.68484,-73.96665,Private room,111,1,38,1,124,38
52471756,207205519,Staten Island,Shore Acres,40.606396,-74.067902,Entire home/apt,90,3,4,1,83,4
52472350,21194343,Staten Island,Castleton Corners,40.6154,-74.11354,Private room,79,1,1,2,363,1
52472708,50266813,Brooklyn,Williamsburg,40.71211,-73.95353,Entire home/apt,350,2,2,4,0,2
52473142,1339545,Brooklyn,Park Slope,40.67161,-73.97816,Entire home/apt,139,3,30,8,41,30
52476530,224047081,Brooklyn,Sea Gate,40.5793,-74.0046,Entire home/apt,135,30,1,12,98,1
52481960,107434423,Manhattan,Upper East Side,40.7788913,-73.95349290000001,Entire home/apt,564,31,0,453,318,0
52487784,32909880,Staten Island,West Brighton,40.63042,-74.10299,Entire home/apt,99,4,11,1,341,11
52489298,204855081,Manhattan,Harlem,40.80566,-73.94979,Entire home/apt,260,1,38,2,322,38
52380858,423982333,Queens,Far Rockaway,40.59514,-73.763,Private room,98,1,30,1,180,30
52403428,424163498,Queens,Maspeth,40.71541,-73.91218,Entire home/apt,122,1,41,2,299,41
52403596,158969505,Manhattan,Lower East Side,40.72154,-73.99328,Entire home/apt,282,2,24,200,152,24
52404169,6116657,Manhattan,Hell's Kitchen,40.75707,-73.99293,Entire home/apt,229,3,21,1,36,21
52404207,424170184,Manhattan,Hell's Kitchen,40.75798,-73.99331,Entire home/apt,240,2,3,1,0,3
52404336,158969505,Manhattan,Lower East Side,40.72283,-73.99283,Entire home/apt,272,2,25,200,153,25
52489302,393474028,Manhattan,Kips Bay,40.74441,-73.97651,Entire home/apt,155,30,0,9,334,0
52489907,393474028,Manhattan,Kips Bay,40.74444,-73.97687,Entire home/apt,155,30,0,9,310,0
52490036,1142835,Brooklyn,Williamsburg,40.71206,-73.95286,Entire home/apt,280,3,12,1,82,12
52404445,215186098,Brooklyn,East Flatbush,40.63598598288825,-73.94612136446968,Private room,100,3,0,2,81,0
52404485,215186098,Brooklyn,East Flatbush,40.63727,-73.94652,Private room,75,30,2,2,357,2
52404588,424173274,Queens,College Point,40.77961,-73.84254,Entire home/apt,89,3,22,1,333,22
52405277,385782494,Brooklyn,East New York,40.66996,-73.89076,Private room,63,1,13,3,341,13
52490300,393474028,Manhattan,Kips Bay,40.74424,-73.97643,Entire home/apt,155,30,0,9,310,0
52490684,413243090,Brooklyn,Cypress Hills,40.68556,-73.87445,Entire home/apt,164,5,10,4,348,10
52491515,305489297,Manhattan,Lower East Side,40.71733,-73.99111,Entire home/apt,150,30,5,6,265,5
52492041,33607986,Queens,Ridgewood,40.69866,-73.90693,Private room,70,2,23,2,59,23
52492125,257541,Brooklyn,Clinton Hill,40.69209,-73.96126,Private room,120,1,10,2,68,10
52492455,2373167,Brooklyn,Crown Heights,40.67709,-73.94381,Entire home/apt,167,2,23,1,1,23
52492995,424885003,Brooklyn,Bedford-Stuyvesant,40.67857,-73.91423,Entire home/apt,120,14,0,1,124,0
52493063,189834234,Manhattan,Kips Bay,40.74123,-73.97983,Entire home/apt,193,14,3,1,100,3
52381125,182980197,Queens,East Elmhurst,40.76579,-73.88471,Entire home/apt,181,2,45,1,338,45
52494046,424893639,Staten Island,Grymes Hill,40.61944,-74.08612,Private room,79,1,5,1,179,5
52494665,381698920,Manhattan,Hell's Kitchen,40.7543,-73.99763,Private room,132,7,3,19,155,3
52495224,155923396,Brooklyn,Bushwick,40.70049,-73.92773,Private room,47,1,9,2,35,9
52496006,324748144,Brooklyn,Bedford-Stuyvesant,40.69071,-73.93449,Private room,90,7,13,2,273,13
52497241,3223938,Brooklyn,Bushwick,40.68887,-73.91916,Private room,28,90,0,288,310,0
52500005,3223938,Queens,Ridgewood,40.7009,-73.90484,Private room,32,90,0,288,338,0
52500546,3223938,Brooklyn,Bedford-Stuyvesant,40.68224,-73.95427,Private room,34,90,0,288,327,0
52507194,116634792,Bronx,Fordham,40.85508,-73.90143,Private room,75,2,20,1,283,20
52381790,137958489,Queens,Astoria,40.76245,-73.91515,Private room,73,90,0,1,218,0
52405840,424179971,Queens,Astoria,40.76027,-73.92132,Entire home/apt,222,3,25,1,314,25
52406162,158969505,Manhattan,Lower East Side,40.72133,-73.99178,Entire home/apt,261,2,21,200,165,21
52507609,3223938,Brooklyn,Bushwick,40.68826,-73.91918,Private room,39,90,0,288,318,0
52508237,16182430,Manhattan,East Village,40.73026,-73.99029,Entire home/apt,150,3,20,2,3,20
52382837,359500,Brooklyn,Williamsburg,40.71306,-73.95076,Private room,125,1,14,1,42,14
52384047,603486,Brooklyn,Greenpoint,40.723267,-73.949821,Entire home/apt,466,30,1,1,0,1
52384717,158969505,Manhattan,Lower East Side,40.72217,-73.99141,Entire home/apt,363,2,28,200,169,28
52508357,3223938,Brooklyn,Bushwick,40.6901,-73.91837,Private room,32,90,0,288,121,0
52508681,87629139,Manhattan,Harlem,40.82291,-73.94939,Private room,94,1,17,4,334,17
52508703,3223938,Brooklyn,Bushwick,40.68998,-73.91729,Private room,32,90,0,288,0,0
52509007,420975523,Queens,Maspeth,40.73709,-73.89637,Entire home/apt,177,1,61,8,134,61
52384899,19689128,Brooklyn,Williamsburg,40.71687,-73.94272,Entire home/apt,371,2,13,1,350,13
52385364,158969505,Manhattan,Lower East Side,40.72283,-73.99127,Entire home/apt,324,2,23,200,166,23
52385763,335902538,Brooklyn,Williamsburg,40.71086,-73.95328,Private room,200,2,10,1,350,10
52385894,158969505,Manhattan,Lower East Side,40.72237,-73.99129,Entire home/apt,324,2,23,200,159,23
52386218,45949941,Queens,Astoria,40.76587,-73.92287,Entire home/apt,175,30,1,1,0,1
52386386,279230537,Bronx,Kingsbridge,40.8768,-73.89802,Entire home/apt,400,2,5,2,14,5
52387398,15718962,Manhattan,Hell's Kitchen,40.75543,-73.99809,Entire home/apt,190,30,1,3,1,1
52406468,248743490,Brooklyn,Bedford-Stuyvesant,40.68863,-73.93278,Private room,57,2,26,3,233,26
52407038,417275418,Brooklyn,Williamsburg,40.71059,-73.95927,Private room,124,1,46,5,166,46
52509268,3223938,Brooklyn,Bushwick,40.68807,-73.91888,Private room,29,90,0,288,251,0
52510470,345231956,Manhattan,Midtown,40.74762,-73.98873,Entire home/apt,249,1,12,3,38,12
52510586,425010331,Queens,Long Island City,40.75678,-73.93828,Private room,206,1,28,7,344,28
52407100,359836729,Bronx,Kingsbridge,40.88361,-73.89091,Private room,70,3,23,2,111,23
52407383,424193351,Brooklyn,Prospect Heights,40.68087,-73.97462,Entire home/apt,2100,1,1,1,89,1
52388002,3038790,Manhattan,Upper East Side,40.78374,-73.95105,Entire home/apt,799,30,0,1,264,0
52511469,424446457,Manhattan,Harlem,40.81638,-73.9378,Entire home/apt,148,1,36,1,238,36
52389360,424054614,Queens,Ridgewood,40.70811,-73.90018,Entire home/apt,176,3,16,1,307,16
52408105,32020027,Manhattan,Financial District,40.70692,-74.01178,Entire home/apt,257,4,0,1,1,0
52408668,55663877,Manhattan,Washington Heights,40.85932,-73.92557,Private room,75,3,23,3,73,23
52514131,30532557,Brooklyn,Bushwick,40.69941,-73.93896,Private room,38,30,0,26,299,0
52514819,74338125,Manhattan,East Village,40.72654,-73.98693,Private room,130,1,19,9,10,19
52515757,262570325,Manhattan,East Village,40.72957,-73.9797,Entire home/apt,455,3,18,5,333,18
52515771,269840768,Brooklyn,Bedford-Stuyvesant,40.68893,-73.93688,Entire home/apt,156,3,30,1,68,30
52408941,422907858,Brooklyn,Flatlands,40.63038,-73.92098,Entire home/apt,125,2,35,1,351,35
52516409,425058817,Manhattan,East Harlem,40.80052,-73.93531,Entire home/apt,171,2,39,1,166,39
52411201,400223681,Manhattan,Upper East Side,40.77195,-73.95582,Entire home/apt,200,4,42,1,267,42
52411806,263331130,Brooklyn,Bushwick,40.701,-73.91855,Private room,70,1,37,6,57,37
52417096,162280872,Manhattan,Kips Bay,40.73951,-73.98182,Entire home/apt,150,30,3,98,311,3
52417197,423459702,Brooklyn,East Flatbush,40.65227,-73.94977,Private room,43,2,8,2,295,8
52389378,65735083,Manhattan,Harlem,40.81951,-73.95308,Entire home/apt,229,4,25,1,93,25
52389496,141931484,Brooklyn,Canarsie,40.63471,-73.89161,Private room,55,4,14,5,344,14
52389697,204704622,Queens,Woodside,40.74331,-73.89712,Private room,45,30,0,157,0,0
52390610,141931484,Brooklyn,Canarsie,40.63305,-73.89198,Private room,51,4,14,5,332,14
52391022,42389158,Brooklyn,Flatbush,40.64125,-73.95196,Entire home/apt,175,7,9,2,27,9
52391787,210040180,Queens,Jamaica,40.67922,-73.79092,Shared room,73,1,22,5,353,22
52397728,7722968,Brooklyn,Borough Park,40.64356,-73.99233,Private room,71,1,0,1,0,0
52398082,424053714,Brooklyn,Prospect-Lefferts Gardens,40.66339,-73.95476,Private room,118,2,15,1,305,15
52398287,158969505,Manhattan,Lower East Side,40.72282,-73.99203,Entire home/apt,321,2,24,200,135,24
52398423,305161808,Brooklyn,Bedford-Stuyvesant,40.68708,-73.95563,Private room,80,7,5,11,350,5
52398478,305161808,Brooklyn,Bedford-Stuyvesant,40.6872,-73.95755,Private room,75,30,4,11,182,4
52399609,923465,Brooklyn,Bedford-Stuyvesant,40.68844,-73.93717,Entire home/apt,385,5,7,2,312,7
52399899,134428157,Brooklyn,Bedford-Stuyvesant,40.68656,-73.94428,Entire home/apt,110,30,4,5,310,4
52517517,25266538,Manhattan,Harlem,40.81813,-73.94368,Entire home/apt,145,30,1,2,274,1
52517796,420975523,Queens,Maspeth,40.73509,-73.89535,Entire home/apt,163,1,46,8,162,46
52519097,8067,Brooklyn,Crown Heights,40.67459,-73.96119,Private room,170,2,36,1,3,36
52519640,74338125,Manhattan,East Village,40.72636,-73.98673,Shared room,650,1,1,9,345,1
52525014,600569,Brooklyn,Crown Heights,40.66571,-73.95009,Private room,51,3,10,1,71,10
52417450,424269485,Manhattan,Upper West Side,40.77789,-73.97678,Entire home/apt,430,30,2,1,198,2
52417541,3223938,Brooklyn,Bushwick,40.68984,-73.91707,Private room,39,90,0,288,341,0
52417818,340909563,Manhattan,Hell's Kitchen,40.76458,-73.99269,Private room,250,7,0,1,180,0
52418045,3223938,Queens,Ridgewood,40.70287,-73.90483,Private room,34,90,0,288,338,0
52527249,395053857,Brooklyn,Crown Heights,40.66441,-73.95339,Entire home/apt,120,5,4,1,2,4
52419044,94493643,Queens,Rego Park,40.72536,-73.86863,Entire home/apt,205,30,22,1,67,22
52421251,164883120,Queens,Jamaica,40.69515,-73.79574,Private room,68,30,1,2,264,1
52401539,424150408,Bronx,Kingsbridge,40.87249,-73.90027,Private room,78,1,44,2,356,44
52401622,219517861,Manhattan,Financial District,40.70451,-74.01643,Entire home/apt,790,2,1,71,265,1
52403053,158969505,Manhattan,Lower East Side,40.72111,-73.99171,Entire home/apt,322,2,33,200,169,33
52403339,213012532,Manhattan,Washington Heights,40.85002,-73.93937,Entire home/apt,345,2,48,1,303,48
52403401,158969505,Manhattan,Lower East Side,40.72285,-73.99268,Entire home/apt,256,2,43,200,107,43
52403404,158969505,Manhattan,Lower East Side,40.7231,-73.99276,Entire home/apt,322,2,24,200,149,24
52535017,128629269,Queens,Astoria,40.76646,-73.9227,Entire home/apt,250,1,7,2,2,7
52528021,391267817,Manhattan,East Village,40.72756616869582,-73.98106298105822,Entire home/apt,180,1,1,1,0,1
52535027,388575050,Brooklyn,Sunset Park,40.64564,-74.01864,Entire home/apt,164,1,55,4,333,55
52535759,10782868,Manhattan,Upper East Side,40.76835,-73.9596,Entire home/apt,290,1,0,1,0,0
52536592,132435618,Brooklyn,East New York,40.67206794289184,-73.8784760812497,Entire home/apt,193,5,0,2,148,0
52538938,159542498,Manhattan,Kips Bay,40.73861,-73.97782,Entire home/apt,170,1,10,1,0,10
52544742,7777783,Brooklyn,Williamsburg,40.70701,-73.95095,Private room,77,3,5,1,7,5
52545450,170482956,Brooklyn,Sunset Park,40.66057,-73.99321,Entire home/apt,265,1,29,1,148,29
52547011,406193264,Brooklyn,Bushwick,40.68353,-73.91058,Private room,86,1,44,7,35,44
52547017,418867492,Manhattan,Upper West Side,40.77814,-73.98508,Entire home/apt,255,1,27,5,4,27
52548658,425312815,Brooklyn,Bedford-Stuyvesant,40.6951,-73.94353,Entire home/apt,90,32,3,1,327,3
52548697,302924,Brooklyn,Bushwick,40.69098,-73.9242,Private room,76,24,4,4,185,4
52421812,192425097,Brooklyn,Crown Heights,40.67242,-73.95389,Entire home/apt,228,2,46,1,31,46
52423204,164518602,Brooklyn,Kensington,40.6457,-73.97691,Private room,87,2,3,4,253,3
52423543,397872858,Manhattan,Theater District,40.7637,-73.98449,Private room,1800,1,2,12,177,2
52423663,397872858,Manhattan,Theater District,40.76213,-73.9829,Private room,2500,1,0,12,138,0
52426248,24418469,Brooklyn,East Flatbush,40.64632,-73.94887,Entire home/apt,135,2,13,2,294,13
52427120,423992289,Manhattan,Hell's Kitchen,40.76017,-73.9984,Entire home/apt,349,30,1,1,308,1
52531746,37694131,Queens,Long Island City,40.74474,-73.94521,Entire home/apt,250,30,2,4,349,2
52532860,406606560,Queens,Jackson Heights,40.74967,-73.87056,Private room,69,2,37,3,319,37
52533092,5615582,Manhattan,Lower East Side,40.71918,-73.98897,Private room,1940,1,4,51,360,4
52533102,5615582,Manhattan,Lower East Side,40.72059,-73.98697,Private room,998,1,3,51,234,3
52533165,388575050,Brooklyn,Bedford-Stuyvesant,40.6865,-73.9288,Entire home/apt,214,1,54,4,328,54
52533564,5615582,Manhattan,Lower East Side,40.72103,-73.98874,Private room,2179,1,0,51,360,0
52533573,5615582,Manhattan,Lower East Side,40.71908,-73.98687,Private room,2104,1,0,51,360,0
52533590,5615582,Manhattan,Lower East Side,40.72084,-73.98722,Private room,1274,1,0,51,356,0
52533623,5615582,Manhattan,Lower East Side,40.71948,-73.98696,Private room,1451,1,0,51,356,0
52533655,5615582,Manhattan,Lower East Side,40.7189,-73.98751,Private room,1520,1,0,51,360,0
52533687,5615582,Manhattan,Lower East Side,40.72051,-73.98903,Private room,1520,1,0,51,360,0
52533706,5615582,Manhattan,Lower East Side,40.71941,-73.98705,Private room,1728,1,0,51,360,0
52533728,13207691,Brooklyn,Bedford-Stuyvesant,40.6837,-73.93007,Private room,125,2,21,1,36,21
52533829,5615582,Manhattan,Lower East Side,40.72104,-73.98768,Private room,1403,1,0,51,360,0
52533958,5615582,Manhattan,Lower East Side,40.71903,-73.98829,Private room,1453,1,0,51,360,0
52534048,5615582,Manhattan,Lower East Side,40.71893,-73.98877,Private room,1316,1,0,51,358,0
52534080,5615582,Manhattan,Lower East Side,40.72087,-73.98836,Private room,1316,1,0,51,358,0
52534089,5615582,Manhattan,Lower East Side,40.71934,-73.98721,Private room,1497,1,0,51,358,0
52534194,5615582,Manhattan,Lower East Side,40.71897,-73.98823,Private room,1473,1,0,51,360,0
52534237,5615582,Manhattan,Lower East Side,40.71894,-73.9886,Private room,1473,1,0,51,360,0
52534281,408979935,Manhattan,Chelsea,40.75092,-73.99803,Private room,112,3,59,17,42,59
52534282,5615582,Manhattan,Lower East Side,40.71909,-73.98873,Private room,1674,1,0,51,360,0
52534373,5615582,Manhattan,Lower East Side,40.72021,-73.98714,Private room,498,1,2,51,234,2
52534465,396556622,Queens,Rosedale,40.66112,-73.73009,Entire home/apt,190,2,15,1,81,15
52427297,173660196,Brooklyn,Canarsie,40.6433,-73.89146,Entire home/apt,145,2,36,1,340,36
52427312,158445364,Manhattan,Harlem,40.81613,-73.93566,Entire home/apt,184,2,26,2,298,26
52548865,235073206,Manhattan,East Harlem,40.79431,-73.94499,Private room,111,7,2,1,349,2
52549681,5615582,Manhattan,Lower East Side,40.72085,-73.98889,Private room,736,1,1,51,360,1
52549974,332212831,Manhattan,Upper West Side,40.79957,-73.96581,Private room,170,5,12,3,164,12
52550598,417839501,Manhattan,Upper West Side,40.80102,-73.96279,Private room,135,5,5,5,73,5
52551120,289122184,Manhattan,Lower East Side,40.72107,-73.99284,Entire home/apt,160,30,2,10,311,2
52551302,425338694,Manhattan,Flatiron District,40.74146,-73.98377,Entire home/apt,293,4,15,2,306,15
52551413,425339781,Manhattan,Midtown,40.7586,-73.96666,Entire home/apt,182,5,13,1,10,13
52534513,5615582,Manhattan,Lower East Side,40.71883,-73.98688,Private room,761,1,0,51,360,0
52534523,5615582,Manhattan,Lower East Side,40.71899,-73.98837,Private room,760,1,0,51,360,0
52534533,5615582,Manhattan,Lower East Side,40.72064,-73.98724,Private room,864,1,0,51,360,0
52534605,5615582,Manhattan,Lower East Side,40.72085,-73.98895,Private room,701,1,1,51,360,1
52534620,5615582,Manhattan,Lower East Side,40.72051,-73.98871,Private room,726,1,0,51,360,0
52534652,5615582,Manhattan,Lower East Side,40.72064,-73.98909,Private room,647,1,0,51,360,0
52534722,147536196,Manhattan,Lower East Side,40.71978,-73.98164,Entire home/apt,304,3,29,1,3,29
52427990,113710437,Bronx,Longwood,40.81463,-73.90229,Private room,50,7,9,1,131,9
52429327,272775635,Manhattan,Hell's Kitchen,40.75811,-73.98995,Private room,114,1,40,6,0,40
52534815,408979935,Manhattan,Chelsea,40.7494,-73.99601,Private room,107,3,90,17,58,90
52534962,425209831,Queens,Jamaica,40.70011,-73.79401,Entire home/apt,83,1,83,1,158,83
52551893,423873487,Manhattan,Midtown,40.76222,-73.97536,Entire home/apt,183,1,12,44,0,12
52551903,423873487,Manhattan,Midtown,40.76333,-73.97552,Entire home/apt,169,1,22,44,0,22
52551973,289122184,Manhattan,Lower East Side,40.72125,-73.99319,Entire home/apt,200,30,0,10,313,0
52551976,423873487,Manhattan,Midtown,40.7618,-73.97579,Entire home/apt,184,1,17,44,0,17
52551990,423873487,Manhattan,Midtown,40.7615,-73.9775,Entire home/apt,162,1,51,44,0,51
52552429,289122184,Manhattan,Lower East Side,40.72273,-73.99108,Entire home/apt,130,30,0,10,331,0
52552638,289122184,Manhattan,Lower East Side,40.72067,-73.99202,Entire home/apt,253,30,2,10,265,2
52552836,423873487,Manhattan,Midtown,40.76348,-73.97542,Entire home/apt,175,1,19,44,0,19
52552844,423873487,Manhattan,Midtown,40.76156,-73.97564,Entire home/apt,186,1,34,44,0,34
52552861,423873487,Manhattan,Midtown,40.76346,-73.97686,Entire home/apt,161,1,30,44,0,30
52552869,423873487,Manhattan,Midtown,40.76145,-73.97607,Entire home/apt,173,1,39,44,0,39
52552873,423873487,Manhattan,Midtown,40.76308,-73.97754,Entire home/apt,174,1,17,44,0,17
52553133,423873487,Manhattan,Midtown,40.76301,-73.97743,Entire home/apt,191,1,11,44,0,11
52553139,423873487,Manhattan,Midtown,40.76345,-73.97726,Entire home/apt,161,1,24,44,0,24
52553144,423873487,Manhattan,Midtown,40.76203,-73.97552,Entire home/apt,175,1,16,44,0,16
52553150,423873487,Manhattan,Midtown,40.76346,-73.97684,Entire home/apt,172,1,13,44,0,13
52553154,423873487,Manhattan,Midtown,40.76338,-73.97579,Entire home/apt,176,1,13,44,0,13
52553162,423873487,Manhattan,Midtown,40.76193,-73.97554,Entire home/apt,189,1,26,44,0,26
52553165,423873487,Manhattan,Midtown,40.76146,-73.97521,Entire home/apt,180,1,26,44,0,26
52553198,423873487,Manhattan,Midtown,40.76187,-73.97755,Entire home/apt,171,1,28,44,0,28
52553202,423873487,Manhattan,Midtown,40.76273,-73.9752,Entire home/apt,191,1,13,44,0,13
52553205,423873487,Manhattan,Midtown,40.7617,-73.97527,Entire home/apt,168,1,16,44,0,16
52553208,423873487,Manhattan,Midtown,40.76346,-73.97667,Entire home/apt,173,1,13,44,0,13
52553406,423873487,Manhattan,Midtown,40.7631,-73.97724,Entire home/apt,193,1,12,44,0,12
52553425,423873487,Manhattan,Midtown,40.7635,-73.97537,Entire home/apt,180,1,12,44,0,12
52553432,423873487,Manhattan,Midtown,40.76205,-73.97731,Entire home/apt,187,1,17,44,0,17
52553434,423873487,Manhattan,Midtown,40.76184,-73.97575,Entire home/apt,172,1,11,44,0,11
52553457,423873487,Manhattan,Midtown,40.76352,-73.97554,Entire home/apt,192,1,39,44,0,39
52553462,423873487,Manhattan,Midtown,40.76169,-73.9752,Entire home/apt,175,1,26,44,0,26
52553466,423873487,Manhattan,Midtown,40.76365,-73.9757,Entire home/apt,192,1,32,44,0,32
52553468,423873487,Manhattan,Midtown,40.76147,-73.9773,Entire home/apt,192,1,21,44,0,21
52553472,423873487,Manhattan,Midtown,40.76224,-73.9773,Entire home/apt,174,1,23,44,0,23
52553481,423873487,Manhattan,Midtown,40.76145,-73.97751,Entire home/apt,174,1,12,44,0,12
52553488,423873487,Manhattan,Midtown,40.76273,-73.97749,Entire home/apt,168,1,28,44,0,28
52553506,423873487,Manhattan,Midtown,40.76362,-73.97661,Entire home/apt,174,1,38,44,0,38
52553510,423873487,Manhattan,Midtown,40.76229,-73.97755,Entire home/apt,174,1,19,44,0,19
52553514,423873487,Manhattan,Midtown,40.76315,-73.97703,Entire home/apt,177,1,17,44,0,17
52553519,423873487,Manhattan,Midtown,40.76226,-73.97525,Entire home/apt,175,1,44,44,0,44
52553524,423873487,Manhattan,Midtown,40.76327,-73.97557,Entire home/apt,199,1,38,44,0,38
52553530,423873487,Manhattan,Midtown,40.76205,-73.9753,Entire home/apt,176,1,29,44,0,29
52553537,423873487,Manhattan,Midtown,40.76359,-73.97734,Entire home/apt,186,1,62,44,0,62
52553541,423873487,Manhattan,Midtown,40.76281,-73.97541,Entire home/apt,167,1,8,44,0,8
52553544,423873487,Manhattan,Midtown,40.76344,-73.97524,Entire home/apt,160,1,25,44,0,25
52553547,423873487,Manhattan,Midtown,40.76175,-73.97757,Entire home/apt,178,1,26,44,0,26
52430029,6689650,Queens,East Elmhurst,40.76533,-73.8648,Entire home/apt,180,2,18,2,131,18
52433979,23829716,Brooklyn,Bedford-Stuyvesant,40.69331,-73.94439,Entire home/apt,210,2,19,2,233,19
52570418,11656495,Brooklyn,Carroll Gardens,40.68483,-73.99104,Entire home/apt,375,2,10,1,0,10
52434984,82390466,Queens,College Point,40.78142,-73.84293,Private room,57,3,26,2,182,26
52435248,17770287,Manhattan,Midtown,40.75016,-73.98316,Entire home/apt,72,30,1,12,122,1
52436688,158969505,Manhattan,Lower East Side,40.72075,-73.992,Entire home/apt,266,2,25,200,156,25
52436909,158969505,Manhattan,Lower East Side,40.7213,-73.99319,Entire home/apt,274,2,26,200,161,26
52437036,208610094,Brooklyn,Flatlands,40.62939,-73.92226,Shared room,34,1,53,2,329,53
52437091,158969505,Manhattan,Lower East Side,40.72099,-73.9935,Entire home/apt,274,2,30,200,131,30
52437505,70646826,Brooklyn,Bedford-Stuyvesant,40.68432,-73.9329,Private room,80,30,0,1,0,0
52437523,158969505,Manhattan,Nolita,40.7223,-73.99355,Entire home/apt,269,2,31,200,103,31
52437728,158969505,Manhattan,Nolita,40.72263,-73.99337,Entire home/apt,270,2,21,200,101,21
52438125,3223938,Brooklyn,Bushwick,40.68873,-73.91689,Private room,32,90,0,288,341,0
52553725,240504372,Manhattan,Hell's Kitchen,40.76121,-73.98882,Entire home/apt,178,30,4,2,56,4
52554131,74488815,Queens,Astoria,40.7686,-73.92968,Private room,60,1,14,15,269,14
52570525,425502493,Manhattan,Midtown,40.74906,-73.98767,Entire home/apt,287,1,1,2,249,1
52554380,68995107,Manhattan,Harlem,40.8081,-73.94708,Private room,93,1,41,1,239,41
52555034,74488815,Queens,Astoria,40.76832,-73.92503,Private room,84,1,26,15,312,26
52555884,287828338,Brooklyn,East New York,40.65675,-73.87807,Entire home/apt,120,2,38,1,303,38
52439067,390647784,Brooklyn,Williamsburg,40.71854,-73.96353,Entire home/apt,221,17,0,1,0,0
52440701,158969505,Manhattan,Lower East Side,40.72301,-73.992,Entire home/apt,276,2,37,200,87,37
52440803,158969505,Manhattan,Lower East Side,40.72101,-73.9936,Entire home/apt,264,2,22,200,128,22
52570569,425502493,Manhattan,Midtown,40.7473,-73.98923,Entire home/apt,201,1,32,2,341,32
52570585,224047081,Brooklyn,Sea Gate,40.58057,-74.00604,Entire home/apt,98,30,11,12,66,11
52570981,47139786,Manhattan,Theater District,40.75946,-73.98762,Private room,266,1,109,1,274,109
52440958,424457245,Brooklyn,Bushwick,40.69411,-73.92518,Entire home/apt,325,2,46,1,39,46
52441110,158969505,Manhattan,Nolita,40.72261,-73.99346,Entire home/apt,246,2,49,200,97,49
52441208,158969505,Manhattan,Lower East Side,40.72159,-73.99156,Entire home/apt,267,2,28,200,102,28
52441335,424459512,Brooklyn,Prospect-Lefferts Gardens,40.66271,-73.96237,Private room,69,1,10,2,258,10
52441339,158969505,Manhattan,Nolita,40.72241,-73.99366,Entire home/apt,269,2,50,200,0,50
52442190,12965909,Brooklyn,Prospect-Lefferts Gardens,40.6571,-73.94646,Entire home/apt,65,30,0,1,0,0
52442468,384559808,Manhattan,Gramercy,40.73381,-73.98512,Entire home/apt,95,30,2,24,106,2
52443892,128629269,Queens,Astoria,40.76763,-73.92413,Private room,80,1,10,2,323,10
52444000,284110817,Queens,Astoria,40.77024,-73.9247,Private room,85,1,65,4,312,65
52444135,284110817,Queens,Astoria,40.77092,-73.92481,Private room,85,1,61,4,329,61
52444719,395671107,Manhattan,Upper West Side,40.79605,-73.97001,Private room,84,30,0,14,91,0
52444890,329475936,Queens,Rosedale,40.66185,-73.73826,Entire home/apt,80,2,7,2,68,7
52572356,10164435,Queens,Astoria,40.75586,-73.92785,Entire home/apt,399,1,2,5,44,2
52573218,236671534,Manhattan,Upper East Side,40.77142,-73.95331,Entire home/apt,214,5,4,1,115,4
52451077,147621812,Bronx,Allerton,40.8634,-73.86801,Private room,175,30,2,2,365,2
52556574,425386178,Queens,Ozone Park,40.67666,-73.83688,Entire home/apt,175,3,24,1,325,24
52557797,27741331,Brooklyn,East Flatbush,40.65468,-73.91939,Private room,45,28,2,6,98,2
52578551,35634314,Brooklyn,Greenpoint,40.73011,-73.95697,Private room,118,3,30,1,53,30
52558166,190095485,Brooklyn,Bushwick,40.6965,-73.90967,Entire home/apt,165,30,0,1,0,0
52451281,371398232,Brooklyn,Cypress Hills,40.68209,-73.88481,Private room,128,1,15,1,173,15
52452307,3223938,Brooklyn,Bushwick,40.68842,-73.91728,Private room,36,90,0,288,310,0
52453861,5925946,Manhattan,Lower East Side,40.721771,-73.987381,Entire home/apt,520,5,2,1,292,2
52454467,424577451,Brooklyn,Cypress Hills,40.679756,-73.873032,Entire home/apt,90,3,45,2,264,45
52455685,170660006,Brooklyn,Crown Heights,40.66578,-73.95239,Entire home/apt,161,1,16,1,41,16
52456544,47653589,Brooklyn,Fort Greene,40.68712,-73.97911,Entire home/apt,175,1,2,2,0,2
52459048,326059892,Brooklyn,East New York,40.671871,-73.89196,Entire home/apt,299,3,4,2,199,4
52459126,37694131,Queens,Long Island City,40.75374,-73.92452,Entire home/apt,200,30,2,4,330,2
52459468,3223938,Queens,Ridgewood,40.70297,-73.90591,Private room,30,90,0,288,246,0
52460415,322791021,Manhattan,Hell's Kitchen,40.75698,-73.99305,Private room,125,1,65,3,316,65
52465376,424602779,Brooklyn,Bedford-Stuyvesant,40.6986,-73.95237,Entire home/apt,264,30,0,1,345,0
52578782,374576747,Bronx,Parkchester,40.83789,-73.86863,Private room,107,1,38,11,363,38
52578913,423535172,Brooklyn,Cypress Hills,40.68649,-73.87627,Entire home/apt,265,5,31,2,326,31
52466688,424685230,Queens,Glendale,40.69272,-73.89712,Entire home/apt,364,2,45,3,312,45
52558699,122372251,Manhattan,East Harlem,40.7928,-73.94448,Private room,99,1,37,1,37,37
52578966,425584890,Brooklyn,East New York,40.67555,-73.88711,Entire home/apt,150,1,29,1,340,29
52561467,425430914,Brooklyn,Williamsburg,40.71678,-73.95756,Entire home/apt,116,1,25,1,240,25
52561503,600626,Manhattan,Midtown,40.7518,-73.97348,Entire home/apt,300,2,0,1,0,0
52467737,7076939,Manhattan,Chinatown,40.71537,-73.99383,Entire home/apt,168,2,17,1,0,17
52468449,91548150,Queens,Richmond Hill,40.68537,-73.81842,Private room,67,7,2,2,360,2
52469179,32908315,Manhattan,Midtown,40.74834,-73.98818,Entire home/apt,340,1,10,5,65,10
52581270,365938535,Brooklyn,Brighton Beach,40.58185,-73.96412,Entire home/apt,114,3,3,1,342,3
52470416,49487367,Brooklyn,Bushwick,40.70521,-73.92613,Entire home/apt,275,10,3,1,200,3
52562428,425438245,Manhattan,Upper East Side,40.77719,-73.94722,Entire home/apt,175,4,17,1,33,17
52563229,420975523,Queens,Maspeth,40.73565,-73.89511,Entire home/apt,129,1,25,8,64,25
52565543,3223938,Brooklyn,Crown Heights,40.67766,-73.95605,Private room,35,90,0,288,311,0
52565674,5615582,Manhattan,Lower East Side,40.71929,-73.98695,Private room,838,1,0,51,360,0
52565735,3223938,Brooklyn,Bedford-Stuyvesant,40.69406,-73.93261,Private room,29,90,0,288,280,0
52565746,5615582,Manhattan,Lower East Side,40.72072,-73.98694,Private room,737,1,0,51,360,0
52565771,5615582,Manhattan,Lower East Side,40.71892,-73.98866,Private room,658,1,0,51,358,0
52565779,5615582,Manhattan,Lower East Side,40.71902,-73.98743,Private room,658,1,0,51,358,0
52565795,5615582,Manhattan,Lower East Side,40.71891,-73.98742,Private room,749,1,0,51,358,0
52581566,384665265,Bronx,Morris Heights,40.84816,-73.91879,Entire home/apt,187,2,14,2,234,14
52581567,8499760,Brooklyn,Williamsburg,40.71,-73.95167,Entire home/apt,249,7,1,1,0,1
52582097,14262697,Brooklyn,Williamsburg,40.709648,-73.967171,Entire home/apt,400,7,3,2,75,3
52582634,418115272,Queens,Bayside,40.77013,-73.76992,Entire home/apt,418,2,21,3,339,21
52582659,202586540,Manhattan,West Village,40.73573,-74.00097,Entire home/apt,393,1,14,1,6,14
52471142,366337052,Brooklyn,Bedford-Stuyvesant,40.68015771196126,-73.93168872941806,Entire home/apt,199,3,2,2,352,2
52632741,158969505,Manhattan,Lower East Side,40.72088,-73.99186,Entire home/apt,279,2,23,200,161,23
52633133,158969505,Manhattan,Lower East Side,40.72282,-73.99167,Entire home/apt,273,2,40,200,111,40
52633767,158969505,Manhattan,Nolita,40.72273,-73.99324,Entire home/apt,282,2,33,200,88,33
52634002,158969505,Manhattan,Lower East Side,40.72135,-73.9935,Entire home/apt,272,2,59,200,135,59
52634085,401937392,Queens,Corona,40.73903,-73.86478,Shared room,34,1,23,10,338,23
52634128,4910758,Brooklyn,Williamsburg,40.70787,-73.95295,Private room,95,11,0,1,0,0
52583253,43967768,Staten Island,Dongan Hills,40.58403,-74.08889,Entire home/apt,105,14,0,1,0,0
52583836,14479137,Manhattan,Greenwich Village,40.73134,-73.99407,Entire home/apt,145,5,3,1,15,3
52634243,111293940,Brooklyn,Bedford-Stuyvesant,40.6824,-73.95184,Private room,138,1,21,3,69,21
52635670,2653479,Manhattan,Upper West Side,40.80316,-73.96633,Private room,80,3,11,41,107,11
52635900,22541573,Manhattan,East Village,40.73354,-73.99014,Entire home/apt,424,30,0,131,346,0
52635926,22541573,Manhattan,Greenwich Village,40.73314,-73.99195,Entire home/apt,414,30,0,131,316,0
52636880,16640515,Brooklyn,Flatlands,40.622,-73.92533,Private room,40,100,0,2,365,0
52637377,408979935,Manhattan,Chelsea,40.74924,-73.99823,Private room,112,3,55,17,46,55
52637667,305161808,Brooklyn,Bedford-Stuyvesant,40.6853,-73.95563,Private room,65,15,6,11,349,6
52637973,425779086,Queens,Maspeth,40.72271,-73.89372,Private room,65,1,12,2,311,12
52638192,305161808,Brooklyn,Bedford-Stuyvesant,40.68559,-73.95753,Private room,100,5,2,11,348,2
52566357,24740457,Brooklyn,Greenpoint,40.73261,-73.95662,Entire home/apt,133,1,15,1,1,15
52566948,5615582,Manhattan,Lower East Side,40.72058,-73.98697,Private room,1293,1,0,51,360,0
52568963,414221490,Manhattan,Murray Hill,40.75136,-73.98017,Entire home/apt,485,1,64,2,55,64
52690933,267272502,Brooklyn,Bedford-Stuyvesant,40.69258,-73.95103,Private room,70,4,6,28,330,6
52692420,44018877,Brooklyn,East Flatbush,40.63985,-73.95,Entire home/apt,91,3,11,4,322,11
52583977,353406425,Bronx,Williamsbridge,40.87939,-73.86318,Private room,75,5,34,3,355,34
52584132,42076010,Staten Island,Mariners Harbor,40.64015,-74.1697,Private room,76,2,12,2,355,12
52585014,5783039,Manhattan,Upper East Side,40.77226,-73.94592,Entire home/apt,186,30,11,1,0,11
52585129,42076010,Staten Island,Mariners Harbor,40.63856,-74.16957,Private room,63,2,8,2,341,8
52585458,425647682,Queens,Woodhaven,40.69481,-73.85539,Entire home/apt,363,1,4,10,120,4
52692555,2195853,Queens,Ditmars Steinway,40.77484,-73.9169,Private room,118,2,16,1,329,16
52700537,10557507,Manhattan,Theater District,40.76191,-73.98553,Entire home/apt,150,30,1,2,314,1
52700622,401904837,Brooklyn,Bushwick,40.68698,-73.9165,Private room,104,1,50,4,163,50
52638214,356380817,Queens,Ditmars Steinway,40.77993,-73.91746,Entire home/apt,180,1,34,2,324,34
52639158,14521416,Brooklyn,Bedford-Stuyvesant,40.6881,-73.9217,Entire home/apt,175,2,35,1,333,35
52585696,37410568,Queens,South Ozone Park,40.67501,-73.80571,Entire home/apt,159,2,10,1,365,10
52639522,195906933,Queens,Ridgewood,40.70483,-73.90593,Private room,70,4,36,1,137,36
52639956,5421054,Brooklyn,Bushwick,40.705406,-73.923264,Entire home/apt,190,5,2,1,6,2
52701917,425647682,Queens,Woodhaven,40.69657,-73.85637,Entire home/apt,120,1,45,10,137,45
52586577,125408735,Brooklyn,Manhattan Beach,40.58079,-73.95325,Private room,79,1,28,1,46,28
52702018,93231383,Queens,East Elmhurst,40.76911,-73.87053,Entire home/apt,183,1,101,1,62,101
52641099,417192804,Manhattan,Harlem,40.82851,-73.94622,Private room,80,30,1,1,342,1
52641190,86020908,Queens,Ridgewood,40.69693,-73.90129,Private room,86,4,14,3,362,14
52641304,86020908,Queens,Ridgewood,40.699,-73.90107,Private room,109,4,9,3,79,9
52642426,63363808,Brooklyn,Greenpoint,40.72019,-73.95493,Entire home/apt,349,2,10,1,13,10
52587598,251455701,Queens,Woodside,40.74258,-73.91142,Entire home/apt,325,1,9,7,334,9
52591041,943367,Brooklyn,Bedford-Stuyvesant,40.69591,-73.94223,Private room,130,5,7,2,0,7
52592242,425713967,Manhattan,Harlem,40.82276,-73.93919,Entire home/apt,100,30,0,1,210,0
52702449,426622422,Manhattan,Upper West Side,40.777672342514656,-73.97796953393195,Private room,159,3,1,2,34,1
52592514,61980894,Queens,Rockaway Beach,40.58686,-73.81743,Entire home/apt,274,3,7,1,81,7
52593554,2473527,Brooklyn,Bedford-Stuyvesant,40.68992,-73.93677,Entire home/apt,140,2,83,1,15,83
52593641,3223938,Brooklyn,Crown Heights,40.67434,-73.95283,Private room,34,90,0,288,341,0
52593750,34118225,Queens,Kew Gardens Hills,40.72061,-73.81854,Entire home/apt,239,3,28,1,351,28
52644021,381319750,Brooklyn,Brownsville,40.67356,-73.90593,Entire home/apt,179,1,6,1,312,6
52593840,3223938,Brooklyn,Crown Heights,40.67737,-73.95596,Private room,39,90,0,288,281,0
52593888,418642230,Manhattan,Washington Heights,40.83646,-73.94367,Private room,62,1,18,1,0,18
52702687,343766719,Manhattan,Kips Bay,40.74522,-73.97765,Entire home/apt,243,1,66,1,222,66
52703094,189816889,Manhattan,Washington Heights,40.85173,-73.93363,Private room,68,5,13,2,185,13
52703223,393474028,Manhattan,Hell's Kitchen,40.76355,-73.98596,Entire home/apt,178,30,0,9,342,0
52595224,425743966,Queens,Long Island City,40.74711,-73.93969,Entire home/apt,121,31,5,1,254,5
52598550,36383387,Queens,Far Rockaway,40.60242,-73.7529,Entire home/apt,205,2,16,2,348,16
52599234,420975523,Queens,Maspeth,40.73502,-73.89501,Private room,52,1,2,8,0,2
52599501,67254249,Brooklyn,East Flatbush,40.64908,-73.94604,Private room,107,2,1,1,119,1
52703852,394977252,Queens,Woodside,40.74368,-73.89116,Private room,75,2,56,3,306,56
52645802,426162945,Queens,Hollis Hills,40.73119089875229,-73.75411576866593,Entire home/apt,497,3,1,1,355,1
52647006,27806761,Queens,Long Island City,40.7467,-73.95689,Entire home/apt,96,30,0,2,253,0
52600862,231755465,Manhattan,Hell's Kitchen,40.7554,-73.99613,Entire home/apt,443,5,8,2,99,8
52601562,425010331,Queens,Long Island City,40.75815,-73.93946,Private room,198,1,47,7,355,47
52607023,425854650,Manhattan,Hell's Kitchen,40.76149,-73.9937,Entire home/apt,220,1,5,1,246,5
52648068,426099783,Manhattan,Washington Heights,40.85478,-73.93879,Entire home/apt,115,18,6,1,210,6
52648400,258035043,Brooklyn,Bedford-Stuyvesant,40.68094,-73.91712,Private room,69,30,37,3,90,37
52648586,4378919,Queens,Rockaway Beach,40.585,-73.8136,Entire home/apt,200,2,16,1,332,16
52648643,393051877,Brooklyn,East Flatbush,40.65055,-73.93399,Entire home/apt,115,30,1,2,365,1
52648666,158969505,Manhattan,Lower East Side,40.72216,-73.99127,Entire home/apt,327,2,28,200,108,28
52649036,158969505,Manhattan,Lower East Side,40.72241,-73.99327,Entire home/apt,318,3,14,200,173,14
52649573,158969505,Manhattan,Lower East Side,40.72085,-73.9915,Entire home/apt,259,2,31,200,108,31
52649675,411936329,Brooklyn,Prospect-Lefferts Gardens,40.66164,-73.94082,Private room,67,1,3,4,0,3
52651308,158969505,Manhattan,Nolita,40.72252,-73.99332,Entire home/apt,265,2,21,200,96,21
52704824,99991907,Manhattan,Harlem,40.82082,-73.94755,Private room,131,1,29,1,121,29
52607337,1690709,Brooklyn,Carroll Gardens,40.68256,-73.99169,Entire home/apt,540,4,19,1,257,19
52704952,387999551,Manhattan,Upper East Side,40.78017,-73.94933,Entire home/apt,172,3,8,1,187,8
52705563,414924887,Brooklyn,Flatbush,40.65185,-73.95888,Private room,145,1,4,5,359,4
52705960,414924887,Brooklyn,Flatbush,40.65123,-73.95683,Private room,400,1,1,5,356,1
52652429,9197353,Manhattan,Little Italy,40.71859,-73.99695,Entire home/apt,225,3,2,1,0,2
52607778,3223938,Brooklyn,Crown Heights,40.67926,-73.95605,Private room,33,90,0,288,281,0
52608288,3223938,Brooklyn,Crown Heights,40.67702,-73.9549,Private room,29,90,0,288,258,0
52608511,3720000,Manhattan,Upper East Side,40.76279,-73.96398,Entire home/apt,225,7,1,1,0,1
52609047,144688687,Queens,Springfield Gardens,40.66797,-73.76526,Private room,84,1,14,6,363,14
52706726,58687873,Manhattan,Inwood,40.86717,-73.92143,Private room,700,1,1,2,363,1
52609678,2278573,Brooklyn,Williamsburg,40.70752,-73.95239,Entire home/apt,110,5,3,1,0,3
52653186,402435841,Manhattan,Hell's Kitchen,40.76414,-73.99036,Entire home/apt,320,2,16,1,17,16
52609953,16385739,Brooklyn,Bedford-Stuyvesant,40.68475,-73.9391,Private room,75,1,57,1,279,57
52654519,2011516,Manhattan,Tribeca,40.71912,-74.01198,Entire home/apt,482,6,14,1,214,14
52654557,411936329,Brooklyn,Prospect-Lefferts Gardens,40.66201,-73.94086,Private room,64,1,2,4,0,2
52712672,47054080,Brooklyn,Bushwick,40.69417,-73.90673,Private room,90,1,23,3,314,23
52714650,162280872,Manhattan,Upper East Side,40.77597,-73.94856,Entire home/apt,185,30,1,98,339,1
52715366,248743490,Brooklyn,Bedford-Stuyvesant,40.68934,-73.93474,Private room,51,2,31,3,198,31
52611423,269909179,Queens,Woodside,40.75193,-73.90049,Entire home/apt,113,1,61,1,270,61
52716367,246076919,Brooklyn,Bushwick,40.70194,-73.93026,Private room,80,1,16,1,79,16
52656590,57329460,Manhattan,Theater District,40.75468107850326,-73.98563290049191,Private room,132,30,4,1,158,4
52611770,276878527,Manhattan,Hell's Kitchen,40.76639,-73.98949,Entire home/apt,330,30,0,25,279,0
52611903,425894079,Manhattan,Harlem,40.8068,-73.94526,Private room,193,7,0,1,362,0
52656995,425038091,Brooklyn,Crown Heights,40.67229,-73.92887,Entire home/apt,70,30,0,1,75,0
52657552,51664729,Manhattan,Hell's Kitchen,40.75998,-73.99204,Entire home/apt,250,1,10,1,7,10
52716416,86233928,Brooklyn,Sheepshead Bay,40.58609,-73.93386,Entire home/apt,132,1,54,1,340,54
52717083,387954821,Bronx,Highbridge,40.84103,-73.92529,Private room,70,30,0,1,0,0
52612562,425897675,Bronx,Morris Heights,40.85287,-73.91624,Private room,45,2,52,1,278,52
52659103,3936600,Manhattan,Hell's Kitchen,40.764,-73.98779,Entire home/apt,264,5,30,1,113,30
52613594,248665016,Manhattan,Harlem,40.81778,-73.94264,Private room,99,3,21,2,36,21
52659965,34232055,Queens,Flushing,40.7557856174821,-73.83098062590881,Private room,79,1,15,1,56,15
52664308,21942044,Queens,Astoria,40.75813,-73.92366,Private room,76,4,18,2,65,18
52665936,107434423,Brooklyn,Downtown Brooklyn,40.6922823,-73.9844667,Entire home/apt,718,31,0,453,341,0
52666306,22541573,Manhattan,Greenwich Village,40.73399,-73.99149,Entire home/apt,440,30,0,131,332,0
52666318,22541573,Manhattan,East Village,40.73205775253846,-73.98999697375729,Entire home/apt,424,30,0,131,355,0
52666585,13758411,Brooklyn,Prospect Heights,40.67296,-73.96674,Entire home/apt,182,3,5,1,0,5
52718285,20239669,Queens,Laurelton,40.68111,-73.74363,Entire home/apt,98,2,45,1,337,45
52718388,303867618,Brooklyn,Park Slope,40.670177,-73.977272,Entire home/apt,157,1,82,2,228,82
52718808,9520475,Manhattan,Upper East Side,40.77987,-73.94945,Entire home/apt,210,2,24,1,19,24
52720772,172922617,Queens,Astoria,40.77395,-73.92682,Private room,87,7,23,1,319,23
52720974,418761982,Manhattan,Chinatown,40.71322,-73.99391,Private room,82,1,6,4,31,6
52721150,54526346,Brooklyn,Clinton Hill,40.69033,-73.96086,Entire home/apt,180,5,19,2,161,19
52721532,119936528,Brooklyn,East Flatbush,40.63513,-73.94616,Entire home/apt,145,1,60,2,247,60
52721803,241963980,Queens,Jamaica Hills,40.71727,-73.7965,Entire home/apt,85,30,5,3,165,5
52614094,269526666,Manhattan,Harlem,40.81736,-73.9518,Private room,110,2,1,1,0,1
52666694,229950463,Manhattan,Hell's Kitchen,40.75443,-73.99614,Entire home/apt,150,1,13,1,0,13
52666926,19869951,Queens,Kew Gardens,40.70436,-73.82906,Entire home/apt,441,2,37,2,44,37
52668079,7780030,Brooklyn,Fort Greene,40.68874,-73.97746,Entire home/apt,245,6,28,1,45,28
52614122,319077,Brooklyn,Red Hook,40.68146,-74.00586,Entire home/apt,3500,1,0,1,363,0
52671116,359268668,Brooklyn,Bushwick,40.69092,-73.91256,Private room,40,30,3,1,250,3
52722331,426819235,Brooklyn,Canarsie,40.63461,-73.88901,Entire home/apt,174,2,5,1,160,5
52727480,146005201,Manhattan,Midtown,40.76379,-73.98167,Entire home/apt,450,30,0,5,305,0
52729449,258375884,Manhattan,Upper East Side,40.77979,-73.95447,Private room,243,4,22,1,30,22
52731161,417504,Brooklyn,Greenpoint,40.73823,-73.95492,Private room,236,2,15,30,213,15
52731316,417504,Brooklyn,Greenpoint,40.73688,-73.95344,Private room,236,2,13,30,202,13
52731419,417504,Brooklyn,Greenpoint,40.73876,-73.953,Private room,236,2,14,30,206,14
52731850,393474028,Manhattan,Upper East Side,40.78043,-73.95093,Entire home/apt,155,30,1,9,349,1
52614426,395671107,Manhattan,Upper West Side,40.79763,-73.97205,Private room,81,30,1,14,69,1
52614450,425618526,Brooklyn,Clinton Hill,40.68618774414063,-73.9652099609375,Entire home/apt,239,2,17,1,267,17
52733386,37337372,Brooklyn,Williamsburg,40.71017,-73.94854,Private room,99,3,18,1,315,18
52734785,189816889,Manhattan,Washington Heights,40.85289764404297,-73.93274688720703,Private room,63,5,37,2,7,37
52671591,108045484,Brooklyn,Greenpoint,40.72647,-73.94804,Entire home/apt,150,5,19,1,90,19
52671958,397598833,Brooklyn,Crown Heights,40.67726,-73.95135,Private room,75,1,40,8,248,40
52672323,229290088,Brooklyn,Williamsburg,40.71291,-73.95193,Private room,128,1,1,1,341,1
52672732,96219565,Queens,Flushing,40.7583,-73.80683,Entire home/apt,250,3,18,2,356,18
52673262,374576747,Bronx,Parkchester,40.83949,-73.86682,Private room,298,1,6,11,361,6
52673428,5396783,Brooklyn,South Slope,40.66092,-73.98068,Entire home/apt,164,7,0,1,249,0
52673880,374576747,Bronx,Parkchester,40.83991,-73.86712,Private room,158,1,14,11,361,14
52615451,101862886,Brooklyn,East Flatbush,40.64924,-73.92082,Entire home/apt,259,3,27,2,350,27
52735922,131649335,Queens,Sunnyside,40.74147,-73.91924,Private room,145,7,7,3,335,7
52736035,375344103,Manhattan,West Village,40.74044,-74.00544,Entire home/apt,3900,1,0,3,365,0
52736218,27132406,Brooklyn,Bushwick,40.68515,-73.90959,Private room,80,4,12,2,316,12
52736644,425010331,Queens,Long Island City,40.75848,-73.9395,Private room,266,1,3,7,295,3
52736899,30283594,Bronx,Mott Haven,40.811848,-73.929665,Entire home/apt,233,1,5,95,362,5
52615626,174492861,Queens,Elmhurst,40.74615,-73.88707,Private room,96,3,16,3,333,16
52616063,174492861,Queens,Elmhurst,40.74693,-73.88932,Private room,102,3,18,3,320,18
52616410,212164658,Queens,Flushing,40.75772,-73.82598,Entire home/apt,203,1,43,6,138,43
52617173,348619646,Manhattan,Midtown,40.74801,-73.98719,Entire home/apt,275,7,0,52,0,0
52617375,312059159,Queens,Forest Hills,40.72399,-73.8496,Private room,52,3,11,1,336,11
52737799,24934866,Brooklyn,Flatbush,40.63159,-73.96457,Private room,110,2,39,1,292,39
52674546,426369684,Manhattan,Harlem,40.80354,-73.95093,Entire home/apt,200,2,28,1,120,28
52675191,15147054,Brooklyn,Williamsburg,40.70774,-73.94402,Private room,140,3,30,2,339,30
52675464,221913542,Brooklyn,Bushwick,40.69238,-73.90299,Entire home/apt,230,21,27,9,2,27
52675687,267272502,Brooklyn,Bedford-Stuyvesant,40.69242,-73.95151,Private room,70,5,4,28,293,4
52617506,322791021,Manhattan,Hell's Kitchen,40.75508,-73.9925,Private room,135,1,14,3,313,14
52618078,408979935,Manhattan,Chelsea,40.75099,-73.998,Private room,137,3,43,17,65,43
52618107,425941007,Bronx,Hunts Point,40.8191,-73.88859,Private room,800,30,0,1,0,0
52618225,425779086,Queens,Maspeth,40.7216,-73.89527,Private room,65,1,9,2,310,9
52737908,56857033,Brooklyn,Williamsburg,40.7111,-73.94388,Private room,75,1,2,1,0,2
52618390,108168953,Brooklyn,Cypress Hills,40.67965,-73.87258,Private room,94,1,23,1,138,23
52618396,24000,Brooklyn,Bedford-Stuyvesant,40.69361,-73.93003,Entire home/apt,167,2,77,1,264,77
52738297,75737941,Manhattan,East Village,40.72803,-73.98548,Entire home/apt,251,1,62,1,115,62
52675857,426406556,Queens,East Elmhurst,40.76753,-73.86588,Entire home/apt,135,2,20,1,336,20
52618610,21733475,Manhattan,Hell's Kitchen,40.76191,-73.99931,Entire home/apt,178,5,0,1,16,0
52676442,230574,Brooklyn,Mill Basin,40.6118,-73.91998,Private room,200,2,1,1,365,1
52738891,317238830,Queens,Ditmars Steinway,40.77396,-73.91778,Private room,65,1,1,2,0,1
52739224,317238830,Queens,Ditmars Steinway,40.77394,-73.91671,Private room,65,1,1,2,0,1
52740213,148241246,Manhattan,Harlem,40.83052,-73.94758,Entire home/apt,241,3,29,1,297,29
52741921,334611519,Queens,Flushing,40.7566,-73.8049,Entire home/apt,121,1,69,14,102,69
52743200,257634019,Brooklyn,Crown Heights,40.66804,-73.92982,Private room,90,3,0,1,0,0
52743987,182363374,Queens,Long Island City,40.74893,-73.94453,Private room,132,7,13,6,37,13
52744634,240706448,Queens,St. Albans,40.69277,-73.76288,Entire home/apt,264,1,46,1,73,46
52747790,381698920,Manhattan,Hell's Kitchen,40.75426,-73.99756,Entire home/apt,614,2,10,19,155,10
52749216,29577190,Brooklyn,Crown Heights,40.67638,-73.92259,Entire home/apt,160,3,26,1,42,26
52749770,30283594,Bronx,Mott Haven,40.81215,-73.93107,Entire home/apt,277,1,8,95,358,8
52749784,30283594,Bronx,Mott Haven,40.81243,-73.93241,Entire home/apt,280,1,15,95,359,15
52749804,30283594,Bronx,Port Morris,40.81056,-73.93134,Entire home/apt,253,1,3,95,353,3
52751110,34177401,Brooklyn,East New York,40.67596,-73.87903,Private room,45,1,4,6,0,4
52618748,101711085,Queens,Ditmars Steinway,40.77039,-73.90548,Private room,65,2,9,1,329,9
52751878,103466597,Manhattan,Kips Bay,40.73946,-73.98072,Entire home/apt,471,2,23,2,33,23
52676904,424049986,Manhattan,Hell's Kitchen,40.76417,-73.98999,Entire home/apt,450,1,58,1,95,58
52679592,107434423,Brooklyn,Downtown Brooklyn,40.6922823,-73.9844667,Entire home/apt,425,31,0,453,335,0
52681243,6801314,Brooklyn,Crown Heights,40.67346,-73.94076,Entire home/apt,321,5,2,3,58,2
52683054,267272502,Brooklyn,Bedford-Stuyvesant,40.69417,-73.95085,Private room,70,4,8,28,324,8
52684618,308799237,Manhattan,Chinatown,40.71756,-73.99642,Private room,88,1,6,3,135,6
52685694,381698920,Manhattan,Hell's Kitchen,40.75586,-73.99806,Entire home/apt,421,2,14,19,167,14
52687101,397598833,Brooklyn,Crown Heights,40.67521,-73.95086,Private room,50,30,4,8,97,4
52619192,2173706,Brooklyn,Crown Heights,40.66564,-73.95155,Entire home/apt,139,3,7,2,117,7
52752339,63250606,Manhattan,West Village,40.73862838745117,-74.00717163085938,Entire home/apt,195,30,3,1,166,3
52752425,103466597,Manhattan,Kips Bay,40.73955,-73.97885,Private room,140,1,4,2,64,4
52619623,18419593,Manhattan,Washington Heights,40.85147,-73.9278,Private room,36,60,0,1,0,0
52687117,32538641,Manhattan,Hell's Kitchen,40.76055,-73.99274,Entire home/apt,278,5,5,2,9,5
52621172,425972289,Manhattan,Harlem,40.80941,-73.94237,Entire home/apt,167,2,33,2,280,33
52753023,427067962,Manhattan,Harlem,40.81419,-73.93978,Entire home/apt,250,30,0,3,64,0
52621315,118114072,Brooklyn,Williamsburg,40.71499,-73.95223,Entire home/apt,135,30,3,1,0,3
52687700,415808927,Manhattan,Midtown,40.75313,-73.98635,Private room,1316,1,1,2,0,1
52687752,415808927,Manhattan,Midtown,40.7528,-73.98638,Private room,1927,1,1,2,0,1
52688154,119939880,Manhattan,Upper East Side,40.76108,-73.95888,Private room,229,30,0,1,365,0
52689535,348619646,Manhattan,Midtown,40.74779,-73.98887,Private room,265,1,21,52,9,21
52690310,3548411,Brooklyn,Bedford-Stuyvesant,40.68733,-73.93715,Entire home/apt,160,30,1,2,310,1
52622727,276829981,Brooklyn,Flatbush,40.64039,-73.96564,Entire home/apt,160,30,2,4,0,2
52623783,382074973,Manhattan,Hell's Kitchen,40.76392,-73.99302,Entire home/apt,180,7,10,1,258,10
52690360,1190938,Brooklyn,Crown Heights,40.67468,-73.95643,Entire home/apt,201,3,29,1,281,29
52690774,267272502,Brooklyn,Bedford-Stuyvesant,40.69251,-73.95288,Private room,70,4,4,28,319,4
52690843,267272502,Brooklyn,Bedford-Stuyvesant,40.69267,-73.95132,Private room,65,4,2,28,186,2
52690885,267272502,Brooklyn,Bedford-Stuyvesant,40.69419,-73.95319,Private room,70,4,2,28,249,2
52760995,427142752,Brooklyn,Sunset Park,40.64208,-74.02292,Private room,36,1,4,3,1,4
52761116,299097519,Queens,Astoria,40.75796,-73.91629,Entire home/apt,98,1,56,1,246,56
52754282,364495516,Brooklyn,Bedford-Stuyvesant,40.68262,-73.94142,Entire home/apt,210,30,14,2,123,14
52754644,170105150,Brooklyn,Williamsburg,40.71761,-73.96416,Entire home/apt,695,3,3,1,31,3
52627948,132866292,Manhattan,Midtown,40.75572,-73.97994,Entire home/apt,350,2,56,6,62,56
52754889,212816588,Manhattan,Hell's Kitchen,40.76099,-73.99762,Entire home/apt,318,3,40,1,144,40
52755410,1745926,Brooklyn,Williamsburg,40.71797,-73.93996,Private room,45,30,0,1,307,0
52755449,420392531,Brooklyn,East Flatbush,40.64531,-73.94294,Entire home/apt,130,2,15,1,290,15
52755593,110184707,Manhattan,Hell's Kitchen,40.75978,-73.99329,Entire home/apt,400,1,14,1,119,14
52755763,298205971,Queens,Rego Park,40.73217,-73.85743,Private room,110,30,3,5,95,3
52756284,23952819,Brooklyn,Bedford-Stuyvesant,40.68503,-73.93325,Entire home/apt,124,3,12,2,180,12
52766414,426958468,Bronx,University Heights,40.86212,-73.90177,Entire home/apt,374,28,5,1,202,5
52766417,11866840,Brooklyn,Williamsburg,40.71487,-73.94246,Private room,74,7,2,2,0,2
52628045,2455303,Brooklyn,Bedford-Stuyvesant,40.68874,-73.94164,Private room,323,3,1,1,88,1
52631648,132866292,Manhattan,Midtown,40.75389,-73.98034,Private room,197,2,52,6,122,52
52631733,36450846,Brooklyn,Williamsburg,40.71406,-73.96261,Entire home/apt,110,2,4,1,31,4
52632139,132866292,Manhattan,Midtown,40.75561,-73.98211,Entire home/apt,550,2,34,6,140,34
52632328,158969505,Manhattan,Nolita,40.72252,-73.99331,Entire home/apt,356,3,25,200,154,25
52822823,427067962,Manhattan,Harlem,40.81576,-73.94144,Private room,90,30,2,3,360,2
52822869,427654922,Manhattan,Chinatown,40.7162,-73.99322,Private room,119,2,51,1,9,51
52767453,110205987,Brooklyn,Canarsie,40.6394289080244,-73.91567848940349,Entire home/apt,214,2,5,1,365,5
52769186,171697479,Manhattan,Kips Bay,40.74374,-73.98086,Private room,109,30,3,26,190,3
52769674,266726110,Queens,Ridgewood,40.7036,-73.90303,Private room,49,30,0,15,249,0
52769882,266726110,Queens,Ridgewood,40.70366,-73.90301,Private room,52,30,0,15,317,0
52770088,266726110,Queens,Ridgewood,40.70174,-73.90393,Private room,50,30,0,15,249,0
52770340,266726110,Queens,Ridgewood,40.70181,-73.9046,Private room,49,30,0,15,309,0
52770354,266726110,Queens,Ridgewood,40.70176,-73.90252,Private room,49,30,0,15,248,0
52770666,34468564,Brooklyn,Bedford-Stuyvesant,40.67752,-73.91652,Entire home/apt,164,30,3,1,211,3
52771586,358356356,Brooklyn,Bedford-Stuyvesant,40.68795,-73.95114,Private room,53,30,4,5,347,4
52771770,358356356,Brooklyn,Bedford-Stuyvesant,40.68779,-73.95095,Private room,51,30,3,5,342,3
52772214,420415528,Manhattan,Financial District,40.704903,-74.006416,Entire home/apt,623,1,44,9,340,44
52772578,420415528,Manhattan,Financial District,40.704903,-74.006416,Entire home/apt,1260,1,55,9,307,55
52756796,170960170,Queens,Woodside,40.74692,-73.90451,Entire home/apt,379,1,8,6,350,8
52757238,104691618,Manhattan,Hell's Kitchen,40.77015,-73.99171,Entire home/apt,270,15,1,1,49,1
52757767,170960170,Queens,Woodside,40.74746,-73.90614,Entire home/apt,324,1,8,6,349,8
52757865,48112774,Queens,Ridgewood,40.69445,-73.90305,Entire home/apt,500,1,3,2,357,3
52757886,170960170,Queens,Woodside,40.74566,-73.9038,Entire home/apt,879,1,1,6,328,1
52758243,418761982,Manhattan,Two Bridges,40.7115,-73.99368,Private room,88,1,12,4,16,12
52758823,425972289,Manhattan,East Harlem,40.80827,-73.94002,Entire home/apt,155,2,36,2,289,36
52759509,96571275,Queens,Laurelton,40.67838,-73.74092,Private room,37,30,2,2,0,2
52759696,59089906,Brooklyn,East New York,40.67208,-73.87601,Entire home/apt,129,30,3,4,306,3
52759879,417186426,Queens,South Ozone Park,40.67518,-73.8166,Private room,60,2,25,3,250,25
52760464,158969505,Manhattan,Lower East Side,40.72086,-73.99142,Entire home/apt,267,2,13,200,156,13
52865218,7613490,Brooklyn,Bedford-Stuyvesant,40.68988,-73.95818,Entire home/apt,200,3,0,1,125,0
52865758,22010249,Brooklyn,Bushwick,40.6915,-73.9129,Private room,96,2,8,5,32,8
52867662,364844663,Brooklyn,Flatbush,40.64801,-73.96342,Entire home/apt,211,7,13,5,268,13
52868147,146807013,Manhattan,Financial District,40.70744,-74.00619,Entire home/apt,200,2,41,1,0,41
52823283,336355364,Queens,Flushing,40.74232,-73.82898,Entire home/apt,528,1,1,1,0,1
52823346,26408085,Queens,Ridgewood,40.71012,-73.91519,Private room,203,1,0,1,0,0
52823884,1020258,Brooklyn,Williamsburg,40.71788,-73.93775,Entire home/apt,800,3,10,1,321,10
52823952,62659791,Brooklyn,Crown Heights,40.67821,-73.95484,Private room,100,2,6,1,342,6
52868962,30461967,Brooklyn,Williamsburg,40.70873,-73.96518,Entire home/apt,307,2,40,1,287,40
52869658,107434423,Manhattan,Upper East Side,40.7800854,-73.9474989,Entire home/apt,323,31,0,453,309,0
52871655,384532776,Manhattan,Upper East Side,40.78369,-73.95117,Entire home/apt,120,30,2,44,341,2
52824025,307345384,Brooklyn,Williamsburg,40.71307,-73.95633,Entire home/apt,470,2,4,1,321,4
52824389,427067962,Manhattan,Harlem,40.81534,-73.94157,Private room,100,30,2,3,36,2
52824632,256726587,Manhattan,Hell's Kitchen,40.75438,-73.99622,Entire home/apt,313,3,6,1,153,6
52825041,427675615,Brooklyn,Bedford-Stuyvesant,40.68155,-73.92082,Entire home/apt,130,3,34,1,57,34
52825310,420011533,Manhattan,Hell's Kitchen,40.76284,-73.9929,Entire home/apt,400,3,10,1,187,10
52826514,3925275,Brooklyn,Bedford-Stuyvesant,40.68664,-73.95209,Entire home/apt,298,3,15,1,153,15
52773839,152742470,Manhattan,Hell's Kitchen,40.7574,-73.99276,Entire home/apt,246,1,6,1,269,6
52774048,358356356,Brooklyn,Bedford-Stuyvesant,40.6885,-73.95192,Private room,51,30,2,5,342,2
52826943,105640471,Brooklyn,Midwood,40.62519,-73.9579,Entire home/apt,145,30,2,1,250,2
52874619,427941560,Manhattan,Upper West Side,40.76923,-73.98527,Shared room,135,1,21,1,9,21
52875389,19072805,Brooklyn,Greenpoint,40.7258,-73.95422,Entire home/apt,119,31,0,1,113,0
52875591,397598833,Brooklyn,Crown Heights,40.67548,-73.95131,Private room,50,30,1,8,296,1
52827359,42585587,Queens,Elmhurst,40.74745,-73.86926,Private room,65,5,11,4,73,11
52774567,427245287,Brooklyn,East Flatbush,40.65411,-73.93492,Entire home/apt,100,3,32,1,282,32
52774582,423873487,Manhattan,Midtown,40.76366,-73.97555,Entire home/apt,176,1,16,44,0,16
52775347,427251657,Manhattan,Nolita,40.72172,-73.99505,Entire home/apt,355,1,24,1,116,24
52828022,330366896,Manhattan,Upper West Side,40.79455,-73.96862,Entire home/apt,315,365,2,3,0,2
52829500,334611519,Queens,Flushing,40.75442,-73.80368,Entire home/apt,136,1,70,14,156,70
52829964,427723275,Brooklyn,East New York,40.66077,-73.89224,Entire home/apt,186,2,5,2,333,5
52776592,26108514,Manhattan,Harlem,40.8199,-73.94174,Entire home/apt,101,1,23,1,237,23
52776674,423317308,Brooklyn,Bedford-Stuyvesant,40.69543,-73.94139,Private room,70,5,1,4,334,1
52778213,425010331,Queens,Long Island City,40.75818,-73.93771,Private room,182,1,93,7,345,93
52778647,74488815,Queens,Astoria,40.76796,-73.92547,Private room,60,1,40,15,254,40
52778771,74488815,Queens,Astoria,40.76659,-73.92543,Private room,55,1,44,15,252,44
52778833,425010331,Queens,Long Island City,40.75842,-73.93923,Private room,205,1,6,7,332,6
52778912,74488815,Queens,Astoria,40.76866,-73.92491,Private room,55,1,47,15,260,47
52778957,377823632,Queens,East Elmhurst,40.76579,-73.87732,Entire home/apt,160,1,48,1,56,48
52875812,428093769,Brooklyn,Flatbush,40.64189,-73.96811,Entire home/apt,226,2,47,1,233,47
52830022,427705801,Manhattan,Harlem,40.81371,-73.94264,Private room,149,2,13,3,113,13
52877132,427878013,Queens,Elmhurst,40.7301,-73.87323,Private room,76,10,19,3,156,19
52833897,384532776,Manhattan,Hell's Kitchen,40.75962,-73.99102,Entire home/apt,115,75,3,44,160,3
52834116,384532776,Manhattan,Hell's Kitchen,40.76101,-73.99101,Entire home/apt,120,30,1,44,311,1
52834797,275149572,Manhattan,Harlem,40.80143,-73.95574,Entire home/apt,150,1,1,1,0,1
52877557,29621848,Manhattan,West Village,40.73045,-74.00315,Entire home/apt,230,30,4,1,258,4
52879829,224047081,Brooklyn,Sea Gate,40.57888,-74.0105,Entire home/apt,130,30,5,12,128,5
52881253,211682646,Queens,Astoria,40.77377,-73.93004,Private room,58,2,26,2,148,26
52881722,428138457,Queens,Maspeth,40.73371,-73.89318,Entire home/apt,121,2,43,1,25,43
52779337,427286327,Queens,Corona,40.735584,-73.861687,Entire home/apt,200,2,12,1,349,12
52836153,44745096,Brooklyn,Williamsburg,40.7124,-73.96035,Private room,200,2,3,1,0,3
52779501,427288092,Bronx,Wakefield,40.8965,-73.84308,Entire home/apt,117,2,82,1,24,82
52780156,221913542,Brooklyn,Bushwick,40.69063,-73.90315,Entire home/apt,110,1,23,9,0,23
52882027,428141360,Brooklyn,Bushwick,40.68975,-73.90816,Private room,70,90,4,6,341,4
52836962,10557507,Manhattan,Hell's Kitchen,40.76397,-73.98558,Entire home/apt,155,30,2,2,337,2
52836984,308799237,Manhattan,Chinatown,40.7161,-73.99669,Private room,98,1,11,3,134,11
52837351,211433602,Queens,Jamaica,40.67985,-73.78243,Entire home/apt,268,1,36,1,362,36
52838667,37694131,Brooklyn,Williamsburg,40.7135,-73.95225,Entire home/apt,200,30,0,4,251,0
52839142,61681039,Brooklyn,Greenpoint,40.73601,-73.95335,Entire home/apt,120,14,0,1,0,0
52839284,19424541,Manhattan,Upper East Side,40.77162,-73.95949,Entire home/apt,785,3,6,1,0,6
52839619,427808382,Brooklyn,East New York,40.67496,-73.87161,Entire home/apt,160,3,39,1,113,39
52839743,4212631,Brooklyn,Bedford-Stuyvesant,40.68827,-73.95725,Entire home/apt,161,4,35,2,304,35
52839869,194274,Manhattan,Midtown,40.74408,-73.98221,Entire home/apt,275,6,0,1,338,0
52840789,418867492,Manhattan,Upper East Side,40.76122207413611,-73.95877412671524,Entire home/apt,264,1,31,5,334,31
52841511,398867059,Queens,Ditmars Steinway,40.77031,-73.89716,Entire home/apt,142,1,44,1,32,44
52882059,368010652,Brooklyn,Park Slope,40.68246,-73.97762,Entire home/apt,204,1,82,2,136,82
52883668,428156760,Manhattan,Inwood,40.86277,-73.92271,Private room,65,1,11,1,164,11
52884648,428160519,Brooklyn,Brownsville,40.65493,-73.91138,Shared room,89,3,3,1,160,3
52780799,391413366,Bronx,Throgs Neck,40.83094,-73.81636,Private room,140,1,0,1,365,0
52781243,50411243,Bronx,Morris Heights,40.84933,-73.91784,Entire home/apt,118,1,7,1,37,7
52842078,42024620,Queens,Ozone Park,40.67226,-73.85189,Entire home/apt,110,30,2,1,99,2
52842099,61558856,Queens,Woodhaven,40.69281,-73.85988,Private room,47,1,40,3,35,40
52842129,32060911,Staten Island,Randall Manor,40.63491,-74.11408,Private room,40,26,5,6,306,5
52842208,382100439,Queens,Jamaica,40.70607,-73.80321,Entire home/apt,176,1,65,1,310,65
52842279,61558856,Queens,Woodhaven,40.69124,-73.85937,Private room,40,1,17,3,12,17
52842306,417839501,Manhattan,Upper West Side,40.79895,-73.96123,Private room,128,5,14,5,75,14
52842555,61558856,Queens,Woodhaven,40.6942,-73.85814,Private room,40,1,40,3,45,40
52842611,18261318,Manhattan,Midtown,40.74472,-73.99032,Entire home/apt,400,1,13,1,224,13
52842845,384532776,Manhattan,Upper East Side,40.78205,-73.9514,Entire home/apt,120,30,1,44,341,1
52843478,333292277,Manhattan,Harlem,40.81228,-73.94432,Private room,124,3,36,2,65,36
52843485,28260018,Manhattan,Harlem,40.81289,-73.94453,Private room,122,3,40,9,66,40
52781681,104836016,Brooklyn,Bay Ridge,40.63797,-74.02379,Private room,59,30,1,2,342,1
52843726,88927588,Brooklyn,Cypress Hills,40.68144,-73.89083,Entire home/apt,150,2,18,1,110,18
52844661,334611519,Queens,Flushing,40.75619,-73.80487,Entire home/apt,129,1,60,14,168,60
52844778,333292277,Manhattan,Harlem,40.81451,-73.9446,Private room,130,3,31,2,52,31
52846481,3223938,Queens,Ridgewood,40.7029,-73.90533,Private room,34,90,0,288,341,0
52846635,156583372,Bronx,Wakefield,40.896,-73.84153,Private room,66,3,9,5,85,9
52781844,410545992,Brooklyn,East Flatbush,40.64787,-73.95127,Entire home/apt,250,2,24,1,125,24
52782607,104836016,Brooklyn,Bay Ridge,40.63804,-74.0241,Private room,58,30,2,2,311,2
52884956,345159362,Bronx,Fordham,40.85976,-73.90179,Entire home/apt,206,1,4,1,365,4
52885025,158455776,Manhattan,East Village,40.73072,-73.98361,Entire home/apt,160,7,1,1,0,1
52885449,3223938,Brooklyn,Bushwick,40.69621,-73.92047,Private room,39,90,1,288,159,1
52885746,101862886,Brooklyn,Flatbush,40.64895,-73.9549,Entire home/apt,205,3,30,2,327,30
52846661,3223938,Queens,Ridgewood,40.70474,-73.90569,Private room,33,90,0,288,7,0
52846685,427878013,Queens,Rego Park,40.72951,-73.87128,Private room,80,10,19,3,165,19
52850559,45625618,Manhattan,East Harlem,40.79678,-73.93379,Entire home/apt,155,5,4,1,331,4
52852431,427916211,Brooklyn,Williamsburg,40.70771,-73.95083,Entire home/apt,435,1,35,1,334,35
52885971,396662812,Queens,Jamaica,40.68891,-73.78769,Entire home/apt,90,2,20,1,272,20
52786054,427337597,Queens,Cambria Heights,40.7005,-73.74735,Entire home/apt,486,1,11,1,365,11
52787863,204746258,Brooklyn,Prospect-Lefferts Gardens,40.66149,-73.96155,Entire home/apt,150,1,34,2,303,34
52853673,47023469,Manhattan,East Harlem,40.78758,-73.95257,Entire home/apt,500,1,19,1,186,19
52853936,418748651,Brooklyn,Williamsburg,40.70319731216098,-73.95842352431625,Private room,3996,1,0,1,361,0
52854749,3223938,Queens,Ridgewood,40.70281,-73.90482,Private room,32,90,1,288,191,1
52854992,3223938,Brooklyn,Bushwick,40.69613,-73.9189,Private room,38,90,0,288,266,0
52855420,3223938,Brooklyn,Bushwick,40.6963,-73.91875,Private room,32,90,0,288,256,0
52855573,418761982,Manhattan,Two Bridges,40.7117,-73.99497,Private room,98,1,37,4,56,37
52855744,7389352,Brooklyn,Greenpoint,40.72555,-73.95576,Entire home/apt,165,21,1,1,195,1
52856242,424757620,Manhattan,Upper East Side,40.77256,-73.9458,Entire home/apt,200,7,5,1,62,5
52788498,427357222,Queens,Bayswater,40.60712,-73.75816,Entire home/apt,155,2,18,1,125,18
52788770,158969505,Manhattan,Lower East Side,40.7208,-73.99328,Entire home/apt,261,2,30,200,120,30
52789194,158969505,Manhattan,Lower East Side,40.72102,-73.99282,Entire home/apt,279,2,28,200,154,28
52789385,158969505,Manhattan,Lower East Side,40.72109,-73.9914,Entire home/apt,271,2,23,200,148,23
52790302,355238960,Brooklyn,Bedford-Stuyvesant,40.69075,-73.92719,Private room,50,5,2,1,0,2
52790712,414068298,Manhattan,Upper West Side,40.78074,-73.97684,Entire home/apt,225,30,4,15,151,4
52791123,158969505,Manhattan,Lower East Side,40.72277,-73.99149,Entire home/apt,271,2,28,200,136,28
52791162,156583372,Bronx,Wakefield,40.89588,-73.84045,Private room,60,3,3,5,341,3
52791424,158969505,Manhattan,Lower East Side,40.72111,-73.99173,Entire home/apt,307,2,21,200,170,21
52791752,158969505,Manhattan,Lower East Side,40.72248,-73.99176,Entire home/apt,307,2,16,200,177,16
52791971,158969505,Manhattan,Lower East Side,40.7229,-73.99192,Entire home/apt,314,2,22,200,166,22
52792081,11694793,Brooklyn,Bedford-Stuyvesant,40.70015,-73.9449,Entire home/apt,450,5,8,2,0,8
52792253,158969505,Manhattan,Nolita,40.72237,-73.99348,Entire home/apt,272,2,32,200,124,32
52792657,158969505,Manhattan,Lower East Side,40.7226,-73.99184,Entire home/apt,275,2,32,200,97,32
52792939,158969505,Manhattan,Lower East Side,40.72148,-73.99127,Entire home/apt,263,2,35,200,131,35
52886539,300348697,Queens,Ditmars Steinway,40.77356,-73.91337,Entire home/apt,172,3,39,1,279,39
52890680,379993600,Queens,Bayside,40.76779,-73.77038,Entire home/apt,297,1,61,4,155,61
52893622,428141360,Brooklyn,Bushwick,40.69022,-73.90904,Private room,70,90,4,6,325,4
52894094,22541573,Manhattan,Upper East Side,40.77052,-73.95925,Entire home/apt,175,30,0,131,261,0
52894257,79702096,Brooklyn,Williamsburg,40.70946,-73.94177,Entire home/apt,250,6,2,1,0,2
52894720,428141360,Brooklyn,Bushwick,40.68826,-73.91027,Shared room,42,90,2,6,335,2
52895785,3223938,Queens,Ridgewood,40.70477,-73.90395,Private room,34,90,0,288,264,0
52896103,3223938,Brooklyn,Bushwick,40.69604,-73.91858,Private room,30,90,0,288,341,0
52856446,427946717,Queens,Jackson Heights,40.75301,-73.87718,Private room,66,2,63,3,34,63
52897793,343623135,Manhattan,Midtown,40.74816,-73.98874,Entire home/apt,249,1,32,1,31,32
52792972,427395174,Queens,St. Albans,40.68778,-73.76411,Private room,56,2,2,3,0,2
52856536,131777975,Brooklyn,Brownsville,40.66361,-73.91854,Private room,75,5,0,4,360,0
52857177,78800920,Brooklyn,Williamsburg,40.71426,-73.9618,Entire home/apt,825,30,0,1,251,0
52857463,427954433,Manhattan,Upper West Side,40.79934,-73.96039,Private room,104,1,50,3,60,50
52793095,133620428,Queens,Maspeth,40.72083,-73.89281,Entire home/apt,105,1,48,1,338,48
52795193,417166424,Manhattan,Theater District,40.75597,-73.98591,Private room,352,1,13,10,310,13
52898099,386890745,Brooklyn,Bedford-Stuyvesant,40.68566,-73.92771,Entire home/apt,95,12,0,1,0,0
52857714,28576665,Brooklyn,Bedford-Stuyvesant,40.69269984102389,-73.93540853952511,Private room,92,2,7,4,0,7
52898138,189597520,Manhattan,Harlem,40.82302,-73.94079,Entire home/apt,200,3,49,2,270,49
52899466,406942662,Manhattan,Lower East Side,40.71961,-73.99295,Private room,98,2,10,5,36,10
52795198,427415436,Manhattan,Hell's Kitchen,40.75662,-73.99168,Entire home/apt,170,1,3,1,288,3
52795373,417166424,Manhattan,Theater District,40.75817,-73.98439,Private room,376,1,76,10,326,76
52795397,2867137,Manhattan,Upper West Side,40.79559,-73.96871,Entire home/apt,290,30,0,73,311,0
52795626,420415528,Manhattan,Financial District,40.704903,-74.006416,Entire home/apt,418,1,327,9,358,327
52796477,425010331,Queens,Long Island City,40.75826,-73.93959,Private room,248,1,4,7,242,4
52797203,35127770,Manhattan,Chinatown,40.71521,-73.99953,Entire home/apt,180,30,5,1,105,5
52857799,427946717,Queens,Jackson Heights,40.75465,-73.87731,Private room,60,2,62,3,24,62
52858523,427946717,Queens,Jackson Heights,40.75383,-73.87729,Private room,90,3,27,3,27,27
52858606,70142755,Queens,Woodside,40.74367,-73.91201,Private room,74,2,13,3,5,13
52858926,95459395,Manhattan,Midtown,40.755878,-73.963348,Entire home/apt,545,30,0,56,365,0
52859084,427967589,Manhattan,Harlem,40.811405,-73.953499,Private room,103,1,9,1,0,9
52799338,422296685,Bronx,Kingsbridge,40.86452,-73.90408,Entire home/apt,160,2,25,1,319,25
52801188,92493393,Staten Island,West Brighton,40.63352,-74.11503,Private room,85,2,24,3,354,24
52801190,162280872,Manhattan,Kips Bay,40.73966,-73.97994,Entire home/apt,155,30,0,98,307,0
52804286,339584418,Brooklyn,Bushwick,40.68868,-73.92021,Entire home/apt,257,4,14,3,345,14
52805099,305161808,Brooklyn,Bedford-Stuyvesant,40.68552,-73.9575,Private room,90,5,5,11,348,5
52807419,404355372,Manhattan,Harlem,40.80427,-73.95802,Private room,170,5,11,4,334,11
52807490,162280872,Manhattan,Upper East Side,40.77305,-73.95574,Entire home/apt,185,30,1,98,342,1
52807785,960836,Manhattan,Harlem,40.80362,-73.95011,Entire home/apt,302,7,13,1,50,13
52807808,30283594,Bronx,Mott Haven,40.811848,-73.929665,Entire home/apt,224,1,2,95,351,2
52808680,146000873,Brooklyn,Bushwick,40.69752,-73.93124,Entire home/apt,235,5,21,1,109,21
52809285,36450391,Queens,Sunnyside,40.74397,-73.91585,Entire home/apt,140,4,2,1,0,2
52809951,417166424,Manhattan,Theater District,40.75769,-73.98596,Private room,620,1,0,10,0,0
52899911,428270883,Manhattan,Hell's Kitchen,40.76046,-73.99925,Entire home/apt,336,30,2,2,60,2
52860062,36393546,Manhattan,East Harlem,40.79643,-73.93793,Entire home/apt,158,1,37,1,272,37
52900161,383793841,Brooklyn,Bedford-Stuyvesant,40.6803,-73.93485,Entire home/apt,83,3,39,1,225,39
52900413,10348207,Manhattan,Upper East Side,40.76974,-73.95746,Private room,118,2,14,2,308,14
52900651,393474028,Manhattan,Hell's Kitchen,40.76064,-73.98883,Entire home/apt,220,30,1,9,332,1
52901227,12949453,Brooklyn,Crown Heights,40.67918,-73.96339,Entire home/apt,135,30,9,1,311,9
52903515,11449978,Manhattan,Upper West Side,40.79077,-73.96943,Entire home/apt,369,3,20,1,64,20
52903611,11421002,Brooklyn,Greenpoint,40.72079,-73.94056,Private room,111,3,39,1,100,39
52811319,30654905,Manhattan,West Village,40.73502,-74.00169,Entire home/apt,297,30,3,1,141,3
52860127,59225752,Queens,Ridgewood,40.70464,-73.90728,Private room,108,2,32,2,340,32
52861365,305489297,Brooklyn,Windsor Terrace,40.65869,-73.9828,Entire home/apt,160,30,3,6,256,3
52861792,74944205,Manhattan,Hell's Kitchen,40.75509,-73.99193,Entire home/apt,345,4,8,1,47,8
52812053,221915349,Manhattan,Upper East Side,40.76782,-73.95705,Entire home/apt,202,4,5,1,189,5
52812402,81359949,Brooklyn,Bushwick,40.69899,-73.93097,Private room,81,2,29,3,49,29
52812917,14239676,Manhattan,Chelsea,40.74008,-74.00205,Entire home/apt,264,5,9,1,24,9
52903645,72117490,Brooklyn,Williamsburg,40.71564,-73.95957,Entire home/apt,250,91,0,1,122,0
52903739,409170142,Brooklyn,Williamsburg,40.70792,-73.9549,Private room,71,2,32,3,237,32
52905014,42081806,Queens,Astoria,40.775,-73.92938,Shared room,70,1,3,1,0,3
52905230,3223938,Brooklyn,Bushwick,40.6981,-73.91869,Private room,30,90,0,288,341,0
52905602,3223938,Brooklyn,Bushwick,40.69766,-73.92078,Private room,30,90,0,288,261,0
52905801,365517966,Queens,Long Island City,40.75291,-73.93308,Entire home/apt,174,7,2,1,0,2
52862024,316463197,Manhattan,Murray Hill,40.74778,-73.97862,Entire home/apt,169,8,4,1,0,4
52905921,386127623,Queens,Ditmars Steinway,40.77955,-73.91788,Entire home/apt,249,1,48,2,235,48
52905951,265420923,Queens,East Elmhurst,40.76624,-73.8748,Private room,68,1,45,2,165,45
52906169,300200933,Bronx,Baychester,40.87166,-73.8469,Entire home/apt,72,2,11,1,0,11
52906284,4212631,Brooklyn,Bedford-Stuyvesant,40.68811,-73.957619,Entire home/apt,183,4,17,2,282,17
52814705,409790794,Manhattan,Chelsea,40.75171,-73.9967,Entire home/apt,669,2,38,1,132,38
52818300,449976,Brooklyn,Williamsburg,40.71263,-73.95528,Entire home/apt,277,3,14,1,292,14
52862058,57586379,Manhattan,Financial District,40.70641,-74.0092,Entire home/apt,10000,30,1,1,29,1
52862605,44295617,Brooklyn,Bedford-Stuyvesant,40.67882,-73.93918,Entire home/apt,86,30,0,1,335,0
52862855,6203219,Manhattan,Hell's Kitchen,40.767296,-73.983437,Entire home/apt,225,5,14,1,158,14
52863559,133757967,Manhattan,Theater District,40.75909530771883,-73.9869464995662,Private room,57,300,0,1,365,0
52821598,426703057,Bronx,Norwood,40.87768,-73.88629,Private room,78,2,0,1,310,0
52822073,188949327,Brooklyn,Bedford-Stuyvesant,40.69001,-73.92452,Entire home/apt,221,9,6,1,28,6
52822348,83996392,Brooklyn,Prospect-Lefferts Gardens,40.65962,-73.96208,Private room,103,2,48,1,162,48
52912606,367989777,Brooklyn,Crown Heights,40.6711,-73.93226,Private room,98,3,19,1,136,19
52916520,306009315,Manhattan,Upper West Side,40.78162,-73.98042,Private room,229,1,1,13,0,1
52916582,306009315,Manhattan,Upper West Side,40.78139,-73.98054,Private room,249,1,2,13,0,2
52916995,89891386,Manhattan,Harlem,40.82332978816703,-73.94871846898063,Entire home/apt,191,1,12,1,139,12
52864022,422053884,Manhattan,Kips Bay,40.74315,-73.97971,Entire home/apt,319,30,0,2,0,0
52864785,144688687,Queens,Springfield Gardens,40.6667,-73.76345,Entire home/apt,295,1,22,6,364,22
52864876,45535181,Brooklyn,Crown Heights,40.67602,-73.93083,Private room,75,1,54,2,276,54
52917868,11798436,Brooklyn,Prospect-Lefferts Gardens,40.66348,-73.95402,Entire home/apt,175,7,4,1,89,4
52935619,424135738,Queens,Ozone Park,40.6809,-73.85835,Entire home/apt,150,5,0,1,362,0
52935937,13603829,Manhattan,Financial District,40.7084,-74.01029,Entire home/apt,1700,2,0,5,347,0
52938113,400013151,Manhattan,Kips Bay,40.74136,-73.98337,Private room,158,1,23,2,338,23
52865119,80500519,Brooklyn,Bushwick,40.6893,-73.90998,Entire home/apt,303,30,14,1,157,14
52938389,427922501,Manhattan,Theater District,40.758915,-73.983376,Private room,500,1,0,2,343,0
52917950,13278817,Manhattan,Hell's Kitchen,40.75985,-73.9908,Entire home/apt,369,2,17,1,329,17
52919939,420088913,Brooklyn,Bedford-Stuyvesant,40.67871,-73.93988,Entire home/apt,208,2,47,13,326,47
52920136,14038931,Queens,Ridgewood,40.70595,-73.90418,Entire home/apt,190,2,25,2,318,25
53010674,1493123,Manhattan,Gramercy,40.73788,-73.98353,Entire home/apt,339,30,5,2,30,5
53010692,422647197,Brooklyn,Bedford-Stuyvesant,40.68072,-73.94036,Entire home/apt,84,30,0,1,365,0
53011184,67587078,Queens,Laurelton,40.68319,-73.73044,Entire home/apt,130,2,18,3,358,18
53011236,93918222,Bronx,Pelham Gardens,40.85929,-73.85176,Private room,131,2,23,1,352,23
52920469,428423827,Brooklyn,Columbia St,40.68674,-74.0018,Private room,135,1,31,1,349,31
52920789,428426634,Manhattan,Lower East Side,40.72083,-73.98281,Entire home/apt,214,1,13,1,59,13
52921752,153664925,Brooklyn,Flatbush,40.64812,-73.96206,Private room,37,1,1,2,1,1
52921783,4232762,Brooklyn,Williamsburg,40.707176,-73.93998,Private room,100,3,23,3,45,23
52922566,56252,Brooklyn,Prospect-Lefferts Gardens,40.65815,-73.95946,Entire home/apt,165,3,15,1,310,15
52938398,35722822,Brooklyn,South Slope,40.6663,-73.98315,Entire home/apt,136,30,2,1,221,2
52940195,2653479,Manhattan,Upper West Side,40.80044,-73.95991,Private room,61,30,17,41,197,17
53012005,427051831,Brooklyn,Prospect Heights,40.67334,-73.966148,Entire home/apt,306,2,25,1,94,25
52923303,216807490,Brooklyn,Bensonhurst,40.61588,-74.00183,Private room,39,30,0,1,359,0
52923759,3223938,Queens,Ridgewood,40.70508,-73.90371,Private room,29,90,0,288,218,0
52925057,420088913,Brooklyn,Bedford-Stuyvesant,40.6804,-73.94077,Entire home/apt,204,2,66,13,302,66
52925691,33607986,Brooklyn,Bushwick,40.69664,-73.90697,Private room,80,4,2,2,0,2
53012492,7988328,Queens,Ridgewood,40.71029,-73.91401,Entire home/apt,214,4,4,1,0,4
52926435,345220925,Manhattan,Upper West Side,40.79516,-73.97521,Entire home/apt,500,28,2,1,264,2
52930425,144688687,Queens,Springfield Gardens,40.66632,-73.76525,Private room,88,1,11,6,361,11
53015455,2314658,Manhattan,Roosevelt Island,40.76602,-73.94759,Entire home/apt,165,7,1,1,11,1
52940307,73621411,Brooklyn,Greenpoint,40.72805,-73.95248,Entire home/apt,160,4,3,1,160,3
53018158,71723502,Brooklyn,Boerum Hill,40.68594,-73.98601,Entire home/apt,375,10,3,1,312,3
53021262,42585587,Queens,Elmhurst,40.74776,-73.86869,Private room,47,4,25,4,39,25
53022508,289122184,Manhattan,Lower East Side,40.72273,-73.99171,Entire home/apt,200,30,0,10,262,0
53022671,158969505,Manhattan,Lower East Side,40.72259,-73.99141,Entire home/apt,353,3,31,200,158,31
53023030,158969505,Manhattan,Lower East Side,40.72081,-73.99196,Entire home/apt,275,2,32,200,142,32
53023166,199294415,Manhattan,West Village,40.73434,-74.00122,Entire home/apt,280,2,28,1,285,28
53023376,158969505,Manhattan,Lower East Side,40.72261,-73.99173,Entire home/apt,275,2,20,200,156,20
53023798,3223938,Brooklyn,Prospect Heights,40.67308,-73.96641,Private room,40,90,0,288,186,0
53024119,3223938,Brooklyn,Bedford-Stuyvesant,40.67982,-73.94819,Private room,34,90,0,288,129,0
53024626,3223938,Brooklyn,Bedford-Stuyvesant,40.68282,-73.95449,Private room,34,90,0,288,249,0
53025759,6924224,Manhattan,West Village,40.73326,-74.00452,Entire home/apt,255,30,6,1,265,6
53025816,429258372,Brooklyn,Williamsburg,40.71349,-73.94596,Private room,77,1,12,1,238,12
53026239,249690008,Brooklyn,Williamsburg,40.71537,-73.96508,Entire home/apt,299,30,28,1,9,28
52930589,141361303,Brooklyn,Crown Heights,40.67435,-73.93106,Entire home/apt,159,2,47,1,189,47
52931328,428510020,Queens,Jamaica,40.66812,-73.76689,Private room,95,1,0,1,0,0
53026905,158969505,Manhattan,Nolita,40.72271,-73.99341,Entire home/apt,261,2,13,200,132,13
53027179,428141360,Brooklyn,Bushwick,40.68834,-73.91008,Private room,70,90,0,6,341,0
53027258,32060911,Staten Island,West Brighton,40.63453,-74.11554,Private room,45,26,4,6,290,4
53027375,158969505,Manhattan,Lower East Side,40.72303,-73.99216,Entire home/apt,261,2,38,200,123,38
53027734,158969505,Manhattan,Lower East Side,40.72304,-73.99295,Entire home/apt,270,2,18,200,146,18
53027985,118971,Brooklyn,Windsor Terrace,40.65148,-73.97351,Entire home/apt,564,30,0,1,149,0
53028084,158969505,Manhattan,Lower East Side,40.72078,-73.99296,Entire home/apt,279,2,25,200,149,25
53028370,158969505,Manhattan,Lower East Side,40.72218,-73.99136,Entire home/apt,309,2,19,200,170,19
53028454,27382789,Brooklyn,Bedford-Stuyvesant,40.68178,-73.93876,Entire home/apt,140,30,4,2,155,4
53028742,158969505,Manhattan,Lower East Side,40.72121,-73.99178,Entire home/apt,314,2,22,200,178,22
53029011,158969505,Manhattan,Lower East Side,40.72115,-73.99361,Entire home/apt,318,2,26,200,147,26
53030346,48205496,Manhattan,East Village,40.72968,-73.98128,Entire home/apt,260,30,0,1,0,0
53030445,174093944,Brooklyn,Bedford-Stuyvesant,40.67687,-73.91046,Private room,80,2,33,3,70,33
52941331,420191437,Brooklyn,East Flatbush,40.6539,-73.94277,Private room,60,90,0,1,363,0
52942401,401937392,Queens,Corona,40.73843,-73.86488,Shared room,35,1,18,10,338,18
52947919,144688687,Queens,Springfield Gardens,40.66823,-73.76329,Private room,84,1,16,6,361,16
52948094,19294795,Brooklyn,Crown Heights,40.67951,-73.95757,Entire home/apt,250,1,2,1,32,2
53030482,429293737,Queens,Laurelton,40.66997,-73.74729,Entire home/apt,150,2,9,1,331,9
53030575,174093944,Brooklyn,Bedford-Stuyvesant,40.67716,-73.91118,Private room,80,2,31,3,71,31
53031047,429297785,Bronx,Schuylerville,40.83767,-73.82893,Entire home/apt,94,2,17,1,64,17
52931815,79514856,Brooklyn,Brownsville,40.65833,-73.91106,Entire home/apt,187,2,39,1,305,39
52932122,427705801,Manhattan,Harlem,40.81524,-73.94256,Private room,159,2,19,3,111,19
53031277,78801372,Brooklyn,Prospect-Lefferts Gardens,40.65829,-73.9614,Entire home/apt,183,1,100,1,90,100
52948656,415840703,Manhattan,Financial District,40.70889,-74.00823,Entire home/apt,227,30,4,15,341,4
52948709,425647682,Queens,Woodhaven,40.69444,-73.85717,Private room,79,1,50,10,334,50
52948831,3223938,Brooklyn,Bushwick,40.69776,-73.92021,Private room,30,90,0,288,257,0
52949007,177174475,Manhattan,Midtown,40.74605,-73.98892,Entire home/apt,331,1,19,8,44,19
52949093,177174475,Manhattan,Midtown,40.74612,-73.98703,Entire home/apt,376,1,25,8,26,25
52949172,177174475,Manhattan,Midtown,40.74776,-73.98696,Entire home/apt,376,1,28,8,23,28
52949259,425647682,Queens,Woodhaven,40.69633,-73.85528,Private room,70,1,56,10,324,56
52949459,415840703,Manhattan,Financial District,40.7077,-74.00878,Entire home/apt,250,30,1,15,310,1
52950496,12399,Brooklyn,Park Slope,40.673,-73.985,Entire home/apt,200,3,2,1,0,2
52951448,4149443,Brooklyn,Crown Heights,40.67712,-73.93602,Entire home/apt,250,2,7,2,0,7
53031429,67640934,Brooklyn,Williamsburg,40.70921,-73.94242,Private room,86,2,30,2,44,30
53031578,5970636,Brooklyn,Gowanus,40.67061,-73.99167,Entire home/apt,400,2,5,1,0,5
53031638,14995408,Brooklyn,Bedford-Stuyvesant,40.68976,-73.93379,Entire home/apt,520,3,20,1,286,20
53031902,206778021,Manhattan,Harlem,40.8222,-73.95555,Private room,60,20,24,7,32,24
53032375,206778021,Manhattan,Harlem,40.82374,-73.95449,Private room,62,14,35,7,31,35
53032542,206778021,Manhattan,Harlem,40.82426,-73.95575,Private room,80,20,12,7,37,12
53032575,147397734,Brooklyn,Prospect Heights,40.6722488711174,-73.9645484558041,Entire home/apt,208,1,0,1,53,0
52932376,428517167,Staten Island,Tompkinsville,40.63118,-74.0849,Private room,40,30,0,1,123,0
53032739,206778021,Manhattan,Harlem,40.82443,-73.95502,Private room,75,20,22,7,35,22
53034295,1897210,Brooklyn,Williamsburg,40.70149,-73.93947,Entire home/apt,149,5,1,1,78,1
52934351,11027691,Brooklyn,Sheepshead Bay,40.60496,-73.96622,Entire home/apt,180,1,24,1,359,24
52934380,698449,Brooklyn,Greenpoint,40.730183,-73.957413,Private room,96,1,35,1,1,35
52934401,247502306,Brooklyn,Williamsburg,40.71811,-73.9583,Private room,140,1,14,2,335,14
52934402,4719170,Brooklyn,Williamsburg,40.71226,-73.95852,Private room,95,1,62,2,193,62
53040065,2023582,Manhattan,Kips Bay,40.74107,-73.9787,Entire home/apt,149,2,1,1,250,1
53041189,427654406,Queens,South Ozone Park,40.66961,-73.81317,Entire home/apt,89,1,20,1,49,20
52935093,348328077,Queens,Flushing,40.76379,-73.81947,Entire home/apt,186,2,9,3,229,9
52935154,427142752,Brooklyn,Sunset Park,40.64158,-74.02095,Private room,45,1,10,3,1,10
53061300,30283594,Bronx,Mott Haven,40.8108,-73.93109,Entire home/apt,241,1,5,95,359,5
53061947,428141360,Brooklyn,Bushwick,40.69043,-73.90985,Shared room,42,90,2,6,336,2
52951635,143236401,Queens,Ozone Park,40.68345,-73.83818,Private room,102,1,18,1,66,18
52951770,86943985,Brooklyn,Cypress Hills,40.68509,-73.87476,Private room,84,1,18,2,74,18
52952073,19393471,Manhattan,SoHo,40.72253,-73.99923,Entire home/apt,700,30,0,1,365,0
52952799,427954433,Manhattan,Upper West Side,40.79933,-73.96245,Private room,98,1,41,3,60,41
52952850,427142752,Brooklyn,Sunset Park,40.64355,-74.02084,Private room,45,1,3,3,1,3
52953587,376893850,Manhattan,East Village,40.7283,-73.98073,Entire home/apt,300,2,3,1,1,3
52953940,298841502,Manhattan,Chinatown,40.71639,-73.99048,Entire home/apt,800,30,0,3,364,0
53041846,3223938,Brooklyn,Bushwick,40.6891,-73.91892,Private room,34,90,1,288,249,1
53043735,3954840,Queens,Ditmars Steinway,40.77811,-73.90752,Entire home/apt,331,3,29,1,298,29
53045130,420415528,Manhattan,Financial District,40.704903,-74.006416,Entire home/apt,1007,1,87,9,320,87
53045250,420415528,Manhattan,Financial District,40.704903,-74.006416,Entire home/apt,957,1,40,9,355,40
53045283,2640945,Manhattan,East Village,40.73154,-73.98773,Entire home/apt,280,3,1,1,211,1
52953958,428703947,Brooklyn,Prospect-Lefferts Gardens,40.66298,-73.95411,Entire home/apt,105,1,4,2,333,4
53065241,422291147,Queens,Richmond Hill,40.6842,-73.82864,Entire home/apt,195,1,10,1,352,10
53066483,49348826,Brooklyn,Gravesend,40.59033,-73.96786,Entire home/apt,189,2,31,2,350,31
53045316,420415528,Manhattan,Financial District,40.704903,-74.006416,Entire home/apt,1220,1,102,9,357,102
53045446,420415528,Manhattan,Financial District,40.704903,-74.006416,Entire home/apt,613,1,19,9,353,19
53045512,420415528,Manhattan,Financial District,40.704903,-74.006416,Entire home/apt,329,1,57,9,360,57
53045965,158969505,Manhattan,Lower East Side,40.72099,-73.99176,Entire home/apt,223,2,23,200,124,23
53046673,154081089,Brooklyn,Greenpoint,40.72628,-73.95139,Entire home/apt,156,1,24,1,0,24
53067423,145412589,Queens,Jamaica,40.69179,-73.79192,Entire home/apt,285,2,23,1,357,23
53067644,423535172,Brooklyn,Cypress Hills,40.68742,-73.87588,Entire home/apt,259,5,22,2,328,22
52954504,20311036,Brooklyn,Bedford-Stuyvesant,40.68663,-73.93424,Private room,141,3,10,2,66,10
52954543,164602924,Manhattan,Hell's Kitchen,40.76354,-73.99523,Entire home/apt,175,2,27,2,24,27
53047016,429419108,Manhattan,Upper West Side,40.80022,-73.96081,Private room,122,2,48,2,67,48
53069607,378886166,Queens,Jamaica,40.69525,-73.79011,Entire home/apt,100,2,15,1,169,15
53070976,83974928,Queens,Laurelton,40.66828,-73.74578,Private room,45,1,7,4,87,7
53071607,427954433,Manhattan,Upper West Side,40.79953,-73.96058,Private room,92,1,0,3,2,0
53073848,91571876,Brooklyn,Downtown Brooklyn,40.69605,-73.98385,Entire home/apt,289,30,2,4,81,2
53047254,61391963,Manhattan,Upper East Side,40.7608,-73.96235,Entire home/apt,133,30,4,116,312,4
53047664,74558822,Manhattan,Harlem,40.81826,-73.94621,Shared room,70,3,14,1,299,14
53075877,234428905,Manhattan,Kips Bay,40.74076,-73.97751,Private room,350,4,0,1,332,0
53075951,3223938,Brooklyn,Bushwick,40.68942,-73.91909,Private room,34,90,0,288,310,0
53076064,422053884,Manhattan,Kips Bay,40.7433,-73.97802,Entire home/apt,329,30,1,2,0,1
53076409,241583402,Brooklyn,Bushwick,40.69891,-73.93753,Private room,84,2,11,1,1,11
52954650,44532715,Queens,Astoria,40.76005,-73.92276,Private room,70,2,35,2,317,35
52955665,425647682,Queens,Woodhaven,40.6945,-73.85688,Private room,50,1,47,10,236,47
52956029,272342845,Brooklyn,Bushwick,40.70223,-73.92482,Private room,170,5,0,4,0,0
52960438,428761064,Manhattan,Midtown,40.75575,-73.96642,Entire home/apt,226,1,29,1,49,29
52961427,428770020,Manhattan,Chinatown,40.71693,-73.99205,Entire home/apt,325,5,3,1,236,3
53047762,1699871,Brooklyn,Bushwick,40.68407,-73.90957,Entire home/apt,198,3,5,4,347,5
53047854,429429795,Brooklyn,Midwood,40.62828,-73.96352,Private room,63,3,9,1,337,9
53076680,7263317,Brooklyn,Park Slope,40.668648525494646,-73.98294396663086,Private room,95,3,0,1,35,0
53048999,145002203,Brooklyn,Brighton Beach,40.57693,-73.96578,Entire home/apt,118,1,40,3,72,40
53049465,17968481,Brooklyn,Bushwick,40.69098,-73.91893,Entire home/apt,380,2,31,2,137,31
53050522,400944908,Manhattan,Upper West Side,40.795273,-73.963577,Private room,73,3,31,3,235,31
53050592,44706591,Brooklyn,Williamsburg,40.71348,-73.94483,Entire home/apt,239,2,7,1,33,7
53050716,429454632,Brooklyn,Prospect-Lefferts Gardens,40.66164,-73.94104,Private room,70,1,15,17,170,15
53050789,81534600,Staten Island,Tottenville,40.50456,-74.24984,Entire home/apt,110,3,26,1,298,26
53077465,72741565,Manhattan,East Village,40.72615,-73.97614,Entire home/apt,300,1,20,1,0,20
52964076,226810639,Bronx,Allerton,40.86522,-73.86757,Entire home/apt,129,2,26,1,206,26
52965003,279775863,Manhattan,Chelsea,40.74114,-74.00427,Entire home/apt,200,20,4,11,344,4
52966412,396969684,Queens,East Elmhurst,40.76668,-73.86583,Entire home/apt,192,1,84,1,114,84
52967558,204733968,Brooklyn,Williamsburg,40.71494,-73.96487,Private room,189,1,2,2,0,2
53050810,17888612,Brooklyn,Greenpoint,40.72811,-73.94769,Entire home/apt,154,2,46,1,40,46
52967909,8661571,Brooklyn,Bedford-Stuyvesant,40.68183,-73.92113,Entire home/apt,106,1,15,1,245,15
52968366,27154041,Brooklyn,Clinton Hill,40.68189,-73.96166,Entire home/apt,490,5,12,1,8,12
52968839,428838691,Manhattan,Washington Heights,40.83588,-73.94925,Entire home/apt,89,30,1,1,242,1
53077502,3946901,Manhattan,Upper West Side,40.78266043077757,-73.97248548079799,Private room,290,2,0,1,44,0
53078110,394137,Brooklyn,Bedford-Stuyvesant,40.69514,-73.93464,Private room,145,4,31,1,5,31
53078525,195059863,Bronx,Wakefield,40.90038,-73.85255,Shared room,120,1,0,1,365,0
53050999,182710998,Brooklyn,Crown Heights,40.67561,-73.93766,Entire home/apt,175,2,28,1,49,28
52969085,39078221,Queens,Arverne,40.59644,-73.79458,Entire home/apt,336,2,12,1,353,12
52969220,23905146,Brooklyn,South Slope,40.66378,-73.98384,Entire home/apt,195,2,13,1,0,13
52970883,31174103,Manhattan,East Harlem,40.78719,-73.94189,Private room,120,3,35,2,308,35
53051081,8998154,Brooklyn,Bushwick,40.69355,-73.92472,Private room,73,2,9,4,74,9
53051231,117932348,Manhattan,Gramercy,40.7335,-73.98242,Entire home/apt,145,31,2,4,305,2
53051436,429454632,Brooklyn,Prospect-Lefferts Gardens,40.66186,-73.94079,Private room,104,1,49,17,168,49
53051569,354785010,Brooklyn,Williamsburg,40.70986,-73.95652,Private room,80,1,17,4,0,17
53051651,354785010,Brooklyn,Williamsburg,40.71108,-73.95597,Private room,83,1,61,4,85,61
53051793,354785010,Brooklyn,Williamsburg,40.70385,-73.95899,Private room,87,1,66,4,118,66
53052129,185911671,Brooklyn,Flatbush,40.65289,-73.95731,Entire home/apt,850,30,1,1,0,1
53054858,429419108,Manhattan,Upper West Side,40.79978,-73.96294,Private room,115,1,48,2,60,48
53054973,7896850,Manhattan,Midtown,40.7469,-73.98872,Entire home/apt,300,6,38,3,308,38
53057804,49743289,Manhattan,Hell's Kitchen,40.76137,-74.00053,Entire home/apt,481,3,48,1,0,48
52971091,301509317,Queens,St. Albans,40.70657,-73.7595,Private room,65,1,35,1,341,35
52972242,27375469,Brooklyn,Williamsburg,40.71094,-73.96227,Private room,118,2,14,2,341,14
52972685,66120210,Manhattan,East Village,40.72438,-73.9907,Entire home/apt,220,1,2,1,0,2
52977888,384532776,Manhattan,Hell's Kitchen,40.76067,-73.98885,Entire home/apt,159,75,5,44,246,5
52978600,162927656,Queens,Jamaica,40.69283,-73.80508,Entire home/apt,295,1,32,4,338,32
52979349,417186426,Queens,South Ozone Park,40.6736,-73.81504,Private room,81,1,3,3,249,3
52981172,123472158,Manhattan,Midtown,40.75855,-73.96664,Entire home/apt,130,30,0,4,326,0
52981739,4232762,Brooklyn,Williamsburg,40.707176,-73.93998,Entire home/apt,336,3,16,3,245,16
53058987,55115881,Manhattan,East Village,40.731586,-73.986931,Entire home/apt,500,3,23,1,115,23
52986446,1400194,Brooklyn,Williamsburg,40.71925,-73.95883,Entire home/apt,290,1,1,1,249,1
52987956,306009315,Manhattan,Upper West Side,40.7834,-73.98195,Private room,229,1,0,13,0,0
53079539,402651015,Manhattan,Upper West Side,40.77499,-73.98691,Entire home/apt,137,4,15,1,272,15
53079605,42585587,Queens,Elmhurst,40.74745,-73.87045,Private room,57,5,9,4,58,9
53060702,61778849,Brooklyn,Brownsville,40.6537,-73.90833,Private room,65,3,13,4,341,13
53127067,195024069,Queens,Forest Hills,40.72391,-73.84808,Private room,100,1,17,2,131,17
53127153,430077990,Brooklyn,Bedford-Stuyvesant,40.69352,-73.93923,Entire home/apt,275,2,13,1,355,13
52988910,428979450,Brooklyn,Williamsburg,40.70805,-73.94545,Entire home/apt,458,3,18,1,283,18
52988944,301831302,Manhattan,Washington Heights,40.8316,-73.94091,Entire home/apt,618,1,7,8,180,7
52990448,408979935,Manhattan,Gramercy,40.73577,-73.98595,Private room,136,3,48,17,45,48
52992329,2653479,Manhattan,Upper West Side,40.79952,-73.96122,Private room,61,30,9,41,66,9
52992651,2653479,Manhattan,Upper West Side,40.79867,-73.96122,Private room,61,30,10,41,60,10
52993059,8998154,Brooklyn,Bushwick,40.69189,-73.92391,Private room,63,3,22,4,62,22
52993319,9197647,Manhattan,West Village,40.73327,-74.0096,Entire home/apt,400,20,5,1,96,5
52993530,221913542,Brooklyn,Bushwick,40.69087,-73.90272,Private room,99,1,14,9,31,14
53127160,428576478,Manhattan,Midtown,40.75198,-73.97286,Entire home/apt,369,2,0,1,74,0
52993669,55465174,Queens,Forest Hills,40.73499,-73.84981,Entire home/apt,178,2,11,1,334,11
52993743,285102905,Brooklyn,Fort Greene,40.68968662737548,-73.97387594948896,Entire home/apt,269,15,0,1,280,0
52994819,121179210,Queens,Ridgewood,40.69919,-73.89568,Entire home/apt,139,5,0,4,365,0
53127825,2196224,Manhattan,Stuyvesant Town,40.7313,-73.98175,Entire home/apt,130,60,0,5,249,0
53128684,95303084,Manhattan,Upper West Side,40.78721,-73.97,Entire home/apt,196,4,11,6,167,11
53128872,430092283,Brooklyn,Canarsie,40.64605,-73.90218,Private room,50,1,9,4,166,9
52994908,390246709,Bronx,Kingsbridge,40.88316,-73.90883,Entire home/apt,150,2,4,1,362,4
52995076,56382110,Brooklyn,Williamsburg,40.71516,-73.96019,Entire home/apt,315,4,8,1,0,8
52996527,428437504,Manhattan,Upper West Side,40.78454,-73.97893,Private room,109,1,40,2,206,40
52996659,428437504,Manhattan,Upper West Side,40.78336,-73.97812,Private room,109,1,70,2,245,70
52997244,224733902,Manhattan,Upper East Side,40.7711,-73.95676,Entire home/apt,97,30,2,7,314,2
53003674,70343342,Manhattan,Midtown,40.76496,-73.97811,Entire home/apt,250,30,2,1,0,2
53004231,41941061,Manhattan,Hell's Kitchen,40.7638,-73.98838,Entire home/apt,200,7,11,3,6,11
53004917,170960170,Queens,Maspeth,40.73858,-73.90804,Entire home/apt,600,1,3,6,357,3
53129490,96889845,Brooklyn,Canarsie,40.64745,-73.9103,Entire home/apt,180,1,7,1,280,7
53130026,237863320,Brooklyn,Bedford-Stuyvesant,40.69137,-73.94322,Private room,151,1,0,1,0,0
53005059,79663176,Brooklyn,Bedford-Stuyvesant,40.68059,-73.93818,Entire home/apt,213,2,17,1,306,17
53005553,184966663,Queens,Flushing,40.763458,-73.811462,Entire home/apt,114,2,32,1,145,32
53005666,82011104,Manhattan,Upper East Side,40.76154,-73.96445,Entire home/apt,305,2,0,1,0,0
53005754,45534171,Brooklyn,Bedford-Stuyvesant,40.68143,-73.93836,Private room,80,3,0,1,296,0
53005830,48075081,Brooklyn,Bedford-Stuyvesant,40.68605,-73.94122,Entire home/apt,350,2,7,1,64,7
53006239,38119088,Brooklyn,Williamsburg,40.70569,-73.94153,Entire home/apt,100,30,1,1,0,1
53130156,338243030,Bronx,Port Morris,40.80467,-73.92653,Private room,73,2,9,2,353,9
53131346,279775863,Manhattan,West Village,40.73661,-74.00289,Entire home/apt,250,20,3,11,340,3
53132177,393474028,Manhattan,Hell's Kitchen,40.75422,-73.99423,Entire home/apt,155,30,1,9,311,1
53132292,158969505,Manhattan,Lower East Side,40.72224,-73.99151,Entire home/apt,214,2,29,200,102,29
53132475,158969505,Manhattan,Lower East Side,40.72083,-73.99279,Entire home/apt,223,2,28,200,101,28
53132665,158969505,Manhattan,Lower East Side,40.72285,-73.99215,Entire home/apt,225,2,28,200,114,28
53132797,158969505,Manhattan,Lower East Side,40.72082,-73.99328,Entire home/apt,226,2,32,200,109,32
53132818,384532776,Manhattan,SoHo,40.72705,-74.00373,Entire home/apt,135,30,3,44,342,3
53132986,158969505,Manhattan,Lower East Side,40.72078,-73.99274,Entire home/apt,223,2,20,200,93,20
53133025,423356160,Manhattan,Hell's Kitchen,40.75951,-73.99583,Entire home/apt,250,30,2,1,212,2
53080602,429698197,Brooklyn,East Flatbush,40.64873,-73.93765,Entire home/apt,80,2,52,1,155,52
53081378,10194781,Queens,Glendale,40.70549,-73.87313,Entire home/apt,189,2,31,5,329,31
53082213,3223938,Brooklyn,Bedford-Stuyvesant,40.69429,-73.93179,Private room,32,90,0,288,218,0
53088392,154158582,Queens,Richmond Hill,40.68434,-73.81952,Entire home/apt,160,2,10,2,334,10
53088652,236334741,Staten Island,Rosebank,40.6137,-74.06728,Entire home/apt,106,2,17,2,75,17
53133511,430121024,Brooklyn,Bushwick,40.68891,-73.91894,Private room,66,90,1,4,234,1
53006288,343877962,Manhattan,Chelsea,40.74635,-74.00481,Entire home/apt,200,30,4,1,94,4
53009051,408979935,Manhattan,Gramercy,40.73535,-73.98807,Private room,125,3,43,17,32,43
53010494,14056039,Brooklyn,Bedford-Stuyvesant,40.68059,-73.95695,Entire home/apt,196,3,6,1,293,6
53134054,430138703,Manhattan,Chelsea,40.74738,-73.99743,Entire home/apt,240,30,2,1,153,2
53191182,430599829,Queens,Hollis,40.714424,-73.761551,Private room,34,30,2,4,65,2
53191232,430599829,Queens,Hollis,40.714424,-73.761551,Private room,29,30,3,4,140,3
53191415,21462953,Manhattan,Hell's Kitchen,40.7623,-73.99814,Entire home/apt,250,4,7,1,6,7
53192426,430352020,Queens,Jamaica Estates,40.71405,-73.78674,Entire home/apt,118,30,8,6,184,8
53192744,430352020,Queens,Jamaica Estates,40.71345,-73.78814,Entire home/apt,118,30,8,6,227,8
53134085,152731755,Queens,Astoria,40.76661,-73.91307,Private room,63,1,14,1,60,14
53194485,120105664,Queens,Woodside,40.74546,-73.91166,Private room,66,2,4,1,0,4
53089416,429776033,Queens,Jamaica,40.68989,-73.80479,Entire home/apt,135,1,33,2,249,33
53134187,3223938,Brooklyn,Bensonhurst,40.61009,-73.98147,Private room,28,90,0,288,250,0
53134787,10484832,Manhattan,Washington Heights,40.85706,-73.9339,Entire home/apt,90,5,0,1,0,0
53194567,430626948,Manhattan,East Harlem,40.8015,-73.93711,Private room,100,2,17,1,131,17
53194676,127112667,Bronx,Throgs Neck,40.82157,-73.80749,Entire home/apt,100,30,0,1,281,0
53195760,3223938,Queens,Ridgewood,40.70131,-73.90516,Private room,34,90,0,288,341,0
53134903,9550049,Brooklyn,Windsor Terrace,40.65211,-73.97745,Entire home/apt,139,1,44,1,26,44
53197204,137832740,Queens,Bayside,40.7654,-73.76845,Private room,249,1,5,1,180,5
53135866,41773438,Brooklyn,Bushwick,40.68709,-73.91164,Private room,82,1,24,3,111,24
53135888,61846222,Queens,Astoria,40.75547,-73.92606,Entire home/apt,140,1,38,1,152,38
53137692,430172599,Bronx,Claremont Village,40.83599,-73.91051,Entire home/apt,130,1,14,1,361,14
53198493,409039411,Manhattan,East Village,40.73021,-73.98187,Entire home/apt,396,3,41,1,43,41
53199548,51595867,Brooklyn,Crown Heights,40.6665,-73.95569,Private room,95,1,19,1,240,19
53091277,429792351,Queens,Jamaica,40.70594,-73.80345,Entire home/apt,173,3,18,1,349,18
53143225,1674691,Brooklyn,Bushwick,40.69937,-73.92737,Entire home/apt,329,2,3,1,251,3
53199627,392242093,Brooklyn,Crown Heights,40.67577,-73.90997,Private room,46,30,3,2,229,3
53143609,473974960,Manhattan,Washington Heights,40.83173,-73.94275,Entire home/apt,407,1,6,1,179,6
53200188,411007807,Manhattan,Hell's Kitchen,40.76408,-73.98832,Entire home/apt,160,2,5,1,149,5
53200297,3212875,Manhattan,Chinatown,40.71748,-73.9959,Entire home/apt,249,5,14,1,65,14
53143744,201399118,Queens,Jamaica,40.70585,-73.8031,Entire home/apt,126,2,22,1,0,22
53202070,36342576,Manhattan,Hell's Kitchen,40.75679,-73.99375,Entire home/apt,335,3,66,1,201,66
53145253,6122393,Brooklyn,Crown Heights,40.67393,-73.95221,Entire home/apt,143,2,21,4,0,21
53202170,7001027,Brooklyn,Red Hook,40.67471,-74.01274,Entire home/apt,229,3,2,1,259,2
53202859,194377255,Queens,East Elmhurst,40.76026,-73.88488,Private room,70,1,29,3,246,29
53203368,6524406,Brooklyn,Crown Heights,40.67558,-73.95035,Entire home/apt,75,14,6,1,0,6
53204468,6523090,Manhattan,Upper East Side,40.78229,-73.9554,Entire home/apt,500,4,2,1,0,2
53204748,90057034,Brooklyn,Bedford-Stuyvesant,40.69139,-73.93108,Private room,78,4,0,1,0,0
53091427,429793250,Brooklyn,East New York,40.66913,-73.85814,Entire home/apt,161,1,46,1,75,46
53092022,16533638,Manhattan,Chelsea,40.73768,-73.99307,Entire home/apt,265,30,1,1,74,1
53093610,62693751,Manhattan,Midtown,40.76458,-73.97764,Entire home/apt,3500,4,0,1,358,0
53145833,40242880,Manhattan,West Village,40.73787,-74.00826,Entire home/apt,380,3,6,1,99,6
53094214,311438508,Bronx,Port Morris,40.80625,-73.92289,Entire home/apt,115,2,52,1,79,52
53094362,22309428,Manhattan,Nolita,40.72112,-73.99548,Private room,112,1,7,2,0,7
53094819,14947424,Brooklyn,Bedford-Stuyvesant,40.69016,-73.95905,Entire home/apt,357,2,11,1,3,11
53095518,203890641,Queens,Ditmars Steinway,40.77605,-73.90871,Private room,98,3,29,5,0,29
53096251,221913542,Brooklyn,Bushwick,40.69115,-73.90454,Entire home/apt,120,1,56,9,6,56
53096472,221913542,Brooklyn,Bushwick,40.69257,-73.90434,Entire home/apt,171,1,40,9,0,40
53098054,423317308,Brooklyn,Bedford-Stuyvesant,40.69532,-73.94005,Private room,65,2,3,4,330,3
53098276,19303369,Queens,Flushing,40.75883,-73.82211,Private room,43,30,1,175,25,1
53098339,19303369,Queens,Flushing,40.75952,-73.82022,Private room,41,30,2,175,0,2
53098418,19303369,Queens,Flushing,40.7575,-73.8205,Private room,32,30,0,175,44,0
53204950,414406565,Bronx,Highbridge,40.83311,-73.92787,Entire home/apt,200,2,4,1,339,4
53147386,334206598,Bronx,University Heights,40.86245,-73.90628,Private room,56,2,17,1,343,17
53148122,38672932,Brooklyn,Prospect-Lefferts Gardens,40.65643,-73.96108,Entire home/apt,174,2,4,1,5,4
53205761,9374496,Manhattan,Gramercy,40.73461,-73.98392,Entire home/apt,271,3,9,1,3,9
53205816,194377255,Queens,East Elmhurst,40.76029,-73.88405,Private room,60,1,33,3,251,33
53211028,27482502,Manhattan,Hell's Kitchen,40.75325,-73.99387,Entire home/apt,500,5,0,1,252,0
53211837,284286042,Queens,Astoria,40.76798,-73.93325,Private room,77,3,6,2,325,6
53148895,68242337,Brooklyn,Flatbush,40.63362,-73.95782,Entire home/apt,400,2,10,1,183,10
53099144,428055153,Brooklyn,Crown Heights,40.67435,-73.92585,Entire home/apt,177,3,9,1,31,9
53148901,241737264,Manhattan,Hell's Kitchen,40.76372,-73.99284,Entire home/apt,208,1,1,1,1,1
53213122,429999434,Queens,Laurelton,40.67918,-73.75384,Private room,65,3,9,3,339,9
53213305,7027396,Brooklyn,Crown Heights,40.67756,-73.93709,Private room,140,2,9,1,82,9
53213701,430092283,Brooklyn,Canarsie,40.6475,-73.90222,Private room,50,1,22,4,149,22
53213847,384532776,Manhattan,SoHo,40.72722,-74.00205,Entire home/apt,135,60,2,44,259,2
53214276,407939379,Manhattan,Chelsea,40.74259,-74.00088,Entire home/apt,404,2,18,3,79,18
53149000,395671107,Manhattan,Upper West Side,40.79543751380979,-73.97198685627782,Private room,55,30,0,14,155,0
53149986,395671107,Manhattan,Upper West Side,40.79776141076042,-73.96977248110225,Private room,69,30,0,14,96,0
53150639,395671107,Manhattan,Upper West Side,40.79728,-73.97025,Private room,68,30,1,14,75,1
53150648,30283594,Bronx,Port Morris,40.81039,-73.93144,Entire home/apt,258,1,2,95,356,2
53150755,341908723,Brooklyn,East Flatbush,40.6501,-73.95018,Private room,48,30,0,53,0,0
53151400,104134325,Manhattan,Harlem,40.80295,-73.95008,Entire home/apt,98,30,0,1,207,0
53215182,352987237,Manhattan,Hell's Kitchen,40.76389,-73.99341,Entire home/apt,450,2,21,1,57,21
53215329,430092283,Brooklyn,Canarsie,40.64636,-73.90395,Private room,46,1,28,4,149,28
53101927,429881978,Manhattan,Midtown,40.754,-73.97134,Entire home/apt,1500,2,16,1,0,16
53105871,3223938,Brooklyn,Bushwick,40.69217,-73.91266,Private room,36,90,0,288,338,0
53106068,3223938,Brooklyn,Bushwick,40.69146,-73.91283,Private room,35,90,0,288,249,0
53151407,395671107,Manhattan,Upper West Side,40.7964,-73.97,Private room,55,30,1,14,151,1
53151823,282262765,Brooklyn,Kensington,40.63984,-73.97482,Entire home/apt,175,2,28,1,334,28
53106344,88976714,Bronx,Norwood,40.87572,-73.8796,Entire home/apt,165,2,12,1,340,12
53106404,3223938,Brooklyn,Bushwick,40.69397,-73.93002,Private room,38,90,0,288,311,0
53107418,394817730,Manhattan,Hell's Kitchen,40.76089,-73.98733,Private room,289,1,1,61,0,1
53152017,430279823,Brooklyn,Midwood,40.61273,-73.95563,Entire home/apt,98,2,34,1,0,34
53107540,34241368,Manhattan,West Village,40.73516,-74.00204,Entire home/apt,195,8,9,1,123,9
53107930,429826037,Brooklyn,Cypress Hills,40.67774,-73.89202,Entire home/apt,100,30,4,12,362,4
53215556,328865524,Brooklyn,Brownsville,40.66761,-73.92066,Entire home/apt,171,1,8,1,305,8
53215615,98662265,Manhattan,Hell's Kitchen,40.76255,-73.99125,Entire home/apt,155,2,4,1,0,4
53215623,27181542,Manhattan,Kips Bay,40.74092,-73.98101,Entire home/apt,140,30,3,69,42,3
53216181,430092283,Brooklyn,Canarsie,40.6465,-73.90211,Private room,50,1,18,4,61,18
53216277,47125955,Queens,Ditmars Steinway,40.77448,-73.90906,Private room,58,30,0,2,0,0
53152701,430285081,Manhattan,Washington Heights,40.85615,-73.93683,Private room,42,30,0,1,323,0
53153292,399868350,Manhattan,Harlem,40.8267,-73.9415,Private room,80,1,58,2,30,58
53153667,388289391,Queens,Woodside,40.75355,-73.90283,Private room,65,1,47,2,249,47
53216577,430837138,Manhattan,Lower East Side,40.72022,-73.98708,Entire home/apt,300,6,1,1,227,1
53217182,26137271,Brooklyn,Crown Heights,40.677429,-73.957954,Private room,104,2,6,1,342,6
53217203,27181542,Manhattan,Upper East Side,40.77356,-73.94779,Entire home/apt,135,30,1,69,126,1
53218904,2137595,Manhattan,Harlem,40.82423,-73.94838,Entire home/apt,160,5,13,3,12,13
53218922,279775863,Manhattan,West Village,40.73918,-74.00288,Entire home/apt,300,20,3,11,337,3
53218993,319633263,Queens,Astoria,40.75813,-73.91149,Entire home/apt,146,60,0,2,0,0
53219173,74488815,Queens,Astoria,40.76674,-73.92521,Private room,52,1,50,15,192,50
53109044,103865219,Brooklyn,Bedford-Stuyvesant,40.68429,-73.93448,Entire home/apt,197,2,39,1,91,39
53109139,429826037,Brooklyn,Bedford-Stuyvesant,40.67716,-73.92358,Entire home/apt,180,30,0,12,365,0
53155237,32601368,Brooklyn,Bushwick,40.68936,-73.91636,Private room,64,1,7,2,6,7
53109204,429941031,Brooklyn,Clinton Hill,40.68773,-73.96844,Entire home/apt,249,1,61,1,56,61
53109730,119692067,Brooklyn,Sunset Park,40.644527,-74.001442,Private room,60,1,29,8,267,29
53219891,32102410,Manhattan,Battery Park City,40.70516,-74.01652,Entire home/apt,220,30,1,1,205,1
53219942,36170398,Brooklyn,Prospect-Lefferts Gardens,40.65447,-73.96182,Entire home/apt,200,10,1,1,129,1
53220019,393411688,Brooklyn,Bedford-Stuyvesant,40.67921,-73.94003,Entire home/apt,151,2,36,3,280,36
53155469,52155780,Queens,Queens Village,40.70785,-73.74679,Private room,51,4,6,1,82,6
53220194,260205382,Manhattan,Upper West Side,40.79882,-73.96089,Private room,100,7,1,1,244,1
53220442,393411688,Brooklyn,Bedford-Stuyvesant,40.67891,-73.93957,Entire home/apt,139,2,31,3,251,31
53221002,168666410,Manhattan,Hell's Kitchen,40.761561828628416,-73.99499134239807,Entire home/apt,197,1,0,1,338,0
53221284,27181542,Manhattan,Upper East Side,40.77195,-73.95377,Entire home/apt,170,30,3,69,312,3
53109858,20950225,Manhattan,Lower East Side,40.71385,-73.99004,Entire home/apt,295,28,4,1,3,4
53160788,430350387,Brooklyn,East New York,40.65545,-73.89536,Entire home/apt,140,3,28,1,156,28
53160927,430352020,Queens,Jamaica Estates,40.71555,-73.78664,Entire home/apt,357,30,18,6,221,18
53163014,7975932,Queens,Ridgewood,40.70017,-73.8983,Entire home/apt,205,5,6,2,2,6
53163071,427093425,Manhattan,East Harlem,40.79085,-73.94775,Entire home/apt,250,5,0,1,0,0
53221514,37101534,Manhattan,Hell's Kitchen,40.76197417603809,-73.99808331882278,Entire home/apt,199,8,2,1,0,2
53221519,387845873,Queens,Rego Park,40.72976,-73.86768,Entire home/apt,185,7,8,2,39,8
53164152,3223938,Brooklyn,Bay Ridge,40.63005,-74.02609,Private room,26,90,0,288,248,0
53165559,32538641,Queens,Long Island City,40.75246,-73.93837,Entire home/apt,228,10,19,2,145,19
53165803,25191124,Manhattan,Harlem,40.80555,-73.95548,Entire home/apt,399,2,17,1,0,17
53221545,15008143,Manhattan,Battery Park City,40.70704,-74.01654,Entire home/apt,90,30,0,1,252,0
53110478,347719349,Bronx,Van Nest,40.8487,-73.8646,Private room,129,1,4,4,87,4
53110689,85202871,Queens,Rosedale,40.65209,-73.72587,Entire home/apt,299,6,3,2,301,3
53167175,24641078,Manhattan,Upper East Side,40.77688,-73.96108,Entire home/apt,447,30,2,4,84,2
53167711,262874199,Brooklyn,Brighton Beach,40.58148,-73.9547,Entire home/apt,162,5,10,1,355,10
53110748,4887529,Brooklyn,Williamsburg,40.71283,-73.94781,Entire home/apt,225,30,34,1,341,34
53167756,341908723,Brooklyn,East Flatbush,40.65066,-73.952,Private room,48,30,0,53,54,0
53168095,2368191,Brooklyn,East Flatbush,40.6627,-73.92922,Entire home/apt,146,4,22,4,36,22
53168182,341908723,Brooklyn,East Flatbush,40.65043,-73.95068,Private room,48,30,0,53,31,0
53168999,348966940,Brooklyn,Bushwick,40.68906,-73.91538,Private room,60,90,0,1,313,0
53111020,397296766,Queens,Elmhurst,40.7444,-73.87708,Private room,93,2,12,1,326,12
53111795,158969505,Manhattan,Nolita,40.7228,-73.99348,Entire home/apt,337,2,26,200,130,26
53112096,158969505,Manhattan,Lower East Side,40.72295,-73.9922,Entire home/apt,307,2,10,200,173,10
53112471,158969505,Manhattan,Lower East Side,40.72101,-73.99216,Entire home/apt,223,2,30,200,112,30
53112729,158969505,Manhattan,Lower East Side,40.72293,-73.99283,Entire home/apt,226,2,51,200,82,51
53221794,430890809,Bronx,Kingsbridge,40.87276,-73.90098,Private room,75,1,7,2,358,7
53222519,120821933,Brooklyn,Bushwick,40.69066,-73.91207,Entire home/apt,299,5,23,1,144,23
53223918,430907225,Brooklyn,East Flatbush,40.64973,-73.93584,Entire home/apt,145,3,49,1,251,49
53227851,3223938,Queens,Ridgewood,40.70486,-73.90396,Private room,32,90,0,288,338,0
53229531,128579948,Manhattan,Upper East Side,40.76638,-73.96564,Entire home/apt,521,30,23,4,261,23
53230183,413204967,Queens,Ditmars Steinway,40.77492,-73.91132,Private room,70,1,14,13,59,14
53170518,2581417,Brooklyn,Williamsburg,40.70805,-73.92442,Entire home/apt,130,30,1,1,262,1
53170821,318213165,Brooklyn,Bushwick,40.69534,-73.9123,Private room,111,1,27,1,361,27
53230692,25001454,Manhattan,Washington Heights,40.84401,-73.93395,Private room,91,1,5,1,190,5
53231861,123097,Brooklyn,Williamsburg,40.71763,-73.95333,Entire home/apt,275,30,2,1,116,2
53231998,62605071,Brooklyn,Coney Island,40.57592,-74.000832,Private room,91,2,9,5,195,9
53112748,84784520,Brooklyn,Bedford-Stuyvesant,40.68072,-73.91946,Entire home/apt,170,1,0,1,66,0
53112803,429826037,Brooklyn,Cypress Hills,40.67953,-73.88997,Entire home/apt,103,30,1,12,270,1
53113382,403346164,Brooklyn,Crown Heights,40.6772,-73.94541,Entire home/apt,90,30,3,1,307,3
53114007,4354289,Brooklyn,Prospect-Lefferts Gardens,40.66264,-73.95037,Entire home/apt,117,3,46,1,147,46
53116110,429999434,Queens,Laurelton,40.678226,-73.754036,Private room,61,3,9,3,360,9
53116201,204704622,Queens,Woodside,40.74653,-73.8914,Private room,48,30,0,157,0,0
53116506,3278848,Bronx,Highbridge,40.84184,-73.92833,Private room,55,3,26,2,0,26
53171838,430436254,Brooklyn,Bedford-Stuyvesant,40.694939,-73.948067,Entire home/apt,589,4,27,1,313,27
53116645,26976628,Brooklyn,Bedford-Stuyvesant,40.67862,-73.9273,Entire home/apt,240,5,5,1,344,5
53117220,210032296,Brooklyn,Flatbush,40.64891,-73.95385,Entire home/apt,240,2,6,3,363,6
53172833,7065964,Brooklyn,Cypress Hills,40.67895,-73.8927,Entire home/apt,271,3,31,4,127,31
53173426,430380865,Brooklyn,Bedford-Stuyvesant,40.69176,-73.93976,Entire home/apt,110,2,28,1,300,28
53232183,31589149,Brooklyn,Greenpoint,40.72217,-73.9399,Private room,119,2,16,1,119,16
53174411,37097159,Queens,Long Island City,40.75378,-73.938995,Entire home/apt,109,2,17,1,6,17
53175969,391031052,Bronx,Belmont,40.85342,-73.89394,Private room,200,1,0,2,365,0
53179842,227890058,Brooklyn,Williamsburg,40.715569,-73.947929,Private room,165,3,12,2,57,12
53180511,223087887,Queens,Corona,40.73689,-73.86342,Private room,83,1,9,6,356,9
53180695,430510722,Brooklyn,Park Slope,40.67163,-73.98086,Entire home/apt,376,1,45,1,51,45
53232544,430972148,Manhattan,Marble Hill,40.87478,-73.90721,Entire home/apt,175,1,0,1,0,0
53117856,424354855,Bronx,Fordham,40.86717,-73.89304,Private room,65,1,7,1,280,7
53180823,55713789,Manhattan,Upper West Side,40.77348,-73.98845,Entire home/apt,140,30,1,1,0,1
53181210,223087887,Queens,Corona,40.73859,-73.86263,Shared room,40,1,11,6,352,11
53181548,430517796,Manhattan,Chinatown,40.7159,-73.99695,Entire home/apt,236,4,34,1,31,34
53118209,373734101,Brooklyn,Canarsie,40.64452,-73.89872,Entire home/apt,204,5,17,1,72,17
53119150,117507630,Brooklyn,Brownsville,40.67605,-73.90617,Entire home/apt,200,4,15,1,55,15
53232849,102498043,Manhattan,Hell's Kitchen,40.7577,-73.99196,Entire home/apt,252,1,39,1,139,39
53181922,430520580,Brooklyn,Bushwick,40.68818,-73.90952,Private room,70,90,1,8,341,1
53183704,430327041,Manhattan,Chinatown,40.71806,-73.99395,Entire home/apt,399,5,30,2,93,30
53233687,162864084,Bronx,University Heights,40.85734,-73.90805,Entire home/apt,155,2,26,1,257,26
53234241,430983788,Queens,Woodside,40.74921,-73.90079,Private room,100,3,1,1,310,1
53120519,211392722,Bronx,Morris Park,40.85195,-73.86012,Entire home/apt,228,2,29,1,351,29
53122372,315428292,Queens,Long Island City,40.75329,-73.93496,Private room,100,2,18,1,12,18
53122420,40120584,Brooklyn,Williamsburg,40.71102,-73.95851,Entire home/apt,175,7,5,1,272,5
53123360,409302638,Brooklyn,Bushwick,40.69824,-73.93609,Entire home/apt,420,2,23,1,0,23
53185811,123062916,Manhattan,West Village,40.73018,-74.00436,Entire home/apt,595,2,25,1,276,25
53234415,208576158,Queens,Jamaica,40.68702,-73.78482,Private room,150,1,13,1,362,13
53186269,268135013,Brooklyn,Bushwick,40.69288,-73.91481,Entire home/apt,220,1,7,1,115,7
53234675,16342974,Brooklyn,Clinton Hill,40.68466,-73.96687,Entire home/apt,175,30,2,1,291,2
53234877,182523684,Queens,Middle Village,40.71569,-73.88681,Private room,70,2,4,4,249,4
53235897,13905701,Manhattan,Midtown,40.74609,-73.98161,Entire home/apt,250,2,23,1,0,23
53123361,430051258,Brooklyn,Canarsie,40.63706,-73.88592,Entire home/apt,186,1,6,1,364,6
53124895,39174588,Queens,Long Island City,40.74517,-73.94504,Private room,108,3,21,1,0,21
53125535,420445980,Queens,Long Island City,40.75708,-73.94173,Private room,250,1,9,7,358,9
53126131,387493702,Bronx,Parkchester,40.83828,-73.86018,Private room,85,2,3,2,354,3
53126188,17026738,Brooklyn,Bedford-Stuyvesant,40.69301,-73.92948,Entire home/apt,169,4,0,2,0,0
53126832,371911830,Manhattan,Midtown,40.75289,-73.97146,Private room,425,2,1,3,0,1
53186607,430520580,Brooklyn,Bushwick,40.68816,-73.9095,Private room,70,90,1,8,341,1
53187956,308165996,Brooklyn,Bushwick,40.69634,-73.92873,Private room,111,2,0,4,117,0
53188172,256972139,Brooklyn,Bedford-Stuyvesant,40.69087,-73.93647,Entire home/apt,275,2,6,7,171,6
53189912,13023370,Brooklyn,Williamsburg,40.71349,-73.94011,Entire home/apt,280,29,8,1,277,8
53314071,122991035,Queens,Corona,40.74297,-73.85146,Entire home/apt,190,1,14,1,329,14
53241724,225291555,Brooklyn,Williamsburg,40.71305,-73.9368,Entire home/apt,186,2,2,1,216,2
53242219,40828217,Brooklyn,Prospect-Lefferts Gardens,40.66156,-73.94321,Entire home/apt,96,5,7,5,288,7
53242466,123460654,Manhattan,Inwood,40.86299,-73.92182,Entire home/apt,198,3,20,1,341,20
53236209,12533228,Manhattan,Midtown,40.75553,-73.96688,Entire home/apt,457,2,5,2,135,5
53236575,108435759,Queens,Elmhurst,40.73787,-73.86763,Entire home/apt,89,2,51,1,253,51
53236613,427922501,Manhattan,Theater District,40.758892,-73.983391,Private room,500,1,0,2,342,0
53314978,91985207,Brooklyn,Bedford-Stuyvesant,40.692,-73.95784,Entire home/apt,123,1,49,1,1,49
53238609,431018108,Bronx,Clason Point,40.80853,-73.85394,Private room,59,4,19,3,354,19
53239218,359903354,Manhattan,SoHo,40.72616,-74.0007,Entire home/apt,2500,2,0,12,327,0
53239221,359903354,Queens,South Ozone Park,40.6666,-73.82059,Entire home/apt,451,2,8,12,353,8
53240053,170960170,Queens,South Ozone Park,40.66872,-73.81863,Entire home/apt,586,2,0,6,365,0
53248306,18320499,Brooklyn,Williamsburg,40.71037,-73.96193,Entire home/apt,189,2,1,1,250,1
53250544,13603829,Queens,South Ozone Park,40.66507,-73.81366,Entire home/apt,464,4,2,5,365,2
53251557,110871178,Brooklyn,Brownsville,40.65843,-73.90722,Entire home/apt,215,5,13,2,260,13
53252054,279890311,Queens,Woodhaven,40.68811,-73.86272,Entire home/apt,218,1,16,1,0,16
53315072,140153865,Queens,East Elmhurst,40.76698,-73.87468,Entire home/apt,75,1,6,1,191,6
53256538,120715669,Brooklyn,Bedford-Stuyvesant,40.69212,-73.94402,Entire home/apt,130,50,1,1,0,1
53256665,96891607,Brooklyn,East Flatbush,40.6613,-73.93152,Private room,101,1,19,4,344,19
53256987,415840703,Manhattan,Financial District,40.70556,-74.00637,Entire home/apt,241,30,1,15,303,1
53257830,96891607,Brooklyn,East Flatbush,40.66292,-73.93099,Private room,91,1,17,4,350,17
53257905,30045574,Manhattan,Upper West Side,40.77679,-73.98091,Entire home/apt,150,30,0,5,283,0
53258098,4122424,Brooklyn,Williamsburg,40.70953,-73.94739,Entire home/apt,160,30,1,1,0,1
53258483,2653479,Manhattan,Upper West Side,40.8004,-73.9605,Private room,61,30,6,41,66,6
53240079,1681142,Manhattan,Upper West Side,40.77443,-73.98065,Entire home/apt,150,30,1,1,313,1
53240239,390346114,Manhattan,Inwood,40.86641,-73.92633,Entire home/apt,157,3,18,4,35,18
53240369,390346114,Manhattan,Inwood,40.86654,-73.92607,Entire home/apt,225,2,25,4,138,25
53240886,4352085,Manhattan,East Village,40.72236,-73.98136,Entire home/apt,348,3,20,1,222,20
53382298,397595133,Bronx,Concourse,40.83046,-73.92352,Entire home/apt,112,1,7,1,0,7
53315327,22541573,Manhattan,Chelsea,40.74117,-74.00009,Entire home/apt,189,30,0,131,332,0
53317619,15200493,Brooklyn,Williamsburg,40.7137,-73.95765,Entire home/apt,320,7,1,1,35,1
53317759,401709949,Brooklyn,Bushwick,40.69992,-73.93945,Private room,45,30,4,20,249,4
53320871,3223938,Brooklyn,Bedford-Stuyvesant,40.69459,-73.94691,Private room,39,90,0,288,311,0
53320872,3223938,Brooklyn,Bedford-Stuyvesant,40.69597,-73.94568,Private room,39,90,0,288,263,0
53323032,285731927,Bronx,Concourse Village,40.82556,-73.92144,Entire home/apt,145,1,1,2,62,1
53326420,1468231,Brooklyn,Williamsburg,40.71932,-73.95471,Entire home/apt,225,3,1,1,0,1
53258827,13013978,Brooklyn,Williamsburg,40.71308,-73.94386,Entire home/apt,280,7,3,1,64,3
53258947,96891607,Brooklyn,East Flatbush,40.66344,-73.93149,Private room,98,1,22,4,345,22
53259051,27375469,Brooklyn,Williamsburg,40.71228,-73.96428,Entire home/apt,196,2,6,2,2,6
53326519,2799768,Manhattan,East Village,40.72469,-73.97683,Entire home/apt,150,30,0,1,83,0
53259458,95679382,Manhattan,Midtown,40.74195,-73.98348,Entire home/apt,1000,10,3,2,0,3
53259662,10612293,Brooklyn,South Slope,40.6675,-73.98825,Private room,378,5,7,3,30,7
53326975,74488815,Queens,Astoria,40.76839,-73.92488,Private room,82,1,33,15,301,33
53327074,74488815,Queens,Astoria,40.7683,-73.92522,Private room,60,1,22,15,275,22
53327598,32162351,Brooklyn,Greenpoint,40.73137,-73.95838,Entire home/apt,200,2,3,1,0,3
53328559,17462538,Brooklyn,Bedford-Stuyvesant,40.6868,-73.95541,Entire home/apt,250,3,21,1,154,21
53260619,431183293,Queens,Astoria,40.76619819844359,-73.91244857589842,Entire home/apt,169,3,31,4,286,31
53382541,91600307,Manhattan,Battery Park City,40.71736,-74.01574,Entire home/apt,270,7,0,1,0,0
53382577,430121024,Brooklyn,Bushwick,40.68825,-73.91903,Shared room,42,90,1,4,347,1
53383008,430121024,Brooklyn,Bushwick,40.68857,-73.91702,Private room,95,90,0,4,341,0
53383517,188212054,Brooklyn,Bay Ridge,40.62009,-74.02353,Entire home/apt,188,5,13,3,72,13
53383843,432231920,Brooklyn,Cypress Hills,40.68041,-73.88093,Entire home/apt,96,2,25,1,135,25
53329617,20539345,Manhattan,Financial District,40.70873,-74.00647,Entire home/apt,249,3,6,2,3,6
53330115,431776619,Brooklyn,Canarsie,40.64535,-73.89574,Entire home/apt,90,30,4,1,335,4
53384597,123320165,Queens,Astoria,40.76769,-73.91048,Entire home/apt,120,3,1,1,0,1
53260850,6086114,Manhattan,Upper East Side,40.770977,-73.95639,Private room,107,2,43,1,7,43
53260928,62130666,Brooklyn,Williamsburg,40.71131,-73.94721,Entire home/apt,600,3,25,2,280,25
53261040,132866292,Manhattan,Midtown,40.75389,-73.98039,Entire home/apt,425,2,54,6,265,54
53261763,4667705,Queens,Ridgewood,40.70553,-73.91496,Private room,300,1,5,6,357,5
53268748,139712252,Brooklyn,Bedford-Stuyvesant,40.68263,-73.94672,Entire home/apt,197,4,17,2,302,17
53269323,57765481,Brooklyn,Greenpoint,40.73482709282135,-73.95370278948992,Entire home/apt,518,3,2,1,2,2
53270564,61391963,Manhattan,Upper East Side,40.76974,-73.96197,Entire home/apt,133,30,4,116,152,4
53272590,384295125,Manhattan,Midtown,40.76391,-73.98231,Entire home/apt,470,1,7,11,357,7
53273590,60864986,Bronx,Riverdale,40.88427,-73.91284,Private room,250,1,0,1,364,0
53275796,50238586,Brooklyn,Williamsburg,40.71905,-73.94656,Entire home/apt,200,2,4,2,260,4
53276671,73754598,Queens,East Elmhurst,40.75901,-73.896698,Private room,80,1,68,1,336,68
53278501,358397432,Brooklyn,Clinton Hill,40.69298,-73.96742,Private room,167,2,17,1,28,17
53335766,428639770,Manhattan,Upper West Side,40.78051,-73.97697,Entire home/apt,160,30,5,5,262,5
53278833,211106440,Brooklyn,Crown Heights,40.67721,-73.94418,Entire home/apt,220,30,1,1,52,1
53280491,416381658,Brooklyn,Bedford-Stuyvesant,40.68919,-73.94558,Entire home/apt,245,6,0,3,0,0
53280628,217591735,Brooklyn,Williamsburg,40.70783,-73.93785,Private room,110,7,2,2,339,2
53280936,75294999,Brooklyn,East New York,40.67309,-73.89034,Entire home/apt,181,3,12,2,278,12
53281228,408979935,Manhattan,Gramercy,40.73513,-73.98785,Private room,119,5,45,17,60,45
53384900,432243229,Brooklyn,Canarsie,40.64597,-73.89049,Entire home/apt,85,1,22,1,318,22
53335831,394817730,Manhattan,Hell's Kitchen,40.7616,-73.98664,Private room,289,1,2,61,0,2
53336026,394817730,Manhattan,Theater District,40.75946,-73.98518,Private room,289,1,1,61,0,1
53336232,394817730,Manhattan,Hell's Kitchen,40.76165,-73.98707,Private room,289,1,2,61,0,2
53340040,31522757,Brooklyn,Williamsburg,40.70662,-73.94778,Entire home/apt,175,21,1,1,317,1
53340131,408976756,Brooklyn,Windsor Terrace,40.65828,-73.97904,Private room,214,1,1,6,141,1
53340147,408976756,Brooklyn,Windsor Terrace,40.65978,-73.97901,Private room,214,1,10,6,139,10
53340189,431870776,Queens,Jackson Heights,40.75625,-73.8662,Private room,70,1,0,1,0,0
53281303,27891261,Manhattan,Hell's Kitchen,40.75985,-73.99407,Entire home/apt,207,30,2,1,66,2
53281815,351914727,Queens,Jamaica,40.6777,-73.78223,Entire home/apt,222,3,26,2,356,26
53282574,424459512,Brooklyn,Prospect-Lefferts Gardens,40.66227,-73.9621,Private room,50,1,4,2,252,4
53282903,223087887,Queens,Corona,40.73845,-73.86475,Private room,105,1,14,6,351,14
53284962,63731117,Brooklyn,Bedford-Stuyvesant,40.686455,-73.918251,Entire home/apt,225,30,23,2,241,23
53286280,92561578,Bronx,Port Morris,40.80458,-73.92555,Private room,85,30,0,4,138,0
53287361,224733902,Manhattan,Upper East Side,40.77095,-73.95877,Entire home/apt,161,30,4,7,218,4
53288377,19303369,Queens,Elmhurst,40.74334,-73.89013,Private room,41,30,0,175,19,0
53288479,19303369,Queens,Elmhurst,40.74348,-73.88848,Private room,40,30,0,175,23,0
53288626,19303369,Queens,Elmhurst,40.74217,-73.88821,Private room,36,30,1,175,0,1
53288928,19303369,Queens,Flushing,40.75772,-73.82229,Private room,40,30,0,175,53,0
53289526,400431577,Manhattan,Upper West Side,40.80039,-73.9609,Private room,104,1,48,6,306,48
53290053,200239515,Queens,Elmhurst,40.7442,-73.88995,Private room,38,30,0,158,0,0
53290228,200239515,Queens,Elmhurst,40.74207,-73.88842,Private room,41,30,0,158,47,0
53290354,200239515,Queens,Elmhurst,40.74247,-73.89022,Private room,40,30,0,158,53,0
53290385,431183293,Queens,Astoria,40.76452,-73.91357,Entire home/apt,155,3,8,4,286,8
53290541,200239515,Queens,Elmhurst,40.74212,-73.88814,Private room,37,30,0,158,7,0
53290646,200239515,Queens,Flushing,40.75823,-73.82222,Private room,45,30,1,158,55,1
53290764,200239515,Queens,Flushing,40.75761,-73.82175,Private room,32,30,0,158,13,0
53290905,200239515,Queens,Flushing,40.75776,-73.82166,Private room,38,30,0,158,0,0
53292074,4483467,Brooklyn,Greenpoint,40.73208,-73.95631,Private room,130,15,14,5,295,14
53292101,9293730,Manhattan,Upper East Side,40.77096,-73.95696,Entire home/apt,123,30,4,37,277,4
53340875,5590196,Brooklyn,Prospect-Lefferts Gardens,40.66191,-73.94801,Private room,172,2,2,1,357,2
53343701,58687873,Bronx,Van Nest,40.84729,-73.86173,Entire home/apt,350,1,5,2,364,5
53344879,400171600,Manhattan,East Village,40.7304,-73.98425,Entire home/apt,307,3,1,1,270,1
53345807,27181542,Manhattan,Upper East Side,40.77148,-73.95844,Entire home/apt,225,30,1,69,124,1
53345894,331185230,Manhattan,Harlem,40.80273,-73.95604,Entire home/apt,382,3,8,10,3,8
53346269,400944908,Manhattan,Upper West Side,40.795273,-73.963577,Private room,60,5,41,3,181,41
53346294,427705801,Manhattan,Harlem,40.81454,-73.94249,Entire home/apt,485,2,12,3,180,12
53348243,167776541,Queens,Arverne,40.591675,-73.790756,Entire home/apt,300,3,31,1,0,31
53292314,41135932,Manhattan,Chelsea,40.73961,-73.99441,Entire home/apt,189,3,3,1,12,3
53292368,200239515,Queens,Flushing,40.7592,-73.8203,Private room,38,30,1,158,0,1
53293151,305718497,Queens,Rego Park,40.72087,-73.86576,Entire home/apt,200,30,0,2,334,0
53293814,416382093,Queens,Elmhurst,40.73811,-73.88171,Private room,60,2,17,3,322,17
53294328,20607449,Brooklyn,Bedford-Stuyvesant,40.68379,-73.94738,Entire home/apt,185,3,3,1,8,3
53349532,107434423,Manhattan,Chelsea,40.753011,-73.995934,Entire home/apt,351,31,0,453,153,0
53349734,107434423,Manhattan,Chelsea,40.753011,-73.995934,Entire home/apt,553,31,0,453,140,0
53353569,224301575,Brooklyn,Sunset Park,40.65105,-74.00434,Private room,69,14,9,1,343,9
53294652,154482593,Brooklyn,East New York,40.6718,-73.88605,Entire home/apt,118,3,29,1,340,29
53296224,428141360,Brooklyn,Bushwick,40.68896,-73.91012,Shared room,42,90,0,6,350,0
53353870,431986439,Manhattan,Theater District,40.75649,-73.98852,Entire home/apt,195,1,3,5,0,3
53385394,38407862,Queens,East Elmhurst,40.7625,-73.87879,Private room,80,1,9,3,82,9
53355572,432000371,Manhattan,East Harlem,40.792664,-73.946701,Entire home/apt,135,30,1,4,280,1
53385510,327161461,Brooklyn,Bedford-Stuyvesant,40.69154,-73.95539,Private room,84,4,0,1,123,0
53385771,14811787,Manhattan,Upper East Side,40.76653,-73.95136,Entire home/apt,110,7,1,3,265,1
53386110,10314085,Queens,Ditmars Steinway,40.77824,-73.90727,Entire home/apt,180,2,23,2,322,23
53387580,393897747,Manhattan,Upper West Side,40.78881804587681,-73.97348917792706,Entire home/apt,336,3,19,19,260,19
53391935,289129604,Queens,Jackson Heights,40.75435,-73.87015,Private room,106,4,31,6,55,31
53392913,90713895,Manhattan,Theater District,40.758209,-73.985703,Private room,1258,1,0,6,2,0
53394406,19113311,Brooklyn,Williamsburg,40.71696,-73.94424,Entire home/apt,178,5,4,1,253,4
53296353,90117794,Queens,Ridgewood,40.70349053568975,-73.91005939469665,Entire home/apt,65,30,5,2,301,5
53355623,363100366,Manhattan,Hell's Kitchen,40.76147,-73.98905,Entire home/apt,150,5,0,1,45,0
53297675,207891531,Brooklyn,Carroll Gardens,40.68286,-74.00073,Entire home/apt,240,3,34,1,15,34
53299304,13373889,Staten Island,Concord,40.60531,-74.0827,Private room,263,1,5,1,0,5
53394837,120954443,Brooklyn,Bedford-Stuyvesant,40.68353,-73.9236,Entire home/apt,197,4,7,1,0,7
53356951,40875021,Manhattan,East Harlem,40.79369,-73.93602,Entire home/apt,170,4,9,4,325,9
53357105,113055692,Brooklyn,Williamsburg,40.70993,-73.95057,Entire home/apt,285,2,8,1,1,8
53357250,432000371,Manhattan,East Harlem,40.79361,-73.94553,Private room,125,30,1,4,350,1
53357737,248743490,Brooklyn,Bedford-Stuyvesant,40.68928,-73.93303,Private room,31,2,20,3,160,20
53358037,384532776,Queens,Arverne,40.59821,-73.80003,Entire home/apt,100,30,1,44,0,1
53358255,255257985,Manhattan,Lower East Side,40.72101,-73.98388,Entire home/apt,110,60,0,1,0,0
53395289,451114719,Brooklyn,Bushwick,40.69236,-73.90868,Entire home/apt,168,3,3,1,82,3
53398099,11569309,Brooklyn,Williamsburg,40.71255,-73.95151,Entire home/apt,320,5,5,1,0,5
53299373,267272502,Bronx,Claremont Village,40.8425,-73.90542,Private room,80,4,0,28,95,0
53359672,432032850,Brooklyn,Crown Heights,40.67531,-73.9426,Entire home/apt,135,2,25,1,289,25
53300313,431522149,Queens,Flushing,40.7449,-73.82823,Entire home/apt,94,3,41,1,275,41
53300325,2173706,Brooklyn,Crown Heights,40.66665,-73.95131,Entire home/apt,139,3,2,2,118,2
53306020,9818387,Manhattan,Upper West Side,40.80182,-73.96647,Entire home/apt,450,7,2,1,358,2
53398202,310264523,Manhattan,Two Bridges,40.71154,-73.99333,Entire home/apt,100,3,12,1,28,12
53360352,79478180,Manhattan,Upper West Side,40.7926,-73.97679,Entire home/apt,250,2,1,1,0,1
53398625,432356078,Manhattan,West Village,40.73469,-74.00432,Entire home/apt,200,28,0,1,0,0
53306350,429378639,Brooklyn,Bedford-Stuyvesant,40.69401,-73.94759,Entire home/apt,155,2,25,1,175,25
53308410,332212831,Manhattan,Upper West Side,40.79991,-73.9632,Private room,141,4,9,3,253,9
53309419,415460981,Queens,Flushing,40.75636,-73.82412,Entire home/apt,268,2,23,1,329,23
53309947,274118210,Bronx,Williamsbridge,40.87739,-73.86328,Private room,95,1,7,5,341,7
53310000,5325499,Brooklyn,Flatbush,40.65308,-73.96003,Private room,129,7,2,1,169,2
53310149,274118210,Bronx,Williamsbridge,40.8791,-73.86336,Private room,65,1,0,5,341,0
53361547,10149317,Queens,Kew Gardens,40.709103,-73.83313,Private room,69,7,9,12,357,9
53362940,432058192,Bronx,Wakefield,40.90168,-73.85042,Entire home/apt,137,1,1,1,358,1
53310316,401259881,Manhattan,Hell's Kitchen,40.76089,-73.99721,Entire home/apt,295,3,0,1,0,0
53311378,10236340,Manhattan,Midtown,40.75681,-73.96729,Private room,59,20,2,3,101,2
53311697,230947125,Brooklyn,Bedford-Stuyvesant,40.69055,-73.93431,Private room,155,1,8,5,325,8
53313409,415840703,Manhattan,Financial District,40.70352,-74.00827,Entire home/apt,194,30,1,15,261,1
53313811,45535181,Brooklyn,Crown Heights,40.67617,-73.93058,Private room,77,1,31,2,305,31
53398934,162893787,Queens,Woodside,40.745883681658725,-73.89893998089359,Private room,60,1,5,1,66,5
53362998,428837979,Bronx,Mount Eden,40.84094,-73.91336,Private room,65,3,9,1,343,9
53363257,27181542,Manhattan,Upper West Side,40.77955,-73.97944,Entire home/apt,225,30,2,69,153,2
53363466,431904792,Queens,South Ozone Park,40.67066,-73.80758,Entire home/apt,261,2,35,1,307,35
53399066,375524835,Brooklyn,Windsor Terrace,40.64855,-73.97315,Private room,33,1,37,2,219,37
53399922,279775863,Manhattan,Chelsea,40.73845,-73.99662,Entire home/apt,250,20,1,11,349,1
53400412,4170464,Brooklyn,Prospect-Lefferts Gardens,40.6567,-73.9513,Private room,135,10,2,2,281,2
53400597,45287797,Brooklyn,Williamsburg,40.7118,-73.94851,Private room,80,7,0,1,159,0
53363486,432036690,Brooklyn,Bedford-Stuyvesant,40.68554,-73.95611,Entire home/apt,375,30,4,1,87,4
53363729,89361094,Manhattan,East Harlem,40.78517,-73.94862,Entire home/apt,235,30,5,2,159,5
53364151,33588168,Manhattan,East Harlem,40.79031,-73.94116,Entire home/apt,246,3,16,1,280,16
53364770,2653479,Manhattan,Upper West Side,40.7981,-73.96081,Private room,60,30,6,41,66,6
53364824,42311387,Manhattan,Upper East Side,40.77255,-73.94665,Entire home/apt,289,7,4,1,95,4
53365213,432078650,Manhattan,Washington Heights,40.8458,-73.93429,Entire home/apt,150,3,28,1,307,28
53365229,318340,Brooklyn,Crown Heights,40.67513,-73.95936,Entire home/apt,98,30,4,1,17,4
53446231,3905152,Brooklyn,Williamsburg,40.70463,-73.93483,Private room,97,3,0,1,249,0
53365861,432084618,Brooklyn,Flatbush,40.64281,-73.95245,Entire home/apt,199,2,17,1,244,17
53366287,60532076,Brooklyn,East Flatbush,40.6434635853686,-73.94689429764605,Entire home/apt,100,30,0,2,18,0
53446306,37583303,Manhattan,Upper West Side,40.77084,-73.9904,Entire home/apt,612,3,1,1,37,1
53366429,45994853,Brooklyn,Williamsburg,40.7183,-73.96524,Entire home/apt,271,2,1,1,0,1
53448680,432786519,Staten Island,Prince's Bay,40.52224,-74.20739,Entire home/apt,115,5,1,1,310,1
53402699,432388965,Brooklyn,Prospect-Lefferts Gardens,40.65712,-73.94722,Entire home/apt,350,1,20,1,243,20
53403740,60618494,Manhattan,East Village,40.72783,-73.98306,Private room,95,7,1,1,0,1
53403946,70095320,Queens,Flushing,40.77018,-73.83121,Private room,75,2,6,3,4,6
53405902,346849574,Manhattan,Inwood,40.86598,-73.92134,Private room,67,1,9,1,353,9
53408117,107434423,Queens,Long Island City,40.7448909,-73.9568403,Entire home/apt,277,31,0,453,332,0
53366926,6136924,Brooklyn,Columbia St,40.68564,-74.00233,Private room,652,30,2,1,48,2
53370561,188830760,Queens,Flushing,40.7628,-73.8231,Private room,280,1,0,1,0,0
53409435,310133765,Manhattan,Harlem,40.82242,-73.93831,Private room,89,6,0,1,67,0
53410702,2119276,Manhattan,West Village,40.73239,-74.00809,Entire home/apt,275,30,0,22,127,0
53410940,158969505,Manhattan,Lower East Side,40.72296,-73.99299,Entire home/apt,318,2,17,200,164,17
53412410,1369577,Brooklyn,Crown Heights,40.67339,-73.925,Entire home/apt,150,5,3,3,33,3
53449908,203806534,Queens,Long Island City,40.7567,-73.92981,Entire home/apt,185,2,56,2,15,56
53450248,25079039,Queens,Astoria,40.76544,-73.91527,Entire home/apt,165,14,3,1,4,3
53372672,39942368,Brooklyn,Bushwick,40.70154,-73.92656,Entire home/apt,99,2,2,1,6,2
53373979,177404414,Queens,Astoria,40.76104,-73.92158,Private room,82,2,28,1,119,28
53450383,2237283,Brooklyn,Bedford-Stuyvesant,40.69882,-73.95116,Entire home/apt,200,5,2,1,0,2
53450489,430599829,Queens,Hollis,40.71343,-73.76253,Private room,27,30,3,4,127,3
53453680,289154444,Queens,Rosedale,40.65248,-73.74626,Entire home/apt,123,5,1,3,342,1
53454987,7462906,Manhattan,Lower East Side,40.71291,-73.98732,Entire home/apt,220,4,1,1,8,1
53412513,69788303,Manhattan,Kips Bay,40.74046,-73.97944,Entire home/apt,180,3,21,1,17,21
53413454,432478348,Queens,Flushing,40.752423082956014,-73.83372426403265,Entire home/apt,222,2,30,1,133,30
53413644,388289391,Queens,Woodside,40.75316,-73.90142,Private room,65,1,43,2,279,43
53375414,431986439,Manhattan,Midtown,40.75449,-73.98759,Entire home/apt,195,1,9,5,0,9
53375548,8387407,Brooklyn,Bedford-Stuyvesant,40.67973,-73.95015,Entire home/apt,283,1,10,5,357,10
53375640,611109,Brooklyn,Williamsburg,40.70849,-73.96559,Private room,119,3,13,3,276,13
53376375,431986439,Manhattan,Theater District,40.75563,-73.98907,Entire home/apt,195,1,2,5,0,2
53376898,5476754,Brooklyn,Bedford-Stuyvesant,40.68486,-73.95135,Entire home/apt,98,30,4,1,338,4
53377094,30532557,Brooklyn,Bedford-Stuyvesant,40.69889,-73.94088,Private room,39,30,1,26,134,1
53377483,100394501,Manhattan,Greenwich Village,40.72997,-74.00048,Entire home/apt,220,3,3,1,1,3
53414148,128600529,Bronx,Morris Park,40.8529,-73.84753,Entire home/apt,114,2,19,1,347,19
53414537,432486528,Brooklyn,Flatbush,40.63936,-73.95301,Entire home/apt,125,2,23,2,306,23
53414867,3684360,Bronx,Allerton,40.85921,-73.86986,Private room,39,1,37,4,231,37
53455730,279775863,Manhattan,West Village,40.73943,-74.00396,Entire home/apt,240,30,6,11,352,6
53456722,280475502,Brooklyn,Greenpoint,40.72178,-73.94374,Entire home/apt,210,2,66,3,124,66
53377513,431986439,Manhattan,Theater District,40.75653,-73.98778,Entire home/apt,295,1,0,5,0,0
53377754,431986439,Manhattan,Midtown,40.75435,-73.98856,Entire home/apt,395,1,0,5,0,0
53377802,429454632,Brooklyn,Prospect-Lefferts Gardens,40.6603,-73.9411,Private room,74,1,20,17,169,20
53378559,425338694,Manhattan,Midtown,40.74381,-73.9835,Entire home/apt,278,4,15,2,321,15
53378711,23238,Manhattan,Harlem,40.806301,-73.952599,Private room,111,1,27,1,311,27
53456954,271299609,Manhattan,Washington Heights,40.83378,-73.94219,Private room,52,6,0,1,128,0
53415176,432491766,Queens,Ditmars Steinway,40.76821,-73.89715,Entire home/apt,131,1,56,1,336,56
53379658,3303420,Queens,Long Island City,40.74556,-73.95603,Entire home/apt,250,5,4,1,249,4
53415204,351905581,Brooklyn,Gowanus,40.68159,-73.98258,Private room,157,1,37,1,286,37
53415255,5615582,Manhattan,Upper West Side,40.78118,-73.9818,Private room,379,1,4,51,183,4
53415368,5615582,Manhattan,Upper West Side,40.78,-73.98185,Private room,426,1,2,51,170,2
53415549,432495159,Bronx,Claremont Village,40.83803,-73.90425,Entire home/apt,229,3,25,1,73,25
53415976,2598539,Brooklyn,Williamsburg,40.71413,-73.95526,Entire home/apt,340,4,2,2,298,2
53457244,431264673,Queens,Long Island City,40.74609,-73.95791,Entire home/apt,179,5,4,1,0,4
53457920,7577421,Brooklyn,Prospect-Lefferts Gardens,40.663284,-73.94297,Entire home/apt,125,5,7,1,303,7
53458499,432356356,Brooklyn,East New York,40.65305,-73.88428,Entire home/apt,185,2,17,1,64,17
53459188,158969505,Manhattan,Lower East Side,40.72138,-73.99167,Entire home/apt,398,4,8,200,161,8
53459337,158969505,Manhattan,Lower East Side,40.72293,-73.99196,Entire home/apt,256,2,29,200,150,29
53459447,158969505,Manhattan,Lower East Side,40.72131,-73.99178,Entire home/apt,270,2,15,200,136,15
53459539,158969505,Manhattan,Lower East Side,40.72171,-73.9915,Entire home/apt,258,2,21,200,144,21
53459678,158969505,Manhattan,Lower East Side,40.72239,-73.99131,Entire home/apt,255,2,34,200,143,34
53459797,158969505,Manhattan,Lower East Side,40.72099,-73.99141,Entire home/apt,264,3,15,200,140,15
53459952,158969505,Manhattan,Lower East Side,40.72276,-73.99189,Entire home/apt,261,2,11,200,125,11
53460137,158969505,Manhattan,Lower East Side,40.72277,-73.99211,Entire home/apt,307,2,8,200,155,8
53460269,158969505,Manhattan,Lower East Side,40.72309,-73.99156,Entire home/apt,323,2,7,200,169,7
53460444,158969505,Manhattan,Lower East Side,40.72283,-73.99139,Entire home/apt,225,2,22,200,102,22
53460607,158969505,Manhattan,Nolita,40.72275,-73.99337,Entire home/apt,249,2,41,200,113,41
53460714,158969505,Manhattan,Nolita,40.72224,-73.99336,Entire home/apt,226,2,23,200,110,23
53380227,9839964,Queens,Astoria,40.76703,-73.92672,Entire home/apt,192,5,5,1,341,5
53380846,432179341,Brooklyn,Crown Heights,40.66634,-73.93287,Private room,37,30,1,3,240,1
53460762,349931116,Manhattan,Washington Heights,40.84358,-73.94147,Shared room,60,7,0,1,365,0
53460857,158969505,Manhattan,Lower East Side,40.72306,-73.9915,Entire home/apt,214,2,29,200,77,29
53461007,158969505,Manhattan,Lower East Side,40.72139,-73.99337,Entire home/apt,223,2,21,200,107,21
53461261,158969505,Manhattan,Lower East Side,40.72093,-73.99321,Entire home/apt,206,2,14,200,109,14
53461514,158969505,Manhattan,Lower East Side,40.72288,-73.99131,Entire home/apt,225,2,22,200,105,22
53461663,158969505,Manhattan,Lower East Side,40.72087,-73.99197,Entire home/apt,223,2,16,200,105,16
53461709,413485013,Queens,Rego Park,40.72914,-73.86007,Entire home/apt,347,1,4,3,365,4
53461739,158969505,Manhattan,Lower East Side,40.72106,-73.99322,Entire home/apt,337,2,13,200,174,13
53381376,51589519,Manhattan,Chelsea,40.74157,-73.99839,Entire home/apt,270,30,3,14,307,3
53381724,429454632,Brooklyn,Prospect-Lefferts Gardens,40.66028,-73.94217,Private room,93,1,37,17,177,37
53491480,433145666,Manhattan,Midtown,40.74802,-73.98679,Entire home/apt,239,1,39,5,65,39
53491897,86771798,Manhattan,Murray Hill,40.75035576674976,-73.98032039577953,Entire home/apt,112,30,1,30,91,1
53492856,1335736,Brooklyn,Bedford-Stuyvesant,40.68567,-73.92326,Entire home/apt,200,4,7,1,332,7
53417067,432309846,Queens,Long Island City,40.74952,-73.9358,Private room,69,30,3,1,294,3
53493937,9612349,Brooklyn,Bedford-Stuyvesant,40.68792,-73.92839,Private room,45,10,3,1,0,3
53494035,433172270,Bronx,Wakefield,40.90424150967579,-73.85131832187854,Entire home/apt,121,2,12,1,342,12
53462276,57782700,Manhattan,Midtown,40.74798,-73.98851,Entire home/apt,297,1,13,7,200,13
53494300,23678781,Brooklyn,Bushwick,40.69506,-73.91499,Entire home/apt,189,1,32,1,257,32
53494398,373968580,Brooklyn,Flatbush,40.63779,-73.95233,Shared room,33,30,0,5,347,0
53462363,104967836,Brooklyn,Flatbush,40.64813,-73.95281,Entire home/apt,180,2,46,1,39,46
53417238,168710834,Bronx,Unionport,40.83321,-73.85456,Entire home/apt,95,3,6,1,291,6
53494412,373968580,Brooklyn,East Flatbush,40.63789,-73.9509,Shared room,33,30,0,5,347,0
53494555,15396592,Brooklyn,Bedford-Stuyvesant,40.68142,-73.95061,Entire home/apt,450,1,0,1,364,0
53494584,192365902,Queens,Elmhurst,40.73261,-73.88236,Private room,105,1,6,1,113,6
53462658,432917817,Manhattan,Washington Heights,40.84354,-73.93594,Entire home/apt,210,3,24,1,262,24
53463479,61778849,Brooklyn,Brownsville,40.65239,-73.90817,Entire home/apt,450,5,1,4,341,1
53494944,60666744,Brooklyn,Bushwick,40.68972,-73.91105,Private room,107,1,16,2,26,16
53464092,127759523,Manhattan,Kips Bay,40.74426,-73.97829,Entire home/apt,145,30,0,1,204,0
53464751,432939986,Manhattan,Upper West Side,40.7924,-73.97302,Entire home/apt,304,3,12,1,233,12
53464774,301049251,Brooklyn,Sheepshead Bay,40.59224,-73.94961,Entire home/apt,134,2,21,2,351,21
53465417,264728394,Manhattan,Lower East Side,40.71871,-73.99033,Entire home/apt,343,5,5,4,123,5
53465581,264728394,Manhattan,Chinatown,40.71651,-73.99269,Entire home/apt,542,5,11,4,126,11
53418719,20638443,Manhattan,Upper East Side,40.76945,-73.95936,Entire home/apt,926,1,25,1,207,25
53418934,419348361,Bronx,Williamsbridge,40.87807,-73.84993,Entire home/apt,123,2,25,2,361,25
53420671,6393008,Manhattan,Midtown,40.75476,-73.96611,Entire home/apt,339,3,13,1,285,13
53420716,158969505,Manhattan,Nolita,40.7228,-73.99357,Entire home/apt,322,2,18,200,163,18
53421923,31174103,Manhattan,East Harlem,40.78665,-73.94124,Private room,120,3,24,2,327,24
53495710,60666744,Brooklyn,Bushwick,40.69003,-73.91253,Private room,107,1,13,2,44,13
53496107,177174475,Manhattan,Midtown,40.74614,-73.98906,Entire home/apt,376,1,28,8,23,28
53496227,433172943,Brooklyn,East Flatbush,40.66152840974939,-73.92569783756709,Entire home/apt,151,3,1,1,361,1
53497454,190655338,Brooklyn,Bushwick,40.69391,-73.91171,Entire home/apt,98,3,1,1,187,1
53422147,268298026,Manhattan,Greenwich Village,40.73018,-73.99877,Entire home/apt,99,30,7,1,70,7
53465589,111187966,Manhattan,Washington Heights,40.85008,-73.93338,Private room,65,30,2,1,250,2
53497691,375524835,Brooklyn,Windsor Terrace,40.64913,-73.97196,Private room,30,1,36,2,162,36
53497925,433203831,Queens,Astoria,40.76842,-73.92357,Private room,97,1,36,8,299,36
53467848,432967074,Brooklyn,Flatbush,40.64852,-73.9603,Entire home/apt,125,30,3,1,123,3
53422309,256287735,Brooklyn,Prospect-Lefferts Gardens,40.65728,-73.9483,Entire home/apt,312,2,14,1,319,14
53498315,1319661,Manhattan,Upper West Side,40.7958,-73.96858,Private room,329,1,28,1,234,28
53498717,433209116,Brooklyn,East Flatbush,40.6372281326631,-73.95026873899278,Entire home/apt,191,2,0,1,94,0
53422458,87215632,Manhattan,Hell's Kitchen,40.76829,-73.99277,Entire home/apt,500,3,2,2,85,2
53423078,356783946,Brooklyn,Williamsburg,40.7217,-73.95512,Entire home/apt,240,14,0,1,0,0
53425369,107434423,Queens,Long Island City,40.7448909,-73.9568403,Entire home/apt,410,31,0,453,290,0
53498801,149151114,Manhattan,Harlem,40.8138,-73.95259,Shared room,70,1,21,5,354,21
53499697,176710208,Brooklyn,Flatlands,40.62789,-73.93026,Entire home/apt,231,1,22,2,101,22
53500293,158872351,Brooklyn,Clinton Hill,40.68902,-73.96102,Entire home/apt,195,1,20,1,6,20
53425829,14875796,Manhattan,Lower East Side,40.71262,-73.98991,Private room,102,4,1,2,52,1
53427324,155400834,Manhattan,Harlem,40.81638,-73.94269,Entire home/apt,166,30,3,4,0,3
53428467,13603829,Manhattan,SoHo,40.72463,-74.0032,Entire home/apt,2243,2,25,5,264,25
53429873,421638103,Manhattan,East Harlem,40.80003,-73.93682,Entire home/apt,341,1,31,2,355,31
53430897,189962349,Manhattan,East Harlem,40.78609,-73.94664,Entire home/apt,367,30,1,2,363,1
53470993,196682844,Brooklyn,Brooklyn Heights,40.69844,-73.99356,Entire home/apt,275,31,16,1,2,16
53471364,84607966,Queens,East Elmhurst,40.75764,-73.89931,Private room,83,30,1,4,90,1
53471515,3223938,Brooklyn,Bedford-Stuyvesant,40.6959,-73.94543,Private room,33,90,0,288,280,0
53471519,3223938,Brooklyn,Bedford-Stuyvesant,40.69468,-73.94737,Private room,36,90,0,288,341,0
53471662,84607966,Queens,East Elmhurst,40.75799,-73.89996,Private room,73,30,0,4,69,0
53472151,3223938,Brooklyn,Bushwick,40.68901,-73.91885,Private room,37,90,0,288,258,0
53472666,227183458,Brooklyn,Sea Gate,40.57593,-74.01017,Entire home/apt,90,29,2,1,0,2
53475056,4182164,Brooklyn,Bedford-Stuyvesant,40.67742,-73.90987,Entire home/apt,150,30,1,1,324,1
53501342,433237033,Brooklyn,Sunset Park,40.64385,-74.02133,Private room,54,1,2,1,0,2
53475199,398073234,Queens,Sunnyside,40.73774,-73.90887,Entire home/apt,399,2,9,6,336,9
53475205,797814,Manhattan,Upper West Side,40.7934,-73.97217,Entire home/apt,91,7,4,2,0,4
53475354,9293730,Manhattan,East Harlem,40.78815,-73.94322,Entire home/apt,143,30,2,37,160,2
53476790,5278391,Brooklyn,Williamsburg,40.71595,-73.94236,Entire home/apt,140,3,4,5,0,4
53477095,204704622,Queens,Elmhurst,40.74196,-73.88987,Private room,45,30,0,157,0,0
53477385,204704622,Queens,Elmhurst,40.74393,-73.88848,Private room,45,30,0,157,0,0
53477741,88763572,Bronx,Fordham,40.85952,-73.89383,Private room,70,1,4,1,232,4
53431272,432625456,Bronx,Williamsbridge,40.87669,-73.85491,Entire home/apt,200,1,11,1,310,11
53431478,432628030,Manhattan,Chinatown,40.7177558047999,-73.995854031561,Entire home/apt,110,30,7,1,51,7
53432867,204704622,Queens,Flushing,40.75749,-73.82052,Private room,43,30,0,157,55,0
53432992,204704622,Queens,Flushing,40.75757,-73.82045,Private room,49,30,1,157,32,1
53433109,204704622,Queens,Flushing,40.75754,-73.82182,Private room,42,30,0,157,53,0
53433217,204704622,Queens,Flushing,40.75756,-73.82198,Private room,46,30,0,157,44,0
53501627,122726779,Brooklyn,Williamsburg,40.71055,-73.95197,Entire home/apt,208,30,7,3,59,7
53501732,99638009,Brooklyn,Crown Heights,40.67856,-73.96098,Private room,93,2,11,1,100,11
53501874,14875796,Manhattan,Lower East Side,40.71398,-73.9899,Private room,150,16,1,2,62,1
53502370,184462388,Queens,Woodside,40.74796,-73.90685,Entire home/apt,130,2,57,1,261,57
53502483,432811481,Queens,Ditmars Steinway,40.78061,-73.91619,Entire home/apt,192,1,45,2,325,45
53502758,433145666,Manhattan,Midtown,40.74623,-73.98717,Private room,253,1,1,5,65,1
53503106,64456945,Queens,St. Albans,40.69329,-73.76648,Entire home/apt,120,3,1,3,332,1
53434737,50250626,Manhattan,Upper West Side,40.79713,-73.96145,Entire home/apt,528,2,20,1,42,20
53435650,417740213,Brooklyn,Bedford-Stuyvesant,40.68335,-73.94319,Entire home/apt,144,1,20,3,331,20
53435951,45189946,Manhattan,West Village,40.73824,-74.00387,Entire home/apt,210,30,2,1,59,2
53436782,19806882,Brooklyn,Williamsburg,40.70998,-73.96872,Entire home/apt,120,30,5,1,14,5
53436872,238735207,Brooklyn,Prospect Heights,40.67596,-73.96585,Entire home/apt,282,30,28,1,317,28
53437547,14804867,Manhattan,Upper East Side,40.76839,-73.95208,Entire home/apt,299,7,0,3,10,0
53477948,102928511,Manhattan,Upper East Side,40.7627,-73.96443,Entire home/apt,160,4,14,1,0,14
53478036,373968580,Brooklyn,East Flatbush,40.63722,-73.95048,Shared room,28,30,1,5,312,1
53478045,373968580,Brooklyn,Flatbush,40.63803,-73.95269,Private room,53,30,0,5,337,0
53478057,373968580,Brooklyn,Flatbush,40.63817,-73.95145,Private room,53,30,0,5,341,0
53504701,432179341,Brooklyn,Crown Heights,40.66626,-73.9322,Private room,37,30,1,3,284,1
53505044,107434423,Manhattan,Hell's Kitchen,40.76304,-73.98697,Entire home/apt,336,31,0,453,261,0
53506938,155400834,Manhattan,Harlem,40.81599,-73.94092,Entire home/apt,166,30,0,4,0,0
53507277,13784676,Manhattan,West Village,40.73101,-74.00284,Entire home/apt,293,30,1,1,68,1
53478176,390840507,Manhattan,Upper West Side,40.78313,-73.97099,Private room,120,30,1,1,98,1
53478922,380332619,Brooklyn,Crown Heights,40.67806,-73.95016,Entire home/apt,326,30,0,14,365,0
53478947,208365297,Queens,Long Island City,40.75605,-73.9369,Private room,75,1,47,5,74,47
53479656,19248155,Manhattan,Kips Bay,40.74293,-73.97765,Entire home/apt,829,4,16,1,78,16
53480034,59218735,Manhattan,Upper East Side,40.76035,-73.96309,Private room,176,31,0,1,290,0
53480206,429373545,Queens,Astoria,40.76997,-73.91777,Entire home/apt,500,5,17,1,262,17
53480981,47658174,Manhattan,Chinatown,40.71469,-73.99086,Entire home/apt,210,3,7,4,264,7
53482592,797814,Manhattan,Upper West Side,40.79482,-73.96996,Private room,54,1,2,2,0,2
53482802,407284341,Brooklyn,Bedford-Stuyvesant,40.68762,-73.9327,Private room,48,30,1,7,49,1
53442786,234416636,Queens,Bayswater,40.61095,-73.76799,Private room,58,3,17,2,342,17
53442799,374576747,Bronx,Parkchester,40.83775,-73.86856,Entire home/apt,193,1,15,11,363,15
53443271,374576747,Bronx,Parkchester,40.83756,-73.86904,Entire home/apt,382,1,3,11,363,3
53443595,432679409,Manhattan,Tribeca,40.72166,-74.00533,Entire home/apt,2393,1,3,9,328,3
53511447,162280872,Manhattan,Upper East Side,40.77325,-73.95388,Entire home/apt,180,30,1,98,312,1
53511893,433316518,Brooklyn,Mill Basin,40.60834,-73.91256,Entire home/apt,117,3,19,1,248,19
53443722,122237917,Brooklyn,Bedford-Stuyvesant,40.6886,-73.92649,Entire home/apt,200,2,19,1,337,19
53444400,57264441,Brooklyn,Fort Greene,40.69561,-73.98226,Entire home/apt,175,7,2,1,0,2
53444492,8819541,Manhattan,East Village,40.72886,-73.98021,Entire home/apt,789,30,0,2,365,0
53483189,228017415,Brooklyn,Bushwick,40.70537,-73.92275,Entire home/apt,299,1,13,1,80,13
53483948,240200216,Manhattan,Upper West Side,40.78405,-73.97272,Entire home/apt,449,7,0,1,0,0
53512290,51589519,Manhattan,Chelsea,40.742603,-73.997589,Entire home/apt,260,30,3,14,190,3
53512507,4035309,Brooklyn,Williamsburg,40.70994,-73.95879,Entire home/apt,210,4,12,1,1,12
53445397,41739719,Brooklyn,Williamsburg,40.71004,-73.94884,Entire home/apt,154,3,4,1,129,4
53544739,29582882,Manhattan,Midtown,40.752498290509294,-73.97209571329086,Entire home/apt,241,30,2,9,150,2
53513368,264984346,Manhattan,Harlem,40.81037,-73.94459,Entire home/apt,150,1,39,2,38,39
53514844,289129604,Queens,Jackson Heights,40.75459,-73.87007,Private room,84,4,24,6,70,24
53515102,51501835,Manhattan,Upper East Side,40.78024,-73.95189,Entire home/apt,115,30,3,109,295,3
53516348,99695025,Brooklyn,Downtown Brooklyn,40.69041,-73.98278,Private room,170,4,2,1,114,2
53545175,32618435,Bronx,Kingsbridge,40.88059,-73.9098,Entire home/apt,72,1,0,1,248,0
53545394,39972598,Brooklyn,Bushwick,40.6904,-73.90735,Private room,137,1,37,2,25,37
53547024,87215632,Manhattan,Hell's Kitchen,40.76691,-73.99118,Entire home/apt,315,2,17,2,71,17
53484201,8762765,Queens,Jackson Heights,40.75383,-73.89647,Entire home/apt,300,1,38,1,351,38
53484796,197334240,Brooklyn,Crown Heights,40.67796,-73.94732,Private room,78,1,26,3,9,26
53486844,107434423,Manhattan,Chelsea,40.74518,-73.99292,Entire home/apt,538,31,0,453,310,0
53486943,41931898,Brooklyn,Sunset Park,40.66346,-73.99202,Entire home/apt,944,1,2,1,364,2
53516490,388326554,Manhattan,Hell's Kitchen,40.76233,-73.99705,Entire home/apt,824,3,9,1,118,9
53516635,147762665,Bronx,Wakefield,40.88626,-73.8586,Private room,60,1,24,7,360,24
53516946,335923036,Manhattan,Harlem,40.8224,-73.9542,Entire home/apt,726,2,8,3,240,8
53517420,197334240,Brooklyn,Crown Heights,40.67603,-73.94674,Private room,83,1,27,3,7,27
53518823,289129604,Queens,Jackson Heights,40.75339,-73.87201,Private room,93,4,38,6,62,38
53519593,152708570,Queens,College Point,40.78213,-73.84673,Entire home/apt,119,2,23,2,56,23
53522207,4928807,Manhattan,Tribeca,40.7221,-74.01117,Entire home/apt,695,4,2,1,130,2
53523753,107434423,Manhattan,Upper West Side,40.7911888,-73.9737101,Entire home/apt,492,31,0,453,353,0
53524397,427086056,Manhattan,East Village,40.7273843,-73.9874861,Entire home/apt,200,30,1,2,71,1
53524403,427086056,Manhattan,East Village,40.72684,-73.98758,Entire home/apt,200,30,0,2,341,0
53525275,14481415,Manhattan,Hell's Kitchen,40.76044654779523,-73.99888681598595,Entire home/apt,375,30,1,1,56,1
53527603,3179866,Queens,East Elmhurst,40.76298,-73.88936,Entire home/apt,150,30,7,3,342,7
53528553,430599829,Queens,Hollis,40.71512,-73.76083,Private room,27,30,2,4,104,2
53529235,21341524,Brooklyn,Fort Greene,40.68865,-73.97943,Entire home/apt,220,3,3,1,2,3
53489130,73450674,Queens,Ditmars Steinway,40.77844,-73.91089,Entire home/apt,216,1,48,1,322,48
53489560,289122184,Manhattan,Lower East Side,40.72095,-73.99294,Entire home/apt,150,30,2,10,322,2
53547967,103909781,Queens,Queens Village,40.71965,-73.75578,Entire home/apt,100,2,22,1,354,22
53548970,146005201,Manhattan,Midtown,40.76581433263648,-73.9834194020248,Entire home/apt,220,30,0,5,321,0
53549535,293530967,Manhattan,Upper East Side,40.76974,-73.95165,Shared room,55,2,4,7,249,4
53530336,413485013,Queens,Forest Hills,40.73365,-73.84943,Entire home/apt,428,1,0,3,249,0
53531890,57782700,Manhattan,Midtown,40.74652,-73.98849,Entire home/apt,220,1,1,7,202,1
53532195,23018972,Manhattan,Washington Heights,40.84924,-73.94162,Entire home/apt,147,1,32,1,351,32
53555701,379398902,Manhattan,Gramercy,40.73356,-73.98684,Entire home/apt,414,3,15,1,101,15
53532980,433494440,Queens,Sunnyside,40.7456,-73.92533,Private room,85,28,6,3,35,6
53556535,433696576,Brooklyn,Bedford-Stuyvesant,40.69284,-73.94068,Private room,80,1,35,9,349,35
53558650,433716813,Queens,East Elmhurst,40.761894,-73.876175,Entire home/apt,92,2,42,1,100,42
53559561,394880853,Manhattan,Murray Hill,40.74541,-73.9742,Entire home/apt,139,1,42,3,241,42
53560223,433696576,Brooklyn,Bedford-Stuyvesant,40.69266,-73.94047,Private room,86,1,59,9,330,59
53560361,433696576,Brooklyn,Bedford-Stuyvesant,40.69348,-73.94033,Private room,76,1,41,9,343,41
53560411,433696576,Brooklyn,Bedford-Stuyvesant,40.69169,-73.94074,Private room,88,1,51,9,350,51
53560560,122454735,Manhattan,Harlem,40.82256,-73.94024,Private room,125,5,7,1,325,7
53560709,30588612,Brooklyn,Bedford-Stuyvesant,40.69424,-73.9442,Private room,115,1,34,1,326,34
53561280,23815582,Staten Island,Tompkinsville,40.63341,-74.09208,Entire home/apt,69,2,8,4,189,8
53561733,29582882,Manhattan,Midtown,40.75242,-73.97193,Entire home/apt,297,30,1,9,166,1
53491341,33120658,Brooklyn,Williamsburg,40.71807,-73.95908,Entire home/apt,220,3,27,1,219,27
53594181,270318441,Manhattan,Harlem,40.82357,-73.95385,Private room,116,1,13,2,77,13
53594451,21628800,Manhattan,Harlem,40.81635,-73.93936,Entire home/apt,191,2,17,1,104,17
53594675,167371241,Brooklyn,Crown Heights,40.67306594174493,-73.94932884270321,Private room,125,2,0,1,286,0
53594731,24132769,Manhattan,Midtown,40.75233,-73.97221,Entire home/apt,793,2,0,2,4,0
53594793,225809053,Brooklyn,East New York,40.67381,-73.90063,Entire home/apt,116,3,14,1,317,14
53595765,114667843,Manhattan,East Harlem,40.79531,-73.9474,Private room,115,1,45,3,26,45
53595809,3360618,Brooklyn,Crown Heights,40.6741,-73.94038,Private room,55,4,12,3,4,12
53533765,433494440,Queens,Sunnyside,40.74649,-73.92296,Private room,85,28,4,3,61,4
53539405,433546248,Brooklyn,Canarsie,40.63386,-73.90841,Entire home/apt,138,2,37,1,8,37
53539415,229885031,Bronx,Van Nest,40.84773,-73.86398,Entire home/apt,140,2,4,1,358,4
53539841,433550048,Manhattan,SoHo,40.7252,-74.00174,Entire home/apt,115,1,13,1,0,13
53540698,398073234,Queens,Maspeth,40.73932,-73.90725,Entire home/apt,525,2,10,6,332,10
53540882,121522137,Brooklyn,Clinton Hill,40.68178,-73.95908,Entire home/apt,149,8,3,1,0,3
53540905,3223938,Queens,Long Island City,40.75497,-73.92899,Private room,44,90,0,288,280,0
53541251,3223938,Queens,Long Island City,40.75511,-73.93019,Private room,35,90,0,288,280,0
53541787,398073234,Queens,Maspeth,40.73918,-73.90681,Entire home/apt,899,2,1,6,331,1
53542590,13887067,Brooklyn,Bedford-Stuyvesant,40.68072,-73.93035,Entire home/apt,350,7,2,1,214,2
53542641,401202937,Manhattan,Midtown,40.7469,-73.98691,Private room,89,1,9,51,49,9
53542701,261604560,Brooklyn,Bedford-Stuyvesant,40.68081,-73.92313,Private room,65,1,10,1,218,10
53542762,430520580,Brooklyn,Bushwick,40.69016,-73.90823,Shared room,42,90,1,8,350,1
53542932,401202937,Manhattan,Midtown,40.74642,-73.98877,Private room,89,1,8,51,50,8
53543069,10387090,Brooklyn,Bedford-Stuyvesant,40.68099,-73.91171,Private room,44,30,1,10,220,1
53543148,401202937,Manhattan,Midtown,40.74813,-73.98819,Private room,84,1,20,51,31,20
53543391,401202937,Manhattan,Midtown,40.74813,-73.98744,Private room,84,1,10,51,38,10
53543572,401202937,Manhattan,Midtown,40.74611,-73.98679,Private room,85,1,10,51,56,10
53543707,401202937,Manhattan,Midtown,40.74652,-73.98711,Private room,89,1,4,51,41,4
53543791,401202937,Manhattan,Midtown,40.74796,-73.98682,Private room,89,1,14,51,50,14
53544002,384532776,Manhattan,Upper East Side,40.76854,-73.95165,Entire home/apt,167,30,1,44,266,1
53544139,430520580,Brooklyn,Bushwick,40.68813,-73.90808,Private room,70,90,1,8,341,1
53544214,289122184,Manhattan,Nolita,40.72292,-73.99328,Entire home/apt,200,30,0,10,307,0
53544373,393897747,Manhattan,Upper East Side,40.77283322824531,-73.95739359944245,Entire home/apt,352,3,29,19,311,29
53544686,139127299,Brooklyn,Flatbush,40.6323,-73.94946,Entire home/apt,114,6,7,2,0,7
53630203,12126255,Brooklyn,Bensonhurst,40.61281,-73.98807,Entire home/apt,86,30,3,1,322,3
53596060,194196062,Queens,Flushing,40.76119,-73.80413,Private room,260,2,11,2,362,11
53562090,108614805,Brooklyn,Boerum Hill,40.68386,-73.9829,Private room,53,30,0,1,5,0
53565625,157870939,Brooklyn,Bushwick,40.6872,-73.91696,Private room,75,3,11,5,351,11
53568714,279775863,Manhattan,West Village,40.73775,-74.00537,Entire home/apt,300,20,3,11,344,3
53569871,433203831,Queens,Astoria,40.76613,-73.92422,Private room,77,1,39,8,289,39
53630220,214265552,Bronx,Castle Hill,40.81704,-73.84628,Entire home/apt,150,1,37,1,361,37
53630644,130223713,Brooklyn,East Flatbush,40.63897,-73.93741,Entire home/apt,194,1,53,1,86,53
53570224,19847352,Brooklyn,Crown Heights,40.66404,-73.93143,Entire home/apt,83,1,41,1,231,41
53570387,19303369,Queens,Elmhurst,40.74462,-73.87043,Private room,92,1,0,175,0,0
53570683,340212196,Manhattan,Midtown,40.75915,-73.96532,Private room,113,2,10,2,20,10
53570684,19303369,Queens,Elmhurst,40.74301,-73.87192,Private room,42,30,1,175,0,1
53596343,288162140,Brooklyn,East Flatbush,40.63709,-73.95008,Private room,109,2,70,2,326,70
53596672,434043863,Brooklyn,Bedford-Stuyvesant,40.69251,-73.94309,Private room,78,2,3,4,317,3
53630655,114178652,Brooklyn,Bedford-Stuyvesant,40.68415,-73.94356,Private room,100,1,20,3,215,20
53600437,6076617,Manhattan,West Village,40.73377,-74.00056,Entire home/apt,295,3,3,1,4,3
53570738,103283875,Manhattan,Chelsea,40.74504,-73.99542,Entire home/apt,349,4,8,1,28,8
53570786,19303369,Queens,Elmhurst,40.74515,-73.87187,Private room,43,30,0,175,25,0
53631467,434292556,Queens,St. Albans,40.68912798887461,-73.7567267876902,Private room,155,1,0,3,163,0
53570977,433005887,Manhattan,Upper East Side,40.7666,-73.96208,Entire home/apt,767,2,18,1,288,18
53571143,19303369,Queens,Elmhurst,40.74321,-73.87072,Private room,46,30,2,175,31,2
53571249,19303369,Queens,Elmhurst,40.74484,-73.87235,Private room,35,30,1,175,47,1
53571310,19303369,Queens,Elmhurst,40.74522,-73.87223,Private room,45,30,0,175,39,0
53571371,19303369,Queens,Elmhurst,40.74345,-73.87042,Private room,49,30,1,175,9,1
53601751,50008174,Queens,Ditmars Steinway,40.78121,-73.91299,Private room,89,1,1,1,0,1
53602040,434082175,Manhattan,Upper East Side,40.76321,-73.95981,Entire home/apt,385,5,15,1,8,15
53602634,171697479,Manhattan,Midtown,40.74514,-73.98112,Private room,105,30,0,26,342,0
53603216,171697479,Manhattan,Midtown,40.74541,-73.98149,Private room,115,30,0,26,345,0
53603321,171697479,Manhattan,Midtown,40.74411,-73.98269,Private room,125,30,0,26,334,0
53603421,171697479,Manhattan,Midtown,40.74357,-73.98274,Private room,109,30,0,26,334,0
53603491,171697479,Manhattan,Midtown,40.7434,-73.98275,Private room,109,30,1,26,334,1
53603574,171697479,Manhattan,Midtown,40.74378,-73.98276,Private room,119,30,0,26,357,0
53603682,171697479,Manhattan,Kips Bay,40.74352,-73.98112,Private room,119,30,1,26,341,1
53604779,171697479,Manhattan,Midtown,40.74485,-73.98294,Private room,109,30,0,26,333,0
53604923,171697479,Manhattan,Midtown,40.74545,-73.98232,Private room,109,30,1,26,315,1
53605625,171697479,Manhattan,Kips Bay,40.74421,-73.98098,Private room,109,30,1,26,342,1
53605770,122592081,Manhattan,Murray Hill,40.74712,-73.9793,Entire home/apt,206,30,0,1,35,0
53631659,279775863,Manhattan,Chelsea,40.74142,-74.00217,Entire home/apt,220,20,4,11,318,4
53631707,5221013,Brooklyn,Greenpoint,40.73169,-73.95356,Entire home/apt,235,4,17,1,50,17
53631711,44999436,Queens,Ridgewood,40.70131,-73.89463,Entire home/apt,90,4,1,1,0,1
53632448,339584418,Brooklyn,Canarsie,40.63684,-73.90122,Entire home/apt,175,4,2,3,355,2
53632992,433203831,Queens,Astoria,40.76844,-73.92325,Private room,76,1,31,8,260,31
53633058,20164973,Queens,East Elmhurst,40.76462,-73.87751,Entire home/apt,201,2,33,1,266,33
53633109,434043863,Brooklyn,Bedford-Stuyvesant,40.6945,-73.94164,Private room,75,2,2,4,341,2
53633241,434043863,Brooklyn,Bedford-Stuyvesant,40.69437,-73.94314,Private room,82,3,7,4,326,7
53633482,227081166,Brooklyn,Crown Heights,40.67315,-73.92039,Private room,85,2,15,5,18,15
53634502,200611691,Queens,Jamaica,40.67862,-73.79618,Entire home/apt,135,1,28,1,172,28
53605871,343381111,Manhattan,Midtown,40.74826,-73.98689,Entire home/apt,331,1,23,3,48,23
53605960,19569903,Manhattan,Chelsea,40.75201,-73.99502,Entire home/apt,1275,2,30,5,361,30
53606101,171697479,Manhattan,Kips Bay,40.7448,-73.98075,Private room,119,30,2,26,334,2
53606452,171697479,Manhattan,Midtown,40.7451,-73.98274,Private room,118,30,0,26,314,0
53606617,40511252,Brooklyn,Crown Heights,40.67631,-73.95285,Private room,96,4,10,3,313,10
53606895,965061,Brooklyn,Williamsburg,40.71387,-73.96462,Entire home/apt,393,4,1,1,18,1
53607096,2653479,Manhattan,Upper West Side,40.80009,-73.9596,Private room,80,30,6,41,82,6
53607099,401202937,Manhattan,Midtown,40.7461,-73.9885,Private room,124,1,6,51,67,6
53571500,347481441,Queens,Long Island City,40.75299,-73.93875,Private room,149,2,4,2,284,4
53572597,433203831,Queens,Astoria,40.76687,-73.9244,Private room,97,1,27,8,285,27
53636019,10149317,Queens,Kew Gardens,40.709103,-73.83313,Private room,65,7,6,12,334,6
53636623,396369764,Brooklyn,Crown Heights,40.67289,-73.94344,Entire home/apt,175,3,31,3,268,31
53637775,141204841,Brooklyn,Williamsburg,40.70898,-73.96497,Private room,106,1,26,2,341,26
53638969,434367440,Brooklyn,Canarsie,40.65492,-73.89856,Entire home/apt,188,1,20,1,355,20
53572965,272763930,Brooklyn,East Flatbush,40.6506,-73.94087,Private room,111,2,28,3,135,28
53573246,433841620,Brooklyn,Williamsburg,40.71466,-73.94375,Entire home/apt,117,2,29,3,13,29
53607122,9117590,Brooklyn,Sunset Park,40.643867,-74.012482,Entire home/apt,107,30,37,1,47,37
53607214,401202937,Manhattan,Midtown,40.7479,-73.98704,Private room,126,1,16,51,60,16
53607348,401202937,Manhattan,Midtown,40.74658,-73.98862,Private room,123,1,20,51,65,20
53607569,401202937,Manhattan,Midtown,40.74654,-73.9868,Private room,116,1,3,51,64,3
53607586,2653479,Manhattan,Upper West Side,40.80046,-73.95955,Private room,60,30,7,41,93,7
53607959,401202937,Manhattan,Midtown,40.74628,-73.98862,Private room,169,1,14,51,56,14
53608127,401202937,Manhattan,Midtown,40.74619,-73.98689,Private room,172,1,16,51,53,16
53639166,428210,Brooklyn,Crown Heights,40.67147,-73.94489,Entire home/apt,205,4,18,3,298,18
53639960,112005452,Manhattan,Harlem,40.80152,-73.95469,Private room,120,2,48,2,33,48
53640178,130978590,Brooklyn,East Flatbush,40.65076,-73.92686,Private room,90,3,1,1,11,1
53640500,434379988,Brooklyn,Prospect-Lefferts Gardens,40.66255,-73.95205,Private room,37,23,6,1,312,6
53608551,424020866,Manhattan,Kips Bay,40.74309,-73.97819,Private room,143,3,24,2,26,24
53610004,4513827,Manhattan,Upper West Side,40.77013,-73.98653,Entire home/apt,150,45,0,1,0,0
53610428,400431577,Manhattan,Washington Heights,40.8446,-73.93912,Private room,72,1,34,6,169,34
53573536,191735386,Brooklyn,Crown Heights,40.67509,-73.91403,Entire home/apt,175,1,20,1,116,20
53573717,400431577,Manhattan,Washington Heights,40.8446,-73.93908,Private room,73,1,47,6,219,47
53573756,245993486,Staten Island,Tompkinsville,40.63318,-74.09585,Entire home/apt,107,30,0,1,35,0
53641651,6503950,Brooklyn,Flatbush,40.63702,-73.95787,Shared room,50,1,0,1,68,0
53610849,434142299,Brooklyn,Williamsburg,40.70613,-73.94547,Entire home/apt,375,30,1,1,340,1
53610874,39161138,Brooklyn,Williamsburg,40.71911,-73.96041,Entire home/apt,205,30,1,1,59,1
53642304,434394473,Bronx,Melrose,40.81838,-73.91584,Private room,185,4,1,1,365,1
53644375,12222829,Brooklyn,Bedford-Stuyvesant,40.68741,-73.93028,Private room,68,10,0,2,6,0
53645912,70734487,Manhattan,Financial District,40.70967,-74.00504,Entire home/apt,200,5,0,1,20,0
53646749,431476577,Brooklyn,Bushwick,40.68747,-73.91697,Private room,95,90,0,9,341,0
53610907,14622012,Manhattan,Chelsea,40.743027,-73.993134,Entire home/apt,250,1,1,1,125,1
53611060,434144340,Brooklyn,Crown Heights,40.67451,-73.95676,Entire home/apt,99,1,74,1,123,74
53573869,3794595,Brooklyn,Williamsburg,40.71792,-73.95429,Entire home/apt,220,3,14,1,16,14
53573988,347481441,Queens,Long Island City,40.75118,-73.94113,Private room,175,2,1,2,5,1
53574189,9679192,Manhattan,East Village,40.72393,-73.97696,Private room,85,30,15,2,0,15
53574404,433203831,Queens,Astoria,40.768,-73.92242,Private room,75,1,34,8,300,34
53574639,433203831,Queens,Astoria,40.76623,-73.92444,Private room,77,1,45,8,273,45
53574876,433203831,Queens,Astoria,40.76763,-73.92476,Private room,77,1,33,8,291,33
53575004,433203831,Queens,Astoria,40.76784,-73.92467,Private room,77,1,38,8,275,38
53647028,434427702,Manhattan,Kips Bay,40.74111,-73.9815,Entire home/apt,150,30,3,1,76,3
53576641,46744097,Brooklyn,Cypress Hills,40.68157,-73.86806,Entire home/apt,164,3,31,1,55,31
53576816,86213000,Bronx,Pelham Bay,40.8447,-73.82801,Entire home/apt,86,2,31,2,139,31
53611318,286713684,Manhattan,East Village,40.72941,-73.98317,Entire home/apt,138,1,1,2,251,1
53611575,2260600,Manhattan,Upper West Side,40.789,-73.97362,Private room,191,5,0,2,281,0
53612216,420088913,Brooklyn,Bedford-Stuyvesant,40.67985,-73.94145,Entire home/apt,198,2,43,13,283,43
53648186,30728749,Brooklyn,Bushwick,40.69502,-73.93181,Private room,135,1,40,1,305,40
53577550,427845646,Brooklyn,Flatbush,40.6439573394868,-73.9652305516476,Entire home/apt,99,1,0,1,353,0
53648329,434444118,Brooklyn,Fort Hamilton,40.61848,-74.03841,Entire home/apt,140,3,13,2,41,13
53578061,433901226,Queens,Springfield Gardens,40.65821,-73.75623,Entire home/apt,120,2,15,1,321,15
53578960,71160110,Manhattan,Washington Heights,40.85635,-73.9308,Entire home/apt,193,2,14,1,349,14
53583520,61391963,Manhattan,Kips Bay,40.74026,-73.97845,Entire home/apt,150,30,3,116,311,3
53584442,3777978,Manhattan,Chelsea,40.74492,-73.99252,Private room,164,4,0,5,0,0
53613132,390615926,Brooklyn,Bedford-Stuyvesant,40.68727,-73.93043,Entire home/apt,296,1,30,1,303,30
53613794,13529740,Brooklyn,Greenpoint,40.7361,-73.95375,Entire home/apt,350,3,2,1,0,2
53613856,1225763,Brooklyn,Williamsburg,40.72359,-73.95676,Entire home/apt,400,6,9,1,93,9
53614162,2368191,Brooklyn,East Flatbush,40.66076,-73.92994,Entire home/apt,153,7,12,4,54,12
53614211,431183293,Queens,Astoria,40.76444,-73.91421,Private room,81,1,1,4,288,1
53615120,294947030,Manhattan,Murray Hill,40.74546,-73.97689,Private room,183,2,16,2,246,16
53615126,434043863,Brooklyn,Bedford-Stuyvesant,40.69411,-73.94215,Private room,82,2,3,4,156,3
53615747,293530967,Manhattan,Upper East Side,40.77121,-73.95217,Shared room,55,2,2,7,249,2
53649775,24631630,Brooklyn,East Flatbush,40.64393,-73.94684,Private room,81,1,4,1,357,4
53649864,308574324,Manhattan,SoHo,40.727081,-74.001671,Private room,150,4,16,1,0,16
53616390,434144898,Brooklyn,Canarsie,40.64335,-73.89924,Private room,76,3,0,1,0,0
53620932,3223938,Brooklyn,Bedford-Stuyvesant,40.69458,-73.94571,Private room,39,90,0,288,280,0
53584914,433944579,Queens,Corona,40.75009,-73.85234,Entire home/apt,140,5,9,2,241,9
53650203,348034609,Bronx,Unionport,40.82647,-73.84604,Private room,171,1,3,6,365,3
53585071,8158742,Brooklyn,Bedford-Stuyvesant,40.68951,-73.94313,Entire home/apt,225,2,23,1,111,23
53585092,232542489,Manhattan,Financial District,40.71049,-74.0084,Entire home/apt,350,130,1,2,226,1
53587023,401202937,Manhattan,Midtown,40.74832,-73.98865,Private room,82,1,11,51,45,11
53587266,401202937,Manhattan,Midtown,40.74645,-73.98727,Private room,117,1,19,51,44,19
53587310,19569903,Manhattan,Chelsea,40.75083,-73.99428,Entire home/apt,397,2,11,5,102,11
53587623,371041988,Manhattan,Hell's Kitchen,40.75775,-73.99516,Entire home/apt,174,2,37,2,128,37
53621915,41510518,Brooklyn,Williamsburg,40.71439,-73.94944,Entire home/apt,220,14,1,1,93,1
53621974,173669313,Manhattan,Kips Bay,40.74451,-73.97764,Entire home/apt,300,3,24,1,211,24
53622187,3223938,Queens,Long Island City,40.75503,-73.92909,Private room,36,90,0,288,38,0
53653380,52547346,Manhattan,Chelsea,40.74905,-73.99311,Entire home/apt,354,5,6,1,1,6
53623677,30933199,Manhattan,Two Bridges,40.71255,-73.99665,Private room,78,3,0,1,0,0
53623920,105379950,Brooklyn,Sheepshead Bay,40.58675,-73.95343,Private room,79,2,11,8,153,11
53624043,105379950,Brooklyn,Sheepshead Bay,40.58588,-73.95136,Private room,78,2,7,8,165,7
53624124,105379950,Brooklyn,Sheepshead Bay,40.5872,-73.95309,Private room,70,2,11,8,148,11
53624259,6058163,Manhattan,Chelsea,40.74647,-74.00313,Entire home/apt,299,2,4,3,101,4
53624678,348034609,Bronx,Unionport,40.82656,-73.84468,Private room,177,1,3,6,365,3
53653438,57401970,Manhattan,East Harlem,40.79221,-73.94712,Entire home/apt,263,3,12,1,276,12
53625333,403843505,Manhattan,Morningside Heights,40.80757,-73.95932,Entire home/apt,85,3,1,1,0,1
53587742,392170456,Manhattan,Lower East Side,40.7191,-73.98276,Entire home/apt,195,3,6,1,0,6
53588172,401202937,Manhattan,Midtown,40.74681,-73.9889,Private room,117,1,9,51,57,9
53588289,433972903,Bronx,Mott Haven,40.8098,-73.92101,Private room,65,1,28,10,98,28
53588421,401202937,Manhattan,Chelsea,40.74837,-73.98881,Private room,100,1,12,51,56,12
53588627,401202937,Manhattan,Midtown,40.74616,-73.98711,Private room,123,1,9,51,69,9
53588824,401202937,Manhattan,Chelsea,40.74823,-73.98899,Private room,113,1,10,51,66,10
53589097,401202937,Manhattan,Midtown,40.74639,-73.9869,Private room,111,1,4,51,48,4
53589437,401202937,Manhattan,Midtown,40.74839,-73.9883,Private room,117,1,14,51,41,14
53589745,401202937,Manhattan,Midtown,40.74627,-73.98702,Private room,117,1,12,51,59,12
53589894,401202937,Manhattan,Midtown,40.74634,-73.98672,Private room,117,1,2,51,61,2
53590037,401202937,Manhattan,Midtown,40.74785,-73.98699,Private room,107,1,10,51,49,10
53590193,401202937,Manhattan,Midtown,40.74772,-73.98893,Private room,123,1,4,51,68,4
53590400,401202937,Manhattan,Midtown,40.74635,-73.98689,Private room,128,1,3,51,72,3
53590832,401202937,Manhattan,Midtown,40.74674,-73.98863,Private room,123,1,6,51,62,6
53590965,194196062,Queens,Flushing,40.76241,-73.80408,Private room,260,2,1,2,362,1
53591493,431476577,Brooklyn,Bedford-Stuyvesant,40.68733,-73.91876,Shared room,42,90,0,9,359,0
53591645,74488815,Queens,Astoria,40.76699,-73.92317,Private room,79,1,13,15,326,13
53591739,74488815,Queens,Astoria,40.76851,-73.92338,Private room,60,1,2,15,201,2
53591828,74488815,Queens,Astoria,40.76668,-73.92259,Private room,55,1,32,15,241,32
53653917,3223938,Brooklyn,Park Slope,40.67004,-73.9834,Private room,37,90,0,288,250,0
53654994,4888892,Brooklyn,Bushwick,40.70078,-73.91992,Private room,94,10,4,8,315,4
53655582,3223938,Queens,Ridgewood,40.7028,-73.90389,Private room,32,90,0,288,338,0
53655929,45786960,Brooklyn,Bedford-Stuyvesant,40.69047,-73.92685,Private room,99,30,0,1,0,0
53591831,3693847,Brooklyn,Bedford-Stuyvesant,40.69414,-73.95004,Entire home/apt,132,30,1,1,1,1
53591867,13639385,Brooklyn,Crown Heights,40.67561,-73.94119,Entire home/apt,375,1,4,3,355,4
53591947,407304997,Manhattan,Midtown,40.75244,-73.96595,Entire home/apt,300,30,5,5,285,5
53625595,38837666,Brooklyn,Clinton Hill,40.6946,-73.96772,Entire home/apt,479,2,18,1,48,18
53625955,41202903,Manhattan,Chelsea,40.75312,-74.00346,Entire home/apt,2000,2,1,2,0,1
53626202,1401835,Brooklyn,Williamsburg,40.7151,-73.95464,Private room,110,30,2,3,40,2
53626770,378112960,Brooklyn,Bedford-Stuyvesant,40.68897,-73.9369,Entire home/apt,185,2,43,13,318,43
53628104,434276514,Queens,Jackson Heights,40.75464,-73.88355,Private room,147,1,11,5,341,11
53628255,200239515,Queens,Elmhurst,40.74506,-73.87228,Private room,43,30,0,158,0,0
53628294,348328077,Brooklyn,Midwood,40.61225,-73.95463,Entire home/apt,169,2,29,3,223,29
53628816,10428873,Brooklyn,Bedford-Stuyvesant,40.68236,-73.92803,Private room,149,5,15,1,25,15
53628851,200239515,Queens,Elmhurst,40.74323,-73.87051,Private room,48,30,0,158,0,0
53628982,5615582,Manhattan,Midtown,40.75233,-73.98001,Entire home/apt,711,1,0,51,307,0
53628996,5615582,Manhattan,Midtown,40.75235,-73.98029,Entire home/apt,711,1,0,51,307,0
53628999,5615582,Manhattan,Murray Hill,40.75068,-73.97963,Private room,751,1,0,51,304,0
53629094,200239515,Queens,Elmhurst,40.74497,-73.87019,Private room,41,30,0,158,55,0
53629234,200239515,Queens,Elmhurst,40.74433,-73.87231,Private room,34,30,0,158,32,0
53656131,108743818,Brooklyn,Crown Heights,40.67179,-73.9551,Entire home/apt,100,7,4,1,0,4
53629529,15760812,Brooklyn,Williamsburg,40.70455,-73.94358,Entire home/apt,243,1,1,1,50,1
53630036,430121024,Brooklyn,Bedford-Stuyvesant,40.68688,-73.91843,Private room,66,90,0,4,329,0
53593168,426540801,Bronx,Unionport,40.83052,-73.85114,Entire home/apt,151,5,8,1,151,8
53593362,7445415,Manhattan,Gramercy,40.73621404969996,-73.98093606823653,Entire home/apt,255,5,0,1,14,0
53656900,3223938,Brooklyn,Williamsburg,40.70912,-73.96733,Private room,41,90,0,288,190,0
53656904,3223938,Brooklyn,Bedford-Stuyvesant,40.68787,-73.92044,Private room,33,90,0,288,264,0
53658763,383036218,Brooklyn,Sheepshead Bay,40.59784,-73.95165,Private room,52,10,5,1,80,5
53735637,350413711,Manhattan,East Village,40.7272,-73.98423,Entire home/apt,165,7,1,1,7,1
53736253,384559808,Manhattan,East Village,40.73234,-73.98682,Entire home/apt,82,30,1,24,99,1
53687650,174724220,Brooklyn,Gravesend,40.59482,-73.99023,Entire home/apt,132,1,1,1,16,1
53688207,74488815,Queens,Astoria,40.76847,-73.92297,Private room,60,1,31,15,262,31
53658866,99421256,Bronx,Edenwald,40.89268,-73.83935,Entire home/apt,82,5,11,1,355,11
53688399,130946462,Brooklyn,Williamsburg,40.71956,-73.9626,Entire home/apt,314,7,8,1,1,8
53688447,44875433,Brooklyn,Cypress Hills,40.68374,-73.8723,Entire home/apt,201,4,14,2,158,14
53736776,337477879,Brooklyn,Prospect Heights,40.6734,-73.96465,Entire home/apt,243,4,16,1,1,16
53737097,420813560,Queens,Arverne,40.59654,-73.79913,Entire home/apt,110,2,38,1,274,38
53659807,434539417,Manhattan,Harlem,40.81900393221943,-73.95577447378294,Entire home/apt,190,1,0,1,87,0
53737403,40428881,Brooklyn,Williamsburg,40.72113,-73.95511,Entire home/apt,199,3,2,1,31,2
53689494,63760889,Brooklyn,Williamsburg,40.7133,-73.96286,Entire home/apt,110,30,3,1,2,3
53689527,235200338,Brooklyn,Williamsburg,40.71441,-73.93783,Private room,110,2,60,3,21,60
53689881,420088913,Brooklyn,Bedford-Stuyvesant,40.68075,-73.94084,Entire home/apt,198,2,45,13,313,45
53690004,201813089,Brooklyn,Bushwick,40.70213,-73.92089,Entire home/apt,250,1,12,2,39,12
53660775,12264492,Brooklyn,Bedford-Stuyvesant,40.69728,-73.93632,Private room,120,30,0,2,349,0
53660977,363928053,Brooklyn,Kensington,40.64366,-73.98159,Private room,59,15,2,4,0,2
53661315,9667472,Brooklyn,Bushwick,40.69703,-73.92329,Private room,106,3,2,1,0,2
53690068,434840773,Brooklyn,Williamsburg,40.70984,-73.96038,Private room,109,1,14,1,329,14
53738093,110605462,Brooklyn,Bushwick,40.69658,-73.93226,Private room,98,5,7,1,0,7
53738991,145173841,Queens,Astoria,40.76761,-73.92847,Entire home/apt,240,2,32,1,32,32
53661970,390205488,Brooklyn,Boerum Hill,40.68614,-73.9896,Entire home/apt,450,4,13,1,159,13
53739529,43641567,Queens,Jamaica,40.70614,-73.80509,Entire home/apt,134,1,1,1,360,1
53690249,100286479,Brooklyn,Bedford-Stuyvesant,40.69075,-73.9348,Entire home/apt,152,2,33,1,41,33
53690359,235200338,Brooklyn,Williamsburg,40.71489,-73.93721,Private room,159,2,32,3,0,32
53690725,59156312,Queens,Woodhaven,40.68779,-73.86484,Private room,59,7,3,5,356,3
53662601,420088913,Brooklyn,Bedford-Stuyvesant,40.68036,-73.93963,Entire home/apt,217,2,48,13,288,48
53663259,143610536,Queens,Richmond Hill,40.68672,-73.82513,Entire home/apt,198,3,23,1,71,23
53663311,402195263,Brooklyn,Bedford-Stuyvesant,40.686718,-73.953964,Entire home/apt,211,30,1,3,337,1
53693128,74234896,Manhattan,East Harlem,40.80051,-73.94394,Entire home/apt,400,30,2,1,57,2
53693977,107434423,Manhattan,Upper East Side,40.7788913,-73.95349290000001,Entire home/apt,564,31,0,453,316,0
53694523,431272782,Manhattan,Midtown,40.75602,-73.97126,Entire home/apt,1635,2,16,1,16,16
53695376,3670982,Brooklyn,Williamsburg,40.71845,-73.94396,Entire home/apt,257,15,3,1,306,3
53739963,435050037,Brooklyn,Flatbush,40.65317,-73.9637,Private room,160,2,3,14,351,3
53740410,19303369,Queens,Woodside,40.74444,-73.89344,Private room,49,30,0,175,10,0
53741142,1751800,Brooklyn,Williamsburg,40.71014,-73.9606,Entire home/apt,281,3,3,1,250,3
53663612,434571817,Brooklyn,Bedford-Stuyvesant,40.684139,-73.928108,Entire home/apt,200,2,22,1,245,22
53741603,193963715,Brooklyn,East Flatbush,40.65086,-73.93091,Entire home/apt,126,2,22,1,41,22
53696976,434892746,Queens,Jamaica,40.68662,-73.78684,Entire home/apt,145,1,32,1,348,32
53696990,50997424,Queens,Middle Village,40.71726,-73.87628,Entire home/apt,139,5,0,5,350,0
53664722,5758101,Brooklyn,Williamsburg,40.71753,-73.96009,Entire home/apt,600,3,7,1,263,7
53665099,60105727,Brooklyn,Cypress Hills,40.67756,-73.89499,Entire home/apt,922,3,3,1,351,3
53665546,142500682,Bronx,Morris Park,40.85363,-73.85516,Private room,119,30,0,1,355,0
53699054,434912305,Brooklyn,Canarsie,40.63188,-73.906,Entire home/apt,199,3,21,1,354,21
53741796,137842078,Manhattan,Harlem,40.82131,-73.95727,Entire home/apt,191,1,11,1,24,11
53665722,236218988,Manhattan,Financial District,40.70714118438155,-74.01425773762485,Entire home/apt,120,30,1,1,256,1
53742245,435266047,Brooklyn,Bushwick,40.68682,-73.91554,Entire home/apt,166,2,53,3,151,53
53742808,435273167,Queens,Long Island City,40.75387,-73.93364,Private room,86,4,6,1,291,6
53742866,435273407,Manhattan,East Harlem,40.78884,-73.94152,Private room,139,1,22,3,223,22
53743242,23913784,Brooklyn,Bedford-Stuyvesant,40.68368691167599,-73.95832442931273,Entire home/apt,577,2,35,1,307,35
53746978,107434423,Manhattan,Upper West Side,40.7911888,-73.9737101,Entire home/apt,501,31,0,453,0,0
53747638,423451497,Queens,Rosedale,40.65457,-73.74728,Entire home/apt,124,2,32,3,80,32
53699719,99642772,Manhattan,Kips Bay,40.73859,-73.97964,Entire home/apt,250,5,2,1,0,2
53699744,666424,Manhattan,Financial District,40.70716,-74.01132,Entire home/apt,279,2,2,1,344,2
53700256,223032408,Bronx,Clason Point,40.80948,-73.85002,Entire home/apt,172,2,5,1,358,5
53666929,91122315,Brooklyn,Bedford-Stuyvesant,40.68853,-73.937,Entire home/apt,213,1,42,3,107,42
53701060,434928403,Brooklyn,Gravesend,40.60277,-73.98132,Entire home/apt,256,3,19,1,133,19
53701280,398073234,Queens,Sunnyside,40.7372,-73.92452,Entire home/apt,420,2,6,6,336,6
53701690,5615582,Manhattan,Murray Hill,40.75096,-73.9785,Entire home/apt,711,1,0,51,307,0
53701695,313614300,Manhattan,Harlem,40.82276,-73.94332,Entire home/apt,230,30,16,2,49,16
53701704,200239515,Queens,Elmhurst,40.74497,-73.87033,Private room,48,30,0,158,0,0
53701738,5615582,Manhattan,Midtown,40.75282,-73.97986,Private room,751,1,0,51,304,0
53701751,5615582,Manhattan,Midtown,40.75255,-73.97997,Private room,751,1,0,51,304,0
53701809,200239515,Queens,Elmhurst,40.7439,-73.87031,Private room,41,30,0,158,0,0
53701947,200239515,Queens,Elmhurst,40.74361,-73.87217,Private room,36,30,0,158,0,0
53702133,408979935,Manhattan,Chelsea,40.75058,-73.99634,Private room,109,3,34,17,63,34
53702443,200239515,Queens,Elmhurst,40.74467,-73.87032,Private room,43,30,0,158,47,0
53702472,45062059,Brooklyn,Crown Heights,40.67712,-73.95903,Entire home/apt,221,1,18,3,330,18
53703359,5615582,Manhattan,Murray Hill,40.75209,-73.97804,Entire home/apt,1421,1,0,51,307,0
53703509,342821708,Manhattan,Chelsea,40.74846,-74.00772,Private room,588,1,4,4,223,4
53703577,5615582,Manhattan,Murray Hill,40.75087,-73.9802,Entire home/apt,1421,1,0,51,307,0
53703615,5615582,Manhattan,Midtown,40.75251,-73.9795,Entire home/apt,1421,1,0,51,307,0
53703642,5615582,Manhattan,Murray Hill,40.75058,-73.97955,Private room,1503,1,0,51,304,0
53703775,5615582,Manhattan,Midtown,40.75254,-73.978,Private room,1503,1,0,51,304,0
53703823,5615582,Manhattan,Murray Hill,40.75056,-73.97952,Private room,1503,1,0,51,304,0
53751580,435341575,Brooklyn,Vinegar Hill,40.70199,-73.98366,Entire home/apt,464,1,120,3,254,120
53751903,44853980,Manhattan,Lower East Side,40.71938,-73.99187,Entire home/apt,264,4,0,1,280,0
53752252,266380288,Brooklyn,Williamsburg,40.71012,-73.94228,Entire home/apt,150,30,3,4,180,3
53752372,95459395,Manhattan,Upper East Side,40.76366,-73.958603,Entire home/apt,731,30,0,56,21,0
53753120,2867137,Manhattan,Midtown,40.76533,-73.98373,Entire home/apt,220,30,1,73,321,1
53753231,9419684,Manhattan,Hell's Kitchen,40.7625,-73.99884,Entire home/apt,409,30,0,79,365,0
53753234,9419684,Manhattan,Hell's Kitchen,40.7625,-73.99834,Entire home/apt,399,30,0,79,365,0
53669988,43727779,Brooklyn,Williamsburg,40.71317,-73.94714,Entire home/apt,196,2,3,1,249,3
53670625,17819910,Manhattan,Hell's Kitchen,40.76511,-73.98899,Private room,107,1,7,2,0,7
53672127,343381111,Manhattan,Midtown,40.74595116953756,-73.9866953884382,Entire home/apt,249,1,2,3,50,2
53673650,232251881,Queens,Springfield Gardens,40.66653,-73.78288,Shared room,30,1,51,10,17,51
53674032,431414343,Brooklyn,Bushwick,40.69682,-73.92303,Entire home/apt,342,2,38,3,18,38
53754167,152721564,Queens,Arverne,40.59221,-73.79945,Entire home/apt,175,3,9,1,365,9
53754365,430520580,Brooklyn,Bushwick,40.6886,-73.90973,Private room,70,90,2,8,342,2
53754428,430520580,Brooklyn,Bushwick,40.68826,-73.90778,Private room,70,90,0,8,342,0
53755563,156047478,Manhattan,Harlem,40.81576,-73.94057,Entire home/apt,80,30,4,7,169,4
53674236,39553567,Staten Island,Port Richmond,40.63006,-74.13708,Entire home/apt,260,1,40,5,312,40
53704110,12801560,Brooklyn,Greenpoint,40.71988,-73.95494,Entire home/apt,300,14,1,1,104,1
53756050,435377805,Queens,Long Island City,40.73594,-73.93319,Entire home/apt,100,4,23,2,24,23
53704772,258057196,Manhattan,Hell's Kitchen,40.75973,-73.99494,Entire home/apt,406,2,37,1,59,37
53704780,266380288,Manhattan,Chelsea,40.74166,-74.00587,Entire home/apt,213,30,2,4,197,2
53705169,339258319,Queens,Bayside,40.77128,-73.77239,Private room,69,1,35,3,43,35
53706813,242322561,Queens,East Elmhurst,40.76532,-73.86881,Private room,70,1,91,8,62,91
53707835,242322561,Queens,East Elmhurst,40.76342,-73.86774,Private room,73,1,60,8,258,60
53675152,120158738,Brooklyn,Sheepshead Bay,40.59995,-73.94402,Entire home/apt,138,2,10,1,352,10
53676368,224047081,Brooklyn,Sea Gate,40.57413,-74.00925,Private room,75,4,8,12,78,8
53676584,90450107,Brooklyn,Fort Greene,40.6959,-73.98206,Private room,275,30,0,1,45,0
53709151,403652094,Manhattan,Kips Bay,40.7432,-73.97946,Entire home/apt,452,3,4,1,253,4
53709233,235200338,Brooklyn,Williamsburg,40.71284,-73.93695,Private room,99,1,43,3,23,43
53710387,546370,Brooklyn,Williamsburg,40.71281,-73.96172,Private room,68,14,7,16,231,7
53682017,57058461,Manhattan,Upper East Side,40.76824,-73.96739,Entire home/apt,300,2,9,1,22,9
53682680,429788210,Queens,Astoria,40.75947,-73.91353,Entire home/apt,423,2,23,3,218,23
53756240,265907664,Brooklyn,Bushwick,40.69505,-73.91995,Private room,85,1,15,2,344,15
53756834,431476577,Brooklyn,Bushwick,40.68846,-73.91728,Private room,95,90,0,9,341,0
53682704,393897747,Manhattan,Hell's Kitchen,40.75976433198513,-73.99041357719418,Entire home/apt,309,3,27,19,296,27
53683554,427395174,Queens,St. Albans,40.68693,-73.76367,Private room,59,2,1,3,0,1
53684094,4543792,Manhattan,Harlem,40.82843,-73.94515,Private room,138,30,0,2,342,0
53684253,396212491,Brooklyn,Crown Heights,40.6752,-73.95948,Entire home/apt,83,30,2,1,250,2
53756868,35344312,Manhattan,Nolita,40.722355,-73.996704,Entire home/apt,260,3,25,1,121,25
53715096,2097828,Brooklyn,Bedford-Stuyvesant,40.68265329131083,-73.95584843169334,Entire home/apt,252,3,2,2,41,2
53715842,435050037,Brooklyn,Flatbush,40.65161,-73.96236,Private room,735,2,2,14,351,2
53716755,435057433,Brooklyn,Bedford-Stuyvesant,40.67681,-73.90923,Entire home/apt,226,1,29,1,359,29
53718498,102648941,Queens,Corona,40.74188,-73.85835,Entire home/apt,163,2,50,1,128,50
53684288,9870519,Manhattan,West Village,40.73490388169565,-74.0056158038173,Entire home/apt,126,160,0,1,335,0
53684967,718630,Queens,Sunnyside,40.74625,-73.92011,Entire home/apt,200,1,0,1,0,0
53719446,435076774,Manhattan,Hell's Kitchen,40.76259,-73.99278,Entire home/apt,233,1,34,1,67,34
53720088,388823905,Manhattan,Upper West Side,40.79413,-73.96407,Private room,89,30,1,5,191,1
53758118,94989847,Manhattan,Chelsea,40.74682,-74.00278,Entire home/apt,400,3,7,1,331,7
53758301,422579287,Queens,Bayswater,40.59878,-73.76753,Private room,58,30,3,2,341,3
53758413,12514892,Brooklyn,Flatbush,40.63403,-73.96067,Private room,75,2,29,1,315,29
53685245,312472616,Queens,Astoria,40.7574,-73.91942,Entire home/apt,242,5,0,1,0,0
53758529,347673646,Brooklyn,Bushwick,40.69925,-73.91697,Entire home/apt,90,4,3,1,0,3
53720099,126919880,Staten Island,Lighthouse Hill,40.57583,-74.12923,Private room,88,1,4,1,362,4
53720201,148014,Manhattan,Harlem,40.80399,-73.95716,Private room,78,17,2,2,62,2
53720606,38592279,Manhattan,Hell's Kitchen,40.75473,-73.99523,Private room,476,1,1,26,26,1
53685660,416546820,Manhattan,Midtown,40.75732,-73.96639,Entire home/apt,220,5,4,1,268,4
53685814,432679409,Manhattan,Tribeca,40.72257,-74.01023,Entire home/apt,1857,1,11,9,345,11
53685930,427395174,Queens,St. Albans,40.68721,-73.76265,Private room,56,2,2,3,0,2
53686001,1366583,Brooklyn,Williamsburg,40.7169,-73.94301,Entire home/apt,222,29,2,1,0,2
53721296,95630796,Manhattan,Upper West Side,40.79685,-73.975,Entire home/apt,500,30,0,1,0,0
53721732,373790863,Brooklyn,Bedford-Stuyvesant,40.69246,-73.93407,Shared room,40,90,1,3,259,1
53722444,348034609,Bronx,Unionport,40.82692,-73.84432,Private room,120,1,4,6,361,4
53686221,274050333,Bronx,Pelham Gardens,40.86241,-73.85131,Entire home/apt,110,2,30,1,72,30
53759150,435405594,Brooklyn,Bushwick,40.69792,-73.93152,Entire home/apt,313,2,25,1,329,25
53759746,275162834,Bronx,Mount Eden,40.84224,-73.92131,Private room,60,1,7,1,341,7
53760220,144688687,Queens,Springfield Gardens,40.66719,-73.76537,Entire home/apt,295,1,7,6,361,7
53686610,389514150,Bronx,Van Nest,40.84532,-73.86221,Entire home/apt,129,2,17,1,325,17
53761805,64016464,Manhattan,Greenwich Village,40.72764,-73.99837,Entire home/apt,499,30,3,1,308,3
53722450,435101401,Brooklyn,Cypress Hills,40.68057,-73.87307,Entire home/apt,222,3,37,1,111,37
53687603,407304997,Manhattan,Financial District,40.71019,-74.00677,Entire home/apt,300,30,1,5,281,1
53787176,141645843,Queens,Jamaica,40.682037,-73.796814,Entire home/apt,245,1,0,7,357,0
53788247,382918364,Brooklyn,Bath Beach,40.60609,-74.00577,Entire home/apt,85,1,33,2,319,33
53792581,183604908,Brooklyn,Crown Heights,40.66906,-73.92628,Private room,86,3,3,2,113,3
53793074,423621573,Queens,Ditmars Steinway,40.77685269109971,-73.90747801061677,Private room,75,2,16,2,328,16
53722605,115994238,Brooklyn,Bushwick,40.69658,-73.91647,Private room,171,1,17,1,156,17
53722709,164518602,Brooklyn,Kensington,40.64378,-73.97631,Private room,77,2,19,4,224,19
53722728,74338125,Manhattan,East Village,40.72815,-73.98792,Private room,110,1,32,9,0,32
53722920,186365946,Brooklyn,Midwood,40.61402,-73.95577,Entire home/apt,107,1,30,1,363,30
53723870,19612095,Brooklyn,Williamsburg,40.70611,-73.93279,Private room,102,3,14,5,348,14
53725606,213630008,Manhattan,Battery Park City,40.71009,-74.01764,Entire home/apt,200,1,6,1,0,6
53725725,10149317,Queens,Kew Gardens,40.709103,-73.83313,Private room,65,7,5,12,350,5
53725779,164518602,Brooklyn,Kensington,40.64566,-73.97706,Private room,83,2,14,4,227,14
53725805,16865342,Brooklyn,Bushwick,40.70683,-73.92001,Private room,88,2,31,2,111,31
53763914,14713321,Brooklyn,Greenpoint,40.72773,-73.94898,Private room,119,1,11,1,129,11
53764970,3223938,Brooklyn,Bensonhurst,40.61012,-73.97985,Private room,23,90,0,288,247,0
53765856,141645843,Queens,Jamaica,40.682037,-73.796814,Private room,80,1,11,7,358,11
53767594,38592279,Manhattan,Chelsea,40.74712,-73.99021,Private room,480,1,1,26,27,1
53768631,435480629,Manhattan,Theater District,40.75507,-73.9885,Entire home/apt,239,1,7,1,83,7
53769467,204704622,Queens,Elmhurst,40.74466,-73.87235,Private room,43,30,0,157,29,0
53769584,434274067,Queens,Astoria,40.76798,-73.91133,Entire home/apt,125,2,32,2,36,32
53769677,204704622,Queens,Elmhurst,40.74298,-73.87032,Private room,43,30,0,157,0,0
53770008,51297731,Brooklyn,Williamsburg,40.71492,-73.94492,Entire home/apt,250,5,1,2,243,1
53770033,204704622,Queens,Elmhurst,40.74521,-73.87082,Private room,36,30,0,157,0,0
53770231,204704622,Queens,Elmhurst,40.74317,-73.87037,Private room,35,30,1,157,16,1
53793402,395671107,Manhattan,Upper West Side,40.79749,-73.96992,Private room,68,30,0,14,90,0
53793797,344384237,Brooklyn,Williamsburg,40.715969,-73.951935,Entire home/apt,250,3,2,1,239,2
53770530,201797577,Queens,Sunnyside,40.74636,-73.9174,Private room,69,7,3,1,158,3
53770865,153521800,Brooklyn,Fort Greene,40.68712,-73.97329,Entire home/apt,120,2,27,1,220,27
53771167,55439236,Queens,East Elmhurst,40.75796,-73.88824,Entire home/apt,285,3,17,1,312,17
53771662,51426218,Manhattan,Gramercy,40.73794,-73.98396,Private room,299,1,10,6,352,10
53725810,418441364,Manhattan,Upper East Side,40.76788,-73.95657,Entire home/apt,184,28,9,2,43,9
53726389,242322561,Queens,East Elmhurst,40.76544,-73.86873,Private room,75,1,90,8,71,90
53794913,211334103,Manhattan,Harlem,40.80417,-73.94521,Entire home/apt,195,1,8,2,7,8
53726439,434472879,Manhattan,Upper West Side,40.7957,-73.97337,Entire home/apt,350,3,7,2,13,7
53726569,10149317,Queens,Kew Gardens,40.709068,-73.833115,Private room,65,7,6,12,353,6
53726587,164518602,Brooklyn,Kensington,40.64444,-73.97688,Private room,85,2,2,4,247,2
53726935,10149317,Queens,Kew Gardens,40.709103,-73.83313,Private room,66,7,4,12,349,4
53728281,107434423,Manhattan,Midtown,40.7574596,-73.9793586,Entire home/apt,686,31,0,453,66,0
53728290,107434423,Manhattan,Midtown,40.75865,-73.96221,Entire home/apt,624,31,0,453,344,0
53795299,256972139,Brooklyn,Bedford-Stuyvesant,40.68949,-73.93837,Entire home/apt,275,1,4,7,354,4
53795461,431414343,Brooklyn,Bushwick,40.69816,-73.92491,Private room,86,1,1,3,0,1
53795503,424163498,Queens,Maspeth,40.71597,-73.91239,Entire home/apt,132,1,30,2,307,30
53796187,124710422,Manhattan,Harlem,40.83038,-73.94021,Private room,95,2,2,1,79,2
53796341,9020266,Brooklyn,Prospect Heights,40.681374,-73.9711,Entire home/apt,204,3,27,1,0,27
53730024,237627269,Queens,Jamaica,40.69654,-73.79276,Private room,380,1,0,1,0,0
53731436,141645843,Queens,Jamaica,40.682037,-73.796814,Private room,75,1,41,7,358,41
53732005,3223938,Brooklyn,Midwood,40.61314,-73.95343,Private room,30,90,0,288,354,0
53732896,435050037,Brooklyn,Flatbush,40.65235,-73.96157,Private room,697,2,0,14,350,0
53735503,435050037,Brooklyn,Flatbush,40.65167,-73.96366,Entire home/apt,1410,2,4,14,351,4
53735544,271638104,Queens,Jamaica,40.68741,-73.78841,Entire home/apt,65,1,16,1,5,16
53771854,23231840,Manhattan,Murray Hill,40.75016,-73.97744,Entire home/apt,125,3,0,1,0,0
53772521,435511395,Queens,Astoria,40.75627,-73.91638,Private room,126,1,24,1,338,24
53772655,435343534,Manhattan,Hell's Kitchen,40.76177,-73.99755,Entire home/apt,500,7,9,1,70,9
53797300,34821813,Manhattan,West Village,40.73203868335556,-74.00632665539283,Entire home/apt,480,4,2,1,14,2
53773098,42540396,Queens,Forest Hills,40.736,-73.85606,Private room,77,1,34,2,118,34
53773701,42540396,Queens,Rego Park,40.73582,-73.85646,Private room,144,1,47,2,91,47
53773753,14103991,Queens,Hollis,40.71162,-73.78034,Private room,53,1,5,8,333,5
53773798,14103991,Queens,Flushing,40.75655,-73.81829,Shared room,31,30,0,8,342,0
53773839,36093196,Queens,Astoria,40.7628,-73.91539,Private room,94,4,0,2,281,0
53774213,434472879,Manhattan,Upper West Side,40.79641,-73.97408,Entire home/apt,213,2,41,2,22,41
53849726,436195343,Brooklyn,Crown Heights,40.67787,-73.95839,Entire home/apt,175,1,1,1,298,1
53797580,53491381,Brooklyn,East New York,40.65738,-73.87999,Private room,49,2,10,2,302,10
53849991,249308542,Manhattan,Midtown,40.74613,-73.98482,Entire home/apt,241,5,1,1,2,1
53774431,34404823,Bronx,Riverdale,40.89041,-73.91171,Private room,78,30,0,1,117,0
53774579,32757167,Brooklyn,Sunset Park,40.665882,-73.994652,Private room,100,4,10,1,135,10
53775148,546370,Brooklyn,Williamsburg,40.71213,-73.9632,Private room,68,14,10,16,287,10
53797767,53491381,Brooklyn,East New York,40.65734,-73.88086,Private room,49,2,22,2,324,22
53797812,423621573,Queens,Ditmars Steinway,40.77689,-73.90722,Private room,80,2,32,2,299,32
53798235,71635863,Brooklyn,Bushwick,40.68857,-73.91996,Private room,59,1,35,1,31,35
53775734,309568446,Brooklyn,Bedford-Stuyvesant,40.69326,-73.93314,Private room,75,1,1,1,94,1
53850254,27502620,Brooklyn,Greenpoint,40.73714,-73.95321,Entire home/apt,153,4,5,1,4,5
53850373,32922532,Manhattan,East Village,40.73014,-73.98539,Entire home/apt,254,5,31,3,233,31
53850635,119673533,Brooklyn,Sunset Park,40.66078,-73.98929,Entire home/apt,188,2,35,1,296,35
53798329,233383147,Brooklyn,Williamsburg,40.71102,-73.95414,Entire home/apt,259,6,19,1,135,19
53798837,238416575,Brooklyn,Brownsville,40.65833,-73.91118,Entire home/apt,147,2,12,1,363,12
53850682,436205980,Queens,East Elmhurst,40.76381,-73.8905,Entire home/apt,98,1,8,1,218,8
53850746,151273556,Brooklyn,Flatbush,40.64669,-73.96067,Entire home/apt,170,7,2,2,0,2
53781081,435596498,Queens,Astoria,40.77403,-73.9261,Private room,105,1,23,1,67,23
53783347,350408858,Brooklyn,Williamsburg,40.7165,-73.95731,Entire home/apt,275,3,13,2,273,13
53799313,417634125,Queens,Cambria Heights,40.69667,-73.74345,Entire home/apt,74,3,18,2,166,18
53799415,255577756,Bronx,Highbridge,40.83738,-73.92374,Private room,69,1,30,1,350,30
53783570,331278345,Queens,Jackson Heights,40.7525,-73.86227,Entire home/apt,75,1,15,1,122,15
53783936,390588257,Manhattan,Hell's Kitchen,40.76467,-73.98883,Entire home/apt,313,30,4,2,124,4
53784208,74885349,Brooklyn,Bedford-Stuyvesant,40.68284,-73.94674,Entire home/apt,119,3,23,6,282,23
53853009,435938215,Manhattan,Chelsea,40.75413,-73.99822,Private room,280,1,8,22,138,8
53856575,394817730,Manhattan,Theater District,40.76,-73.98564,Private room,289,1,1,61,0,1
53857512,3223938,Brooklyn,Bedford-Stuyvesant,40.69571,-73.95671,Private room,49,90,0,288,280,0
53858082,3223938,Brooklyn,Bedford-Stuyvesant,40.69523,-73.95477,Private room,36,90,0,288,159,0
53800391,15544712,Brooklyn,Bushwick,40.69839,-73.93181,Entire home/apt,209,2,1,1,0,1
53859367,12994230,Brooklyn,Greenpoint,40.71915,-73.95333,Entire home/apt,200,3,16,1,4,16
53859540,203890641,Queens,Ditmars Steinway,40.77608,-73.9093,Private room,97,3,25,5,46,25
53784316,114975592,Queens,Springfield Gardens,40.66655,-73.76409,Entire home/apt,150,2,5,1,249,5
53784543,141645843,Queens,Jamaica,40.682037,-73.796814,Private room,99,1,26,7,361,26
53784778,47900722,Queens,Cambria Heights,40.68736,-73.73658,Entire home/apt,76,1,0,5,169,0
53785006,74885349,Brooklyn,Bedford-Stuyvesant,40.68366,-73.94686,Entire home/apt,105,2,26,6,266,26
53786119,432000371,Manhattan,East Harlem,40.79377,-73.94722,Private room,125,30,2,4,349,2
53786156,27181542,Manhattan,Lower East Side,40.71849,-73.98392,Entire home/apt,199,30,1,69,162,1
53786270,45503479,Brooklyn,Flatbush,40.65401,-73.95678,Private room,125,1,15,2,339,15
53786333,432000371,Manhattan,East Harlem,40.79346,-73.94558,Entire home/apt,125,30,2,4,342,2
53786471,45503479,Brooklyn,Flatbush,40.65278,-73.95744,Private room,125,1,15,2,354,15
53787074,546370,Brooklyn,Williamsburg,40.71371,-73.96191,Private room,68,14,17,16,106,17
53800530,435795916,Queens,Long Island City,40.75385,-73.93559,Private room,96,1,8,1,298,8
53800861,435799499,Queens,Kew Gardens Hills,40.72262,-73.81451,Entire home/apt,79,2,25,1,156,25
53900238,192056824,Manhattan,Harlem,40.82449,-73.93719,Entire home/apt,175,3,17,1,234,17
53901187,190174537,Brooklyn,Sunset Park,40.66126,-73.99709,Entire home/apt,284,2,21,2,12,21
53901291,409022952,Manhattan,Midtown,40.76203,-73.97309,Entire home/apt,209,30,0,1,0,0
53901427,231352024,Brooklyn,Bay Ridge,40.62479,-74.02045,Entire home/apt,178,3,21,1,215,21
53903064,2788934,Manhattan,Upper West Side,40.79966,-73.96164,Private room,88,7,4,3,3,4
53903208,2119451,Brooklyn,Williamsburg,40.71405,-73.95327,Entire home/apt,375,30,1,1,317,1
53903662,74338125,Manhattan,East Village,40.72625,-73.98691,Private room,111,1,25,9,348,25
53903785,399865453,Manhattan,Nolita,40.721455,-73.994423,Entire home/apt,209,30,2,10,307,2
53904032,375687526,Brooklyn,Bedford-Stuyvesant,40.68926,-73.93107,Entire home/apt,144,2,25,2,345,25
53904084,423062857,Brooklyn,Bedford-Stuyvesant,40.67889,-73.91609,Entire home/apt,249,3,18,2,11,18
53862381,67292058,Manhattan,East Village,40.72345,-73.98922,Entire home/apt,130,1,15,1,0,15
53862467,399986109,Queens,Bayside,40.76128,-73.77429,Entire home/apt,136,30,2,2,107,2
53862792,293530967,Manhattan,Upper East Side,40.77148,-73.95328,Shared room,65,2,1,7,249,1
53863561,435050037,Brooklyn,Flatbush,40.65372,-73.96231,Private room,153,2,11,14,354,11
53864193,431476577,Brooklyn,Bedford-Stuyvesant,40.68691,-73.91779,Private room,66,90,0,9,329,0
53801593,10076276,Brooklyn,Bushwick,40.70382,-73.9262,Entire home/apt,200,7,1,1,0,1
53864286,425007642,Manhattan,Morningside Heights,40.80219,-73.95971,Private room,110,1,37,2,13,37
53864330,431476577,Brooklyn,Bushwick,40.6887,-73.91743,Private room,66,90,1,9,329,1
53803063,153340219,Brooklyn,East New York,40.67443,-73.88772,Entire home/apt,121,1,67,4,335,67
53905025,182602964,Brooklyn,Cypress Hills,40.68105,-73.88249,Private room,83,1,6,1,361,6
53905035,371911830,Manhattan,Midtown,40.75171,-73.97303,Private room,375,3,0,3,0,0
53809139,51426218,Manhattan,Gramercy,40.73821,-73.98177,Entire home/apt,559,5,1,6,0,1
53809302,48863708,Manhattan,East Harlem,40.79285,-73.94005,Entire home/apt,299,5,17,2,47,17
53810919,22367030,Brooklyn,Park Slope,40.67121,-73.97466,Entire home/apt,500,10,2,1,268,2
53811090,38407862,Queens,East Elmhurst,40.76253,-73.8786,Private room,56,1,61,3,337,61
53811159,12341802,Brooklyn,Downtown Brooklyn,40.699,-73.9874,Entire home/apt,392,4,4,1,2,4
53905039,37240458,Brooklyn,Bedford-Stuyvesant,40.68393,-73.93127,Entire home/apt,100,21,0,1,259,0
53905990,258072,Brooklyn,Bushwick,40.68918,-73.90736,Private room,45,3,10,3,56,10
53906865,413485013,Queens,Forest Hills,40.73196,-73.84805,Entire home/apt,424,30,0,3,365,0
53909238,11369454,Manhattan,Harlem,40.80832,-73.9536,Entire home/apt,228,1,37,3,62,37
53909434,237277331,Bronx,Concourse,40.83664,-73.91801,Private room,66,2,4,2,343,4
53913883,392567584,Brooklyn,Bedford-Stuyvesant,40.68955,-73.95991,Private room,125,7,3,12,337,3
53914526,78895078,Staten Island,St. George,40.647,-74.0841,Entire home/apt,150,4,0,1,90,0
53915505,3223938,Brooklyn,Bushwick,40.68761,-73.91333,Private room,37,90,0,288,271,0
53916135,3223938,Brooklyn,Bushwick,40.68973,-73.91341,Private room,39,90,0,288,308,0
53864893,436303062,Manhattan,Upper West Side,40.8017,-73.966,Private room,83,1,6,6,75,6
53864973,436303062,Manhattan,Upper West Side,40.80189,-73.96612,Private room,81,1,15,6,68,15
53865086,430520580,Brooklyn,Bushwick,40.68974,-73.9079,Private room,70,90,0,8,341,0
53865364,402195263,Brooklyn,Bedford-Stuyvesant,40.68559,-73.95454,Entire home/apt,140,28,9,3,313,9
53866071,402195263,Brooklyn,Bedford-Stuyvesant,40.6877,-73.95386,Entire home/apt,142,30,1,3,237,1
53866293,41654488,Brooklyn,Greenpoint,40.72722,-73.94643,Entire home/apt,354,2,2,2,93,2
53811512,40385488,Manhattan,Upper West Side,40.79932,-73.96214,Entire home/apt,320,5,8,9,55,8
53811572,435883578,Queens,Jamaica,40.68472,-73.79472,Entire home/apt,285,1,14,1,362,14
53811581,391286807,Brooklyn,Bedford-Stuyvesant,40.69282,-73.93261,Private room,58,90,0,3,311,0
53812024,259063599,Brooklyn,Borough Park,40.63343,-73.98348,Entire home/apt,95,30,4,2,359,4
53813081,32060911,Staten Island,West Brighton,40.63462092453782,-74.11359274145003,Entire home/apt,50,30,1,6,311,1
53813881,282655,Brooklyn,Flatbush,40.64837,-73.96924,Entire home/apt,317,3,32,4,266,32
53814025,13212779,Brooklyn,Greenpoint,40.72145,-73.94025,Entire home/apt,200,30,1,1,276,1
53867531,24832471,Staten Island,West Brighton,40.62926449327124,-74.11738104053987,Entire home/apt,112,1,8,1,264,8
53867998,48866651,Manhattan,Hell's Kitchen,40.7573,-73.99366,Entire home/apt,82,30,0,6,339,0
53868587,436339796,Manhattan,Hell's Kitchen,40.76072,-73.98849,Private room,136,2,20,3,59,20
53916377,33926722,Brooklyn,Bedford-Stuyvesant,40.69518,-73.94692,Entire home/apt,211,4,1,1,0,1
53916514,3223938,Brooklyn,Bushwick,40.68992,-73.9143,Private room,33,90,0,288,251,0
53916899,3223938,Brooklyn,Bushwick,40.68777,-73.91416,Private room,27,90,0,288,332,0
53918207,1857457,Brooklyn,Williamsburg,40.71025,-73.96742,Entire home/apt,321,2,2,1,19,2
53918824,436785758,Brooklyn,East New York,40.66636,-73.88762,Entire home/apt,127,1,25,1,77,25
53814030,204704622,Queens,Elmhurst,40.74523,-73.8706,Private room,48,30,0,157,32,0
53814043,50059393,Staten Island,St. George,40.64075,-74.08378,Entire home/apt,97,2,19,1,163,19
53918886,383229403,Manhattan,Upper East Side,40.76265,-73.96453,Entire home/apt,215,30,0,5,328,0
53919436,435369966,Manhattan,Financial District,40.70939,-74.01243,Private room,839,1,7,7,354,7
53919534,219924114,Brooklyn,Bushwick,40.69614,-73.92804,Entire home/apt,280,4,22,2,294,22
53920233,40905570,Brooklyn,Bedford-Stuyvesant,40.68505877969466,-73.95826155183359,Private room,89,7,2,2,32,2
53920476,266726110,Queens,Ridgewood,40.70332,-73.90414,Private room,50,30,1,15,279,1
53869471,429840131,Manhattan,Harlem,40.81840403027794,-73.94112288045166,Private room,100,1,3,1,70,3
53869573,219738858,Manhattan,Hell's Kitchen,40.75557,-73.99244,Entire home/apt,150,30,45,5,262,45
53814166,764093,Brooklyn,Williamsburg,40.71863,-73.95642,Private room,95,3,3,2,190,3
53815424,435914865,Staten Island,Arrochar,40.59139,-74.07612,Entire home/apt,105,2,22,1,164,22
53869676,323442877,Queens,Rosedale,40.65354,-73.74146,Entire home/apt,90,2,17,1,356,17
53871898,326725787,Queens,Long Island City,40.75368,-73.92034,Entire home/apt,138,3,40,4,300,40
53874130,3223938,Brooklyn,Bedford-Stuyvesant,40.694,-73.95669,Private room,34,90,0,288,235,0
53874529,3223938,Brooklyn,Bedford-Stuyvesant,40.69384,-73.95646,Private room,39,90,0,288,280,0
53874608,203307016,Brooklyn,Sheepshead Bay,40.59002,-73.94783,Private room,90,2,6,2,90,6
53920517,434496280,Queens,Flushing,40.74652,-73.82657,Entire home/apt,97,7,19,1,273,19
53920886,266726110,Queens,Ridgewood,40.70138060723804,-73.90281596061843,Private room,40,30,0,15,341,0
53921022,383229403,Manhattan,Upper East Side,40.76345,-73.96442,Entire home/apt,255,30,0,5,280,0
53921112,435369966,Manhattan,Financial District,40.71072,-74.01211,Private room,719,1,174,7,344,174
53816687,92673876,Brooklyn,East Flatbush,40.66236,-73.92823,Entire home/apt,77,12,18,1,36,18
53921298,157922794,Brooklyn,Prospect-Lefferts Gardens,40.6561,-73.96071,Entire home/apt,140,1,4,1,316,4
53921578,99216670,Brooklyn,Fort Greene,40.69636,-73.97257,Entire home/apt,171,2,29,1,100,29
53874723,40933661,Manhattan,Chelsea,40.74958,-73.99734,Entire home/apt,467,2,27,1,1,27
53874750,279775863,Manhattan,Chelsea,40.74315,-73.99798,Entire home/apt,300,20,2,11,353,2
53874828,289122184,Manhattan,Lower East Side,40.72281,-73.99202,Entire home/apt,150,30,3,10,196,3
53875003,396973673,Brooklyn,Bedford-Stuyvesant,40.679841510466616,-73.91377438452388,Private room,52,1,4,5,337,4
53875417,289122184,Manhattan,Lower East Side,40.7207,-73.99299,Entire home/apt,150,29,1,10,178,1
53875921,385129361,Manhattan,Upper West Side,40.79632,-73.9635,Entire home/apt,85,30,1,48,127,1
53875935,385129361,Manhattan,Upper West Side,40.79693,-73.96136,Entire home/apt,75,30,2,48,168,2
53875954,289122184,Manhattan,Lower East Side,40.72122,-73.9932,Entire home/apt,151,28,0,10,183,0
53816858,6583272,Manhattan,Chelsea,40.74433,-73.99951,Entire home/apt,254,31,1,3,356,1
53921873,10416292,Manhattan,Upper East Side,40.76875,-73.96362,Entire home/apt,196,4,4,1,0,4
53923942,319067048,Manhattan,East Village,40.72982,-73.98496,Private room,100,7,0,3,0,0
53816995,71644219,Brooklyn,Crown Heights,40.67986,-73.96269,Private room,89,3,16,2,287,16
53924198,383234265,Brooklyn,Bedford-Stuyvesant,40.69624506839891,-73.94695882301937,Entire home/apt,140,2,2,1,242,2
53876051,436401569,Queens,Rosedale,40.66258,-73.74628,Entire home/apt,534,1,36,1,144,36
53876346,14925591,Queens,Astoria,40.75543229609251,-73.91494805816588,Entire home/apt,95,28,1,1,200,1
53878793,126627262,Brooklyn,Williamsburg,40.71521,-73.95021,Entire home/apt,220,10,0,1,161,0
53817709,47658174,Manhattan,Lower East Side,40.71831,-73.98974,Entire home/apt,161,5,5,4,307,5
53817729,435938215,Manhattan,Hell's Kitchen,40.7544,-73.99821,Private room,280,1,1,22,138,1
53817954,351489331,Queens,Woodhaven,40.69438,-73.85424,Private room,72,2,9,2,68,9
53879420,202684451,Brooklyn,Flatbush,40.65003,-73.96146,Entire home/apt,120,5,0,1,357,0
53924997,15828752,Manhattan,Washington Heights,40.85682,-73.93014,Entire home/apt,80,30,1,1,244,1
53817985,399393231,Brooklyn,Crown Heights,40.67669,-73.96041,Shared room,63,3,0,1,234,0
53818763,435938215,Manhattan,Hell's Kitchen,40.7563,-73.99668,Private room,268,1,4,22,130,4
53822583,392567584,Brooklyn,Bedford-Stuyvesant,40.68979,-73.95958,Shared room,35,30,4,12,356,4
53823075,392567584,Brooklyn,Clinton Hill,40.68961,-73.9609,Private room,80,21,2,12,341,2
53823703,872527,Brooklyn,Williamsburg,40.71693,-73.96274,Entire home/apt,200,4,3,1,0,3
53925261,226426835,Brooklyn,Brownsville,40.67167,-73.91378,Private room,65,1,4,1,0,4
53925880,50760546,Manhattan,Gramercy,40.73834,-73.98328,Entire home/apt,150,30,0,31,258,0
53879568,19312868,Manhattan,Washington Heights,40.84895,-73.93411,Private room,79,30,1,1,260,1
53880144,396119944,Manhattan,Upper West Side,40.7991,-73.9607,Private room,85,30,2,7,237,2
53880936,1360198,Staten Island,Arrochar,40.59256,-74.06463,Entire home/apt,279,2,11,2,309,11
53881005,348034609,Bronx,Wakefield,40.90339,-73.85035,Private room,200,1,3,6,365,3
53824319,6075580,Brooklyn,Bushwick,40.68941,-73.92094,Private room,120,1,1,1,0,1
53926790,42069602,Queens,Long Island City,40.76424,-73.9347,Entire home/apt,347,1,34,1,295,34
53932860,14103991,Queens,Hollis,40.71245,-73.7781,Private room,48,3,3,8,335,3
53933376,46473712,Manhattan,Midtown,40.74313,-73.98466,Entire home/apt,315,3,10,1,64,10
53933996,1401835,Brooklyn,Williamsburg,40.71462,-73.95452,Private room,119,30,2,3,23,2
53934304,5346874,Brooklyn,Bedford-Stuyvesant,40.69334,-73.94493,Entire home/apt,280,3,24,1,245,24
53824590,435994605,Manhattan,Chelsea,40.74712,-73.99087,Shared room,199,4,22,1,50,22
53934961,1414725,Manhattan,Nolita,40.72172622467188,-73.9942393330353,Entire home/apt,137,6,3,1,5,3
53934977,8124038,Manhattan,Harlem,40.82633570600289,-73.94022759289153,Private room,50,30,1,2,110,1
53935712,147291440,Queens,Cambria Heights,40.70275,-73.73625,Entire home/apt,80,30,2,2,345,2
53937868,34343792,Brooklyn,Brownsville,40.65954,-73.91542,Entire home/apt,194,90,2,1,48,2
53939057,74477395,Manhattan,East Village,40.72465,-73.98175,Private room,120,5,1,1,11,1
53881192,29334963,Brooklyn,Williamsburg,40.71683,-73.94595,Entire home/apt,250,2,4,2,0,4
53825097,55663877,Manhattan,Inwood,40.85993,-73.92756,Private room,84,4,14,3,91,14
53825665,314049729,Queens,South Ozone Park,40.67792,-73.82191,Entire home/apt,132,1,28,3,358,28
53827960,258072,Brooklyn,Bushwick,40.68727,-73.90799,Private room,44,3,16,3,1,16
53828080,435891723,Bronx,Concourse Village,40.82054,-73.92538,Private room,70,5,10,3,311,10
53881225,163384875,Brooklyn,Bedford-Stuyvesant,40.68598,-73.95527,Entire home/apt,222,3,33,1,121,33
53830172,6571805,Manhattan,East Harlem,40.791,-73.94866,Private room,81,1,22,1,96,22
53830757,3179866,Queens,East Elmhurst,40.76297,-73.88929,Entire home/apt,190,30,1,3,332,1
53831542,384295125,Manhattan,Midtown,40.76414,-73.9822,Entire home/apt,470,1,1,11,365,1
53831600,436048247,Queens,Cambria Heights,40.70213,-73.72934,Entire home/apt,125,1,14,2,29,14
53881631,372069426,Manhattan,Harlem,40.80149,-73.95252,Entire home/apt,140,5,8,1,5,8
53939267,398678033,Queens,Howard Beach,40.66584,-73.84907,Private room,149,30,0,1,365,0
53831670,435050037,Brooklyn,Flatbush,40.65207,-73.96139,Private room,175,2,11,14,354,11
53832868,39553567,Staten Island,Port Richmond,40.62866,-74.14578,Entire home/apt,117,1,10,5,341,10
53833717,263937485,Brooklyn,Prospect Heights,40.6731,-73.96856,Entire home/apt,235,1,19,2,319,19
53939961,141799915,Manhattan,Chelsea,40.74973,-73.98981,Entire home/apt,300,3,2,1,0,2
53940017,65611806,Brooklyn,Bushwick,40.70042,-73.93065,Private room,101,1,7,4,322,7
53940018,392567584,Brooklyn,Bedford-Stuyvesant,40.68754,-73.95956,Shared room,45,5,7,12,341,7
53882491,399987444,Manhattan,Chelsea,40.74451,-73.99657,Entire home/apt,350,5,3,1,146,3
53882708,429140512,Queens,Sunnyside,40.74375,-73.91501,Private room,100,1,34,1,316,34
53882837,169166409,Queens,Ditmars Steinway,40.77093,-73.90524,Private room,108,3,16,1,19,16
53886001,289154444,Queens,Rosedale,40.6534,-73.74631,Entire home/apt,90,1,2,3,341,2
53837021,436098811,Queens,Queens Village,40.70805,-73.73145,Entire home/apt,153,1,33,1,355,33
53888158,64309148,Brooklyn,Bedford-Stuyvesant,40.6914,-73.96005,Entire home/apt,132,30,1,1,0,1
53940360,52855544,Manhattan,Midtown,40.75047,-73.98566,Entire home/apt,270,5,1,1,0,1
53940446,424020866,Manhattan,Kips Bay,40.74333,-73.97686,Entire home/apt,330,3,3,2,2,3
53940447,392567584,Brooklyn,Bedford-Stuyvesant,40.68759,-73.95925,Shared room,40,10,5,12,342,5
53940686,396940563,Brooklyn,Bay Ridge,40.63587,-74.02308,Entire home/apt,292,1,11,2,324,11
53840084,141645843,Queens,Jamaica,40.68306,-73.79783,Entire home/apt,255,1,1,7,358,1
53840594,435847805,Brooklyn,Canarsie,40.64128,-73.89376,Entire home/apt,147,2,26,3,357,26
53941089,436960239,Manhattan,SoHo,40.72723,-74.00105,Entire home/apt,1700,1,0,1,0,0
53941700,546370,Brooklyn,Williamsburg,40.71296,-73.96324,Private room,78,14,12,16,232,12
53942042,435938215,Manhattan,Hell's Kitchen,40.755268,-73.997353,Private room,291,1,12,22,136,12
53942045,435938215,Manhattan,Hell's Kitchen,40.755795,-73.997543,Private room,291,1,2,22,136,2
53942133,435938215,Manhattan,Hell's Kitchen,40.755268,-73.997353,Private room,291,1,12,22,136,12
53942134,435938215,Manhattan,Hell's Kitchen,40.7552691,-73.9973543,Private room,291,1,0,22,135,0
53888650,436515488,Manhattan,NoHo,40.72539,-73.99414,Entire home/apt,309,8,14,1,69,14
53888929,86771798,Manhattan,Gramercy,40.73776,-73.9846,Entire home/apt,149,30,1,30,73,1
53889020,26382037,Brooklyn,Greenpoint,40.73473,-73.95776,Entire home/apt,278,3,8,1,22,8
53890468,46329646,Bronx,Olinville,40.87971,-73.86849,Entire home/apt,201,1,1,1,365,1
53890473,9315557,Brooklyn,Clinton Hill,40.69241,-73.96469,Private room,76,30,1,1,245,1
53841058,429826037,Brooklyn,Cypress Hills,40.68014,-73.89116,Entire home/apt,95,30,0,12,89,0
53842455,55663877,Manhattan,Inwood,40.86171,-73.92552,Private room,124,3,9,3,27,9
53842565,405091843,Brooklyn,Bedford-Stuyvesant,40.68023,-73.93948,Entire home/apt,129,2,3,2,135,3
53843342,436143141,Bronx,Fordham,40.85758,-73.89672,Private room,69,6,5,1,161,5
53891341,3956436,Manhattan,Hell's Kitchen,40.76169,-73.98981,Entire home/apt,400,3,9,1,97,9
53891639,112546119,Brooklyn,East Flatbush,40.65855,-73.91758,Private room,90,28,2,2,365,2
53891845,413827534,Bronx,Baychester,40.87548,-73.8441,Private room,63,5,23,3,362,23
53891859,436541589,Queens,South Ozone Park,40.67382,-73.80329,Entire home/apt,189,1,12,1,365,12
53892466,436547566,Brooklyn,Williamsburg,40.71152,-73.93714,Entire home/apt,205,2,62,1,303,62
53892561,546370,Brooklyn,Williamsburg,40.71443,-73.96369,Private room,68,14,10,16,250,10
53892659,435050037,Brooklyn,Flatbush,40.65373943703275,-73.96179922882598,Private room,163,2,4,14,354,4
53942876,69278701,Manhattan,SoHo,40.72571,-74.00194,Entire home/apt,175,2,2,1,0,2
53949650,57050977,Brooklyn,Bushwick,40.6986,-73.92929,Entire home/apt,89,10,9,1,1,9
53950291,435369966,Manhattan,Financial District,40.710026,-74.01136,Private room,679,1,21,7,330,21
53951437,35432155,Brooklyn,Greenpoint,40.71945,-73.95344,Entire home/apt,171,4,10,1,12,10
53843545,435369966,Manhattan,Financial District,40.710026,-74.01136,Private room,610,1,820,7,350,820
53844330,346575915,Brooklyn,Flatlands,40.62351,-73.93898,Entire home/apt,148,1,19,1,82,19
53845308,436157703,Manhattan,Hell's Kitchen,40.76051,-73.99583,Entire home/apt,214,1,0,2,121,0
53951614,435088866,Manhattan,Harlem,40.81483,-73.93679,Entire home/apt,208,4,2,1,89,2
53951690,14103991,Queens,Hollis,40.71255,-73.77857,Private room,60,2,11,8,347,11
53952057,430520580,Brooklyn,Bushwick,40.68955,-73.90836,Shared room,42,90,2,8,335,2
53953669,388823905,Manhattan,Upper West Side,40.79455,-73.96428,Private room,89,30,1,5,273,1
53954295,435369966,Manhattan,Financial District,40.710026,-74.01136,Private room,719,1,8,7,341,8
53954520,93994090,Brooklyn,Williamsburg,40.71209,-73.96732,Private room,125,2,21,5,140,21
53957055,65611806,Brooklyn,Bushwick,40.69884,-73.92902,Private room,85,1,4,4,330,4
53957885,435369966,Manhattan,Financial District,40.710026,-74.01136,Private room,1353,1,2,7,344,2
53845422,30532557,Brooklyn,Bedford-Stuyvesant,40.69872,-73.93952,Private room,37,30,0,26,79,0
53845428,62015936,Manhattan,SoHo,40.72359,-74.00269,Entire home/apt,250,2,0,1,17,0
53958377,270867109,Manhattan,Hell's Kitchen,40.76188,-73.99136,Entire home/apt,2500,30,0,1,343,0
53958813,91122315,Brooklyn,Bedford-Stuyvesant,40.69008,-73.93555,Entire home/apt,230,2,58,3,90,58
53958886,435938215,Manhattan,Hell's Kitchen,40.756,-73.99632,Private room,291,1,4,22,135,4
53958975,435938215,Manhattan,Hell's Kitchen,40.75471,-73.99698,Private room,291,1,5,22,135,5
53959024,435938215,Manhattan,Hell's Kitchen,40.75533,-73.99858,Private room,291,1,14,22,135,14
53892923,436552024,Bronx,Van Nest,40.84842,-73.86354,Entire home/apt,160,4,27,1,343,27
53893056,2368191,Brooklyn,East Flatbush,40.66215,-73.92847,Entire home/apt,147,9,21,4,29,21
53893116,24425582,Manhattan,Chinatown,40.71693,-73.99929,Entire home/apt,204,30,3,2,298,3
53893384,57782700,Manhattan,Midtown,40.7483,-73.98678,Entire home/apt,197,1,1,7,85,1
53893507,26923168,Manhattan,Hell's Kitchen,40.762985,-73.990204,Entire home/apt,155,1,25,1,0,25
53893687,424059660,Queens,St. Albans,40.69645,-73.77655,Entire home/apt,153,1,2,2,0,2
53894289,436565737,Bronx,Van Nest,40.8468,-73.86538,Entire home/apt,141,4,22,1,321,22
53845474,20914464,Brooklyn,Canarsie,40.63682,-73.91979,Entire home/apt,184,2,29,1,49,29
53846384,294997432,Brooklyn,East Flatbush,40.64479642909729,-73.92940988418287,Entire home/apt,121,2,4,1,349,4
53894396,15722117,Brooklyn,Greenpoint,40.72613,-73.95953,Entire home/apt,185,3,5,1,1,5
53894406,174093944,Brooklyn,Brownsville,40.67162870220038,-73.91117244541901,Private room,69,1,0,3,82,0
53894411,436565885,Brooklyn,East Flatbush,40.63237,-73.94579,Entire home/apt,200,1,41,1,340,41
53895180,27181542,Manhattan,Lower East Side,40.71976,-73.98622,Entire home/apt,199,30,3,69,342,3
53965185,437153923,Brooklyn,Flatbush,40.64925,-73.95307,Entire home/apt,197,3,52,4,40,52
53965605,420088913,Brooklyn,Williamsburg,40.70909,-73.94878,Entire home/apt,261,2,48,13,289,48
53847813,113723310,Manhattan,Chelsea,40.74018,-73.99991,Entire home/apt,190,30,0,60,250,0
53848017,7013830,Brooklyn,Bushwick,40.68649,-73.91274,Entire home/apt,225,3,4,1,49,4
53848694,57782700,Manhattan,Midtown,40.748,-73.9871,Entire home/apt,321,1,9,7,210,9
53849102,378618797,Brooklyn,Cypress Hills,40.67667,-73.89161,Entire home/apt,200,1,19,1,362,19
53966121,10135094,Brooklyn,Williamsburg,40.70872,-73.96525,Entire home/apt,125,6,0,1,0,0
53899475,436619088,Queens,Woodside,40.746231,-73.895096,Entire home/apt,201,2,30,1,291,30
54018763,10149317,Queens,Kew Gardens,40.709103,-73.83313,Private room,65,7,5,12,339,5
54089885,398622781,Bronx,Schuylerville,40.83995157321595,-73.83317372354968,Entire home/apt,158,1,9,3,354,9
54090896,71370979,Brooklyn,Williamsburg,40.72036,-73.95967,Entire home/apt,275,2,4,1,262,4
54093240,10387090,Brooklyn,Bushwick,40.68333,-73.90827,Private room,36,30,2,10,34,2
54094489,330196322,Queens,Richmond Hill,40.68879,-73.81368,Private room,59,1,10,3,280,10
54019918,437369234,Brooklyn,Sunset Park,40.65518,-74.00206,Private room,63,30,1,3,310,1
54020186,204704622,Manhattan,Inwood,40.86382,-73.92253,Private room,35,30,0,157,0,0
54020214,53199312,Queens,Jamaica,40.69213,-73.79839,Entire home/apt,159,2,12,2,355,12
54020408,204704622,Manhattan,Inwood,40.86549,-73.92423,Private room,41,30,0,157,0,0
54021730,204704622,Manhattan,Inwood,40.86457,-73.92214,Private room,45,30,1,157,0,1
54021776,309308928,Manhattan,Hell's Kitchen,40.76456,-73.9876,Private room,157,1,21,2,89,21
54022443,22800762,Manhattan,Hell's Kitchen,40.76749,-73.98491,Entire home/apt,170,29,2,4,252,2
54023696,212164658,Queens,Flushing,40.75733,-73.82395,Entire home/apt,183,1,44,6,171,44
54028410,107434423,Manhattan,Theater District,40.760189,-73.984353,Entire home/apt,367,31,0,453,257,0
53966415,437162526,Brooklyn,Bedford-Stuyvesant,40.68753,-73.92684,Entire home/apt,243,3,24,2,332,24
54095786,3223938,Brooklyn,Flatbush,40.64745,-73.95401,Private room,33,90,0,288,219,0
54096762,44532715,Queens,Astoria,40.76114,-73.92047,Private room,70,2,13,2,264,13
53967226,271581236,Manhattan,East Harlem,40.790134,-73.94883,Entire home/apt,80,30,2,1,294,2
54097014,192959601,Brooklyn,Williamsburg,40.70572,-73.93323,Private room,53,3,30,1,157,30
53967245,162280872,Manhattan,Kips Bay,40.74072,-73.98109,Entire home/apt,170,30,0,98,190,0
53967351,33612342,Brooklyn,Sunset Park,40.65943,-73.99019,Private room,115,2,7,6,2,7
53968656,435369966,Manhattan,Financial District,40.710026,-74.01136,Private room,600,1,24,7,218,24
53970207,437162526,Brooklyn,Bedford-Stuyvesant,40.6892,-73.92738,Entire home/apt,249,3,22,2,341,22
53970600,431476577,Brooklyn,Bedford-Stuyvesant,40.68676,-73.91743,Private room,66,90,0,9,329,0
53970630,39808438,Brooklyn,Bedford-Stuyvesant,40.68794,-73.92741,Entire home/apt,314,3,15,2,71,15
53970830,431476577,Brooklyn,Bushwick,40.68876,-73.91764,Private room,66,90,0,9,329,0
53970914,128244964,Brooklyn,Crown Heights,40.67355,-73.92831,Private room,90,5,1,4,45,1
53970963,234416636,Queens,Bayswater,40.61092,-73.76805,Private room,57,3,17,2,360,17
53971044,16918947,Brooklyn,Bedford-Stuyvesant,40.68826,-73.92743,Entire home/apt,224,3,19,1,339,19
53971055,427878013,Queens,Middle Village,40.72301,-73.88021,Entire home/apt,117,8,10,3,162,10
54029520,48086821,Brooklyn,Williamsburg,40.71396,-73.94837,Private room,57,2,22,1,175,22
54030342,342298445,Manhattan,Hell's Kitchen,40.76209,-73.9909,Entire home/apt,414,3,4,1,109,4
54030789,133299438,Staten Island,St. George,40.63704,-74.08617,Private room,39,2,14,2,66,14
54097770,27181542,Manhattan,Lower East Side,40.719364,-73.985115,Entire home/apt,180,30,0,69,341,0
54098881,23566374,Manhattan,East Village,40.72656,-73.97629,Entire home/apt,159,1,14,1,331,14
54101952,51589519,Manhattan,Chelsea,40.742603,-73.997589,Entire home/apt,260,31,2,14,310,2
54102360,438550739,Manhattan,Midtown,40.74622,-73.98698,Entire home/apt,304,1,27,4,16,27
54031539,391183792,Brooklyn,Flatbush,40.6426435610476,-73.95588567404242,Private room,65,1,4,1,131,4
54031914,65611806,Brooklyn,Bushwick,40.70085,-73.9292,Private room,97,1,5,4,340,5
54032853,8857591,Brooklyn,Bedford-Stuyvesant,40.68401,-73.9561,Entire home/apt,131,30,3,2,264,3
54033987,433972903,Bronx,Mott Haven,40.8112,-73.92121,Private room,78,1,43,10,105,43
54034051,71514372,Manhattan,Harlem,40.81574,-73.94166,Entire home/apt,57,180,1,1,218,1
54034178,433972903,Bronx,Mott Haven,40.81164,-73.91885,Private room,65,1,29,10,101,29
54034713,224687317,Queens,East Elmhurst,40.76588,-73.88264,Entire home/apt,351,3,22,4,153,22
53971507,59054124,Brooklyn,Bedford-Stuyvesant,40.6806,-73.93747,Entire home/apt,290,5,8,1,341,8
53973043,435938215,Manhattan,Hell's Kitchen,40.75625,-73.99761,Private room,280,1,9,22,138,9
53973134,435938215,Manhattan,Hell's Kitchen,40.755268,-73.997353,Private room,280,1,16,22,138,16
53978987,177174475,Manhattan,Midtown,40.74699,-73.98695,Entire home/apt,376,1,29,8,32,29
53979659,19303369,Manhattan,Inwood,40.86562,-73.92227,Private room,42,30,0,175,0,0
53979848,19303369,Manhattan,Inwood,40.86569,-73.92217,Private room,42,30,0,175,23,0
54102963,3229596,Brooklyn,Greenpoint,40.72389,-73.94966,Private room,91,2,37,2,90,37
53979879,80345120,Manhattan,Harlem,40.81782,-73.94348,Private room,94,3,32,1,34,32
53979966,19303369,Manhattan,Inwood,40.86561,-73.92393,Private room,41,30,0,175,0,0
53980069,19303369,Manhattan,Inwood,40.86612,-73.92427,Private room,41,30,0,175,52,0
53980252,19303369,Manhattan,Inwood,40.86525,-73.92441,Private room,43,30,1,175,0,1
53980416,19303369,Manhattan,Inwood,40.86389,-73.92436,Private room,43,30,0,175,0,0
53980645,204704622,Manhattan,Inwood,40.86576,-73.9242,Private room,41,30,0,157,0,0
53980812,204704622,Manhattan,Inwood,40.86569,-73.92409,Private room,38,30,1,157,0,1
53980955,289129604,Queens,Jackson Heights,40.75487,-73.87189,Private room,80,4,34,6,75,34
53980983,200239515,Manhattan,Inwood,40.8657,-73.92225,Private room,42,30,1,158,0,1
53981147,200239515,Manhattan,Inwood,40.864,-73.92265,Private room,38,30,0,158,0,0
53981239,21772781,Brooklyn,Bushwick,40.70084,-73.91525,Entire home/apt,200,1,19,2,0,19
53981490,293530967,Manhattan,Upper East Side,40.77114,-73.95176,Shared room,51,2,2,7,249,2
54036146,437888005,Manhattan,Chinatown,40.71462,-73.99042,Entire home/apt,175,25,12,1,306,12
54036658,57782700,Manhattan,Midtown,40.74823,-73.98825,Entire home/apt,319,1,0,7,205,0
54036704,437884992,Queens,Ridgewood,40.69978,-73.90502,Entire home/apt,207,3,25,2,179,25
54103419,27741331,Brooklyn,East Flatbush,40.65579,-73.91929,Private room,38,30,1,6,200,1
54103473,436303062,Manhattan,Upper West Side,40.80333,-73.96607,Private room,78,1,4,6,278,4
54104783,438577001,Queens,Jamaica,40.66896,-73.7752,Entire home/apt,96,2,27,1,143,27
54037767,15831593,Manhattan,East Village,40.72650096981207,-73.98070058235832,Entire home/apt,196,1,6,1,67,6
54038661,146130663,Manhattan,Hell's Kitchen,40.75967,-73.99472,Entire home/apt,400,5,4,1,117,4
53982973,437305554,Queens,Rego Park,40.71663,-73.8616,Entire home/apt,129,2,12,1,354,12
53987778,52817844,Manhattan,Upper West Side,40.79852,-73.9624,Private room,91,1,46,2,99,46
53988526,437369234,Brooklyn,Sunset Park,40.65362,-74.00206,Private room,59,30,3,3,263,3
53988568,3223938,Brooklyn,Sheepshead Bay,40.5926,-73.95097,Private room,28,90,0,288,170,0
53988773,437369234,Brooklyn,Sunset Park,40.65388,-74.00239,Private room,58,30,1,3,269,1
53989867,257051102,Manhattan,Midtown,40.75368,-73.9714,Private room,400,2,1,1,318,1
53990862,170964868,Brooklyn,Bedford-Stuyvesant,40.67786,-73.91062,Entire home/apt,219,4,17,7,349,17
54105303,8924899,Manhattan,Washington Heights,40.85306,-73.93791,Private room,89,2,3,1,0,3
53991773,2311451,Brooklyn,Bedford-Stuyvesant,40.68162870247254,-73.95217895507814,Entire home/apt,190,30,0,1,0,0
54105419,4667705,Queens,Ridgewood,40.70575,-73.91307,Entire home/apt,400,1,13,6,357,13
54106688,437948695,Manhattan,Lower East Side,40.71872,-73.98961,Entire home/apt,75,30,1,1,65,1
53991945,5028297,Brooklyn,Crown Heights,40.67437785198885,-73.94651791244367,Private room,163,3,0,2,129,0
53991974,5028297,Brooklyn,Crown Heights,40.67512122271636,-73.94670549223714,Private room,160,4,1,2,191,1
53992185,348619646,Manhattan,Midtown,40.74774,-73.98864,Private room,265,1,13,52,161,13
53992359,263937485,Brooklyn,Prospect Heights,40.6732,-73.96697,Private room,254,1,0,2,319,0
54038902,437920123,Manhattan,East Village,40.72231,-73.98215,Entire home/apt,162,2,36,1,188,36
54107792,136979577,Manhattan,Upper West Side,40.80395,-73.96749,Entire home/apt,164,30,1,1,365,1
54039017,437920425,Brooklyn,Bedford-Stuyvesant,40.69321,-73.93711,Entire home/apt,208,3,34,3,315,34
54108028,429247380,Brooklyn,Prospect-Lefferts Gardens,40.660683,-73.961281,Entire home/apt,93,30,0,1,342,0
54039046,62856399,Bronx,Morris Heights,40.85177,-73.91254,Entire home/apt,139,2,11,1,335,11
54039740,437920425,Brooklyn,Bedford-Stuyvesant,40.69297,-73.93761,Entire home/apt,203,3,20,3,310,20
54039919,341908723,Brooklyn,Crown Heights,40.67671,-73.95877,Private room,55,30,0,53,76,0
54040139,437920425,Brooklyn,Bedford-Stuyvesant,40.69096,-73.93712,Entire home/apt,206,3,26,3,185,26
54041355,45097961,Brooklyn,Greenpoint,40.72787,-73.95582,Entire home/apt,498,3,1,3,0,1
54042480,30801515,Bronx,Mott Haven,40.812569,-73.917961,Entire home/apt,215,3,28,1,63,28
54045965,20912691,Queens,Jamaica,40.71091,-73.78241,Entire home/apt,328,3,0,5,15,0
54048976,235676280,Brooklyn,Williamsburg,40.7066,-73.96578,Private room,136,20,2,2,331,2
54050236,4483467,Brooklyn,Greenpoint,40.73161,-73.95412,Private room,95,3,2,5,36,2
53992539,323298456,Queens,College Point,40.79178,-73.84608,Entire home/apt,108,30,0,1,326,0
53992740,433972903,Bronx,Mott Haven,40.81177,-73.91938,Private room,74,1,29,10,121,29
53992999,433972903,Bronx,Mott Haven,40.81178,-73.91891,Private room,82,1,45,10,85,45
53993613,345196808,Brooklyn,Bergen Beach,40.61881,-73.90066,Entire home/apt,165,2,12,1,333,12
53994947,6524725,Manhattan,East Village,40.72738,-73.98627,Entire home/apt,347,30,2,1,93,2
54109419,77010815,Bronx,Norwood,40.87368,-73.87544,Private room,59,3,2,2,313,2
54109811,388056806,Queens,Briarwood,40.70681,-73.81578,Private room,63,1,43,3,71,43
54110216,436904242,Manhattan,Hell's Kitchen,40.75549,-73.9942,Entire home/apt,734,2,55,1,209,55
53997433,397163059,Brooklyn,East Flatbush,40.63708,-73.93574,Entire home/apt,100,3,34,1,68,34
54051469,20290799,Manhattan,Flatiron District,40.74008,-73.99145,Entire home/apt,1400,1,0,2,365,0
54110825,28055322,Brooklyn,Bedford-Stuyvesant,40.68967,-73.94568,Entire home/apt,200,6,16,2,119,16
54055089,432634656,Queens,Springfield Gardens,40.66635,-73.76164,Shared room,60,28,0,1,365,0
54055516,66326553,Bronx,Concourse Village,40.82859,-73.91754,Entire home/apt,150,30,4,7,294,4
53999738,413539969,Manhattan,Upper West Side,40.79884715541963,-73.97384865308183,Entire home/apt,650,25,0,1,241,0
54000699,433972903,Bronx,Mott Haven,40.81158,-73.92123,Private room,65,1,44,10,90,44
54000827,47988351,Manhattan,Chinatown,40.71284,-73.99787,Private room,108,3,18,2,243,18
54001287,231138233,Queens,Ridgewood,40.71264,-73.91855,Private room,54,1,1,7,1,1
54001498,7110202,Brooklyn,Mill Basin,40.61264,-73.91791,Entire home/apt,132,2,26,1,319,26
54111106,12261612,Brooklyn,Greenpoint,40.72317,-73.94553,Entire home/apt,200,4,8,1,3,8
54055625,188956585,Staten Island,Huguenot,40.54335,-74.16679,Entire home/apt,99,6,13,1,76,13
54111621,400891981,Brooklyn,East New York,40.65252,-73.88448,Entire home/apt,200,2,33,1,166,33
54112545,11301766,Brooklyn,Bedford-Stuyvesant,40.689915,-73.949142,Entire home/apt,147,3,6,1,234,6
54113212,3603284,Brooklyn,Bushwick,40.69181,-73.92612,Private room,59,2,8,8,306,8
54113753,33510623,Manhattan,Upper West Side,40.79099,-73.97425,Entire home/apt,199,30,0,2,321,0
54114542,87639559,Queens,Jamaica Hills,40.70918,-73.80182,Entire home/apt,420,7,3,11,342,3
54115612,87639559,Queens,Jamaica,40.70723,-73.80335,Entire home/apt,490,7,1,11,344,1
54117594,164291123,Manhattan,Flatiron District,40.74138,-73.98634,Private room,412,1,6,5,344,6
54117644,164291123,Manhattan,Flatiron District,40.73971,-73.98522,Private room,472,1,8,5,357,8
54118066,45101237,Brooklyn,Bushwick,40.68197,-73.90844,Entire home/apt,97,4,33,1,222,33
54120214,3223938,Brooklyn,Bedford-Stuyvesant,40.68864,-73.9539,Private room,34,90,0,288,249,0
54122536,91851098,Brooklyn,Prospect Heights,40.67758,-73.96828,Entire home/apt,238,3,15,2,46,15
54122624,33871880,Brooklyn,Williamsburg,40.711662,-73.963394,Entire home/apt,238,7,0,2,310,0
54123359,182523684,Queens,Middle Village,40.71701,-73.88838,Entire home/apt,177,2,13,4,341,13
54123445,438762718,Bronx,Williamsbridge,40.87938,-73.85838,Private room,102,1,3,4,365,3
54057011,438095884,Queens,Long Island City,40.74909,-73.93932,Entire home/apt,250,2,0,1,0,0
54057437,408016532,Brooklyn,Bedford-Stuyvesant,40.68847,-73.95522,Private room,70,1,17,4,130,17
54057539,270554496,Brooklyn,Bedford-Stuyvesant,40.69209,-73.93439,Private room,400,1,1,3,365,1
54058278,155440053,Manhattan,Chelsea,40.74941,-73.9949,Private room,74,1,65,8,269,65
54001508,437529818,Queens,Rego Park,40.71793,-73.86001,Entire home/apt,174,3,0,1,0,0
54001874,437534543,Brooklyn,Bedford-Stuyvesant,40.68536,-73.93133,Private room,85,1,23,3,54,23
54002531,371041988,Manhattan,Hell's Kitchen,40.75575,-73.99496,Entire home/apt,178,2,29,2,134,29
54124015,20518729,Manhattan,East Village,40.72819,-73.97862,Entire home/apt,116,4,0,2,0,0
54124223,66326553,Bronx,Concourse Village,40.8288,-73.91946,Entire home/apt,150,30,1,7,280,1
54127427,304459512,Bronx,Van Nest,40.845997,-73.865166,Entire home/apt,136,3,21,1,307,21
54003050,104307408,Manhattan,Midtown,40.7557,-73.98001,Entire home/apt,949,1,1,1,365,1
54003147,435273407,Brooklyn,Borough Park,40.645077,-73.996399,Private room,101,1,11,3,251,11
54003481,57782700,Manhattan,Midtown,40.74826,-73.98727,Entire home/apt,314,1,0,7,219,0
54004046,57782700,Manhattan,Midtown,40.74687,-73.98891,Entire home/apt,250,1,3,7,237,3
54004374,200239515,Manhattan,Inwood,40.86599,-73.92249,Private room,42,30,0,158,53,0
54004426,384307416,Queens,South Ozone Park,40.67774,-73.80478,Entire home/apt,186,2,32,4,312,32
54004596,200239515,Manhattan,Inwood,40.86608,-73.92436,Private room,34,30,0,158,0,0
54004625,392567584,Brooklyn,Bedford-Stuyvesant,40.68758,-73.95923,Shared room,35,15,5,12,357,5
54004748,200239515,Manhattan,Inwood,40.86603,-73.9241,Private room,41,30,0,158,29,0
54004813,200239515,Manhattan,Inwood,40.86411,-73.92283,Private room,43,30,1,158,0,1
54004892,301831302,Manhattan,Washington Heights,40.83162,-73.94078,Entire home/apt,496,1,3,8,90,3
54005041,301831302,Manhattan,Harlem,40.82998,-73.94106,Entire home/apt,1474,1,2,8,180,2
54128668,36978567,Bronx,Mott Haven,40.80589,-73.92094,Private room,65,1,1,3,355,1
54129100,178435649,Bronx,East Morrisania,40.83555,-73.88589,Entire home/apt,197,2,9,1,361,9
54005271,243288727,Manhattan,Midtown,40.75458,-73.96433,Entire home/apt,210,30,1,14,303,1
54058732,38645516,Brooklyn,Bedford-Stuyvesant,40.68894,-73.95718,Entire home/apt,293,14,3,1,304,3
54129261,6988653,Queens,Kew Gardens,40.70359,-73.83498,Private room,65,1,3,1,249,3
54129391,20178795,Brooklyn,Flatbush,40.64185,-73.9537,Entire home/apt,219,2,20,1,256,20
54130591,65303159,Manhattan,East Village,40.72187,-73.97973,Private room,50,7,0,1,44,0
54130664,438613649,Bronx,Morris Heights,40.85522,-73.91699,Private room,58,1,15,1,190,15
54058740,436210041,Queens,Jamaica,40.69391,-73.79791,Entire home/apt,143,1,39,1,352,39
54059047,436303062,Manhattan,Upper West Side,40.80139,-73.96633,Private room,83,1,6,6,293,6
54064476,356632650,Queens,Woodhaven,40.69195,-73.84881,Private room,229,7,0,1,0,0
54006083,437585966,Brooklyn,Brooklyn Heights,40.69575,-73.99411,Entire home/apt,358,3,5,1,25,5
54006094,3291898,Manhattan,East Harlem,40.80099373715986,-73.94611208154078,Entire home/apt,150,30,0,1,325,0
54006365,148993903,Brooklyn,Dyker Heights,40.62584,-74.00819,Entire home/apt,150,3,16,2,350,16
54007587,371911830,Manhattan,Midtown,40.75244,-73.97352,Private room,150,2,1,3,0,1
54008112,433972903,Bronx,Mott Haven,40.81146,-73.91923,Private room,60,1,13,10,128,13
54012192,74885349,Brooklyn,Bedford-Stuyvesant,40.683243,-73.945663,Entire home/apt,126,2,35,6,270,35
54131186,257236385,Manhattan,Chelsea,40.74318,-73.99676,Entire home/apt,250,30,2,1,268,2
54013154,360586882,Brooklyn,Bedford-Stuyvesant,40.68633,-73.94677,Entire home/apt,185,2,20,1,300,20
54015146,204704622,Manhattan,Inwood,40.86393,-73.92427,Private room,42,30,0,157,53,0
54015907,71333426,Manhattan,Midtown,40.75292,-73.97335,Entire home/apt,1000,2,2,2,351,2
54131340,399986109,Queens,Rego Park,40.72883,-73.86942,Entire home/apt,212,30,2,2,126,2
54131773,335969218,Manhattan,Financial District,40.70822,-74.00416,Private room,133,15,11,1,0,11
54065144,377279237,Manhattan,East Village,40.7248,-73.98303,Entire home/apt,225,30,0,1,261,0
54131874,344223705,Bronx,Williamsbridge,40.88366,-73.86164,Entire home/apt,250,1,5,3,309,5
54132661,18170444,Manhattan,East Harlem,40.78544,-73.9427,Private room,70,28,0,3,323,0
54136634,395671107,Manhattan,Upper West Side,40.79769,-73.97161,Private room,70,30,1,14,113,1
54136738,385425813,Queens,Springfield Gardens,40.66447,-73.7677,Entire home/apt,102,2,44,1,77,44
54065345,37529115,Manhattan,SoHo,40.72811,-74.00373,Entire home/apt,264,1,3,1,0,3
54066353,37384607,Manhattan,Harlem,40.81111,-73.95187,Entire home/apt,125,3,0,1,0,0
54066555,11131833,Manhattan,Greenwich Village,40.72797,-73.99932,Entire home/apt,250,30,2,1,289,2
54016797,437696570,Manhattan,SoHo,40.722059646709965,-74.00317244385643,Private room,336,1,11,1,76,11
54017066,89162637,Manhattan,Harlem,40.8169,-73.94414,Private room,120,1,8,3,350,8
54017192,396495101,Queens,Jamaica,40.69316,-73.8072,Private room,46,3,4,2,356,4
54137553,107434423,Manhattan,SoHo,40.72184,-73.99795,Entire home/apt,369,31,0,453,261,0
54137625,3223938,Queens,Glendale,40.7024,-73.88986,Private room,37,90,0,288,310,0
54138988,3363555,Brooklyn,Williamsburg,40.7146,-73.96071,Entire home/apt,195,4,5,1,23,5
54161007,438952657,Manhattan,Washington Heights,40.84238,-73.94099,Entire home/apt,154,30,2,35,349,2
54162906,438952657,Manhattan,Washington Heights,40.84072,-73.93907,Entire home/apt,110,30,2,35,256,2
54163608,397259778,Queens,Jackson Heights,40.75292,-73.89521,Private room,119,2,9,3,73,9
54163789,438952657,Manhattan,Washington Heights,40.84238,-73.9405,Entire home/apt,90,30,2,35,234,2
54163912,438952657,Manhattan,Washington Heights,40.84187,-73.93908,Entire home/apt,90,30,5,35,200,5
54164188,13603829,Queens,Maspeth,40.73768,-73.90669,Entire home/apt,329,5,0,5,365,0
54164357,438952657,Manhattan,Washington Heights,40.84162,-73.94092,Private room,50,30,3,35,272,3
54164587,348619646,Manhattan,Midtown,40.74787,-73.9868,Entire home/apt,205,1,1,52,0,1
54164726,69469129,Brooklyn,Flatbush,40.65211,-73.96429,Private room,135,30,0,2,341,0
54140633,162280872,Manhattan,Upper East Side,40.77567,-73.95352,Entire home/apt,130,30,1,98,323,1
54141910,48088611,Manhattan,Midtown,40.74638,-73.98713,Entire home/apt,331,1,16,4,51,16
54142171,65178149,Brooklyn,Williamsburg,40.71586,-73.96424,Entire home/apt,429,4,8,1,21,8
54165294,13031522,Brooklyn,Clinton Hill,40.68167,-73.95894,Entire home/apt,375,2,13,1,0,13
54165793,438762718,Bronx,Williamsbridge,40.87822,-73.85646,Private room,94,1,3,4,365,3
54166400,438762718,Bronx,Williamsbridge,40.87952,-73.8574,Private room,98,1,3,4,365,3
54142308,48088611,Manhattan,Midtown,40.74804,-73.987,Entire home/apt,249,1,15,4,43,15
54142967,12248031,Brooklyn,Bedford-Stuyvesant,40.68783,-73.9446,Private room,85,4,6,2,0,6
54167112,125598078,Brooklyn,Fort Greene,40.69006,-73.97348,Entire home/apt,119,29,4,1,265,4
54143211,65611806,Brooklyn,Bushwick,40.69969,-73.92859,Entire home/apt,311,1,5,4,317,5
54144015,30283594,Bronx,Mott Haven,40.81104,-73.92941,Entire home/apt,268,1,1,95,361,1
54144435,13488265,Brooklyn,Williamsburg,40.71814,-73.95484,Entire home/apt,490,30,1,1,168,1
54167159,426523305,Manhattan,East Harlem,40.81524,-73.93535,Entire home/apt,150,31,1,1,352,1
54167665,17622034,Queens,Astoria,40.77073,-73.9327,Private room,73,30,0,2,237,0
54144455,438952657,Manhattan,Washington Heights,40.84172,-73.93877,Private room,60,30,2,35,365,2
54066674,351734350,Brooklyn,Bedford-Stuyvesant,40.69368,-73.9322,Entire home/apt,121,1,53,1,157,53
54144617,429454632,Brooklyn,Prospect-Lefferts Gardens,40.66217,-73.94283,Private room,73,1,12,17,360,12
54144647,429454632,Brooklyn,Prospect-Lefferts Gardens,40.66203,-73.94274,Private room,65,1,11,17,355,11
54144790,33998591,Brooklyn,Park Slope,40.68425,-73.97829,Entire home/apt,114,1,0,1,0,0
54067291,28460706,Brooklyn,Bedford-Stuyvesant,40.67838,-73.91213,Entire home/apt,80,30,3,1,57,3
54067634,155440053,Manhattan,Chelsea,40.74952,-73.99674,Private room,68,1,71,8,200,71
54168325,316005726,Queens,Long Island City,40.75814,-73.93092,Private room,98,30,0,2,90,0
54168613,402968576,Manhattan,Midtown,40.75226,-73.97346,Private room,400,2,0,1,351,0
54144941,429454632,Brooklyn,Prospect-Lefferts Gardens,40.66066,-73.94105,Private room,72,1,11,17,344,11
54146038,397099903,Brooklyn,Flatbush,40.64832,-73.96182,Entire home/apt,151,2,3,1,324,3
54146235,155440053,Manhattan,Chelsea,40.74895,-73.9946,Private room,79,1,65,8,265,65
54146332,342060071,Queens,Flushing,40.75778,-73.80933,Entire home/apt,97,30,4,9,342,4
54146364,230403448,Brooklyn,Williamsburg,40.71089,-73.96184,Entire home/apt,110,30,2,4,308,2
54148158,438618089,Brooklyn,Flatlands,40.62345,-73.92139,Private room,95,1,1,1,362,1
54152478,438705539,Manhattan,Morningside Heights,40.80447,-73.96373,Private room,100,1,3,4,129,3
54169005,439181612,Queens,Jamaica,40.68583,-73.77821,Entire home/apt,162,1,80,1,325,80
54169063,396660174,Brooklyn,Bushwick,40.70089,-73.93388,Entire home/apt,150,28,0,1,47,0
54158914,413204967,Queens,Ditmars Steinway,40.7743,-73.90949,Private room,72,1,8,13,257,8
54159338,421049041,Queens,Long Island City,40.755432,-73.937836,Private room,265,1,212,2,364,212
54173093,69798076,Brooklyn,Flatbush,40.65391,-73.96002,Entire home/apt,165,37,9,1,157,9
54160031,438952657,Manhattan,Washington Heights,40.84038,-73.93954,Entire home/apt,109,30,3,35,269,3
54160187,103019971,Manhattan,East Village,40.72259,-73.98749,Entire home/apt,179,6,2,1,0,2
54160208,421049041,Queens,Long Island City,40.755432,-73.937836,Private room,204,1,331,2,361,331
54160247,168619140,Brooklyn,Canarsie,40.63761,-73.91589,Private room,140,2,2,4,20,2
54160407,4264648,Manhattan,Hell's Kitchen,40.75973,-73.99557,Entire home/apt,204,5,2,2,51,2
54227180,3718361,Manhattan,Harlem,40.80221,-73.95653,Entire home/apt,500,30,2,1,351,2
54173218,17599413,Brooklyn,Greenpoint,40.73595973825362,-73.95851130117987,Entire home/apt,275,3,1,1,219,1
54178055,168619140,Brooklyn,Canarsie,40.63769,-73.91544,Private room,115,2,1,4,0,1
54178217,168619140,Brooklyn,Canarsie,40.63955,-73.91532,Private room,90,2,2,4,0,2
54067905,130322100,Bronx,Edenwald,40.88862,-73.84386,Entire home/apt,68,5,2,1,273,2
54227270,20087667,Queens,Astoria,40.76824,-73.93277,Entire home/apt,195,30,2,2,139,2
54228375,419205691,Manhattan,Washington Heights,40.85114,-73.93238,Entire home/apt,432,1,11,1,345,11
54068602,438207643,Brooklyn,East Flatbush,40.64863,-73.92921,Private room,50,30,4,3,311,4
54178825,439257326,Manhattan,Flatiron District,40.74223,-73.99141,Entire home/apt,2400,1,0,1,240,0
54178860,401937392,Queens,Corona,40.73722,-73.86475,Private room,83,1,6,10,356,6
54179299,314714,Brooklyn,Crown Heights,40.66466,-73.94086,Private room,79,1,1,1,338,1
54228738,87830896,Manhattan,Inwood,40.86519,-73.91891,Private room,94,1,14,1,126,14
54179594,48949937,Manhattan,SoHo,40.72648,-74.00312,Entire home/apt,180,4,11,2,110,11
54179757,155440053,Manhattan,Chelsea,40.74967,-73.99524,Private room,63,1,32,8,299,32
54179941,155440053,Manhattan,Chelsea,40.74949,-73.99651,Private room,56,1,62,8,215,62
54229084,4633085,Brooklyn,Flatlands,40.6206,-73.93302,Private room,121,3,2,2,333,2
54229216,21336090,Brooklyn,Bedford-Stuyvesant,40.695,-73.94761,Entire home/apt,95,4,2,1,0,2
54229825,420088913,Brooklyn,Bedford-Stuyvesant,40.69609,-73.94497,Entire home/apt,446,2,43,13,299,43
54230938,2867137,Manhattan,Upper West Side,40.79621,-73.96662,Entire home/apt,255,30,0,73,334,0
54231833,247712971,Manhattan,Hell's Kitchen,40.75933,-73.98994,Private room,173,3,22,3,37,22
54180355,5710183,Brooklyn,Williamsburg,40.70834,-73.9467,Private room,179,1,21,1,90,21
54182272,155440053,Manhattan,Chelsea,40.74748,-73.99649,Private room,71,1,48,8,285,48
54182445,16722827,Manhattan,Upper West Side,40.79831,-73.96174,Entire home/apt,125,2,34,2,250,34
54182603,370945724,Manhattan,Lower East Side,40.71123,-73.98981,Entire home/apt,181,1,39,1,3,39
54183001,374576747,Bronx,Parkchester,40.83825,-73.86896,Entire home/apt,145,1,32,11,346,32
54183564,155935757,Manhattan,East Harlem,40.78878,-73.9416,Entire home/apt,85,30,4,2,46,4
54068618,135856127,Manhattan,East Harlem,40.80582,-73.93972,Private room,55,1,34,1,296,34
54068937,286713684,Manhattan,East Village,40.72773,-73.98026,Private room,150,14,1,2,0,1
54069262,306024152,Queens,South Ozone Park,40.67314,-73.79631,Private room,63,3,17,5,24,17
54069886,438045606,Brooklyn,Flatlands,40.62889,-73.92946,Private room,60,2,17,1,321,17
54232734,425034221,Brooklyn,East New York,40.66253,-73.86126,Entire home/apt,175,2,7,4,277,7
54233094,70095320,Queens,Flushing,40.76805,-73.83229,Private room,160,1,7,3,6,7
54238053,44119494,Brooklyn,Clinton Hill,40.68203,-73.96318,Entire home/apt,243,2,27,1,92,27
54238063,383943141,Brooklyn,Brownsville,40.67144,-73.90553,Entire home/apt,500,1,2,1,365,2
54186567,29176423,Queens,St. Albans,40.69434,-73.76712,Entire home/apt,143,1,8,1,362,8
54193168,438952657,Manhattan,Upper West Side,40.78312,-73.98338,Entire home/apt,116,30,0,35,275,0
54193203,413204967,Queens,Ditmars Steinway,40.77489,-73.91103,Private room,70,1,23,13,334,23
54238875,107434423,Manhattan,Upper West Side,40.7911888,-73.9737101,Entire home/apt,485,31,0,453,347,0
54239768,314253814,Manhattan,Chelsea,40.74901,-74.0022,Entire home/apt,458,1,25,1,301,25
54193549,2630510,Brooklyn,Williamsburg,40.71889,-73.94055,Entire home/apt,66,30,2,1,160,2
54241643,397125340,Brooklyn,Brownsville,40.67015,-73.91637,Entire home/apt,404,1,0,2,365,0
54242854,439505802,Brooklyn,Bushwick,40.69837038394136,-73.91915628562654,Private room,181,2,1,1,1,1
54194995,311182339,Queens,Forest Hills,40.71194,-73.85454,Entire home/apt,425,2,19,1,350,19
54195597,438952657,Manhattan,Upper West Side,40.78288,-73.98354,Entire home/apt,250,30,3,35,355,3
54070027,438220335,Brooklyn,Clinton Hill,40.68525,-73.96139,Entire home/apt,195,2,14,1,290,14
54070458,429999434,Queens,Springfield Gardens,40.6771,-73.75523,Private room,73,5,1,3,362,1
54070638,383115854,Manhattan,East Harlem,40.79561,-73.93465,Entire home/apt,115,1,33,1,273,33
54070767,78556150,Manhattan,Stuyvesant Town,40.73444,-73.97952,Entire home/apt,250,3,2,1,31,2
54243009,406942662,Manhattan,Lower East Side,40.71984,-73.99191,Private room,95,2,7,5,37,7
54243072,50740281,Brooklyn,Williamsburg,40.71689,-73.96291,Entire home/apt,356,30,0,1,365,0
54071410,132176289,Manhattan,East Village,40.72136,-73.98278,Entire home/apt,599,30,1,1,277,1
54073774,168619140,Brooklyn,Canarsie,40.63842,-73.9152,Entire home/apt,299,2,7,4,47,7
54073846,11769840,Brooklyn,Bedford-Stuyvesant,40.6868860720888,-73.92251293454771,Private room,120,7,0,3,37,0
54074725,156505456,Brooklyn,East New York,40.66082885610018,-73.88901059773445,Private room,68,1,1,32,359,1
54074750,156505456,Brooklyn,East New York,40.66659,-73.87363,Private room,73,2,3,32,358,3
54074900,411335004,Bronx,Bronxdale,40.85551,-73.8616,Entire home/apt,93,4,12,1,305,12
54075016,156505456,Brooklyn,East New York,40.66682,-73.87372,Private room,63,3,9,32,362,9
54076605,153340219,Brooklyn,East New York,40.67256,-73.86919,Entire home/apt,106,1,58,4,350,58
54080619,40385488,Manhattan,Upper West Side,40.80091,-73.96296,Private room,135,7,15,9,71,15
54081073,40385488,Manhattan,Upper West Side,40.79879,-73.96316,Private room,145,5,9,9,50,9
54195637,56365890,Brooklyn,Bushwick,40.68668,-73.91347,Entire home/apt,140,30,1,1,57,1
54243391,401202937,Manhattan,Midtown,40.7479,-73.9867,Private room,226,1,18,51,63,18
54243805,2653479,Manhattan,Upper West Side,40.80075,-73.96188,Private room,80,2,8,41,81,8
54245099,140614593,Brooklyn,East New York,40.66303,-73.89083,Entire home/apt,159,2,9,1,82,9
54196066,439414066,Brooklyn,Bedford-Stuyvesant,40.68447,-73.94238,Entire home/apt,191,1,17,1,308,17
54196259,439415632,Queens,Long Island City,40.75759,-73.94065,Private room,206,1,6,2,341,6
54196350,438952657,Manhattan,Upper West Side,40.78136,-73.98408,Entire home/apt,270,30,4,35,318,4
54196652,99271129,Brooklyn,Park Slope,40.67192,-73.97468,Entire home/apt,393,2,10,1,87,10
54196744,438952657,Manhattan,Upper West Side,40.78308,-73.9842,Entire home/apt,155,30,3,35,309,3
54196777,438952657,Manhattan,Upper West Side,40.78261,-73.98537,Entire home/apt,255,30,2,35,333,2
54245109,4483467,Brooklyn,Greenpoint,40.73223,-73.95472,Private room,120,15,6,5,326,6
54245163,438952657,Manhattan,Upper East Side,40.76222,-73.96198,Entire home/apt,120,30,2,35,293,2
54245594,24033902,Manhattan,Washington Heights,40.84291,-73.94269,Private room,40,30,4,2,312,4
54245960,438952657,Manhattan,Upper East Side,40.76049,-73.96167,Entire home/apt,165,30,1,35,244,1
54246235,438952657,Manhattan,Upper East Side,40.76029,-73.96137,Entire home/apt,165,30,3,35,257,3
54246425,438952657,Manhattan,Upper East Side,40.7622,-73.96057,Entire home/apt,175,30,1,35,305,1
54246612,26535250,Brooklyn,Windsor Terrace,40.65779,-73.97736,Entire home/apt,211,30,0,7,150,0
54247180,1978940,Brooklyn,Williamsburg,40.70871,-73.93903,Private room,143,3,25,1,139,25
54247733,435938215,Manhattan,Hell's Kitchen,40.75413,-73.99776,Private room,280,1,8,22,139,8
54250038,1670585,Brooklyn,Park Slope,40.68176,-73.97776,Private room,225,3,19,1,83,19
54250246,393625930,Brooklyn,Crown Heights,40.67705,-73.92921,Entire home/apt,300,1,0,1,0,0
54083128,438341134,Queens,Astoria,40.76939,-73.931335,Private room,69,5,10,1,256,10
54083247,438342469,Queens,St. Albans,40.68928,-73.76049,Entire home/apt,137,2,8,1,345,8
54256185,3223938,Brooklyn,Prospect-Lefferts Gardens,40.65763,-73.9501,Private room,48,90,0,288,341,0
54258024,438952657,Manhattan,Upper East Side,40.76242,-73.96142,Entire home/apt,115,30,1,35,334,1
54258718,438952657,Manhattan,Upper East Side,40.76041,-73.96192,Entire home/apt,155,30,2,35,282,2
54259629,279775863,Manhattan,Chelsea,40.74474,-74.00332,Entire home/apt,240,30,0,11,365,0
54260194,401709949,Brooklyn,Bedford-Stuyvesant,40.69975,-73.94039,Private room,55,30,0,20,250,0
54260674,272210934,Brooklyn,Bushwick,40.70152,-73.92142,Private room,90,2,18,1,123,18
54083686,302910964,Manhattan,Harlem,40.82348937328011,-73.94162626962876,Private room,70,3,0,1,60,0
54083706,207195903,Brooklyn,Bay Ridge,40.62749,-74.02189,Private room,99,1,25,5,224,25
54084028,336990552,Bronx,Fordham,40.85359,-73.90279,Entire home/apt,300,2,3,2,89,3
54084086,434276514,Queens,Woodside,40.74407,-73.90588,Entire home/apt,99,1,11,5,319,11
54084803,30501498,Brooklyn,Vinegar Hill,40.70328,-73.98196,Private room,70,3,2,1,0,2
54196940,29388574,Manhattan,Gramercy,40.73719,-73.98642,Entire home/apt,364,7,4,1,342,4
54196947,438952657,Manhattan,Upper West Side,40.78266,-73.98574,Entire home/apt,141,30,4,35,284,4
54197051,438952657,Manhattan,Upper West Side,40.78252,-73.98368,Entire home/apt,135,30,2,35,287,2
54197179,438952657,Manhattan,Upper West Side,40.78281,-73.98377,Entire home/apt,118,30,1,35,281,1
54197182,438952657,Manhattan,Upper West Side,40.78287,-73.98337,Entire home/apt,130,30,1,35,299,1
54197315,10087006,Brooklyn,Williamsburg,40.71480899685323,-73.96131812689215,Entire home/apt,395,3,2,1,13,2
54260862,128300825,Brooklyn,Bedford-Stuyvesant,40.69202,-73.92861,Private room,51,4,4,3,16,4
54262388,438952657,Manhattan,Upper East Side,40.76214,-73.9613,Entire home/apt,160,30,1,35,290,1
54262629,438952657,Manhattan,Upper East Side,40.76037,-73.96219,Entire home/apt,155,30,4,35,293,4
54262883,438952657,Manhattan,Upper East Side,40.76036,-73.96048,Entire home/apt,155,30,2,35,267,2
54262928,93994090,Brooklyn,Williamsburg,40.71023,-73.96662,Private room,139,3,16,5,328,16
54263140,93994090,Brooklyn,Williamsburg,40.71091842651367,-73.96558380126953,Entire home/apt,499,3,5,5,312,5
54263192,82115963,Queens,Queens Village,40.7058,-73.73557,Entire home/apt,249,1,9,2,244,9
54197701,74851472,Brooklyn,Bushwick,40.69765,-73.90855,Entire home/apt,166,3,11,1,195,11
54200144,334611519,Queens,Flushing,40.75593,-73.80482,Entire home/apt,139,1,36,14,147,36
54200860,436339796,Manhattan,Hell's Kitchen,40.76301,-73.98785,Shared room,74,2,4,3,0,4
54085539,50115727,Manhattan,Harlem,40.81471,-73.94591,Entire home/apt,400,3,13,1,31,13
54087836,438207643,Brooklyn,East Flatbush,40.65,-73.93076,Private room,45,30,2,3,340,2
54291762,373307437,Manhattan,Midtown,40.7538,-73.97192,Private room,359,30,0,7,75,0
54292164,271275048,Manhattan,Chelsea,40.7457,-73.9914,Entire home/apt,120,30,1,15,132,1
54293512,436339796,Manhattan,Hell's Kitchen,40.76075,-73.98802,Shared room,74,2,11,3,0,11
54263362,334383362,Brooklyn,Bedford-Stuyvesant,40.69327,-73.93452,Private room,58,90,0,4,275,0
54263404,423317308,Brooklyn,Bedford-Stuyvesant,40.69327,-73.94145,Private room,72,2,0,4,356,0
54263436,438952657,Manhattan,Upper East Side,40.7603,-73.96081,Entire home/apt,155,30,3,35,252,3
54263624,82115963,Queens,Queens Village,40.70556345672394,-73.73369540852968,Private room,123,1,0,2,242,0
54263674,438952657,Manhattan,Upper East Side,40.76201,-73.9619,Entire home/apt,100,30,2,35,129,2
54263886,438952657,Manhattan,Upper East Side,40.76088,-73.96012,Entire home/apt,160,30,3,35,260,3
54263907,334383362,Brooklyn,Bedford-Stuyvesant,40.69269,-73.93332,Private room,58,90,0,4,275,0
54264164,438952657,Manhattan,Upper East Side,40.76235,-73.9614,Entire home/apt,155,30,2,35,305,2
54264262,438862630,Brooklyn,Prospect-Lefferts Gardens,40.65515,-73.96074,Entire home/apt,125,6,12,1,21,12
54294086,440355290,Queens,Jamaica,40.69739,-73.79279,Private room,342,1,0,1,365,0
54295160,425034221,Brooklyn,East New York,40.66269,-73.86212,Entire home/apt,141,2,5,4,277,5
54295697,88945872,Brooklyn,East Flatbush,40.64486689482096,-73.95015632869062,Entire home/apt,84,30,0,2,162,0
54296302,22010249,Brooklyn,Bushwick,40.69015,-73.91283,Private room,91,2,11,5,35,11
54300407,143006262,Manhattan,Harlem,40.80315,-73.94749,Entire home/apt,140,5,2,1,254,2
54300560,102080453,Brooklyn,Bedford-Stuyvesant,40.69292,-73.93023,Entire home/apt,85,29,4,1,108,4
54200918,236805477,Brooklyn,Bushwick,40.6965,-73.90791,Entire home/apt,1436,1,10,1,365,10
54206839,25606136,Manhattan,Upper East Side,40.77436,-73.95061,Entire home/apt,150,30,2,1,0,2
54206877,162280872,Manhattan,Upper East Side,40.76292,-73.96718,Entire home/apt,155,30,1,98,227,1
54206998,3223938,Queens,Long Island City,40.7601,-73.93016,Private room,39,90,0,288,310,0
54207464,914838,Manhattan,Hell's Kitchen,40.76366,-73.99496,Entire home/apt,80,30,1,8,307,1
54207666,3223938,Queens,Long Island City,40.75886,-73.93199,Private room,37,90,0,288,311,0
54207951,3223938,Queens,Long Island City,40.7604,-73.9307,Private room,34,90,0,288,152,0
54264944,440060338,Brooklyn,East Flatbush,40.64635912291303,-73.95026953525019,Private room,77,3,1,2,241,1
54208557,76272423,Manhattan,Upper West Side,40.7894920305617,-73.97977417602839,Entire home/apt,206,1,0,1,285,0
54302592,68394700,Brooklyn,Williamsburg,40.70128,-73.94374,Entire home/apt,222,3,2,1,58,2
54302784,438952657,Manhattan,Washington Heights,40.84039,-73.94084,Private room,50,30,2,35,248,2
54303003,385129361,Manhattan,Upper West Side,40.79763,-73.96142,Entire home/apt,85,30,1,48,341,1
54265892,247712971,Manhattan,Hell's Kitchen,40.75979,-73.98834,Private room,170,3,28,3,66,28
54266171,11767749,Brooklyn,Williamsburg,40.71269,-73.96622,Private room,97,10,1,1,38,1
54303020,70335729,Queens,Ridgewood,40.7062,-73.91345,Private room,35,30,1,1,221,1
54303183,438952657,Manhattan,Washington Heights,40.84219,-73.9404,Private room,50,30,0,35,219,0
54303332,438952657,Manhattan,Washington Heights,40.84053,-73.94082,Private room,50,30,1,35,315,1
54303623,438952657,Manhattan,Washington Heights,40.84213,-73.94079,Private room,50,30,2,35,205,2
54304065,438952657,Manhattan,Upper West Side,40.78267,-73.9835,Entire home/apt,195,30,2,35,333,2
54304193,440455214,Manhattan,Hell's Kitchen,40.76633,-73.98373,Entire home/apt,199,3,11,1,0,11
54304382,438952657,Manhattan,Upper West Side,40.781,-73.98375,Entire home/apt,140,30,3,35,258,3
54304720,440461336,Queens,Ozone Park,40.67331,-73.84483,Private room,95,1,6,3,11,6
54209577,376871232,Manhattan,Harlem,40.82585,-73.94898,Private room,67,2,0,3,341,0
54210008,376871232,Manhattan,Harlem,40.824,-73.94862,Private room,50,2,0,3,341,0
54210471,112820798,Brooklyn,East New York,40.67528,-73.88475,Entire home/apt,195,1,16,1,248,16
54267732,85553337,Manhattan,Upper East Side,40.77737,-73.94574,Entire home/apt,200,4,23,1,10,23
54210937,439562397,Brooklyn,Bushwick,40.69898,-73.91386,Entire home/apt,131,4,16,1,297,16
54210998,364495516,Brooklyn,Bedford-Stuyvesant,40.68266,-73.94237,Entire home/apt,199,30,11,2,82,11
54211784,115819396,Queens,Ditmars Steinway,40.77408,-73.90483,Private room,60,1,0,1,347,0
54211873,203806534,Queens,Long Island City,40.75899,-73.93057,Private room,50,1,0,2,3,0
54213367,384532776,Manhattan,Upper East Side,40.78385,-73.95258,Entire home/apt,125,30,0,44,345,0
54304915,440462361,Brooklyn,Canarsie,40.62932,-73.89781,Entire home/apt,98,2,25,1,316,25
54305139,284337887,Brooklyn,Bedford-Stuyvesant,40.68766,-73.92658,Private room,38,30,0,14,164,0
54305154,435361795,Manhattan,East Village,40.72469,-73.97686,Private room,90,1,22,4,6,22
54268669,4540122,Brooklyn,Williamsburg,40.72195,-73.95585,Entire home/apt,220,5,0,1,0,0
54213649,439665066,Brooklyn,East Flatbush,40.64769,-73.92909,Entire home/apt,85,30,0,1,219,0
54268809,256610768,Manhattan,Upper East Side,40.76098,-73.96188,Entire home/apt,852,30,4,1,103,4
54214433,439600694,Manhattan,Inwood,40.86349,-73.92735,Private room,52,2,18,1,190,18
54217724,251039,Brooklyn,Williamsburg,40.71233,-73.94299,Entire home/apt,600,30,0,1,313,0
54306557,440482754,Brooklyn,Bushwick,40.6921,-73.91649,Entire home/apt,201,2,11,1,94,11
54306824,30985759,Manhattan,Hell's Kitchen,40.75784,-73.99154,Private room,63,1,53,5,16,53
54269748,153340219,Brooklyn,East New York,40.67644,-73.88715,Entire home/apt,116,1,55,4,344,55
54270319,305613328,Bronx,Olinville,40.88544,-73.86207,Entire home/apt,200,1,16,1,166,16
54272041,2653479,Manhattan,Morningside Heights,40.80405,-73.9659,Private room,80,3,3,41,49,3
54273188,13282162,Brooklyn,Greenpoint,40.72446,-73.94879,Entire home/apt,89,30,0,1,53,0
54307056,440469367,Brooklyn,Bushwick,40.69004,-73.90829,Private room,70,30,1,5,341,1
54220873,437502426,Bronx,Williamsbridge,40.87176,-73.85625,Entire home/apt,126,5,12,3,81,12
54275557,407354015,Manhattan,Kips Bay,40.74161,-73.98201,Entire home/apt,280,4,9,4,303,9
54277357,372246062,Queens,Ditmars Steinway,40.77292,-73.91169,Entire home/apt,124,3,18,1,279,18
54307163,397775202,Manhattan,East Harlem,40.7921433,-73.93665899999999,Entire home/apt,190,2,3,2,41,3
54307170,397775202,Manhattan,East Harlem,40.79282268828632,-73.93739915881248,Private room,130,1,5,2,41,5
54307203,61278683,Queens,Long Island City,40.75395,-73.93684,Private room,82,2,32,3,233,32
54307271,440469367,Brooklyn,Bushwick,40.69036,-73.91044,Shared room,42,90,0,5,351,0
54314481,66638172,Brooklyn,Williamsburg,40.70597,-73.93551,Entire home/apt,248,30,2,1,0,2
54315006,8519823,Brooklyn,Williamsburg,40.71421,-73.96584,Entire home/apt,475,30,1,1,105,1
54278020,2196224,Manhattan,East Village,40.72898,-73.98115,Entire home/apt,135,90,0,5,249,0
54279077,207195903,Brooklyn,Bay Ridge,40.62934,-74.02207,Entire home/apt,140,3,0,5,31,0
54281202,9623701,Brooklyn,Bedford-Stuyvesant,40.6781,-73.91492,Entire home/apt,88,4,8,1,4,8
54315055,440585824,Bronx,Soundview,40.82385,-73.87702,Entire home/apt,110,2,0,1,249,0
54316476,8649457,Manhattan,Murray Hill,40.74563,-73.97442,Entire home/apt,250,30,1,1,347,1
54317271,76451380,Brooklyn,East Flatbush,40.64126,-73.9493,Private room,68,28,1,5,178,1
54221901,38984746,Queens,Jamaica Hills,40.71633,-73.79754,Entire home/apt,188,3,21,1,355,21
54222180,237598325,Brooklyn,Cypress Hills,40.69012,-73.86788,Entire home/apt,232,3,22,1,121,22
54281443,263266237,Bronx,Allerton,40.86982,-73.84657,Entire home/apt,108,2,1,3,335,1
54223090,199720771,Bronx,Pelham Gardens,40.85863,-73.84945,Entire home/apt,130,3,10,1,216,10
54223492,46601876,Queens,Ditmars Steinway,40.77863,-73.91029,Entire home/apt,102,1,7,1,242,7
54224447,67238669,Brooklyn,Brownsville,40.66738,-73.91834,Entire home/apt,164,1,59,1,305,59
54317375,58633616,Manhattan,West Village,40.73754,-73.99997,Entire home/apt,120,31,0,2,158,0
54318636,440220965,Queens,Rosedale,40.65903,-73.73405,Entire home/apt,126,1,33,2,176,33
54281603,263266237,Bronx,Pelham Gardens,40.86787,-73.84591,Private room,55,2,0,3,334,0
54281653,263266237,Bronx,Allerton,40.87003,-73.84683,Private room,53,2,1,3,334,1
54282972,425034221,Brooklyn,East New York,40.6605,-73.86269,Entire home/apt,155,2,3,4,277,3
54283343,221204634,Queens,Laurelton,40.66952,-73.74346,Entire home/apt,125,7,0,2,190,0
54284714,425034221,Brooklyn,East New York,40.66225,-73.86274,Entire home/apt,135,2,0,4,277,0
54286566,440274210,Manhattan,Upper East Side,40.78071,-73.9474,Private room,59,30,2,3,250,2
54318921,440148941,Manhattan,East Village,40.72334,-73.98159,Private room,80,30,0,3,281,0
54319137,62100368,Brooklyn,Bushwick,40.69072,-73.90534,Entire home/apt,142,2,25,3,294,25
54287479,440274210,Manhattan,Upper East Side,40.78137,-73.94698,Private room,53,30,2,3,281,2
54290637,429454632,Brooklyn,Prospect-Lefferts Gardens,40.66026,-73.94292,Private room,71,1,13,17,363,13
54291034,438550739,Manhattan,Midtown,40.74641,-73.98842,Entire home/apt,304,1,13,4,19,13
54291188,438550739,Manhattan,Midtown,40.74694,-73.989,Entire home/apt,304,1,20,4,14,20
54291234,438550739,Manhattan,Midtown,40.74772,-73.98868,Entire home/apt,304,1,25,4,23,25
54291734,54398134,Brooklyn,Greenpoint,40.73396,-73.95707,Private room,130,3,0,1,0,0
54352197,26135496,Queens,Glendale,40.70374,-73.88443,Private room,69,1,35,1,95,35
54319214,358583657,Bronx,Clason Point,40.81567,-73.86334,Private room,55,3,4,2,311,4
54225021,434985284,Manhattan,Midtown,40.75187,-73.97126,Entire home/apt,150,30,0,1,69,0
54226057,376871232,Manhattan,Harlem,40.82597,-73.95024,Private room,43,2,0,3,340,0
517980394342969845,420408626,Brooklyn,Bushwick,40.69184,-73.91127,Private room,58,30,0,4,364,0
518155935475124576,241676154,Staten Island,West Brighton,40.63052,-74.10387,Private room,41,30,0,14,249,0
518689109208853861,87105,Manhattan,Upper West Side,40.7777,-73.98318,Entire home/apt,150,30,0,2,64,0
519453936157575198,200949587,Bronx,Allerton,40.86835,-73.86271,Entire home/apt,150,3,52,1,152,52
519783939188198521,185029671,Manhattan,Inwood,40.86067,-73.92814,Entire home/apt,141,1,26,2,339,26
54353571,342060071,Queens,Flushing,40.74507,-73.82585,Entire home/apt,93,30,0,9,235,0
54354318,440469367,Brooklyn,Bushwick,40.69042,-73.90974,Shared room,42,90,0,5,335,0
54354860,441043633,Brooklyn,Bedford-Stuyvesant,40.67995,-73.91132,Entire home/apt,322,2,8,1,69,8
521048710304742090,4167576,Manhattan,Lower East Side,40.72271,-73.99253,Entire home/apt,100,3,0,1,211,0
54355130,441039059,Brooklyn,Bushwick,40.68677,-73.91716,Private room,66,90,2,3,329,2
54319710,440648976,Brooklyn,Greenpoint,40.72626,-73.94858,Entire home/apt,164,1,39,1,129,39
54326385,41773438,Brooklyn,Bushwick,40.68674,-73.90946,Private room,84,1,20,3,108,20
54326428,41773438,Brooklyn,Bushwick,40.68681,-73.9114,Entire home/apt,185,1,54,3,121,54
54355778,2867137,Manhattan,Upper West Side,40.79333,-73.96857,Entire home/apt,305,30,1,73,243,1
54357357,46464995,Brooklyn,Williamsburg,40.71854,-73.95666,Entire home/apt,149,3,2,1,0,2
54326605,180928667,Brooklyn,Sunset Park,40.6445,-74.00093,Private room,61,2,13,1,266,13
54357717,74024064,Bronx,Longwood,40.81417,-73.90049,Entire home/apt,225,1,9,4,355,9
54357775,74024064,Bronx,Longwood,40.81423,-73.89921,Entire home/apt,166,1,4,4,361,4
54357934,408979935,Manhattan,Chelsea,40.75099,-73.99621,Private room,141,3,29,17,69,29
54359426,66943499,Brooklyn,South Slope,40.66884,-73.98907,Entire home/apt,190,2,1,1,16,1
54327246,26376271,Manhattan,Harlem,40.82372,-73.95439,Entire home/apt,135,2,29,2,270,29
521735673953787156,343818693,Manhattan,Greenwich Village,40.73043,-74.00123,Entire home/apt,350,3,12,1,6,12
521881115025270531,50778925,Brooklyn,Brooklyn Heights,40.69326,-73.99274,Entire home/apt,350,4,1,1,271,1
522425855620716170,100051549,Staten Island,Tompkinsville,40.62556,-74.08606,Entire home/apt,2500,3,7,1,365,7
54361481,7594266,Queens,Ditmars Steinway,40.77012,-73.90253,Entire home/apt,123,3,0,1,0,0
54362388,425010331,Queens,Long Island City,40.75827,-73.93754,Private room,278,1,69,7,309,69
54362842,104655540,Brooklyn,Brownsville,40.66795,-73.91995,Private room,214,1,0,6,81,0
54328203,361567777,Manhattan,Upper East Side,40.77697,-73.95389,Entire home/apt,125,3,2,1,146,2
54364623,13187650,Brooklyn,Bedford-Stuyvesant,40.6893,-73.95454,Entire home/apt,300,1,17,1,223,17
54328302,156593670,Manhattan,Murray Hill,40.74673948053336,-73.97388300276238,Entire home/apt,514,3,1,1,47,1
54328403,7575614,Manhattan,Lower East Side,40.72017,-73.98394,Entire home/apt,142,4,5,1,0,5
54328455,461947,Brooklyn,Greenpoint,40.71978,-73.94865,Entire home/apt,225,6,3,1,0,3
54364652,441162075,Manhattan,Upper East Side,40.764,-73.96616,Entire home/apt,195,30,0,1,280,0
54328726,56708294,Manhattan,East Village,40.72684,-73.98794,Entire home/apt,220,2,6,1,3,6
522639572031900388,433564446,Brooklyn,Columbia St,40.68888,-73.99935,Entire home/apt,116,1,31,1,128,31
523356840284135720,5971264,Bronx,Kingsbridge,40.86305,-73.90165,Entire home/apt,115,4,3,3,285,3
54365596,24735514,Manhattan,Chelsea,40.75028,-74.00338,Entire home/apt,299,4,4,1,10,4
54367071,306654226,Manhattan,Chelsea,40.75202,-73.99512,Entire home/apt,528,1,9,1,338,9
523943199405217177,4750434,Brooklyn,Bedford-Stuyvesant,40.69167,-73.92774,Entire home/apt,316,3,8,1,179,8
54329760,146345538,Manhattan,Midtown,40.75522,-73.98332,Entire home/apt,258,30,0,14,310,0
54329881,146345538,Manhattan,Theater District,40.75694,-73.98297,Entire home/apt,263,30,1,14,310,1
54330015,146345538,Manhattan,Midtown,40.75556,-73.98158,Entire home/apt,268,30,0,14,310,0
54330043,146345538,Manhattan,Midtown,40.7555,-73.98302,Entire home/apt,263,30,1,14,310,1
54330053,146345538,Manhattan,Midtown,40.75527,-73.9811,Entire home/apt,258,30,0,14,310,0
54330079,146345538,Manhattan,Midtown,40.75554,-73.98118,Entire home/apt,258,30,0,14,310,0
54330109,146345538,Manhattan,Midtown,40.7556,-73.98109,Entire home/apt,258,30,0,14,310,0
54330223,146345538,Manhattan,Theater District,40.7574,-73.98324,Entire home/apt,258,30,1,14,310,1
54330264,146345538,Manhattan,Theater District,40.75722,-73.9831,Entire home/apt,258,30,1,14,310,1
54330272,146345538,Manhattan,Midtown,40.75519,-73.98298,Entire home/apt,258,30,1,14,310,1
54330867,437502426,Bronx,Williamsbridge,40.87354,-73.85784,Entire home/apt,111,5,9,3,66,9
54368776,439415632,Queens,Long Island City,40.75643,-73.94273,Private room,199,1,18,2,302,18
54369023,104655540,Brooklyn,Crown Heights,40.66946,-73.92155,Private room,60,1,19,6,339,19
54370489,349478003,Manhattan,Washington Heights,40.83795,-73.94073,Entire home/apt,159,2,6,1,106,6
524585244608718446,437285154,Queens,Jackson Heights,40.75324,-73.85679,Private room,285,1,2,1,329,2
54370566,181876326,Brooklyn,Flatbush,40.64239,-73.9564,Private room,133,1,0,2,136,0
54376286,28119886,Queens,Ridgewood,40.70385,-73.90743,Private room,76,2,17,1,68,17
526680812422731086,436632302,Brooklyn,East New York,40.65961,-73.89385,Private room,71,1,23,3,67,23
526723417256786435,436632302,Brooklyn,East New York,40.66098,-73.8943,Private room,69,1,37,3,80,37
526739212472733954,436632302,Brooklyn,East New York,40.65941,-73.89414,Private room,47,1,36,3,70,36
54331052,361182285,Queens,South Ozone Park,40.66905420258816,-73.80825959946806,Entire home/apt,120,1,6,1,358,6
54331135,10149317,Queens,Kew Gardens,40.70954,-73.82781,Entire home/apt,102,7,9,12,330,9
54332379,344340194,Bronx,Wakefield,40.90052,-73.84283,Entire home/apt,140,2,47,2,149,47
54336407,358583657,Bronx,Clason Point,40.81517,-73.86406,Private room,53,4,9,2,354,9
54338345,22800762,Manhattan,Midtown,40.74625,-73.98707,Entire home/apt,250,5,0,4,201,0
54378371,373060,Manhattan,West Village,40.73301,-74.00131,Entire home/apt,850,2,12,1,295,12
54380502,339065933,Brooklyn,DUMBO,40.70328424266481,-73.987986355131,Entire home/apt,279,30,0,1,350,0
54338733,181205324,Queens,Glendale,40.6986,-73.89504,Entire home/apt,184,30,2,2,337,2
54339590,433841620,Brooklyn,Williamsburg,40.71658,-73.94872,Entire home/apt,200,2,0,3,0,0
54340059,90713895,Manhattan,Theater District,40.75642,-73.984512,Private room,1799,1,0,6,2,0
54341011,429454632,Brooklyn,Prospect-Lefferts Gardens,40.66083,-73.9408,Private room,72,1,19,17,358,19
54341162,440148941,Manhattan,East Village,40.72308,-73.98148,Private room,75,30,1,3,255,1
528219051370478513,31679641,Bronx,Mount Hope,40.84832,-73.90383,Entire home/apt,79,2,23,1,342,23
529157103042604647,9130040,Brooklyn,East Flatbush,40.66292,-73.9328,Private room,159,1,1,6,365,1
529737934145319533,432233993,Brooklyn,Bay Ridge,40.62159,-74.02258,Private room,66,1,11,6,361,11
529984352362471277,428067885,Queens,Springfield Gardens,40.67129,-73.75444,Entire home/apt,135,2,12,1,167,12
532108412257110742,382582503,Brooklyn,East Flatbush,40.65054,-73.94351,Private room,83,3,3,4,353,3
54384906,441464233,Brooklyn,Crown Heights,40.67258,-73.92974,Private room,51,5,4,1,46,4
532699628691994923,438981325,Manhattan,Harlem,40.800586667250855,-73.95843772282996,Private room,179,1,2,1,353,2
54342616,440916771,Manhattan,Marble Hill,40.8757,-73.91038,Private room,85,2,25,1,319,25
54342792,440148941,Manhattan,East Village,40.72179,-73.98115,Private room,61,30,0,3,303,0
54342889,16110448,Bronx,Port Morris,40.80753290709002,-73.92925554628134,Private room,240,5,0,2,252,0
54342999,440921674,Queens,Elmhurst,40.73033,-73.88573,Shared room,95,1,3,13,360,3
54343089,440923122,Brooklyn,Flatbush,40.64123,-73.95407,Entire home/apt,165,30,0,1,75,0
54343414,416552167,Brooklyn,Williamsburg,40.71379,-73.9488,Entire home/apt,900,30,2,5,329,2
54344557,33612342,Brooklyn,Sunset Park,40.66175,-73.99338,Private room,199,1,27,6,334,27
54344780,2822805,Brooklyn,Crown Heights,40.67082,-73.95784,Private room,77,30,1,10,265,1
54385958,5481358,Brooklyn,East Flatbush,40.65263001680263,-73.93998645529365,Entire home/apt,130,1,5,1,345,5
54387002,39277795,Brooklyn,Sunset Park,40.64538,-74.0039,Private room,41,2,20,4,42,20
54387272,441779614,Manhattan,Upper West Side,40.76889,-73.98411,Entire home/apt,320,7,9,1,321,9
54344950,440874686,Brooklyn,Bedford-Stuyvesant,40.68721,-73.93061,Entire home/apt,228,3,30,1,311,30
54345262,418441364,Manhattan,Upper East Side,40.78089,-73.94815,Entire home/apt,200,28,20,2,57,20
533238920782676225,439095507,Manhattan,Greenwich Village,40.73517,-73.9972,Entire home/apt,675,31,0,1,365,0
54390128,183393413,Manhattan,Harlem,40.81813,-73.93952,Private room,75,1,0,1,0,0
54392252,335393961,Manhattan,East Village,40.72508,-73.98143,Private room,93,5,21,1,89,21
54392313,441644824,Staten Island,West Brighton,40.63113,-74.11905,Entire home/apt,94,1,25,1,361,25
534043632832868876,439271111,Brooklyn,Bedford-Stuyvesant,40.68311,-73.91947,Entire home/apt,175,2,25,1,279,25
535565578084281184,23772724,Manhattan,Upper East Side,40.78171,-73.95093,Entire home/apt,175,30,1,58,277,1
535581626561206870,23772724,Manhattan,Upper East Side,40.78317,-73.95206,Entire home/apt,199,30,1,58,311,1
535621950414341038,174383553,Brooklyn,Crown Heights,40.67125,-73.93397,Private room,99,1,3,2,246,3
535653908228267052,439597117,Manhattan,Harlem,40.80713,-73.94642,Private room,73,5,25,2,17,25
536337717555441444,117378121,Queens,Jamaica,40.69911,-73.78963,Entire home/apt,125,1,35,1,335,35
537434086114142284,375442215,Manhattan,Harlem,40.80502,-73.9464,Entire home/apt,232,2,5,1,156,5
537802667956395844,407531685,Queens,Astoria,40.7683,-73.9256,Entire home/apt,101,1,5,1,0,5
537808541086146067,427184,Bronx,Port Morris,40.80671,-73.92813,Entire home/apt,150,3,9,2,0,9
538202122069190008,17602501,Queens,Ridgewood,40.7092,-73.89442,Private room,121,1,14,2,310,14
538212544069876663,401202937,Manhattan,Midtown,40.7465,-73.98899,Private room,295,1,17,51,59,17
54349291,435182708,Manhattan,Midtown,40.75546,-73.96948,Entire home/apt,1000,2,18,1,0,18
54350412,879265,Manhattan,Midtown,40.75843,-73.96191,Entire home/apt,265,10,4,1,249,4
54351519,21500972,Bronx,Fordham,40.85781,-73.90198,Private room,83,4,8,3,298,8
54351650,21500972,Bronx,Fordham,40.85767,-73.90136,Private room,63,4,13,3,328,13
54392381,394869975,Brooklyn,Park Slope,40.66937,-73.98505,Entire home/apt,500,20,0,1,273,0
543606489829008480,28649998,Brooklyn,Bushwick,40.70221,-73.92228,Private room,80,3,6,1,131,6
538627228916421150,102251640,Queens,Douglaston,40.75733,-73.72996,Private room,75,1,15,4,333,15
538982214920077228,392567584,Brooklyn,Bedford-Stuyvesant,40.68965,-73.95951,Shared room,40,15,1,12,365,1
538985692175493808,392567584,Brooklyn,Bedford-Stuyvesant,40.68962,-73.9599,Private room,80,30,5,12,363,5
54393300,28223424,Brooklyn,East Flatbush,40.66534,-73.92626,Entire home/apt,170,3,28,3,111,28
54395062,50997424,Queens,Ridgewood,40.70453,-73.89898,Entire home/apt,194,14,1,5,365,1
54395760,227890058,Brooklyn,Williamsburg,40.71262,-73.94988,Entire home/apt,280,3,2,2,29,2
54397475,441785236,Manhattan,East Harlem,40.794735,-73.940865,Entire home/apt,297,2,15,1,147,15
543635425943076778,441241921,Manhattan,Midtown,40.75317,-73.97138,Entire home/apt,504,2,0,1,250,0
54398202,441736253,Brooklyn,Fort Greene,40.69569,-73.97735,Private room,72,2,11,3,350,11
543641156240146494,8015397,Manhattan,Two Bridges,40.71115,-73.99451,Entire home/apt,206,1,43,1,82,43
543646731581143482,395965505,Manhattan,East Harlem,40.79886,-73.94103,Entire home/apt,209,1,35,3,68,35
543706507891143003,102251640,Queens,Douglaston,40.75541,-73.72988,Private room,65,1,2,4,267,2
543717314953932067,102251640,Queens,Douglaston,40.75742,-73.7303,Private room,120,1,0,4,328,0
544121190946230845,429454632,Brooklyn,Prospect-Lefferts Gardens,40.66039,-73.94263,Private room,64,1,11,17,354,11
544121201447390408,429454632,Brooklyn,Prospect-Lefferts Gardens,40.66026,-73.94299,Private room,77,1,9,17,360,9
544182233985631441,438793405,Brooklyn,Park Slope,40.6678,-73.98015,Entire home/apt,90,30,0,3,253,0
544183638678516914,305327549,Manhattan,Murray Hill,40.74623,-73.97445,Shared room,220,2,0,5,365,0
54398282,441736253,Brooklyn,Fort Greene,40.69628,-73.97765,Private room,95,1,11,3,333,11
54398751,77355271,Queens,Rego Park,40.73203,-73.85839,Entire home/apt,276,2,7,1,84,7
544281000899834286,9060287,Brooklyn,Williamsburg,40.71589,-73.95588,Entire home/apt,245,3,10,1,30,10
539040187305645672,76559023,Brooklyn,Bedford-Stuyvesant,40.68756,-73.91948,Private room,55,15,0,1,331,0
539084025529334382,413243090,Brooklyn,Cypress Hills,40.68585,-73.8725,Entire home/apt,163,5,3,4,347,3
54399113,441746363,Brooklyn,Bedford-Stuyvesant,40.68116,-73.90799,Private room,98,1,14,5,81,14
539106902077435414,324590113,Brooklyn,Williamsburg,40.7059,-73.92878,Entire home/apt,190,3,4,1,8,4
539198869042288627,440349836,Queens,Arverne,40.59337,-73.7916,Entire home/apt,249,2,2,1,179,2
539742633266082757,23772724,Manhattan,Upper East Side,40.78179,-73.94776,Entire home/apt,153,30,1,58,310,1
54399229,441746363,Brooklyn,Bedford-Stuyvesant,40.67916,-73.90895,Private room,95,1,36,5,72,36
54400270,441746363,Brooklyn,Bedford-Stuyvesant,40.67944,-73.90962,Private room,98,1,28,5,80,28
54402665,79877283,Queens,Ditmars Steinway,40.77467,-73.912,Private room,43,30,0,2,330,0
54402834,71644219,Brooklyn,Bedford-Stuyvesant,40.68245,-73.95419,Private room,80,3,21,2,256,21
54404911,217101233,Brooklyn,Prospect-Lefferts Gardens,40.65811,-73.95299,Private room,49,2,0,1,1,0
539757312458869827,15919349,Manhattan,Lower East Side,40.72203,-73.98754,Entire home/apt,310,30,0,1,89,0
539769745905414951,6670007,Brooklyn,East Flatbush,40.64039,-73.95063,Entire home/apt,150,30,3,2,321,3
539856206048796417,422735667,Manhattan,Midtown,40.75653805256356,-73.97978900924382,Private room,111,8,2,2,68,2
539865017663194156,413243090,Brooklyn,Cypress Hills,40.68713,-73.87454,Entire home/apt,163,5,8,4,348,8
539900905376069260,14751,Bronx,West Farms,40.83973,-73.88043,Entire home/apt,120,7,3,1,78,3
540369592793071358,3223938,Brooklyn,Prospect-Lefferts Gardens,40.65755,-73.95137,Private room,43,90,0,288,310,0
540383884343163127,3223938,Brooklyn,Prospect-Lefferts Gardens,40.65713,-73.95116,Private room,29,90,0,288,24,0
540399699729264340,3223938,Brooklyn,Bushwick,40.69214,-73.91404,Private room,34,90,0,288,243,0
540406223816915198,3223938,Brooklyn,Bushwick,40.68998,-73.91355,Private room,34,90,0,288,243,0
540412839879191262,3223938,Brooklyn,Bushwick,40.69175,-73.9155,Private room,31,90,0,288,250,0
544327804877308530,419590304,Brooklyn,Vinegar Hill,40.70054,-73.98285,Private room,99,21,0,1,0,0
544401457419857074,433145666,Manhattan,Midtown,40.74817,-73.98881,Entire home/apt,249,1,30,5,62,30
544718208217458511,3223938,Brooklyn,Crown Heights,40.66707,-73.9545,Private room,36,90,0,288,341,0
544727385419103801,3223938,Brooklyn,Crown Heights,40.66612,-73.95443,Private room,42,90,0,288,365,0
544733837026708714,3223938,Brooklyn,Crown Heights,40.66484,-73.95465,Private room,33,90,0,288,249,0
544860977588008330,30509656,Bronx,Port Morris,40.81009,-73.93122,Shared room,34,1,11,10,350,11
544867022494251692,2563199,Brooklyn,Bedford-Stuyvesant,40.68139,-73.91451,Entire home/apt,115,5,16,1,98,16
544875662052966067,14577537,Brooklyn,Bedford-Stuyvesant,40.6906,-73.92832,Entire home/apt,200,30,1,2,236,1
497221656953912856,432233993,Brooklyn,Bay Ridge,40.62085,-74.02327,Entire home/apt,229,3,15,6,349,15
498390956521519225,432468665,Manhattan,Upper East Side,40.77622,-73.96293,Entire home/apt,426,1,9,1,290,9
544884873941624503,267223765,Brooklyn,Flatbush,40.64904,-73.96102,Private room,70,2,9,1,334,9
544893864756797022,20311036,Brooklyn,Bedford-Stuyvesant,40.6846,-73.93469,Entire home/apt,185,5,2,2,15,2
544898595323461319,30509656,Bronx,Port Morris,40.80792,-73.92989,Shared room,35,1,9,10,338,9
499228785781795835,23772724,Manhattan,Upper East Side,40.78533,-73.95215,Entire home/apt,200,30,3,58,341,3
500659985283321467,401904837,Brooklyn,Bushwick,40.68833,-73.91657,Private room,81,1,37,4,349,37
501404598925361958,251428213,Bronx,Wakefield,40.8948,-73.8578,Entire home/apt,250,2,10,2,70,10
501440810672918118,62434703,Manhattan,Battery Park City,40.71031,-74.0154,Entire home/apt,140,25,0,1,53,0
544913579003206450,441489344,Queens,Jackson Heights,40.75567,-73.88357,Entire home/apt,141,1,24,1,321,24
544998650078746770,399865453,Manhattan,Lower East Side,40.72058,-73.99375,Entire home/apt,115,30,2,10,295,2
545163157468611464,78339088,Queens,Corona,40.75142,-73.8553,Entire home/apt,217,1,37,2,215,37
545234513249753078,441549120,Queens,Rosedale,40.6526,-73.73467,Entire home/apt,121,2,43,1,58,43
545477001144710832,127242349,Manhattan,Upper East Side,40.77749,-73.94576,Entire home/apt,135,30,0,1,358,0
545552773407024467,269664482,Queens,Ridgewood,40.70728,-73.91793,Entire home/apt,145,30,1,4,338,1
545558092682192616,441605446,Queens,Forest Hills,40.73673,-73.84995,Entire home/apt,170,7,5,1,360,5
545563697666112561,43232773,Queens,Jackson Heights,40.75375,-73.89718,Entire home/apt,113,6,9,1,310,9
540413669896123400,242805263,Queens,Queens Village,40.71914,-73.7376,Private room,70,2,9,1,358,9
540421796402963162,3223938,Brooklyn,Bushwick,40.69004,-73.91377,Private room,31,90,0,288,341,0
540660347515124539,13636138,Brooklyn,Cobble Hill,40.68771,-73.99903,Entire home/apt,350,30,0,1,219,0
540711103104604340,326495,Brooklyn,Sunset Park,40.64499,-74.00402,Entire home/apt,88,6,4,2,39,4
540945196963425963,342964875,Brooklyn,Bushwick,40.698108045592576,-73.92729553058615,Entire home/apt,500,1,0,2,353,0
501671577146827522,92272,Brooklyn,Sunset Park,40.66143,-73.99065,Entire home/apt,173,2,5,1,6,5
502235608092478513,371008926,Queens,Queens Village,40.71055,-73.73961,Entire home/apt,80,30,2,6,365,2
541324403087831375,440316434,Brooklyn,Bushwick,40.69217,-73.92387,Private room,57,30,0,3,98,0
541331198164868034,440316434,Brooklyn,Bedford-Stuyvesant,40.69145,-73.92568,Private room,57,30,2,3,304,2
541334113913689117,440316434,Brooklyn,Bedford-Stuyvesant,40.69126,-73.9259,Private room,55,30,0,3,341,0
545612614941895646,40307510,Manhattan,Harlem,40.81171,-73.94244,Entire home/apt,178,4,22,1,169,22
545653384677866355,23772724,Manhattan,Upper East Side,40.78355,-73.94799,Entire home/apt,174,30,1,58,364,1
545883419884791508,208365297,Queens,Long Island City,40.7543664149546,-73.93695375485075,Private room,69,1,15,5,81,15
545917627281915475,3223938,Queens,Long Island City,40.76045,-73.93168,Private room,31,90,0,288,251,0
545955512104991545,376582322,Queens,Jamaica,40.69994,-73.79061,Entire home/apt,127,2,16,1,265,16
502887119852002992,433332162,Brooklyn,Bedford-Stuyvesant,40.68771,-73.9422,Private room,88,5,13,1,331,13
504339548716938420,371382100,Queens,Flushing,40.73855348526256,-73.8116791322476,Private room,50,30,0,1,355,0
545960635890038947,398460031,Manhattan,Harlem,40.82381,-73.94992,Entire home/apt,178,1,31,1,4,31
541446461818253174,440785448,Queens,Sunnyside,40.73901,-73.92584,Private room,65,3,2,1,228,2
504351638498081862,416382093,Queens,Elmhurst,40.73638,-73.88112,Private room,61,2,3,3,351,3
504541514904816853,433622516,Brooklyn,East New York,40.65593,-73.89587,Entire home/apt,243,3,32,1,355,32
541449474530378012,333305027,Queens,Woodside,40.74626,-73.89546,Entire home/apt,149,3,13,6,320,13
546183842289877493,255655558,Brooklyn,East Flatbush,40.63312,-73.94621,Private room,70,2,21,1,7,21
546198908566736375,400431577,Manhattan,Upper West Side,40.8005,-73.96089,Private room,99,1,38,6,248,38
505155457987018788,50109075,Brooklyn,Windsor Terrace,40.65591663146156,-73.98003738237658,Entire home/apt,140,21,0,1,61,0
546205418056139620,441717660,Queens,Astoria,40.76226,-73.90763,Entire home/apt,350,1,1,1,365,1
546229651329484590,15523549,Manhattan,Chelsea,40.74005,-74.00205,Entire home/apt,175,2,7,1,4,7
541477236532098049,403555114,Manhattan,East Village,40.72612,-73.98841,Entire home/apt,318,1,8,1,5,8
541838334174119591,107434423,Manhattan,Midtown,40.75478,-73.96689,Entire home/apt,327,31,0,453,325,0
541840861640055585,107434423,Manhattan,Midtown,40.75478,-73.96689,Entire home/apt,411,31,0,453,102,0
541841229631087312,107434423,Manhattan,Midtown,40.75478,-73.96689,Entire home/apt,247,31,0,453,303,0
542148090298685841,413827534,Bronx,Baychester,40.87663,-73.84412,Private room,62,14,1,3,249,1
542157748666371012,27181542,Manhattan,Kips Bay,40.74065,-73.98116,Entire home/apt,199,30,1,69,307,1
542239053789372886,440957041,Brooklyn,Canarsie,40.63849,-73.89873,Entire home/apt,371,2,2,1,365,2
542618692755798425,401202937,Manhattan,Midtown,40.74645,-73.98667,Private room,232,1,12,51,54,12
505622551820492568,5971264,Bronx,Kingsbridge,40.86337,-73.9033,Private room,63,5,6,3,192,6
505665954041199093,433807530,Staten Island,St. George,40.638966,-74.0802,Private room,42,90,0,2,198,0
542640652151641703,10451389,Brooklyn,Prospect-Lefferts Gardens,40.656239472674834,-73.95344290257727,Entire home/apt,80,30,0,1,347,0
542642150642856669,21073443,Brooklyn,Williamsburg,40.70942,-73.95822,Private room,128,30,0,1,232,0
542677269372360032,441036942,Manhattan,Harlem,40.81471,-73.93774,Entire home/apt,62,31,3,1,194,3
542681386076586696,107434423,Manhattan,Upper East Side,40.7751289,-73.96470569999997,Entire home/apt,328,31,0,453,296,0
542765936993178756,37883321,Brooklyn,Bedford-Stuyvesant,40.68869,-73.94404,Private room,60,30,0,8,258,0
542856379990916626,7028737,Queens,Ditmars Steinway,40.77787910770385,-73.91664892280717,Private room,150,1,4,2,359,4
546256455955963923,40523974,Manhattan,Upper East Side,40.77944,-73.95537,Entire home/apt,199,30,1,10,314,1
546263114511633831,40523974,Manhattan,Midtown,40.74443,-73.98305,Entire home/apt,329,30,0,10,365,0
546274031266904610,15503780,Bronx,West Farms,40.84315,-73.88118,Private room,70,2,3,3,0,3
546300229985317970,50678563,Manhattan,Upper East Side,40.785365579845895,-73.95355285127262,Entire home/apt,700,1,0,1,364,0
546407517674976443,441793133,Queens,Long Island City,40.75345,-73.93604,Private room,633,1,2,8,253,2
546438376359380052,3048003,Brooklyn,Williamsburg,40.71292,-73.96225,Entire home/apt,175,30,1,1,130,1
546449752130660380,441796951,Queens,Long Island City,40.7582,-73.93384,Entire home/apt,199,2,18,1,239,18
505710829135070827,402257342,Brooklyn,East Flatbush,40.65437,-73.93344,Private room,160,1,2,2,363,2
505895632087041671,93070950,Manhattan,Harlem,40.823547,-73.950035,Private room,80,2,54,2,40,54
506696645111703355,256115397,Manhattan,Upper West Side,40.776306,-73.979172,Private room,136,2,13,2,11,13
542877872438551363,441084094,Brooklyn,Flatbush,40.64306,-73.95379,Entire home/apt,200,2,34,1,316,34
542897168768814229,418115272,Queens,Bayside,40.76973,-73.77156,Entire home/apt,320,2,15,3,148,15
506753378825712040,256115397,Manhattan,Upper West Side,40.776306,-73.979172,Entire home/apt,470,3,5,2,38,5
507915820116937406,8037917,Brooklyn,Williamsburg,40.70738,-73.95213,Entire home/apt,186,5,10,1,211,10
542959954217251648,97976588,Queens,Jamaica,40.68255,-73.77079,Entire home/apt,86,2,5,1,356,5
546459533399599339,154978446,Manhattan,Midtown,40.75442,-73.99126,Entire home/apt,185,30,0,1,265,0
508095992839347917,170649558,Brooklyn,Canarsie,40.64488,-73.89516,Private room,110,1,32,1,345,32
546489197632602270,412998473,Brooklyn,Fort Greene,40.6866,-73.9756,Entire home/apt,90,1,50,2,11,50
546534088214619686,371577746,Brooklyn,Bedford-Stuyvesant,40.68147,-73.93644,Entire home/apt,75,60,0,1,311,0
542970756349440677,256556853,Bronx,Tremont,40.84411,-73.89258,Private room,83,1,0,1,0,0
542980230984076890,20177770,Manhattan,Financial District,40.70424,-74.00946,Entire home/apt,210,3,5,1,6,5
543373265235326762,37883321,Brooklyn,Bedford-Stuyvesant,40.68675,-73.94562,Private room,49,30,4,8,79,4
543470629405434827,25048362,Manhattan,Upper East Side,40.77285,-73.95298,Entire home/apt,275,1,14,1,153,14
543581705573196775,135860446,Brooklyn,Williamsburg,40.70594,-73.92908,Entire home/apt,125,30,0,1,341,0
508631253232071761,432233993,Brooklyn,Bay Ridge,40.62085,-74.02327,Entire home/apt,226,3,17,6,303,17
509021288759072717,434473645,Queens,Laurelton,40.66723,-73.74651,Entire home/apt,105,2,38,1,321,38
509912694780678266,371008926,Queens,Queens Village,40.71038,-73.74086,Entire home/apt,95,30,2,6,249,2
510981672947966097,14594975,Brooklyn,Bushwick,40.70481,-73.92367,Entire home/apt,114,30,2,1,170,2
547899573423305701,161604395,Bronx,Allerton,40.86591,-73.85396,Entire home/apt,166,2,23,1,296,23
547954295867404844,2102682,Brooklyn,Bushwick,40.70646,-73.92517,Private room,180,2,32,1,16,32
547998622525410778,84525154,Brooklyn,Williamsburg,40.70659,-73.9528,Entire home/apt,300,30,0,1,364,0
548006572647649285,37715380,Brooklyn,Borough Park,40.64077,-73.99141,Entire home/apt,110,30,1,2,37,1
548016409544704646,342131155,Queens,Jackson Heights,40.75266,-73.87763,Entire home/apt,130,1,10,1,41,10
548016857794352761,37715380,Brooklyn,Borough Park,40.6421,-73.99208,Entire home/apt,120,30,0,2,90,0
548041570921178790,546370,Brooklyn,Bedford-Stuyvesant,40.68564,-73.9338,Private room,68,30,2,16,338,2
548058061023756340,3223938,Queens,Ridgewood,40.70456,-73.90391,Private room,32,90,0,288,219,0
548180914345105300,224733902,Manhattan,Upper East Side,40.77111,-73.95683,Entire home/apt,194,30,2,7,322,2
548313382159044159,21260428,Brooklyn,Fort Greene,40.69472,-73.98205,Entire home/apt,300,3,4,1,0,4
546555949054231567,3173105,Brooklyn,Bedford-Stuyvesant,40.69269,-73.95561,Entire home/apt,341,2,19,1,334,19
546638180151447814,4833238,Brooklyn,Prospect-Lefferts Gardens,40.65645,-73.95274,Entire home/apt,245,2,4,1,1,4
546689834460719148,23189573,Queens,Astoria,40.75497,-73.92289,Entire home/apt,154,5,8,1,197,8
511074494713407260,254423425,Bronx,Melrose,40.82156,-73.92039,Entire home/apt,175,2,29,1,64,29
511554590284267375,432233993,Brooklyn,Bay Ridge,40.62177,-74.02306,Private room,65,1,16,6,351,16
513333886314437922,656100,Manhattan,Lower East Side,40.71545,-73.98548,Entire home/apt,325,3,11,1,23,11
513695012431520567,3136103,Brooklyn,Greenpoint,40.72871,-73.95776,Private room,118,5,12,3,146,12
513893490613844779,1033970,Brooklyn,Greenpoint,40.72073,-73.94606,Entire home/apt,282,2,20,5,143,20
513923548156770577,432233993,Brooklyn,Bay Ridge,40.61991,-74.02239,Private room,65,1,14,6,359,14
515036044381761823,432233993,Brooklyn,Bay Ridge,40.62023,-74.02215,Private room,65,1,18,6,359,18
515270964752201497,410110418,Brooklyn,Bay Ridge,40.6344,-74.02483,Entire home/apt,168,1,28,2,323,28
516056994945487115,435772116,Brooklyn,East Flatbush,40.65384,-73.93789,Private room,88,2,6,2,168,6
546731384626241585,441858695,Manhattan,Hell's Kitchen,40.76052,-73.99749,Entire home/apt,1024,2,20,1,326,20
546773594443097858,441755132,Brooklyn,Bedford-Stuyvesant,40.68564,-73.91673,Private room,85,1,49,4,50,49
546790634600015931,441755132,Brooklyn,Bedford-Stuyvesant,40.68552,-73.91752,Private room,85,1,48,4,69,48
547011542807875001,441755132,Brooklyn,Bedford-Stuyvesant,40.68354,-73.91531,Private room,88,1,41,4,71,41
547017721542522310,441755132,Brooklyn,Bedford-Stuyvesant,40.68516,-73.91726,Private room,85,1,44,4,67,44
547044272820739172,23573717,Brooklyn,Bedford-Stuyvesant,40.67866,-73.90837,Entire home/apt,150,3,16,1,124,16
547047157816656460,24263304,Manhattan,East Village,40.7267,-73.98511,Private room,129,2,12,1,3,12
547052092960903571,1668930,Manhattan,Harlem,40.82348,-73.94754,Entire home/apt,105,3,28,2,28,28
548496910878656656,2197670,Manhattan,Upper East Side,40.7623,-73.96175,Entire home/apt,235,60,0,1,342,0
548511865075106092,546370,Brooklyn,Bedford-Stuyvesant,40.68579,-73.93633,Private room,78,13,2,16,321,2
516107446141898344,6726656,Brooklyn,Bushwick,40.70259,-73.92709,Entire home/apt,70,30,2,4,0,2
516829042176089360,416382093,Queens,Elmhurst,40.73752,-73.88303,Private room,61,2,20,3,356,20
516870437426138507,26248131,Brooklyn,Carroll Gardens,40.68339,-73.99624,Entire home/apt,243,2,7,1,259,7
517965698734165620,420408626,Brooklyn,Bushwick,40.69393,-73.91155,Private room,57,30,0,4,334,0
551257655647298078,10551295,Brooklyn,Williamsburg,40.71183,-73.96518,Entire home/apt,307,3,18,1,128,18
551319901559838353,11308947,Brooklyn,Prospect-Lefferts Gardens,40.65558,-73.95966,Private room,75,1,22,3,331,22
551324606667064020,20216947,Brooklyn,Crown Heights,40.67149,-73.95819,Entire home/apt,190,2,0,1,98,0
548522994299078504,442243452,Queens,South Ozone Park,40.67743,-73.82326,Entire home/apt,76,1,62,1,255,62
548526068728063144,96654409,Brooklyn,Williamsburg,40.7189,-73.9478,Private room,83,3,25,1,11,25
547058790481548248,309662254,Manhattan,Chelsea,40.74612,-73.99521,Private room,120,360,0,1,364,0
547062737693327871,35355701,Brooklyn,Bedford-Stuyvesant,40.69272,-73.945,Entire home/apt,175,14,3,2,5,3
547086501522814424,364844663,Manhattan,East Harlem,40.8084,-73.94004,Entire home/apt,275,7,5,5,294,5
547101733725745345,5025813,Manhattan,Midtown,40.74747,-73.98674,Entire home/apt,156,10,1,1,0,1
551331888495706616,169524962,Manhattan,East Village,40.72893,-73.98642,Entire home/apt,220,2,10,1,4,10
547130010152227717,441951432,Brooklyn,Borough Park,40.633461,-74.005928,Entire home/apt,169,3,8,1,334,8
547189620660476505,78676558,Queens,South Ozone Park,40.66846,-73.80303,Entire home/apt,200,2,19,1,161,19
547195746491364100,6182854,Brooklyn,Clinton Hill,40.68363,-73.96315,Entire home/apt,264,5,6,2,54,6
547219823037006318,350542140,Brooklyn,East Flatbush,40.65571340644012,-73.92548206056755,Entire home/apt,129,3,0,1,246,0
548533575279035482,66506938,Brooklyn,Bushwick,40.70065,-73.93687,Entire home/apt,181,2,5,1,0,5
551340151871927788,6343048,Brooklyn,Williamsburg,40.71378,-73.96364,Private room,141,2,8,2,143,8
548559882209685166,442253364,Brooklyn,Borough Park,40.613976,-73.981087,Private room,95,1,11,1,356,11
548618432625308411,20223894,Brooklyn,Bedford-Stuyvesant,40.68051,-73.91741,Entire home/apt,140,30,11,1,263,11
547259041712806614,16289089,Manhattan,Upper East Side,40.76842168463634,-73.95225767165883,Private room,100,30,0,1,245,0
551343093783361697,15060819,Brooklyn,Crown Heights,40.67322,-73.95195,Entire home/apt,200,31,1,1,221,1
551414012116141596,39553567,Staten Island,Port Richmond,40.62845,-74.13723,Entire home/apt,95,2,7,5,344,7
551414213342972114,12213641,Manhattan,East Harlem,40.80402,-73.93652,Entire home/apt,90,14,0,2,0,0
551427865354979922,39553567,Staten Island,Port Richmond,40.62891,-74.13727,Entire home/apt,371,1,1,5,313,1
551445523938181140,283247630,Queens,Astoria,40.76293,-73.90535,Private room,74,1,43,1,351,43
547346420470780864,11239185,Manhattan,Upper West Side,40.80270036950128,-73.96961892202367,Entire home/apt,225,3,0,1,35,0
547533358924412371,441746363,Brooklyn,Bedford-Stuyvesant,40.68148,-73.91014,Private room,91,1,21,5,85,21
547539781253911739,441746363,Brooklyn,Bedford-Stuyvesant,40.6797,-73.91035,Private room,98,1,32,5,76,32
547645996176364585,440461336,Queens,Ozone Park,40.67289,-73.84522,Private room,95,1,15,3,10,15
548654898626655866,6185604,Brooklyn,Crown Heights,40.67715,-73.94562,Entire home/apt,125,2,13,1,232,13
548663640157640399,274078776,Brooklyn,Bushwick,40.70317,-73.92046,Private room,95,3,17,1,51,17
548672572096028312,384532776,Manhattan,Upper East Side,40.78421,-73.95113,Entire home/apt,149,30,4,44,345,4
551470653860711598,442829698,Manhattan,Harlem,40.82565,-73.9428,Private room,275,1,7,1,68,7
548694761939611750,381486556,Brooklyn,Bay Ridge,40.63419,-74.02778,Private room,72,29,3,4,255,3
548735145074243823,61436372,Brooklyn,East Flatbush,40.66033,-73.93794,Entire home/apt,200,1,1,1,0,1
551486754862349923,241676154,Staten Island,Grant City,40.57764,-74.10895,Private room,41,30,0,14,160,0
551494862092193850,160097529,Queens,Ditmars Steinway,40.77359,-73.90955,Private room,97,3,9,1,357,9
547658172419499655,11826802,Manhattan,Financial District,40.70625,-74.00457,Entire home/apt,264,3,1,1,79,1
547793067593304321,61391963,Manhattan,Upper East Side,40.76078,-73.96172,Entire home/apt,133,30,6,116,292,6
551497141931129148,5790405,Queens,Long Island City,40.74198,-73.95422,Entire home/apt,164,5,2,1,298,2
551665755238884793,20161085,Queens,Laurelton,40.67688703356128,-73.7520453537043,Private room,65,4,1,4,174,1
551846781913884240,107434423,Manhattan,Upper East Side,40.7777024,-73.9522846,Entire home/apt,394,31,0,453,310,0
552042242548350696,341908723,Brooklyn,Bedford-Stuyvesant,40.68496,-73.92927,Private room,50,30,0,53,267,0
552075850942208488,113723310,Manhattan,Chelsea,40.740551,-73.998917,Entire home/apt,185,30,2,60,310,2
552079249052766093,301194419,Brooklyn,East Flatbush,40.63991974285376,-73.93245400753673,Entire home/apt,200,1,0,4,365,0
552087932017334952,207381668,Brooklyn,Bedford-Stuyvesant,40.6848,-73.93094,Entire home/apt,145,30,1,1,364,1
548736702351894268,438371312,Brooklyn,East New York,40.675858,-73.885757,Entire home/apt,102,10,2,2,199,2
548749828446642126,438782795,Brooklyn,Bedford-Stuyvesant,40.69935,-73.9433,Private room,111,1,18,5,166,18
548825147137632033,438782795,Brooklyn,Bedford-Stuyvesant,40.698471,-73.944054,Private room,106,1,10,5,0,10
548826190789392066,438782795,Brooklyn,Bedford-Stuyvesant,40.69806,-73.94486,Private room,106,1,28,5,159,28
548826948408694606,438782795,Brooklyn,Bedford-Stuyvesant,40.698444,-73.944077,Private room,106,1,19,5,70,19
548827704563617935,438782795,Brooklyn,Bedford-Stuyvesant,40.6996,-73.94298,Private room,106,1,30,5,159,30
552094356450388612,341908723,Brooklyn,Bedford-Stuyvesant,40.68628,-73.92972,Private room,46,30,0,53,159,0
552096075557651001,61391963,Manhattan,Upper East Side,40.76906,-73.95881,Entire home/apt,133,30,2,116,251,2
552098297559362978,2867137,Manhattan,Midtown,40.76572,-73.98251,Entire home/apt,230,30,0,73,250,0
552113158032353754,37883321,Brooklyn,Bedford-Stuyvesant,40.68863,-73.94394,Private room,79,30,0,8,250,0
552117259936678054,138898375,Manhattan,Harlem,40.80067,-73.95249,Entire home/apt,263,4,17,1,260,17
552118471103353756,61391963,Manhattan,Upper East Side,40.76776,-73.9583,Entire home/apt,117,30,0,116,346,0
552119198312259398,106434970,Brooklyn,Bushwick,40.69365,-73.91382,Private room,95,1,3,1,358,3
548963764109682390,442326310,Queens,Jamaica,40.681552526178535,-73.7807728633132,Entire home/apt,210,7,2,1,365,2
549026772417423162,392217081,Queens,East Elmhurst,40.76478,-73.86205,Entire home/apt,338,2,21,3,160,21
549064352515592485,211334103,Manhattan,Harlem,40.8045,-73.94661,Private room,128,5,30,2,21,30
549080771974459504,3223938,Queens,Long Island City,40.75878,-73.93156,Private room,42,90,0,288,265,0
549101280046591249,3223938,Brooklyn,Bedford-Stuyvesant,40.68514,-73.94947,Private room,36,90,0,288,343,0
549194883005854692,336581747,Manhattan,Midtown,40.75642,-73.96236,Entire home/apt,200,30,0,8,358,0
549202255988378997,4128829,Manhattan,Harlem,40.80163,-73.95577,Private room,58,28,0,1,33,0
549206004710688833,139810,Brooklyn,Flatbush,40.63763,-73.95434,Entire home/apt,250,7,3,1,9,3
547797787916616213,11079691,Brooklyn,Bedford-Stuyvesant,40.68095,-73.94946,Entire home/apt,145,30,0,1,291,0
547801869974332779,12699062,Manhattan,Upper East Side,40.77545,-73.95595,Entire home/apt,351,30,0,2,242,0
547815403096269955,12248031,Brooklyn,Bedford-Stuyvesant,40.68595,-73.94451,Entire home/apt,125,5,4,2,0,4
547820238225408462,442098041,Brooklyn,East New York,40.67257,-73.87876,Entire home/apt,129,14,2,2,363,2
552127499408703023,141436593,Queens,Long Island City,40.74939,-73.94199,Entire home/apt,214,8,0,1,247,0
552148250523188165,341908723,Brooklyn,Bedford-Stuyvesant,40.68431,-73.9294,Private room,46,30,0,53,190,0
552174943582511016,341908723,Brooklyn,Bedford-Stuyvesant,40.68645,-73.93051,Private room,46,30,0,53,190,0
552188838857438824,341908723,Brooklyn,Flatbush,40.65346,-73.96535,Private room,53,30,0,53,218,0
552204113399070922,341908723,Brooklyn,Flatbush,40.65128,-73.96454,Private room,60,30,0,53,341,0
552208563699318844,82504767,Staten Island,Graniteville,40.61887,-74.14987,Entire home/apt,138,2,44,1,354,44
547827638968475344,387885886,Manhattan,Hell's Kitchen,40.76363,-73.99118,Entire home/apt,304,7,3,1,60,3
549249537152182640,345938275,Manhattan,East Harlem,40.79017,-73.94804,Entire home/apt,114,30,1,6,296,1
549252340037171386,345938275,Manhattan,East Harlem,40.78863,-73.94924,Entire home/apt,113,30,1,6,318,1
549253552385546125,345938275,Manhattan,East Harlem,40.79063,-73.94977,Entire home/apt,113,30,1,6,275,1
549259039678812204,345938275,Manhattan,East Harlem,40.78885,-73.94966,Entire home/apt,142,30,1,6,295,1
549264345064528625,37083908,Manhattan,East Harlem,40.79937,-73.93391,Entire home/apt,149,2,28,2,292,28
549269675708932153,283338112,Bronx,Williamsbridge,40.87687,-73.84953,Entire home/apt,101,1,6,2,65,6
549272367909517478,345938275,Manhattan,East Harlem,40.78868,-73.94861,Private room,58,30,0,6,0,0
552211233896015720,87546977,Brooklyn,Bushwick,40.68575,-73.90829,Entire home/apt,171,4,19,1,313,19
549275003907405309,1157105,Brooklyn,Fort Greene,40.68727,-73.96867,Entire home/apt,150,30,2,1,320,2
547869033065744657,185512151,Brooklyn,Bushwick,40.70709,-73.92441,Entire home/apt,180,2,2,1,229,2
547886357574054883,414079399,Manhattan,Kips Bay,40.74209,-73.98193,Entire home/apt,432,4,9,2,284,9
554272057299642031,136508431,Bronx,Fieldston,40.88747,-73.90401,Entire home/apt,125,3,0,1,290,0
552213619587086694,546370,Brooklyn,Bedford-Stuyvesant,40.68589,-73.93728,Private room,72,30,3,16,256,3
552315545934107596,442715701,Manhattan,Washington Heights,40.84546,-73.94073,Private room,75,2,10,1,341,10
554283191774753015,24157955,Manhattan,East Harlem,40.78423,-73.94662,Entire home/apt,100,60,1,1,311,1
554324786483667107,393897747,Manhattan,Upper West Side,40.7817786520941,-73.98079520762738,Entire home/apt,345,3,16,19,283,16
552352057879005548,179196511,Brooklyn,Bedford-Stuyvesant,40.67892,-73.90752,Entire home/apt,793,1,9,4,357,9
554347228105522318,238547463,Queens,Flushing,40.72753,-73.8089,Private room,70,1,16,4,355,16
549338044885461192,96592178,Brooklyn,Prospect-Lefferts Gardens,40.661785,-73.962723,Entire home/apt,203,1,24,1,248,24
549362079534421010,120974884,Brooklyn,Cobble Hill,40.68828,-73.99151,Entire home/apt,246,30,13,4,160,13
552458403234586755,57907042,Brooklyn,Fort Greene,40.68249,-73.96791,Entire home/apt,166,2,14,1,359,14
549381252283638106,10234050,Manhattan,East Village,40.7247,-73.99034,Entire home/apt,131,30,1,3,292,1
549418712123925136,144099816,Brooklyn,Flatbush,40.65435,-73.95852,Private room,155,1,10,2,141,10
554359454625965639,393076353,Brooklyn,East Flatbush,40.65258,-73.91257,Private room,80,1,8,4,359,8
554360054662745249,407479321,Bronx,Allerton,40.8597,-73.86197,Private room,99,1,5,11,359,5
554398734554931012,9581668,Manhattan,Upper East Side,40.7734,-73.95779,Private room,183,1,4,1,286,4
552613402807771281,374735401,Manhattan,Murray Hill,40.74987,-73.97884,Entire home/apt,186,30,1,1,137,1
549424262759720349,264358932,Brooklyn,Bushwick,40.69619,-73.91537,Entire home/apt,140,1,54,1,304,54
549446880012802933,189597520,Manhattan,Harlem,40.82532,-73.9439,Entire home/apt,190,3,30,2,284,30
552738484785957570,37883321,Brooklyn,Bedford-Stuyvesant,40.6865,-73.94574,Private room,57,30,2,8,263,2
552754739023120654,148383782,Brooklyn,Prospect-Lefferts Gardens,40.65682,-73.95371,Entire home/apt,90,1,13,1,0,13
549453055296224344,442436170,Brooklyn,Williamsburg,40.7062,-73.92975,Entire home/apt,1200,1,0,2,365,0
549465289587099130,398622781,Bronx,Schuylerville,40.8407,-73.83328,Entire home/apt,125,1,7,3,355,7
549486663192697756,407304997,Manhattan,Financial District,40.70875,-74.00676,Entire home/apt,300,30,1,5,297,1
554400732861092002,443450883,Manhattan,Harlem,40.82603,-73.95231,Private room,73,1,21,1,304,21
554444896863748713,146345538,Manhattan,Theater District,40.75749,-73.98268,Entire home/apt,228,30,0,14,310,0
554448603439689505,146345538,Manhattan,Theater District,40.75692,-73.98333,Entire home/apt,223,30,0,14,310,0
554453533208279918,146345538,Manhattan,Midtown,40.75553,-73.98301,Entire home/apt,219,30,0,14,310,0
554455753245051445,146345538,Manhattan,Midtown,40.75538,-73.98321,Entire home/apt,224,30,0,14,310,0
554501042469478762,30985759,Manhattan,Hell's Kitchen,40.7565,-73.99124,Private room,66,1,17,5,0,17
554575489114318788,113986628,Brooklyn,Brighton Beach,40.58109,-73.96436,Private room,79,1,16,4,352,16
554590833584755715,25481333,Brooklyn,Crown Heights,40.67677,-73.92387,Entire home/apt,240,3,31,1,120,31
554711163061792863,153340219,Brooklyn,East New York,40.67591,-73.88748,Entire home/apt,113,1,52,4,350,52
552776894629824118,158445364,Manhattan,Harlem,40.81747,-73.93569,Entire home/apt,170,2,3,2,300,3
552782382741181875,24765924,Queens,East Elmhurst,40.76265,-73.88333,Private room,42,30,0,2,190,0
552798012536553490,133843257,Queens,Long Island City,40.76318,-73.93822,Entire home/apt,295,2,31,1,210,31
554785184147676671,20117485,Manhattan,Chelsea,40.74443,-73.99542,Entire home/apt,204,7,2,1,42,2
554886844713228433,9192178,Manhattan,Upper West Side,40.79998,-73.95953,Entire home/apt,65,70,0,1,160,0
554951330810060879,3223938,Brooklyn,Sheepshead Bay,40.59265,-73.94913,Private room,29,90,1,288,250,1
554993827876380403,435377805,Queens,Long Island City,40.73582,-73.93359,Entire home/apt,115,4,15,2,43,15
555000181812450470,247712971,Manhattan,Hell's Kitchen,40.75901,-73.99041,Private room,198,3,29,3,54,29
549504336426517841,17842174,Brooklyn,Crown Heights,40.66494,-73.92829,Private room,62,5,3,1,311,3
549522896406512978,442449520,Manhattan,Gramercy,40.73409,-73.98738,Entire home/apt,159,4,2,1,63,2
549817973304608445,391149265,Brooklyn,Bedford-Stuyvesant,40.69531,-73.95605,Entire home/apt,115,9,4,1,146,4
549838481290226983,132777237,Manhattan,West Village,40.73522,-73.99991,Entire home/apt,310,30,1,7,249,1
549888308145744189,345938275,Manhattan,East Harlem,40.79063,-73.94779,Private room,58,30,1,6,296,1
552804519831447428,2867137,Manhattan,Financial District,40.70526,-74.00992,Entire home/apt,220,30,1,73,61,1
552811507706712799,52453644,Brooklyn,Bushwick,40.68741,-73.91713,Entire home/apt,82,2,3,1,0,3
552814394386598394,4719170,Brooklyn,Williamsburg,40.71231,-73.95794,Private room,95,6,3,2,9,3
552819087046615521,10284594,Manhattan,Harlem,40.827,-73.94324,Entire home/apt,134,14,1,1,301,1
555005271135605811,350254795,Brooklyn,Bedford-Stuyvesant,40.68225,-73.9393,Private room,81,1,26,4,312,26
555016287622862694,238547463,Queens,Flushing,40.72681,-73.80892,Private room,55,1,26,4,348,26
555019754558056510,30532557,Brooklyn,Bedford-Stuyvesant,40.68787,-73.92656,Private room,37,30,1,26,179,1
555021391936062597,238547463,Queens,Flushing,40.7268,-73.80885,Private room,55,1,16,4,355,16
552836837466430326,13098292,Brooklyn,Bushwick,40.68965,-73.92201,Private room,78,3,10,2,18,10
552839358870025051,56247346,Brooklyn,Gowanus,40.667575923208695,-73.99150001789751,Entire home/apt,200,7,0,1,85,0
552880793613607667,442680984,Brooklyn,Williamsburg,40.72183,-73.96283,Entire home/apt,269,15,0,1,0,0
552887840846645368,443128236,Brooklyn,Bedford-Stuyvesant,40.679947,-73.916382,Entire home/apt,169,3,34,1,98,34
555025140234084438,136742198,Bronx,Soundview,40.82037,-73.87928,Shared room,81,2,0,1,365,0
555033883762838168,78427597,Manhattan,Hell's Kitchen,40.76863,-73.99235,Entire home/apt,350,3,5,1,96,5
555047190533847771,283338112,Bronx,Williamsbridge,40.87797,-73.84941,Entire home/apt,89,1,23,2,63,23
555073510443058547,1417757,Brooklyn,Crown Heights,40.673141,-73.915642,Entire home/apt,169,30,2,3,64,2
555084121436227690,15270760,Brooklyn,Bedford-Stuyvesant,40.69481,-73.94025,Entire home/apt,124,2,30,3,114,30
549916823058476019,158901887,Queens,Briarwood,40.71482,-73.81031,Entire home/apt,99,30,1,1,349,1
549989860829940927,580696,Manhattan,Harlem,40.82276,-73.94361,Entire home/apt,90,5,0,1,0,0
552912907771427637,284337887,Brooklyn,Bedford-Stuyvesant,40.68972,-73.92801,Private room,38,30,2,14,294,2
552919934456927553,81015025,Brooklyn,Bedford-Stuyvesant,40.68029,-73.94614,Private room,126,1,20,2,350,20
549992015887913072,441603048,Manhattan,Hell's Kitchen,40.76108,-73.99135,Entire home/apt,219,2,43,1,89,43
550025901760590620,438371312,Brooklyn,East New York,40.675858,-73.885757,Entire home/apt,185,5,5,2,192,5
550026488081973881,408979935,Manhattan,Gramercy,40.73375,-73.98746,Private room,105,30,30,17,80,30
550048501576829484,53642216,Brooklyn,Clinton Hill,40.68213,-73.96205,Entire home/apt,100,4,14,1,16,14
550121438551657621,355590174,Brooklyn,Bushwick,40.69457,-73.90716,Entire home/apt,125,15,2,2,310,2
555159034896034407,190154361,Manhattan,Midtown,40.74386,-73.98241,Entire home/apt,428,30,0,3,364,0
555163542960507350,23659683,Brooklyn,Sheepshead Bay,40.58485,-73.95424,Entire home/apt,103,30,3,1,204,3
555167315945382483,190154361,Manhattan,Upper West Side,40.79231,-73.97437,Entire home/apt,213,30,0,3,356,0
555226004363635189,443613890,Bronx,Tremont,40.84512,-73.88587,Private room,71,1,37,1,279,37
555253571958535908,6583272,Manhattan,West Village,40.73476,-74.0067,Entire home/apt,240,31,1,3,79,1
555610543409267205,40523974,Manhattan,Midtown,40.74364,-73.98317,Entire home/apt,389,30,0,10,365,0
555679913178512203,10599067,Brooklyn,Bedford-Stuyvesant,40.69031,-73.9589,Entire home/apt,285,7,0,1,19,0
555681857754079373,67036224,Queens,Ridgewood,40.69406,-73.90281,Entire home/apt,200,3,5,2,324,5
552928051422497059,95459395,Manhattan,Midtown,40.76453,-73.983658,Entire home/apt,755,30,0,56,360,0
552951551733760459,404940500,Manhattan,West Village,40.73303,-74.002,Entire home/apt,774,30,1,12,126,1
552970469096597399,169626225,Brooklyn,Williamsburg,40.70584,-73.94336,Entire home/apt,263,1,44,1,319,44
555687828315016864,443693087,Staten Island,Mariners Harbor,40.6292,-74.15808,Private room,62,1,23,2,363,23
553005121220644891,438305064,Brooklyn,East New York,40.67044,-73.88717,Private room,66,30,0,1,365,0
553012213269610769,3360618,Brooklyn,Crown Heights,40.67557,-73.94194,Private room,55,7,6,3,0,6
553029238283466076,5800619,Manhattan,Chelsea,40.75351,-73.99736,Entire home/apt,250,1,16,2,284,16
553166005848066388,161534360,Brooklyn,Bensonhurst,40.62180390377319,-73.99861400888184,Entire home/apt,165,30,0,2,365,0
555690219213170371,353307054,Bronx,Concourse,40.81975,-73.93,Entire home/apt,81,3,7,1,229,7
550135601428139032,61324573,Brooklyn,Crown Heights,40.67185,-73.92132,Private room,75,2,21,3,134,21
550220260905279832,3223938,Brooklyn,Bedford-Stuyvesant,40.68555,-73.94823,Private room,31,90,0,288,249,0
550274125926615886,240094957,Queens,Glendale,40.70428,-73.89436,Private room,135,1,0,1,280,0
553424076777304679,101285959,Queens,Woodhaven,40.69,-73.86741,Private room,43,30,2,1,66,2
550410803871292045,220305458,Queens,Bayside,40.753424421657904,-73.77207157768841,Private room,50,15,0,3,174,0
553429976605273304,424296351,Manhattan,Hell's Kitchen,40.75402,-73.99552,Entire home/apt,200,30,1,1,1,1
550555428777442357,442630998,Brooklyn,Bedford-Stuyvesant,40.68808,-73.95321,Entire home/apt,104,30,3,1,163,3
550587373921310094,1401835,Brooklyn,Williamsburg,40.70835,-73.95636,Private room,99,30,0,3,47,0
550588684303551770,67036224,Brooklyn,Bushwick,40.692,-73.90427,Private room,75,1,8,2,303,8
555711044118582119,443663137,Manhattan,Hell's Kitchen,40.7678,-73.98566,Private room,145,1,20,1,46,20
555713859294258119,443693087,Staten Island,Mariners Harbor,40.6291,-74.15966,Private room,55,1,13,2,350,13
553495030817778297,443249212,Brooklyn,Williamsburg,40.71615,-73.93932,Private room,110,8,0,1,0,0
550590285174720201,153170211,Queens,Jamaica,40.70528532398063,-73.8046519830823,Entire home/apt,200,5,0,1,360,0
550618527775379687,2822805,Brooklyn,Crown Heights,40.669071,-73.95871,Private room,75,30,0,10,345,0
550688716776847326,15546865,Manhattan,Upper West Side,40.79799,-73.96311,Entire home/apt,269,5,16,1,1,16
550741674554463731,442679011,Manhattan,East Harlem,40.78897,-73.94224,Private room,120,1,22,1,126,22
550750375415486178,8113117,Manhattan,East Harlem,40.7898,-73.94006,Private room,119,1,14,1,0,14
550766275244993646,442436170,Brooklyn,Williamsburg,40.70388,-73.93312,Entire home/apt,1200,1,0,2,365,0
550841600859360458,384532776,Manhattan,Upper East Side,40.76978,-73.95121,Entire home/apt,198,30,2,44,191,2
550845920087869266,10576263,Brooklyn,Crown Heights,40.67473,-73.95858,Entire home/apt,98,25,3,1,279,3
553496870971220034,443249568,Brooklyn,Bedford-Stuyvesant,40.67674,-73.91538,Private room,50,2,21,4,334,21
550870831821474216,442705792,Brooklyn,Canarsie,40.64213,-73.91185,Entire home/apt,169,2,11,1,358,11
550905294962321318,546370,Brooklyn,Bedford-Stuyvesant,40.68748,-73.93576,Private room,68,30,5,16,259,5
550923487986078016,256966373,Staten Island,St. George,40.64463,-74.08004,Entire home/apt,141,1,22,4,178,22
555745419508612019,45768559,Manhattan,East Harlem,40.79597,-73.94762,Entire home/apt,100,3,3,1,10,3
555780889275582196,69944410,Brooklyn,Williamsburg,40.72014,-73.96406,Entire home/apt,300,2,7,1,0,7
555807793431380504,4667705,Brooklyn,Bushwick,40.69803,-73.92779,Entire home/apt,400,1,10,6,353,10
555842904271299640,407479321,Bronx,Allerton,40.86142,-73.86332,Private room,150,1,2,11,354,2
553502567112018912,413204967,Queens,Ditmars Steinway,40.7729,-73.91161,Private room,73,1,1,13,249,1
553590473534927463,90528109,Queens,Long Island City,40.75254776404468,-73.93289877063037,Private room,154,2,3,1,50,3
553648912024518394,88560244,Brooklyn,Williamsburg,40.70459,-73.93046,Entire home/apt,171,30,0,1,334,0
553680444648549248,58948043,Manhattan,West Village,40.73095,-74.00197,Entire home/apt,147,30,0,1,307,0
555850239743854956,433321587,Brooklyn,Bedford-Stuyvesant,40.68628,-73.93989,Entire home/apt,371,1,15,1,354,15
555851719232974597,6781477,Brooklyn,Bedford-Stuyvesant,40.69359,-73.93402,Entire home/apt,161,1,28,2,356,28
555874446870285952,434579035,Brooklyn,Fort Hamilton,40.62204,-74.03252,Entire home/apt,157,3,0,1,218,0
555875920895712279,183427026,Brooklyn,Red Hook,40.673954,-74.006271,Entire home/apt,475,6,0,1,235,0
555891287257264531,407479321,Bronx,Allerton,40.86152,-73.86288,Entire home/apt,330,1,8,11,354,8
555892315499307075,407479321,Bronx,Allerton,40.85997,-73.86356,Private room,79,1,9,11,359,9
556247091679540869,433944579,Queens,Jackson Heights,40.75401,-73.85355,Entire home/apt,110,5,12,2,265,12
550924397505635837,368451481,Brooklyn,Bedford-Stuyvesant,40.68266,-73.9237,Entire home/apt,125,1,6,1,17,6
557477550075390775,40523974,Manhattan,Upper West Side,40.78329,-73.97887,Entire home/apt,199,30,0,10,364,0
557486369436961003,192576530,Brooklyn,Crown Heights,40.67183,-73.91572,Private room,73,1,8,4,87,8
557509075015430163,444099707,Queens,East Elmhurst,40.76068,-73.875,Private room,50,2,14,1,148,14
557762090698940118,264990100,Brooklyn,Crown Heights,40.66594,-73.93294,Entire home/apt,620,3,14,3,314,14
557777226189513304,19200188,Manhattan,Hell's Kitchen,40.76485,-73.99162,Private room,131,2,17,2,106,17
557780999656919050,11381675,Brooklyn,Crown Heights,40.67283,-73.93988,Private room,189,6,0,3,261,0
557818024490407611,162280872,Manhattan,Upper East Side,40.77352,-73.95383,Entire home/apt,150,30,0,98,271,0
557835679844583729,7975932,Queens,Ridgewood,40.70075,-73.89701,Private room,89,6,2,2,190,2
553704474244404762,393474028,Manhattan,Hell's Kitchen,40.75553,-73.99589,Entire home/apt,270,30,0,9,217,0
553711324098646297,443187309,Brooklyn,East New York,40.66267,-73.882927,Entire home/apt,208,3,0,4,172,0
557844332536279327,441470396,Manhattan,Greenwich Village,40.72828,-74.00126,Entire home/apt,300,4,8,1,325,8
557862618452685938,354491017,Queens,Maspeth,40.7378,-73.89781,Entire home/apt,290,2,20,1,164,20
557862700086580359,440461336,Queens,Ozone Park,40.67315,-73.84381,Private room,95,1,8,3,10,8
556276718485238159,25699917,Manhattan,Upper East Side,40.77284,-73.95871,Entire home/apt,366,9,0,1,3,0
556365927024053098,38819962,Staten Island,Stapleton,40.62573,-74.08415,Entire home/apt,111,2,18,2,336,18
553734892054198006,443310211,Queens,Queens Village,40.70529,-73.73811,Entire home/apt,135,1,14,1,362,14
556410246853214524,113593750,Queens,Long Island City,40.74138,-73.95837,Private room,100,30,0,1,103,0
556447819311303680,23033819,Manhattan,East Harlem,40.80314,-73.93515,Entire home/apt,200,2,8,1,230,8
557877458481926168,443668503,Manhattan,Harlem,40.8222,-73.95636,Private room,77,2,16,4,59,16
557906190510458306,443668503,Manhattan,Harlem,40.82225,-73.95704,Private room,65,2,20,4,65,20
557912715961485952,227161651,Brooklyn,East Flatbush,40.64774,-73.95072,Entire home/apt,235,2,22,2,316,22
557940244756915761,106451051,Brooklyn,Bedford-Stuyvesant,40.68567,-73.91818,Private room,55,59,3,1,0,3
553798293551956243,49410148,Brooklyn,Williamsburg,40.70269,-73.93405,Entire home/apt,200,2,21,2,37,21
553895768024091783,443102829,Brooklyn,Flatbush,40.6479,-73.95481,Entire home/apt,164,2,40,1,301,40
557952596791426990,331845020,Queens,Ridgewood,40.70983,-73.91851,Entire home/apt,220,2,14,1,327,14
557953921538656336,162280872,Manhattan,Upper East Side,40.76518,-73.96523,Entire home/apt,150,30,1,98,341,1
557974776402309577,2867137,Manhattan,Upper West Side,40.79551,-73.96846,Entire home/apt,195,30,0,73,311,0
558111988809733999,50688724,Brooklyn,Bushwick,40.69297,-73.90982,Private room,60,3,22,1,23,22
556482890598057607,443862589,Brooklyn,Bay Ridge,40.632641,-74.025459,Entire home/apt,130,1,17,1,0,17
554100516000495003,390939824,Queens,Cambria Heights,40.70038,-73.74798,Private room,61,1,32,3,347,32
558132040333652055,346723005,Bronx,Bronxdale,40.85416,-73.86908,Entire home/apt,254,1,3,1,361,3
554125687285092457,72811351,Queens,Rego Park,40.72723,-73.8601,Private room,82,2,6,2,350,6
554175570283178317,68259829,Queens,Briarwood,40.70593,-73.8145,Entire home/apt,133,2,21,1,272,21
556487111077074407,198835140,Queens,Long Island City,40.75881,-73.92976,Private room,138,3,21,1,157,21
556538972710013381,12744225,Brooklyn,Crown Heights,40.66562,-73.94812,Entire home/apt,180,2,6,1,31,6
554180221383780849,53878260,Brooklyn,Greenpoint,40.73371577907048,-73.95701955760173,Entire home/apt,390,5,1,1,26,1
558134273361856523,30743518,Brooklyn,Crown Heights,40.67778,-73.95077,Entire home/apt,386,2,6,1,5,6
558191886076090391,4462261,Brooklyn,Bushwick,40.70343,-73.92973,Private room,52,30,0,3,330,0
558191951714926846,4462261,Brooklyn,Williamsburg,40.70484,-73.92941,Private room,64,30,1,3,340,1
554210007551678059,390939824,Queens,Queens Village,40.70332,-73.74896,Private room,55,1,35,3,345,35
554210215267379020,593862,Manhattan,Battery Park City,40.71548,-74.0136,Entire home/apt,196,30,1,1,70,1
554232680177723627,443405103,Queens,Long Island City,40.75624,-73.9369,Private room,244,1,16,1,360,16
554251527104608408,16598397,Manhattan,East Village,40.72937,-73.98482,Entire home/apt,500,2,21,1,74,21
554266580741687359,390071239,Manhattan,East Village,40.72732,-73.97619,Private room,67,30,3,1,70,3
558306500468820859,388759271,Queens,East Elmhurst,40.76305,-73.86195,Entire home/apt,191,1,41,2,324,41
558310482962197626,159355723,Manhattan,Murray Hill,40.74935,-73.97922,Private room,160,30,0,4,313,0
558374435893895678,401709949,Brooklyn,Bedford-Stuyvesant,40.69835,-73.94062,Private room,69,30,1,20,167,1
558438935809537733,443668503,Manhattan,Harlem,40.82216,-73.95593,Private room,72,2,14,4,59,14
558463673441880163,443668503,Manhattan,Harlem,40.82197,-73.9555,Private room,64,2,16,4,65,16
558538926629464616,1417757,Brooklyn,Crown Heights,40.67215,-73.91474,Entire home/apt,130,30,6,3,249,6
558575557122330909,276878527,Manhattan,Hell's Kitchen,40.76586,-73.98932,Entire home/apt,324,30,1,25,365,1
558597180499244358,6558917,Manhattan,East Harlem,40.79771,-73.935,Entire home/apt,391,3,17,2,301,17
558600050885522642,1527966,Brooklyn,Bedford-Stuyvesant,40.6851,-73.92504,Entire home/apt,136,3,6,2,2,6
558662411971875889,27783476,Manhattan,Upper West Side,40.79398,-73.96745,Entire home/apt,204,30,2,1,0,2
560065133922048968,444007547,Manhattan,Midtown,40.74251,-73.98589,Private room,108,30,0,56,265,0
556552350692961525,183735993,Queens,East Elmhurst,40.759,-73.88744,Private room,72,3,27,1,0,27
556637820525993937,443906271,Queens,Flushing,40.75253,-73.8159,Private room,45,15,0,1,328,0
556654648147639087,50377301,Brooklyn,Williamsburg,40.70516,-73.9379,Private room,200,1,0,2,251,0
560066484709473049,444007547,Manhattan,Midtown,40.74469,-73.9866,Private room,111,30,0,56,341,0
560093947389451205,8993084,Brooklyn,Sunset Park,40.65892,-74.00265,Private room,75,3,6,2,109,6
558666686049436599,97510627,Queens,Briarwood,40.70787,-73.81196,Entire home/apt,330,2,8,1,352,8
558699935724270658,444007547,Manhattan,Midtown,40.74467,-73.98669,Private room,111,30,1,56,352,1
560128136545298705,60828137,Queens,Sunnyside,40.73751,-73.92392,Shared room,31,5,3,3,0,3
556680269479602024,188909919,Queens,Jamaica,40.69272,-73.8022,Entire home/apt,65,3,8,1,338,8
556711679483251407,147621812,Bronx,Allerton,40.86513,-73.86973,Private room,90,30,0,2,365,0
556723136931333465,82027819,Brooklyn,East Flatbush,40.64399,-73.93215,Entire home/apt,430,2,26,1,322,26
556796991638779898,438705539,Manhattan,Upper West Side,40.80256,-73.96516,Private room,78,1,2,4,296,2
560128214211794555,60828137,Queens,Sunnyside,40.73835,-73.92219,Shared room,32,6,1,3,0,1
560149197063785531,23772724,Manhattan,Upper East Side,40.78286,-73.94797,Entire home/apt,203,30,1,58,299,1
560163086098270449,186136214,Bronx,Mount Hope,40.84536,-73.90451,Private room,60,1,12,2,358,12
560180653580422205,239431510,Bronx,Wakefield,40.90205,-73.84751,Entire home/apt,114,1,7,1,353,7
558726995077098463,444363046,Brooklyn,Bedford-Stuyvesant,40.68602,-73.95497,Entire home/apt,250,2,28,1,323,28
560205663949770570,399865453,Manhattan,Lower East Side,40.72209,-73.99326,Entire home/apt,189,30,1,10,276,1
560224400703639699,444659093,Brooklyn,Flatbush,40.64456,-73.95512,Entire home/apt,215,1,4,1,353,4
558732520907162146,433655315,Bronx,Mount Hope,40.84653,-73.90256,Private room,150,1,0,1,365,0
558739410458089833,364867907,Manhattan,Upper West Side,40.79646,-73.96257,Private room,89,40,2,4,302,2
558746223707426780,51589519,Manhattan,Chelsea,40.74373,-73.99797,Entire home/apt,265,30,2,14,320,2
558748241464924095,378112960,Brooklyn,Bedford-Stuyvesant,40.69041,-73.93727,Entire home/apt,438,2,27,13,335,27
558756071944233693,83554004,Brooklyn,Flatbush,40.65476,-73.95397,Entire home/apt,141,5,6,1,45,6
556960485502095564,345230568,Manhattan,Upper East Side,40.77027,-73.9552,Entire home/apt,341,1,5,2,201,5
556960737995069310,50997424,Queens,Ridgewood,40.703173667726304,-73.89948963516201,Entire home/apt,145,14,0,5,336,0
557031472849294373,350254795,Brooklyn,Bedford-Stuyvesant,40.6838,-73.93932,Private room,88,1,34,4,156,34
557097813047055414,433841620,Brooklyn,Williamsburg,40.71505,-73.94216,Entire home/apt,109,2,29,3,25,29
557148432686622165,156295223,Manhattan,Upper East Side,40.7789,-73.95095,Entire home/apt,530,30,0,5,312,0
560312178686234348,37144916,Brooklyn,East Flatbush,40.65062,-73.94052,Private room,78,1,20,2,353,20
557182988881570854,209026981,Bronx,Concourse Village,40.8296,-73.91304,Private room,43,1,1,1,310,1
557215989019400540,162131,Manhattan,East Harlem,40.79548,-73.94064,Entire home/apt,141,3,24,1,26,24
557226105188238113,177712,Queens,Long Island City,40.74208,-73.95993,Private room,100,14,1,1,45,1
557287164309695719,28055322,Manhattan,East Village,40.73346,-73.98987,Entire home/apt,596,4,2,2,348,2
557308562445321576,51501835,Manhattan,Upper East Side,40.78049,-73.95223,Entire home/apt,115,30,2,109,258,2
560454890995286744,210040180,Queens,Jamaica,40.67924,-73.79164,Entire home/apt,98,30,0,5,220,0
560602965728838065,374032448,Manhattan,Upper East Side,40.76023,-73.96089,Entire home/apt,256,1,3,1,84,3
557389522503487021,412531962,Manhattan,Harlem,40.79917,-73.95421,Entire home/apt,339,4,29,1,261,29
558788286720590379,120561772,Brooklyn,Bushwick,40.70076,-73.92848,Private room,36,7,2,1,0,2
558796220608031023,340101464,Manhattan,Upper West Side,40.79439,-73.96279,Private room,89,30,2,3,317,2
558806159736019318,440469367,Brooklyn,Bushwick,40.68823,-73.90845,Private room,70,90,0,5,341,0
558811782996198061,40385488,Manhattan,Inwood,40.867371,-73.919647,Entire home/apt,195,5,6,9,81,6
558913041747053905,1843216,Manhattan,Nolita,40.72136,-73.99462,Entire home/apt,302,7,17,2,128,17
560700495388882177,443464580,Bronx,Throgs Neck,40.81144,-73.80412,Entire home/apt,120,1,4,1,280,4
558929937262113524,2228082,Brooklyn,Williamsburg,40.71369,-73.96273,Entire home/apt,400,2,5,1,59,5
557390530794470233,126809593,Brooklyn,Prospect-Lefferts Gardens,40.66314,-73.94961,Entire home/apt,130,3,22,1,1,22
557390609435334994,37044025,Manhattan,Hell's Kitchen,40.75704616189861,-73.99146966188366,Entire home/apt,189,1,5,1,74,5
560701900830230569,430678863,Queens,South Ozone Park,40.66625,-73.81293,Entire home/apt,450,2,2,1,357,2
557408661745512587,10352865,Brooklyn,Bedford-Stuyvesant,40.67966,-73.94108,Entire home/apt,144,30,3,1,1,3
558934184388886841,181154504,Manhattan,Harlem,40.82714,-73.95234,Entire home/apt,220,30,0,1,334,0
560727126080403797,3223938,Brooklyn,Prospect-Lefferts Gardens,40.65884,-73.95029,Private room,44,90,0,288,280,0
560731702825523968,3223938,Brooklyn,Prospect-Lefferts Gardens,40.65869,-73.94846,Private room,40,90,0,288,341,0
560735047537585655,3223938,Brooklyn,Prospect-Lefferts Gardens,40.66041,-73.94875,Private room,36,90,0,288,342,0
560746623203080695,224733902,Manhattan,Upper East Side,40.7712,-73.95819,Entire home/apt,88,30,0,7,350,0
560819796143132798,408433618,Brooklyn,Crown Heights,40.67117,-73.93206,Entire home/apt,99,3,1,1,249,1
558941566399441638,357914975,Bronx,Mount Eden,40.84228,-73.91543,Private room,150,1,31,2,320,31
557435607276080691,444084702,Bronx,Pelham Gardens,40.86118,-73.84579,Private room,64,4,8,1,219,8
557473594642446522,40523974,Manhattan,Upper East Side,40.78111,-73.95365,Entire home/apt,215,30,0,10,341,0
560823556149262684,15697894,Brooklyn,Bushwick,40.69986,-73.93934,Private room,65,15,0,1,356,0
562907819641129672,406393070,Brooklyn,Crown Heights,40.66596,-73.93561,Entire home/apt,654,2,13,1,344,13
562951973396560887,370961448,Queens,Jamaica,40.69067,-73.7898,Entire home/apt,207,3,14,1,355,14
558983914291920583,444413982,Brooklyn,East New York,40.66444,-73.89685,Entire home/apt,152,1,0,1,218,0
559076560475056773,444425761,Manhattan,Harlem,40.82548,-73.94984,Private room,112,1,4,2,360,4
560882241210108226,211502642,Manhattan,East Harlem,40.78553,-73.94424,Shared room,157,1,15,1,254,15
562958677962125930,143627644,Manhattan,Inwood,40.86714415842577,-73.92626295193293,Shared room,150,1,26,1,176,26
562964125617559122,155400834,Manhattan,Harlem,40.81427,-73.94147,Entire home/apt,125,30,1,4,127,1
563002559726624003,433324460,Queens,Edgemere,40.59465,-73.77497,Entire home/apt,127,1,11,1,363,11
560919770100073849,29697079,Queens,Long Island City,40.7441,-73.94908,Private room,60,30,3,2,71,3
560922841979568080,444792557,Queens,Richmond Hill,40.70198,-73.82871,Private room,65,30,1,2,254,1
563007560084567383,303771161,Manhattan,Midtown,40.74404,-73.98164,Entire home/apt,428,30,0,2,364,0
563034085030054432,126503835,Brooklyn,Williamsburg,40.71642,-73.96591,Entire home/apt,375,2,11,4,44,11
563054416403984131,431414343,Brooklyn,Bushwick,40.69666,-73.92297,Entire home/apt,393,2,23,3,21,23
563064752119964291,435361795,Manhattan,East Village,40.72305,-73.97676,Private room,70,1,25,4,11,25
563148000514980908,445169561,Queens,Flushing,40.76087,-73.80204,Private room,70,1,3,7,339,3
563149852709189968,445169561,Queens,Flushing,40.76032,-73.80374,Private room,70,1,1,7,349,1
563168748198305241,443402931,Manhattan,Midtown,40.75584,-73.9698,Entire home/apt,600,2,8,1,6,8
559130147427803546,388433334,Bronx,Mott Haven,40.81097,-73.92469,Private room,62,1,37,3,315,37
559186695166761209,46174078,Manhattan,Chelsea,40.74129,-74.00016,Entire home/apt,314,2,10,1,0,10
559344504824557727,433696576,Brooklyn,Bedford-Stuyvesant,40.69121,-73.94063,Private room,72,1,39,9,318,39
559369411073486415,44851966,Bronx,Belmont,40.85536,-73.88449,Entire home/apt,132,2,2,6,322,2
559376655184894447,444007547,Manhattan,Flatiron District,40.74257,-73.98703,Private room,111,30,1,56,327,1
559377938513517858,444007547,Manhattan,Midtown,40.74429,-73.98511,Private room,111,30,0,56,348,0
559378961073600733,444007547,Manhattan,Midtown,40.74315,-73.98514,Private room,111,30,0,56,341,0
559379966399885435,444007547,Manhattan,Midtown,40.74405,-73.9872,Private room,111,30,0,56,337,0
559400110442575564,95459395,Manhattan,Midtown,40.765633,-73.982376,Entire home/apt,720,30,0,56,363,0
559445778771515985,444007547,Manhattan,Midtown,40.74266,-73.9856,Private room,111,30,1,56,346,1
559451237271277912,444007547,Manhattan,Midtown,40.74323,-73.9853,Private room,111,30,0,56,342,0
560973215871180335,444802532,Queens,Richmond Hill,40.68936,-73.8159,Private room,92,1,28,3,163,28
559455497177091890,444510266,Brooklyn,East Flatbush,40.65074,-73.93102,Private room,65,1,4,2,254,4
561007430600052203,346162718,Queens,Ozone Park,40.68344,-73.84098,Entire home/apt,263,3,16,1,354,16
559475813863012904,4828055,Brooklyn,Cypress Hills,40.68002,-73.88397,Entire home/apt,206,3,14,1,41,14
559485519806458663,350254795,Brooklyn,Bedford-Stuyvesant,40.68217,-73.9388,Private room,104,1,18,4,303,18
559496513380238292,1093220,Brooklyn,Bushwick,40.70496,-73.92631,Entire home/apt,217,7,0,3,0,0
559526906537119383,170964868,Brooklyn,Bedford-Stuyvesant,40.67997,-73.90907,Entire home/apt,199,5,19,7,138,19
559572983981929450,424738135,Bronx,Wakefield,40.88972,-73.85809,Private room,70,2,12,5,84,12
563183407738604083,422985413,Brooklyn,Bedford-Stuyvesant,40.68192567844794,-73.91635425735355,Entire home/apt,98,2,3,1,45,3
563231639144821650,443187309,Brooklyn,East New York,40.66267,-73.882927,Entire home/apt,273,3,3,4,207,3
561023982487364297,53877127,Brooklyn,Bensonhurst,40.60874,-73.99874,Entire home/apt,193,1,31,2,353,31
561039682477401900,162493061,Brooklyn,Midwood,40.62072,-73.95657,Entire home/apt,161,2,16,1,62,16
559586504917827345,27465368,Brooklyn,Prospect-Lefferts Gardens,40.65884,-73.95951,Private room,61,7,5,1,277,5
559592743617283842,114515350,Brooklyn,Crown Heights,40.67758,-73.94276,Entire home/apt,408,2,29,1,38,29
559619308472416467,424738135,Bronx,Wakefield,40.889088,-73.858711,Private room,75,2,25,5,81,25
559655552903024677,443187309,Brooklyn,East New York,40.662685,-73.882843,Entire home/apt,180,4,0,4,234,0
559656259196339504,63813702,Brooklyn,Bedford-Stuyvesant,40.68105,-73.94524,Entire home/apt,200,1,5,3,0,5
559671382972443261,384532776,Manhattan,Hell's Kitchen,40.75944,-73.98904,Entire home/apt,117,30,2,44,346,2
559705040816940245,443249568,Brooklyn,Bedford-Stuyvesant,40.67843,-73.9158,Private room,51,2,21,4,335,21
559730944824545082,47054080,Brooklyn,Bushwick,40.69446,-73.90699,Private room,84,1,18,3,328,18
561053791147951020,305327549,Queens,Briarwood,40.71471,-73.82235,Entire home/apt,280,15,0,5,365,0
561056459074470843,200625983,Queens,Astoria,40.76077,-73.92516,Entire home/apt,144,2,16,2,308,16
559881384063575733,6757915,Brooklyn,Williamsburg,40.72004,-73.94141,Entire home/apt,264,3,1,1,0,1
563238750963142107,13175303,Brooklyn,Williamsburg,40.71755,-73.96364,Private room,279,2,3,1,0,3
563246205133552459,192576530,Brooklyn,Crown Heights,40.67251,-73.91549,Private room,78,1,10,4,87,10
563246706811573391,192576530,Brooklyn,Crown Heights,40.6732,-73.91784,Private room,73,1,12,4,77,12
563268292006599316,70959022,Brooklyn,East New York,40.67113,-73.87114,Entire home/apt,121,1,48,1,300,48
563280387051504384,443187309,Brooklyn,East New York,40.662704,-73.882927,Entire home/apt,132,10,2,4,191,2
561114265573680580,37875894,Manhattan,Upper West Side,40.80269,-73.9677,Private room,150,2,14,2,106,14
561277688591730713,119301523,Queens,South Ozone Park,40.66927,-73.80766,Private room,73,1,5,4,33,5
561438111914086714,384532776,Queens,Arverne,40.59641,-73.802,Entire home/apt,120,30,1,44,0,1
561440492721634331,394409000,Manhattan,Hell's Kitchen,40.76075,-73.99122,Entire home/apt,130,30,1,1,181,1
559934462175358698,253513520,Brooklyn,Bedford-Stuyvesant,40.69235,-73.93968,Entire home/apt,177,3,7,1,0,7
561445241492040779,44165213,Manhattan,Midtown,40.75595,-73.96722,Private room,95,15,1,1,15,1
563348510544506762,407322081,Queens,Woodside,40.74768,-73.90615,Private room,42,20,1,1,0,1
561447564053724552,444179650,Manhattan,East Harlem,40.80157,-73.94025,Private room,69,3,22,1,57,22
559983063977514392,170026468,Brooklyn,Prospect-Lefferts Gardens,40.65989,-73.94231,Entire home/apt,121,2,6,1,250,6
561452196141383898,272763930,Brooklyn,East Flatbush,40.64901,-73.94107,Private room,68,2,31,3,112,31
561453282451969381,444887787,Brooklyn,Bedford-Stuyvesant,40.69912,-73.94567,Private room,108,2,7,2,5,7
561485017311573176,444898308,Brooklyn,Crown Heights,40.67356,-73.92519,Entire home/apt,280,1,20,2,77,20
560021459194886783,436635655,Brooklyn,Bushwick,40.70022,-73.93621,Private room,190,3,2,1,51,2
560053797968941805,444007547,Manhattan,Midtown,40.74444,-73.98735,Private room,111,30,1,56,316,1
560058618593938132,444007547,Manhattan,Flatiron District,40.74259,-73.98656,Private room,111,30,1,56,337,1
560059637166904995,444007547,Manhattan,Flatiron District,40.74258,-73.98675,Private room,111,30,0,56,331,0
560060646204750613,444007547,Manhattan,Flatiron District,40.74263,-73.98664,Private room,111,30,1,56,334,1
564620340847536908,433696576,Brooklyn,Bedford-Stuyvesant,40.69265,-73.93866,Private room,119,1,42,9,359,42
563384932627404328,30728652,Brooklyn,Williamsburg,40.71338,-73.95767,Entire home/apt,200,3,2,1,1,2
561506782496208025,86771798,Manhattan,Chinatown,40.7147,-73.99074,Entire home/apt,109,30,0,30,10,0
561516430288142561,272763930,Brooklyn,East Flatbush,40.65091,-73.94173,Private room,88,2,26,3,142,26
561521233589455528,200625983,Queens,Long Island City,40.76007,-73.92712,Entire home/apt,125,2,11,2,235,11
561535863010951753,40907910,Queens,Ditmars Steinway,40.77105,-73.9092,Entire home/apt,295,2,24,1,93,24
563556569721920671,445332821,Queens,Long Island City,40.74568,-73.9555,Entire home/apt,450,4,24,1,312,24
563561579325525118,3038325,Brooklyn,Prospect Heights,40.67909,-73.96402,Entire home/apt,699,3,1,1,68,1
563591535623653881,10439234,Manhattan,Upper East Side,40.77629,-73.95316,Entire home/apt,198,3,10,1,49,10
564639043483141418,2065673,Brooklyn,Williamsburg,40.70282,-73.93716,Entire home/apt,107,2,17,1,164,17
564682824371493121,440220965,Queens,Rosedale,40.65577,-73.73272,Entire home/apt,259,2,23,2,176,23
561569076182350892,378931199,Queens,Flushing,40.74781,-73.81428,Private room,111,1,0,3,365,0
561576961935479391,45735004,Brooklyn,Bushwick,40.69833266494778,-73.92993807833592,Entire home/apt,177,1,45,3,151,45
564684669593060993,102358867,Brooklyn,Prospect-Lefferts Gardens,40.66204,-73.95944,Entire home/apt,120,30,1,1,0,1
564694817666801732,155440053,Manhattan,Chelsea,40.74979,-73.99606,Private room,70,1,41,8,297,41
563621620375088701,25596183,Brooklyn,Williamsburg,40.70676,-73.95013,Private room,102,1,2,1,0,2
563661194907410818,381486556,Brooklyn,Bay Ridge,40.63246,-74.02771,Private room,72,1,0,4,315,0
563674033221110944,416590559,Manhattan,Upper West Side,40.77656,-73.98042,Entire home/apt,135,4,8,1,200,8
563687425156513173,219517861,Queens,Long Island City,40.74641,-73.94477,Entire home/apt,328,2,56,71,317,56
563690104682126377,219517861,Queens,Long Island City,40.7465,-73.94499,Entire home/apt,482,2,6,71,304,6
563691540475369610,403471033,Manhattan,Upper East Side,40.77926,-73.94887,Shared room,74,2,13,8,221,13
561580874092383695,175142050,Brooklyn,Bedford-Stuyvesant,40.69319,-73.94002,Private room,56,29,2,2,172,2
564779036975389184,256326446,Brooklyn,Bushwick,40.70343,-73.91258,Private room,83,2,25,1,325,25
564807913864754690,70410029,Brooklyn,Bedford-Stuyvesant,40.68666,-73.91882,Private room,124,2,0,4,356,0
564844435225916025,107434423,Brooklyn,Cobble Hill,40.6880284,-73.99298879999999,Entire home/apt,309,31,0,453,338,0
561610585267265509,25962671,Brooklyn,Williamsburg,40.71725,-73.95489,Entire home/apt,345,9,2,2,302,2
561659664009551850,58957723,Manhattan,SoHo,40.72145,-73.99928,Entire home/apt,995,3,1,1,53,1
563712718324527206,443360156,Manhattan,Midtown,40.75353,-73.9701,Entire home/apt,823,2,21,1,0,21
563719467035680846,219517861,Queens,Long Island City,40.7446,-73.943,Entire home/apt,534,2,17,71,310,17
563728723224510265,219517861,Queens,Long Island City,40.74482,-73.94326,Entire home/apt,332,2,25,71,319,25
563734161103626113,2137595,Manhattan,Upper West Side,40.78208,-73.97715,Entire home/apt,153,3,5,3,59,5
563737087590348053,258230385,Manhattan,Murray Hill,40.74661,-73.97845,Entire home/apt,305,30,2,4,223,2
563763659754938288,444007547,Manhattan,Flatiron District,40.74256,-73.98708,Private room,111,30,2,56,350,2
563769040665193826,444007547,Manhattan,Midtown,40.74421,-73.98532,Private room,111,30,1,56,356,1
563772711329289376,444007547,Manhattan,Flatiron District,40.74279,-73.98729,Private room,111,30,0,56,342,0
563773649320710794,444007547,Manhattan,Midtown,40.74396,-73.98723,Private room,111,30,0,56,341,0
563774516016298703,444007547,Manhattan,Midtown,40.74264,-73.98564,Private room,111,30,0,56,340,0
561695071089228250,2540010,Manhattan,Murray Hill,40.74488,-73.97305,Entire home/apt,319,4,22,1,272,22
563777654956472645,445395972,Bronx,Wakefield,40.88827,-73.86353,Private room,67,1,3,5,320,3
563788312748999622,403471033,Manhattan,Upper East Side,40.78121,-73.94819,Shared room,74,2,9,8,0,9
563805792209170911,192576530,Brooklyn,Crown Heights,40.6731,-73.91688,Entire home/apt,486,1,3,4,78,3
563814027308620995,442212179,Brooklyn,Bedford-Stuyvesant,40.67945,-73.9324,Entire home/apt,185,3,16,1,331,16
564854462987324113,349508205,Brooklyn,Bedford-Stuyvesant,40.68118,-73.9277,Entire home/apt,175,5,3,1,60,3
564924380211338644,70410029,Brooklyn,Bedford-Stuyvesant,40.68673,-73.92118,Private room,104,30,0,4,342,0
561737246467830437,275582,Manhattan,Hell's Kitchen,40.75876,-73.99151,Entire home/apt,110,15,1,1,0,1
561744257018750261,378931199,Queens,Flushing,40.74983,-73.81574,Private room,162,1,0,3,364,0
561765921593687929,189075482,Brooklyn,Cypress Hills,40.67941,-73.8908,Entire home/apt,125,1,21,2,334,21
561766452830859698,66930690,Brooklyn,Williamsburg,40.71367580412255,-73.95575293377263,Entire home/apt,250,25,0,1,0,0
564961236349951585,258154594,Manhattan,Midtown,40.75448,-73.98221,Private room,1570,2,5,1,0,5
564973275397535318,107434423,Manhattan,East Village,40.73111,-73.98308,Entire home/apt,341,31,0,453,29,0
565036313827044296,27863129,Manhattan,Financial District,40.70723,-74.00493,Entire home/apt,206,3,8,1,3,8
563823861857118589,217821911,Manhattan,Upper East Side,40.77890790286912,-73.95274431934264,Entire home/apt,194,1,5,1,44,5
563847591255012054,274278847,Queens,East Elmhurst,40.76585,-73.89052,Entire home/apt,189,2,6,2,59,6
563849317055098578,37144916,Brooklyn,East Flatbush,40.64921,-73.94229,Private room,71,1,13,2,361,13
563864922936990733,445415288,Brooklyn,Flatbush,40.65484,-73.95332,Entire home/apt,149,3,25,2,90,25
561818961569796400,444979739,Manhattan,Hell's Kitchen,40.76224,-73.99726,Private room,500,1,0,1,249,0
563878450144014953,445420988,Bronx,Castle Hill,40.81951,-73.8469,Private room,42,365,0,1,365,0
563918760450519659,403471033,Manhattan,Upper East Side,40.77897,-73.94822,Shared room,74,2,4,8,190,4
563948043642293623,307197943,Manhattan,Hell's Kitchen,40.7604,-73.9983,Entire home/apt,1028,1,11,6,74,11
561940898657308457,265891670,Queens,Springfield Gardens,40.67991,-73.75518,Entire home/apt,167,2,23,1,341,23
563957520707872792,4996789,Manhattan,Gramercy,40.735172,-73.984367,Entire home/apt,321,3,14,1,59,14
563962591365717021,71333426,Manhattan,Midtown,40.75335,-73.97183,Entire home/apt,450,1,0,2,351,0
562081942070291418,382092963,Manhattan,Washington Heights,40.85304,-73.93402,Private room,90,3,10,6,67,10
562104822498211219,382092963,Manhattan,Washington Heights,40.85279,-73.93264,Private room,101,3,14,6,65,14
562139705168893799,107434423,Manhattan,Chelsea,40.74518,-73.99292,Entire home/apt,616,31,0,453,172,0
562204448887296816,382092963,Manhattan,Washington Heights,40.85133,-73.93262,Private room,69,3,15,6,63,15
562206340175274057,223374565,Manhattan,Midtown,40.74317,-73.98385,Entire home/apt,285,4,10,4,311,10
562218162517693300,40339422,Manhattan,Harlem,40.80497,-73.94876,Private room,247,1,19,3,59,19
563973129016801937,2260367,Manhattan,East Village,40.72521,-73.98156,Entire home/apt,228,2,8,1,1,8
564020767708183094,303771161,Manhattan,Chelsea,40.74485,-74.00562,Entire home/apt,999,30,0,2,365,0
565063557477350387,58783159,Brooklyn,Williamsburg,40.7172,-73.96324,Entire home/apt,350,2,1,1,4,1
565079733741558704,170568130,Manhattan,Hell's Kitchen,40.76607663193709,-73.99372383971149,Entire home/apt,105,1,0,15,134,0
565082385498111833,170568130,Manhattan,Midtown,40.74503,-73.98138,Entire home/apt,90,1,17,15,137,17
562228465268570725,401202937,Manhattan,Midtown,40.74824,-73.98669,Private room,169,1,7,51,46,7
562263996147987504,435361795,Manhattan,East Village,40.72488,-73.97722,Private room,81,1,35,4,4,35
562292220686562089,378802243,Bronx,Olinville,40.87695,-73.86738,Entire home/apt,159,1,13,1,317,13
565112303079121006,85656085,Queens,Arverne,40.59434,-73.79359,Entire home/apt,136,2,22,1,334,22
564074564653104986,444415151,Manhattan,East Village,40.72687,-73.98979,Shared room,66,7,8,2,0,8
562298581962857593,610466,Brooklyn,Bedford-Stuyvesant,40.68310361928541,-73.91748744890089,Entire home/apt,155,60,0,1,181,0
562316603338483299,2867137,Manhattan,Upper West Side,40.79379,-73.96859,Entire home/apt,335,30,0,73,235,0
562321761954443938,461199685,Brooklyn,Canarsie,40.64344,-73.89098,Entire home/apt,250,2,13,1,361,13
564089512450975800,224532641,Brooklyn,Prospect-Lefferts Gardens,40.65982,-73.95116,Private room,79,1,28,11,355,28
565114924350358637,436672443,Bronx,Edenwald,40.88855,-73.84011,Private room,88,2,9,1,325,9
565133661908831281,86213000,Bronx,Pelham Bay,40.84446,-73.82961,Entire home/apt,82,2,11,2,91,11
562369392021523001,443249568,Brooklyn,Bedford-Stuyvesant,40.67825,-73.91571,Private room,72,2,7,4,339,7
562369400621137988,443249568,Brooklyn,Crown Heights,40.67651,-73.91546,Private room,53,2,21,4,335,21
562375439401242391,156058958,Manhattan,Financial District,40.70549,-74.01463,Entire home/apt,125,30,0,1,280,0
562408849169725045,7219450,Brooklyn,Williamsburg,40.70674,-73.95002,Private room,218,1,2,1,86,2
562418047487826132,427723275,Brooklyn,East New York,40.66011,-73.89282,Entire home/apt,125,1,6,2,333,6
562472263982950504,222580763,Queens,East Elmhurst,40.75863,-73.86292,Shared room,57,1,43,3,350,43
562511308429882296,180712863,Brooklyn,Flatbush,40.63686,-73.95298,Private room,106,1,9,4,318,9
565161489347909632,445204362,Manhattan,Harlem,40.81322,-73.95254,Private room,77,3,10,3,56,10
565169474885021523,406175571,Brooklyn,Kensington,40.63553,-73.97467,Entire home/apt,139,30,2,6,6,2
565173112445230681,445694721,Bronx,Melrose,40.81949,-73.91708,Entire home/apt,249,2,16,1,321,16
565177389638327305,5719357,Brooklyn,Bedford-Stuyvesant,40.68271,-73.91648,Entire home/apt,207,1,18,1,68,18
562538291013120433,37435755,Brooklyn,Bushwick,40.69757,-73.93588,Private room,55,5,3,3,213,3
562574478164878752,4667705,Brooklyn,Bushwick,40.69214,-73.92526,Private room,200,1,2,6,362,2
562718405196083742,8993084,Brooklyn,Sunset Park,40.65742,-74.00413,Entire home/apt,160,14,2,2,80,2
562804074465633249,443685391,Manhattan,Harlem,40.8124,-73.95112,Private room,78,3,26,3,61,26
562822290667464872,443685391,Manhattan,Harlem,40.81441,-73.95103,Private room,87,3,22,3,58,22
562830036713221337,445169561,Queens,Flushing,40.7605,-73.80244,Private room,70,1,6,7,351,6
562868984874611850,382092963,Manhattan,Washington Heights,40.85291,-73.9328,Private room,99,3,18,6,67,18
562876738752502593,382092963,Manhattan,Washington Heights,40.85115,-73.93297,Private room,97,3,13,6,62,13
562884903457128974,378228712,Bronx,Mott Haven,40.8149,-73.92758,Entire home/apt,165,7,3,1,339,3
565206646532271965,14447643,Brooklyn,Williamsburg,40.71141,-73.94893,Entire home/apt,260,14,8,1,14,8
565233426239877084,395949423,Manhattan,Upper West Side,40.79563,-73.96354,Private room,96,1,22,3,16,22
565233874502784851,230947125,Brooklyn,Bedford-Stuyvesant,40.69083,-73.93393,Entire home/apt,399,1,2,5,320,2
565252455567607000,445714114,Bronx,Parkchester,40.84008,-73.85917,Entire home/apt,101,2,17,1,158,17
564098486876813787,2708353,Queens,Flushing,40.75675,-73.81868,Private room,47,3,1,1,83,1
564171631173241519,211231503,Manhattan,Midtown,40.75821,-73.96416,Entire home/apt,180,25,0,1,0,0
562886438750870899,382092963,Manhattan,Washington Heights,40.85231,-73.93474,Private room,72,3,8,6,56,8
567952904127370143,107434423,Manhattan,West Village,40.7331919,-74.0083224,Entire home/apt,397,31,0,453,160,0
567982148974376079,63385346,Queens,Ditmars Steinway,40.77451,-73.90958,Private room,70,2,11,1,255,11
567987842334638446,3229596,Brooklyn,Greenpoint,40.72547,-73.94835,Entire home/apt,165,3,2,2,98,2
568011059648218601,52752145,Queens,Bellerose,40.7288,-73.72443,Private room,50,1,3,1,75,3
564229280225504107,445486546,Manhattan,Harlem,40.80749,-73.94769,Entire home/apt,225,10,8,1,235,8
564251310292031944,105150325,Queens,Richmond Hill,40.68761,-73.82928,Entire home/apt,80,3,0,1,0,0
565338334537326418,7978169,Brooklyn,Clinton Hill,40.69757,-73.96936,Private room,70,2,28,1,0,28
565352945991314340,424738135,Bronx,Wakefield,40.88799,-73.85968,Private room,70,2,10,5,67,10
565370785595448620,58091313,Brooklyn,Williamsburg,40.70851,-73.95837,Entire home/apt,260,3,1,1,0,1
568036746216605390,6558917,Manhattan,East Harlem,40.79962,-73.93351,Entire home/apt,238,3,16,2,325,16
568043110827612509,10387090,Brooklyn,Bushwick,40.68493,-73.90933,Private room,46,30,0,10,311,0
568049789197012466,7912845,Brooklyn,Bedford-Stuyvesant,40.68134,-73.94908,Private room,141,3,3,1,142,3
565381561896039468,445742022,Queens,Jamaica,40.6753,-73.79538,Entire home/apt,152,1,29,1,344,29
565490019458489355,224532641,Brooklyn,Prospect-Lefferts Gardens,40.65944,-73.94941,Private room,79,1,23,11,354,23
565644599954468344,401709949,Brooklyn,Bushwick,40.69997,-73.93886,Private room,64,30,1,20,75,1
565717583867938247,3223938,Brooklyn,East Flatbush,40.65368,-73.95048,Private room,37,90,0,288,235,0
565773369515481713,2219255,Brooklyn,Canarsie,40.63129,-73.91032,Entire home/apt,246,3,1,8,228,1
565788645340909498,445204362,Manhattan,Harlem,40.81475,-73.95084,Private room,72,3,16,3,65,16
565794058565988488,445204362,Manhattan,Harlem,40.81327,-73.95052,Private room,79,3,19,3,67,19
565889689542651801,444802532,Queens,Richmond Hill,40.68902,-73.81421,Private room,92,1,24,3,157,24
565932625780175955,5162192,Manhattan,Upper West Side,40.78371,-73.97617,Private room,128,30,0,20,68,0
565945254549598881,445858732,Brooklyn,Clinton Hill,40.68538,-73.96488,Entire home/apt,350,4,0,1,304,0
565955554959928946,144688687,Queens,Springfield Gardens,40.66824696395975,-73.76388257461785,Private room,82,1,0,6,363,0
568062369061578755,27181542,Manhattan,Lower East Side,40.71962,-73.986,Entire home/apt,160,30,2,69,122,2
568067341320406108,43231373,Manhattan,Upper East Side,40.77037,-73.95321,Entire home/apt,300,30,2,1,6,2
565975858815161152,34360053,Brooklyn,Bedford-Stuyvesant,40.6885,-73.94483,Private room,32,30,1,1,129,1
565991115188307334,331185230,Manhattan,Upper West Side,40.78577,-73.9754,Entire home/apt,270,15,0,10,0,0
564254781588210297,40580433,Brooklyn,Greenpoint,40.73713,-73.95511,Entire home/apt,299,3,6,1,0,6
564263130953871960,443680128,Manhattan,Harlem,40.81493,-73.94438,Private room,96,3,22,3,57,22
564272940527982375,443680128,Manhattan,Harlem,40.81464,-73.94401,Private room,76,3,25,3,66,25
564274377974292757,401709949,Brooklyn,Bedford-Stuyvesant,40.699609893584,-73.94072076186629,Private room,89,30,1,20,298,1
564278739903548650,443680128,Manhattan,Harlem,40.81682,-73.94425,Private room,101,3,17,3,63,17
568102127919279294,150428984,Bronx,Hunts Point,40.81216,-73.88793,Private room,47,3,8,5,346,8
568170539400920748,50760546,Manhattan,Tribeca,40.71962,-74.00524,Entire home/apt,499,30,1,31,261,1
568179775239963391,446383801,Queens,Ridgewood,40.7035,-73.90966,Entire home/apt,150,2,13,1,115,13
564281474587681881,445492801,Brooklyn,Sunset Park,40.66108,-73.99255,Private room,147,1,52,2,276,52
564290411806986528,3931900,Brooklyn,Williamsburg,40.713,-73.94162,Entire home/apt,99,1,0,1,0,0
565991418432743534,445870180,Manhattan,Washington Heights,40.84605,-73.93494,Private room,75,30,1,2,312,1
565994693666099276,34214033,Brooklyn,Greenpoint,40.72599,-73.95709,Entire home/apt,250,2,20,1,1,20
568179783747304381,2867137,Manhattan,Upper West Side,40.79322,-73.96841,Entire home/apt,438,30,0,73,332,0
568189538970405001,104277076,Queens,Astoria,40.76551,-73.91243,Entire home/apt,146,1,23,3,317,23
568240178481941266,16438279,Brooklyn,Williamsburg,40.71917,-73.94387,Entire home/apt,350,3,3,1,199,3
568241042725431542,2867137,Manhattan,Upper West Side,40.79512,-73.96545,Entire home/apt,340,30,1,73,302,1
568243571150906380,18254594,Queens,Flushing,40.75515,-73.83145,Entire home/apt,139,30,3,1,51,3
568252587234686441,100112994,Manhattan,Harlem,40.82606,-73.94918,Private room,91,4,16,2,0,16
566011498440844024,3311928,Brooklyn,Bedford-Stuyvesant,40.6889,-73.95068,Entire home/apt,105,3,10,1,0,10
566032937844582947,8187253,Manhattan,Chelsea,40.74773,-74.00265,Entire home/apt,220,29,3,1,249,3
566049619639502580,303993729,Manhattan,Chelsea,40.74569,-74.00341,Entire home/apt,899,30,0,1,365,0
566063049513073491,27181542,Manhattan,East Harlem,40.796967,-73.935745,Entire home/apt,170,30,0,69,173,0
566087196797113849,182290525,Queens,Jamaica,40.67885,-73.78095,Entire home/apt,232,3,9,1,151,9
566095342748806780,48958358,Brooklyn,Williamsburg,40.70973,-73.96881,Entire home/apt,385,30,0,2,339,0
564308644784550594,81035627,Manhattan,Harlem,40.81523895263672,-73.9389877319336,Entire home/apt,137,1,0,1,101,0
564308969417116413,27181542,Manhattan,East Harlem,40.79328,-73.9413,Entire home/apt,185,30,2,69,361,2
564332310127293248,435938215,Manhattan,Hell's Kitchen,40.75618593382183,-73.9981641358932,Private room,280,1,2,22,138,2
564332364431245843,435938215,Manhattan,Hell's Kitchen,40.75616,-73.99759,Private room,280,1,3,22,139,3
564392277073018712,86924880,Queens,Flushing,40.726849,-73.792824,Entire home/apt,189,12,2,1,144,2
568253331692630975,393764831,Bronx,Mott Haven,40.80831515939781,-73.91357770194088,Entire home/apt,900,1,0,1,365,0
564399290545802268,443979299,Manhattan,Harlem,40.8161,-73.94439,Private room,72,3,14,4,64,14
564408835494017335,443979299,Manhattan,Harlem,40.81636,-73.94452,Private room,111,3,24,4,52,24
564446991081241239,443979299,Manhattan,Harlem,40.8144,-73.94445,Private room,93,3,19,4,60,19
564454587845673614,443979299,Manhattan,Harlem,40.81457,-73.94466,Private room,99,3,14,4,51,14
564526469886538443,170964868,Brooklyn,Bedford-Stuyvesant,40.67777,-73.90884,Entire home/apt,220,5,13,7,157,13
568270572432528148,433145666,Manhattan,Midtown,40.74792,-73.98686,Private room,285,1,2,5,62,2
568385041952107292,334611519,Queens,Elmhurst,40.73765,-73.8711,Entire home/apt,149,1,26,14,129,26
568413949982776768,39291648,Queens,Kew Gardens,40.71108,-73.82502,Entire home/apt,145,30,2,1,363,2
564542318120486446,445563777,Manhattan,Midtown,40.76547,-73.97962,Entire home/apt,536,2,9,2,320,9
564542475835793907,71876303,Brooklyn,Bay Ridge,40.64055,-74.02957,Entire home/apt,143,3,24,1,279,24
566096258016765596,445892124,Manhattan,Upper West Side,40.78463,-73.97726,Entire home/apt,247,2,22,1,93,22
568510102961869418,70410029,Brooklyn,Bedford-Stuyvesant,40.68522,-73.9189,Private room,75,7,0,4,342,0
568511583610564835,107434423,Manhattan,Murray Hill,40.7483335,-73.98094040000001,Entire home/apt,445,31,0,453,186,0
568534717360191731,403696256,Brooklyn,Bedford-Stuyvesant,40.67835,-73.91958,Entire home/apt,500,30,2,1,44,2
566099298837722354,426804754,Queens,Springfield Gardens,40.66443,-73.75473,Entire home/apt,151,4,21,1,152,21
566115227830033854,441793133,Queens,Long Island City,40.75357,-73.93433,Private room,307,1,6,8,246,6
566119623093680636,441793133,Queens,Long Island City,40.7535,-73.93612,Private room,429,1,6,8,266,6
566145363547365174,11855185,Manhattan,Midtown,40.75897,-73.96568,Entire home/apt,270,2,0,1,32,0
564546597596686694,128271193,Queens,St. Albans,40.69589,-73.76083,Private room,115,2,7,1,83,7
564552665997526321,411757269,Queens,Elmhurst,40.73279,-73.87233,Private room,90,1,26,3,78,26
568636144884740338,11694793,Brooklyn,Bedford-Stuyvesant,40.70049,-73.94372,Private room,125,2,3,2,249,3
568678127553818062,417275418,Brooklyn,Williamsburg,40.71134,-73.9613,Private room,128,1,44,5,314,44
568701648208860895,145411880,Brooklyn,Midwood,40.61448,-73.94921,Entire home/apt,87,30,1,1,79,1
568707365260286376,27181542,Manhattan,East Harlem,40.78871,-73.94796,Entire home/apt,185,30,1,69,125,1
568715568448775342,424738135,Bronx,Wakefield,40.88944,-73.85987,Private room,70,2,20,5,78,20
568721876861286064,4239809,Brooklyn,Clinton Hill,40.68433,-73.96074,Entire home/apt,233,3,17,1,42,17
568724726323586792,388145254,Manhattan,Midtown,40.7523,-73.99083,Entire home/apt,850,3,19,1,204,19
564602108695275173,246197981,Queens,Springfield Gardens,40.67527,-73.75661,Entire home/apt,134,2,23,1,319,23
564602702188075826,219517861,Queens,Long Island City,40.74493,-73.94482,Entire home/apt,462,2,11,71,314,11
570315741712078963,17056215,Brooklyn,Williamsburg,40.70692,-73.94105,Entire home/apt,270,30,3,3,0,3
566172173301932151,61408134,Manhattan,Upper East Side,40.76091,-73.96423,Entire home/apt,583,1,3,11,80,3
566516561467185036,70051986,Brooklyn,Williamsburg,40.70551,-73.94272,Entire home/apt,165,2,3,1,121,3
566528403896892465,27181542,Manhattan,East Harlem,40.792191,-73.940186,Entire home/apt,225,30,1,69,86,1
566548245549224932,14813763,Brooklyn,Carroll Gardens,40.681412,-74.001175,Entire home/apt,300,3,18,1,231,18
566571953344925019,27181542,Manhattan,East Harlem,40.78909,-73.94765,Entire home/apt,185,30,0,69,150,0
568759480247480023,163251048,Manhattan,Hell's Kitchen,40.76046,-73.99743,Entire home/apt,499,30,1,30,365,1
568767108580904231,429826037,Brooklyn,Cypress Hills,40.67835,-73.89185,Entire home/apt,100,30,0,12,274,0
568772914092580222,421007927,Manhattan,East Harlem,40.79773,-73.93506,Entire home/apt,126,31,1,4,267,1
568782483385919603,294887247,Manhattan,Chinatown,40.71585,-73.99039,Entire home/apt,227,2,34,4,257,34
568804282571008048,294887247,Brooklyn,Gravesend,40.59365,-73.99391,Entire home/apt,129,2,34,4,293,34
568805898950811593,124976191,Bronx,Longwood,40.82074,-73.90669,Private room,55,2,8,5,357,8
566649067112766014,425012479,Manhattan,Murray Hill,40.74826,-73.97164,Entire home/apt,156,1,0,1,219,0
566657114696204623,29953329,Brooklyn,Sunset Park,40.64497,-74.01307,Entire home/apt,72,29,16,1,0,16
566657891382493833,24412529,Manhattan,Harlem,40.80915,-73.95087,Private room,135,4,7,1,332,7
570320729118370896,446831305,Brooklyn,Crown Heights,40.67361,-73.94041,Entire home/apt,125,5,5,1,107,5
570342579397893646,446836242,Queens,Cambria Heights,40.69798,-73.73044,Entire home/apt,143,1,11,1,167,11
570399460056791863,114667843,Manhattan,East Harlem,40.79689,-73.94696,Private room,115,1,20,3,26,20
570408748636210655,331185230,Manhattan,Harlem,40.80961,-73.95162,Entire home/apt,250,15,0,10,0,0
570438889074248389,446854139,Manhattan,Hell's Kitchen,40.76141,-73.99104,Entire home/apt,325,5,18,1,241,18
570451954895996027,397909940,Brooklyn,Bushwick,40.70741,-73.92029,Entire home/apt,189,2,4,1,208,4
568850097698260857,196059058,Manhattan,East Village,40.72484,-73.98504,Entire home/apt,231,28,4,3,42,4
570470590334943906,285300808,Queens,Sunnyside,40.740128,-73.917221,Private room,66,1,1,1,7,1
566730712482322579,169201845,Brooklyn,Gowanus,40.6817,-73.9902,Entire home/apt,460,30,0,1,0,0
568855908216399171,435361795,Manhattan,East Village,40.72301,-73.97501,Entire home/apt,236,1,0,4,173,0
568889960851600487,162280872,Manhattan,East Village,40.72596,-73.98711,Entire home/apt,165,30,0,98,309,0
568912566505799424,113723310,Manhattan,Chelsea,40.73968,-73.99804,Entire home/apt,190,30,1,60,250,1
569030029530075256,359903354,Queens,Woodside,40.74249,-73.90664,Entire home/apt,314,1,3,12,352,3
569045444648217660,103555336,Brooklyn,Canarsie,40.63584580671263,-73.90561061308706,Entire home/apt,105,5,2,1,83,2
566763086373559560,446049347,Queens,St. Albans,40.70406,-73.76931,Entire home/apt,69,2,27,1,53,27
566783172757518302,37875894,Manhattan,Upper West Side,40.80359,-73.96911,Entire home/apt,371,2,5,2,4,5
566793905975010808,40523974,Manhattan,East Village,40.72936,-73.98737,Entire home/apt,182,30,1,10,257,1
566810028944349142,435266047,Brooklyn,Bushwick,40.68853,-73.91712,Entire home/apt,1000,2,23,3,0,23
566878230581702861,355590174,Brooklyn,East Flatbush,40.64826,-73.91655,Entire home/apt,125,30,1,2,363,1
570496731191437257,230713737,Manhattan,Harlem,40.81934,-73.95708,Private room,82,15,0,2,365,0
570823811534253467,35895,Manhattan,Upper East Side,40.760433,-73.963799,Entire home/apt,169,1,0,1,211,0
570938216767909832,407304997,Manhattan,East Village,40.72713,-73.98353,Entire home/apt,300,30,3,5,306,3
570963950227029114,38407862,Queens,East Elmhurst,40.76084,-73.88028,Private room,33,1,42,3,338,42
571008901636254490,25889523,Brooklyn,Crown Heights,40.67353,-73.93568,Entire home/apt,119,30,0,1,317,0
571041527664770052,200239515,Queens,Flushing,40.76571,-73.81924,Private room,43,30,0,158,0,0
571047174375999004,200239515,Queens,Flushing,40.76588,-73.81892,Private room,38,30,0,158,4,0
571047830548495957,200239515,Queens,Flushing,40.76555,-73.81918,Private room,39,30,0,158,0,0
571048519257374044,200239515,Queens,Flushing,40.76373,-73.82058,Private room,37,30,0,158,1,0
569116426938150997,222314797,Brooklyn,Fort Hamilton,40.61848,-74.02628,Shared room,46,1,9,1,330,9
566986299942115927,334129347,Manhattan,Upper West Side,40.773425343877896,-73.99093112763796,Entire home/apt,1100,3,11,1,325,11
567196011298526011,429826037,Brooklyn,Cypress Hills,40.67866,-73.88967,Entire home/apt,95,30,2,12,274,2
567257583731577667,2867137,Manhattan,Upper West Side,40.7952,-73.96558,Entire home/apt,340,30,1,73,222,1
569183451383157192,8792814,Brooklyn,Crown Heights,40.66381,-73.95343,Entire home/apt,118,1,46,7,330,46
569293531868198344,53040184,Manhattan,Upper West Side,40.77814,-73.98147,Entire home/apt,150,30,0,1,8,0
571085392689494584,300913755,Bronx,Edenwald,40.89154,-73.84316,Entire home/apt,104,2,12,1,257,12
571121244099504133,204704622,Queens,Flushing,40.76395,-73.81848,Private room,43,30,1,157,31,1
569320684055726351,22297226,Manhattan,SoHo,40.7274,-74.00095,Entire home/apt,150,27,3,2,291,3
571141289630267262,31483029,Brooklyn,Prospect Heights,40.67581,-73.96413,Entire home/apt,115,1,0,1,2,0
571185718391531951,345893860,Brooklyn,Bedford-Stuyvesant,40.69113,-73.95798,Entire home/apt,130,7,0,1,0,0
567271244171571875,446157229,Brooklyn,Bushwick,40.70367,-73.9172,Entire home/apt,228,4,19,1,36,19
569392336519752821,149416808,Brooklyn,Midwood,40.62603,-73.96137,Entire home/apt,104,5,8,1,36,8
567302948682043194,339827309,Brooklyn,Bushwick,40.7001,-73.91971,Private room,129,3,0,1,329,0
571202858982575120,323986499,Brooklyn,South Slope,40.66665,-73.98997,Entire home/apt,173,14,0,1,310,0
571219638611660396,447001912,Bronx,Wakefield,40.890553,-73.860062,Entire home/apt,130,3,11,1,352,11
571279823647546848,431018108,Bronx,Clason Point,40.80823,-73.85525,Private room,59,4,12,3,350,12
571533337600619710,2219255,Brooklyn,Canarsie,40.63103,-73.91027,Private room,97,3,0,8,215,0
571533506242496688,367129649,Staten Island,West Brighton,40.63204,-74.09754,Entire home/apt,90,2,36,1,182,36
569485439033013900,50388576,Manhattan,East Village,40.72857,-73.98808,Entire home/apt,210,4,8,1,0,8
571573338585005007,50920322,Queens,Woodhaven,40.69069512026783,-73.85554930510784,Entire home/apt,78,3,1,1,21,1
571592303745605653,222580763,Queens,Jackson Heights,40.75653,-73.86153,Shared room,55,1,27,3,356,27
569499440373542009,359903354,Queens,Woodside,40.74396,-73.90665,Entire home/apt,220,1,3,12,351,3
569516233646699549,415974026,Manhattan,Theater District,40.75438,-73.98494,Entire home/apt,499,1,2,2,0,2
567314176069501948,440326642,Brooklyn,Flatbush,40.64504,-73.96159,Entire home/apt,120,28,1,1,253,1
567455185660047686,45038412,Brooklyn,Sunset Park,40.66325,-73.9983,Entire home/apt,105,1,19,1,28,19
569520481967085986,446132894,Manhattan,Harlem,40.82976,-73.94819,Private room,78,3,16,6,62,16
571598171738337849,447065007,Brooklyn,Flatlands,40.6269,-73.93203,Entire home/apt,325,2,14,1,303,14
569526994034331035,446060985,Manhattan,Midtown,40.75045,-73.97129,Entire home/apt,273,1,4,2,0,4
569527874668238303,446060985,Manhattan,Midtown,40.75001,-73.97164,Entire home/apt,283,1,2,2,0,2
569553255782371443,415122602,Queens,Whitestone,40.78352,-73.81409,Entire home/apt,160,1,4,1,75,4
571601184684012118,7182130,Brooklyn,Park Slope,40.67743,-73.98205,Entire home/apt,120,10,1,1,4,1
571621764931808441,212164658,Queens,Flushing,40.75602,-73.82588,Entire home/apt,137,1,39,6,139,39
569557641370592374,2822805,Brooklyn,Bedford-Stuyvesant,40.68701,-73.95053,Private room,78,30,3,10,281,3
569569246169923553,418742053,Queens,Springfield Gardens,40.66682,-73.77002,Entire home/apt,300,3,14,1,182,14
569581554159922370,16543733,Brooklyn,Crown Heights,40.67755,-73.95071,Entire home/apt,128,30,4,2,115,4
569602957129003399,162280872,Brooklyn,Greenpoint,40.73302,-73.95672,Entire home/apt,180,30,0,98,301,0
569684323193033888,3961158,Brooklyn,Cobble Hill,40.68857,-73.99256,Entire home/apt,250,1,15,2,268,15
571622012182211279,625573,Brooklyn,Clinton Hill,40.68989,-73.96838,Entire home/apt,202,4,7,1,0,7
567500587115358688,444941541,Brooklyn,Bedford-Stuyvesant,40.68867,-73.94408,Private room,91,1,41,2,74,41
567530053220761873,444941541,Brooklyn,Bedford-Stuyvesant,40.68743,-73.94626,Private room,91,1,48,2,71,48
567569597445331901,433145666,Manhattan,Midtown,40.74636,-73.9885,Entire home/apt,286,1,3,5,62,3
567607577798279681,40385488,Manhattan,Upper West Side,40.79884952540816,-73.96114128811817,Private room,145,5,3,9,67,3
567651045906878079,124875592,Queens,Astoria,40.75927,-73.92578,Entire home/apt,299,2,24,1,298,24
569703938333106753,17556768,Brooklyn,Bushwick,40.69906,-73.91712,Private room,170,1,2,1,140,2
569767297525301531,312661846,Brooklyn,Brownsville,40.66734,-73.92178,Entire home/apt,799,3,1,3,305,1
569830122414009250,27181542,Manhattan,East Harlem,40.791897,-73.940193,Entire home/apt,185,30,2,69,127,2
569843478673670677,359903354,Queens,Woodside,40.74347,-73.90426,Entire home/apt,1036,1,0,12,357,0
569850596520396175,359903354,Queens,Woodside,40.74234,-73.90718,Entire home/apt,329,1,2,12,354,2
570034665527308088,370725742,Manhattan,Midtown,40.74606,-73.98707,Entire home/apt,288,6,10,2,275,10
570116660574405617,107434423,Manhattan,Murray Hill,40.7483335,-73.98094040000001,Entire home/apt,453,31,0,453,186,0
570117735110543719,367382526,Queens,Astoria,40.76565,-73.90779,Entire home/apt,151,2,14,1,312,14
570119178313367609,107434423,Manhattan,Murray Hill,40.7483335,-73.98094040000001,Entire home/apt,457,31,0,453,186,0
570177292597927876,446770142,Manhattan,Hell's Kitchen,40.75645,-73.99077,Entire home/apt,699,1,0,2,65,0
570179485953914239,446770142,Manhattan,Hell's Kitchen,40.75664,-73.99111,Entire home/apt,709,1,0,2,65,0
570192654400374055,19303369,Queens,Flushing,40.76534,-73.81861,Private room,46,30,0,175,0,0
570195549062750609,54001858,Brooklyn,Williamsburg,40.715470789670405,-73.96417695485651,Entire home/apt,333,30,0,1,309,0
567901606004377512,82695060,Brooklyn,Clinton Hill,40.69312,-73.96295,Private room,93,2,0,1,0,0
571676040309412079,174197082,Queens,Rosedale,40.65582,-73.7286,Private room,100,1,4,3,64,4
571718915768393627,20405437,Queens,Astoria,40.76884,-73.91551,Private room,190,2,27,7,153,27
571725114860159505,230713737,Manhattan,Harlem,40.81888,-73.95765,Private room,79,15,0,2,342,0
571766238245027554,441793133,Queens,Long Island City,40.75366,-73.93427,Private room,571,1,1,8,263,1
571775114354808335,441793133,Queens,Long Island City,40.75378,-73.93434,Private room,519,1,0,8,261,0
571784186153729853,441793133,Queens,Long Island City,40.75406,-73.93414,Private room,340,1,2,8,254,2
571787380140782204,441793133,Queens,Long Island City,40.75558,-73.93453,Private room,259,1,1,8,217,1
571799455601186486,441793133,Queens,Long Island City,40.75324,-73.93461,Private room,282,1,0,8,235,0
571805879005480127,445563777,Queens,Forest Hills,40.71983,-73.83639,Entire home/apt,350,14,2,2,352,2
570203804646855967,19303369,Queens,Flushing,40.76439,-73.82061,Private room,39,30,1,175,0,1
570205083788695535,19303369,Queens,Flushing,40.76515,-73.8187,Private room,48,30,0,175,0,0
570205745497904256,19303369,Queens,Flushing,40.76537,-73.82046,Private room,36,30,1,175,0,1
570225383824275333,276372466,Brooklyn,Williamsburg,40.72115,-73.95512,Entire home/apt,395,30,1,1,282,1
571832247157900965,12711131,Manhattan,Financial District,40.70715,-74.00471,Private room,86,30,2,2,0,2
567952186010369328,95452926,Queens,Jamaica,40.66925771631429,-73.78147818955743,Entire home/apt,118,2,12,1,351,12
570234476171665050,111723789,Queens,Briarwood,40.71589,-73.8235,Entire home/apt,265,1,0,1,0,0
573161835837658241,81585173,Manhattan,Midtown,40.75424,-73.98,Entire home/apt,411,2,18,8,39,18
573304669180000786,63273681,Manhattan,Harlem,40.81806,-73.95477,Private room,93,2,11,1,101,11
573358591222532122,123472158,Manhattan,Midtown,40.75702,-73.96686,Entire home/apt,120,30,0,4,291,0
573430129723595862,36749866,Brooklyn,Williamsburg,40.72016511054596,-73.94240200572101,Entire home/apt,729,3,3,1,358,3
573610185765083286,107434423,Manhattan,Chelsea,40.7466318,-73.9971717,Entire home/apt,278,31,0,453,164,0
571869870266563587,3867654,Brooklyn,Greenpoint,40.72787,-73.9554,Entire home/apt,200,3,6,1,249,6
570243211438142391,384559808,Manhattan,Gramercy,40.73436,-73.98695,Entire home/apt,95,30,1,24,67,1
570245065716823858,91156145,Queens,Kew Gardens Hills,40.72602,-73.81352,Private room,700,1,1,1,365,1
571916281271663365,447103289,Brooklyn,Bedford-Stuyvesant,40.6829,-73.91235,Private room,56,30,28,3,85,28
573737351748791309,190787940,Brooklyn,Brownsville,40.6571,-73.90484,Entire home/apt,149,2,32,1,246,32
573758860995538664,29583716,Brooklyn,Bedford-Stuyvesant,40.679993,-73.952271,Entire home/apt,125,3,3,1,0,3
573778791400513725,107434423,Manhattan,Murray Hill,40.7483335,-73.98094040000001,Entire home/apt,443,31,0,453,186,0
573793458690033196,3223938,Brooklyn,Bushwick,40.68965,-73.92029,Private room,33,90,0,288,310,0
570289761234523888,162280872,Manhattan,East Village,40.72425,-73.9876,Entire home/apt,150,30,0,98,295,0
570294933314087980,446651246,Manhattan,Midtown,40.75535,-73.96678,Entire home/apt,784,2,32,1,276,32
571934525879718434,443863057,Brooklyn,Crown Heights,40.67109,-73.92918,Private room,59,2,17,2,348,17
571935183785468888,380153350,Bronx,Port Morris,40.80463,-73.91049,Private room,86,3,10,1,356,10
571983284291918685,4960457,Manhattan,Morningside Heights,40.80741,-73.96566,Entire home/apt,132,32,1,1,107,1
572210079088819233,446132894,Manhattan,Harlem,40.82864,-73.9482,Private room,75,3,11,6,58,11
572219478800758005,446132894,Manhattan,Harlem,40.83007,-73.94836,Private room,76,3,16,6,65,16
572230463658634022,446132894,Manhattan,Harlem,40.82841,-73.94996,Private room,73,3,14,6,66,14
572237289670759069,16962160,Brooklyn,Prospect-Lefferts Gardens,40.66082,-73.96225,Private room,83,2,21,1,136,21
572241032885323954,446132894,Manhattan,Harlem,40.83021,-73.95014,Private room,93,3,11,6,60,11
570305497537981707,258243498,Brooklyn,Williamsburg,40.71027,-73.94704,Entire home/apt,400,28,0,4,364,0
570313162895244824,162280872,Brooklyn,Greenpoint,40.73438,-73.95675,Entire home/apt,250,30,1,98,310,1
576949656384048362,24771677,Queens,Bayside,40.76309,-73.77122,Entire home/apt,80,30,1,6,311,1
576965624109762836,448038989,Manhattan,Upper East Side,40.77537,-73.95316,Entire home/apt,195,5,9,1,0,9
572267163770202889,446490301,Manhattan,Harlem,40.81176,-73.95303,Private room,79,3,33,2,58,33
572293518296359866,107434423,Manhattan,Midtown,40.76223,-73.975681,Entire home/apt,582,31,0,453,21,0
572314585028950616,312104470,Bronx,Fordham,40.86852,-73.88685,Private room,49,3,21,1,267,21
572326237669668984,107434423,Manhattan,Midtown,40.76223,-73.975681,Entire home/apt,382,31,0,453,326,0
572326531219816196,107434423,Manhattan,Hell's Kitchen,40.760596,-73.99628,Entire home/apt,447,31,0,453,41,0
572328741163521340,107434423,Manhattan,Murray Hill,40.7483335,-73.98094040000001,Entire home/apt,445,31,0,453,158,0
572329024533412656,107434423,Manhattan,Midtown,40.75865,-73.96221,Entire home/apt,424,31,0,453,323,0
572329233134796177,83102592,Staten Island,St. George,40.64096,-74.08665,Entire home/apt,254,2,15,2,59,15
572333028247387905,420445980,Queens,Long Island City,40.75792,-73.94387,Private room,187,1,48,7,281,48
572366166013701340,447103289,Brooklyn,Bedford-Stuyvesant,40.68108,-73.91313,Private room,46,30,41,3,67,41
572371721023430686,97788675,Manhattan,Upper West Side,40.77235,-73.99046,Entire home/apt,399,30,0,1,363,0
572446396370094272,25932245,Queens,Rockaway Beach,40.58737,-73.81614,Entire home/apt,200,2,26,2,42,26
573812051000501928,288624351,Manhattan,Harlem,40.81743,-73.94473,Private room,100,1,18,2,49,18
576971103127904529,311794741,Queens,Rosedale,40.65619,-73.72894,Entire home/apt,170,1,33,1,77,33
573847241885336006,2985394,Brooklyn,Clinton Hill,40.68158,-73.96557,Private room,199,2,7,1,9,7
577011197858623314,25275192,Brooklyn,Flatbush,40.65417,-73.95575,Private room,200,30,3,1,310,3
573851467287745194,10924882,Brooklyn,South Slope,40.66401,-73.97976,Entire home/apt,236,2,4,1,0,4
573861758247610371,2909288,Brooklyn,Bedford-Stuyvesant,40.69304,-73.95951,Entire home/apt,250,1,2,1,280,2
573918045951095570,404696435,Brooklyn,Flatlands,40.62566,-73.93891,Entire home/apt,157,2,16,1,337,16
572484660497450512,360205326,Manhattan,Harlem,40.81104,-73.94477,Entire home/apt,171,30,0,1,341,0
577017859724366267,448326434,Manhattan,Financial District,40.70836,-74.00673,Entire home/apt,400,30,1,35,221,1
574002265413161409,447616717,Bronx,Parkchester,40.83357,-73.85827,Entire home/apt,76,1,10,1,344,10
574041349599536378,411079992,Queens,Kew Gardens,40.70429,-73.83096,Private room,80,1,16,8,344,16
574062396459150240,447630615,Brooklyn,Williamsburg,40.7206,-73.96196,Entire home/apt,538,1,4,1,167,4
574069389069400131,2285974,Manhattan,Midtown,40.76216,-73.96964,Entire home/apt,253,4,9,2,195,9
574111905696387981,420975523,Queens,Maspeth,40.73682,-73.89669,Entire home/apt,65,1,11,8,69,11
574136884456486386,420975523,Queens,Maspeth,40.73644,-73.89507,Entire home/apt,65,1,9,8,64,9
574160569191259347,3223938,Brooklyn,Bushwick,40.68831,-73.91809,Private room,34,90,0,288,341,0
574166426089781758,308578179,Manhattan,Hell's Kitchen,40.75792,-73.99379,Private room,337,1,0,4,3,0
574171031440944049,308578179,Manhattan,Midtown,40.75354,-73.97162,Private room,494,2,0,4,0,0
574450189966949789,391726093,Manhattan,Chinatown,40.7165202759296,-73.9899033966751,Private room,110,1,13,6,37,13
574535264607376845,413204967,Queens,Ditmars Steinway,40.77504,-73.91145,Private room,75,1,7,13,253,7
574561629924956510,421007927,Manhattan,East Harlem,40.80863,-73.93967,Entire home/apt,145,30,2,4,341,2
574562832846093413,19653318,Brooklyn,Bedford-Stuyvesant,40.68106,-73.93732,Private room,106,3,9,1,59,9
577164177523405787,26377263,Brooklyn,Prospect-Lefferts Gardens,40.65703,-73.95175,Private room,56,6,0,53,320,0
577187306174934665,447930128,Queens,Jackson Heights,40.7547,-73.85827,Private room,69,1,32,2,305,32
574564294530069603,447733927,Queens,Elmhurst,40.74206,-73.87647,Entire home/apt,146,1,15,1,323,15
574586117293355737,107434423,Manhattan,Upper East Side,40.77513,-73.96471,Entire home/apt,408,31,0,453,85,0
574586607655887138,107434423,Manhattan,Upper East Side,40.7800854,-73.9474989,Entire home/apt,410,31,0,453,357,0
574678870764175095,44851966,Bronx,Belmont,40.85586,-73.88604,Entire home/apt,98,2,3,6,337,3
574704983366559242,413204967,Queens,Astoria,40.77031,-73.92533,Private room,75,1,22,13,322,22
574710088521263212,413204967,Queens,Astoria,40.77031,-73.92572,Private room,75,1,11,13,338,11
574713335817117975,413204967,Queens,Astoria,40.76838,-73.92412,Private room,75,1,18,13,327,18
574755627577834625,447788073,Bronx,Concourse Village,40.82981,-73.91455,Entire home/apt,89,5,17,1,318,17
572505624944998403,447277698,Queens,Elmhurst,40.74696,-73.88561,Private room,80,1,4,1,0,4
577320758492373688,327337748,Manhattan,Upper East Side,40.774487,-73.964066,Entire home/apt,505,30,1,3,159,1
577353418726528790,40523974,Manhattan,East Village,40.72923,-73.98775,Entire home/apt,249,30,1,10,342,1
577404557117592892,230705060,Queens,Long Island City,40.75858,-73.94203,Entire home/apt,356,1,22,3,165,22
577439977860642328,448326434,Manhattan,Midtown,40.75249,-73.96704,Entire home/apt,219,30,5,35,290,5
577446203084022681,59530695,Brooklyn,East Flatbush,40.6617,-73.92613,Entire home/apt,139,1,22,1,248,22
572518683537352599,280253653,Manhattan,East Harlem,40.79342,-73.94962,Private room,95,3,28,1,258,28
574757974742325254,355804818,Manhattan,Harlem,40.82507,-73.94151,Entire home/apt,140,1,14,1,331,14
574783901288734397,204704622,Queens,Flushing,40.76547,-73.82047,Private room,99,30,0,157,35,0
574789756800906492,204704622,Queens,Flushing,40.7655,-73.81907,Private room,43,30,0,157,36,0
574791074450329600,433972903,Bronx,Mott Haven,40.80828,-73.92,Private room,62,2,6,10,29,6
574797503001569338,204704622,Queens,Flushing,40.7654,-73.82068,Private room,36,30,0,157,0,0
574840552659557134,445893943,Brooklyn,Cypress Hills,40.68029179537093,-73.89339038507825,Entire home/apt,206,1,1,2,360,1
577467794047108226,415974026,Manhattan,Theater District,40.75437,-73.98466,Entire home/apt,470,1,28,2,0,28
577498207781168040,73873252,Brooklyn,Bushwick,40.69771,-73.93066,Entire home/apt,166,2,23,2,302,23
577528145632005017,26201936,Queens,Rosedale,40.66305,-73.73569,Entire home/apt,275,3,7,1,261,7
574847531718440079,319140756,Manhattan,Lower East Side,40.720062,-73.984825,Private room,104,1,39,1,109,39
575045741716458384,447844374,Brooklyn,Crown Heights,40.66832,-73.936417,Entire home/apt,275,2,0,1,146,0
575123973920036701,370725742,Manhattan,Midtown,40.74785,-73.98875,Entire home/apt,295,1,8,2,110,8
575167991874744304,162280872,Manhattan,Kips Bay,40.74033,-73.98138,Entire home/apt,175,30,1,98,274,1
575177553813624922,50489309,Brooklyn,Greenpoint,40.73076,-73.95678,Private room,79,1,4,1,149,4
575184798101231768,2219255,Brooklyn,Canarsie,40.63206,-73.90825,Private room,99,3,0,8,353,0
575202257437761941,433696576,Brooklyn,Bedford-Stuyvesant,40.69203,-73.93853,Private room,75,1,10,9,343,10
575213962650666900,2867137,Manhattan,Midtown,40.76584,-73.98242,Entire home/apt,225,30,0,73,356,0
575234924494611732,5615582,Manhattan,Lower East Side,40.71925,-73.98689,Private room,638,1,0,51,356,0
572530913771194520,447283837,Brooklyn,East Flatbush,40.655579,-73.931503,Entire home/apt,139,1,32,1,330,32
572535478155486237,414924887,Brooklyn,Crown Heights,40.67404,-73.91615,Entire home/apt,650,1,4,5,2,4
572546257431058646,6384454,Brooklyn,Greenpoint,40.719856,-73.953712,Entire home/apt,270,30,1,2,332,1
577548481056941846,448456175,Queens,Astoria,40.77251,-73.92646,Entire home/apt,134,2,13,1,301,13
572547486242459152,447287481,Queens,Springfield Gardens,40.68875,-73.7524,Entire home/apt,320,3,13,1,360,13
572603080054637119,420445980,Queens,Long Island City,40.7565,-73.94166,Private room,207,1,80,7,358,80
572612125615500056,358089614,Brooklyn,Sunset Park,40.63952,-74.01484,Private room,60,30,2,2,277,2
572620751179136030,424150408,Bronx,Kingsbridge,40.87297,-73.90169,Private room,79,2,16,2,59,16
572662087904100663,135425067,Bronx,Wakefield,40.88552,-73.8526,Entire home/apt,224,2,29,1,124,29
575262161943675844,447895924,Brooklyn,Crown Heights,40.67383,-73.91705,Private room,96,1,16,3,150,16
575271180142118555,447898729,Brooklyn,Mill Basin,40.61081,-73.92308,Entire home/apt,243,2,45,3,77,45
577549145052236213,435341575,Brooklyn,Greenpoint,40.72921,-73.95833,Entire home/apt,464,1,59,3,312,59
577550080071846331,293753583,Manhattan,Hell's Kitchen,40.75739,-73.99271,Entire home/apt,306,30,0,9,142,0
577558961620855893,1661244,Manhattan,Nolita,40.72173,-73.99513,Shared room,214,5,0,1,27,0
577568858041619516,8258991,Brooklyn,Bedford-Stuyvesant,40.67988,-73.91299,Private room,73,1,15,1,346,15
575296507654359448,89594887,Brooklyn,Bedford-Stuyvesant,40.67819,-73.91127,Entire home/apt,221,2,22,1,296,22
575312768600247396,9419684,Manhattan,Upper East Side,40.76366,-73.9586,Entire home/apt,731,30,0,79,21,0
572706952321313942,396629729,Manhattan,Midtown,40.7455,-73.98899,Private room,124,3,20,16,266,20
572724411221978588,396629729,Manhattan,Chelsea,40.74668,-73.99085,Private room,124,2,31,16,260,31
572731970554887993,396629729,Manhattan,Midtown,40.74672,-73.9888,Private room,118,3,30,16,253,30
577587131735416353,16395114,Brooklyn,Bedford-Stuyvesant,40.692265,-73.933617,Private room,84,4,3,1,268,3
572733089973738908,447327628,Brooklyn,Windsor Terrace,40.64921,-73.97971,Entire home/apt,264,2,21,1,43,21
572746658887910471,6343048,Brooklyn,Williamsburg,40.71278,-73.96405,Private room,131,2,4,2,343,4
572774987575817361,444802532,Queens,Richmond Hill,40.69042,-73.81396,Private room,78,1,22,3,173,22
572901853230135017,5615582,Manhattan,Lower East Side,40.72082,-73.98693,Private room,726,1,0,51,356,0
573004455033653038,38494678,Manhattan,Midtown,40.764503,-73.984047,Entire home/apt,336,5,0,1,36,0
573074656355398441,61408134,Manhattan,Upper East Side,40.76054,-73.96236,Entire home/apt,560,1,3,11,364,3
575323635538805522,447914116,Brooklyn,Prospect Heights,40.67604,-73.96768,Private room,121,1,59,1,300,59
575332674504005980,293753583,Manhattan,Hell's Kitchen,40.757513589901066,-73.99347147051537,Entire home/apt,306,30,1,9,69,1
575377822891771622,447930128,Queens,Jackson Heights,40.75461,-73.85853,Private room,75,1,33,2,325,33
575495157671152557,408979935,Manhattan,Chelsea,40.75027,-73.99807,Private room,106,30,22,17,65,22
575662739710922304,224532641,Brooklyn,Prospect-Lefferts Gardens,40.65952,-73.94938,Private room,92,1,19,11,358,19
575745002079299888,156505456,Brooklyn,East New York,40.66279,-73.8883,Private room,68,3,8,32,355,8
575932751809366069,447548618,Queens,Rockaway Beach,40.584999,-73.813087,Entire home/apt,364,2,25,1,169,25
575940350599230311,16977462,Manhattan,Chinatown,40.7187,-73.99572,Private room,139,7,7,1,317,7
575945820244728826,140938997,Brooklyn,Crown Heights,40.66854,-73.93438,Private room,57,1,41,1,9,41
575946220191272300,30448028,Bronx,Wakefield,40.88813,-73.84917,Entire home/apt,175,4,2,2,364,2
577619585195209581,434274067,Manhattan,Harlem,40.80279,-73.95318,Private room,170,3,21,2,24,21
577638418323881838,3272988,Queens,Ridgewood,40.70848,-73.9172,Entire home/apt,210,1,24,1,124,24
575969956982703819,443335070,Bronx,Schuylerville,40.83217,-73.83278,Private room,50,7,1,1,365,1
573138634593512356,205669138,Brooklyn,Sunset Park,40.66268,-73.99388,Entire home/apt,200,4,16,1,18,16
579102383820192032,78353,Brooklyn,Prospect Heights,40.67802,-73.97225,Private room,80,2,9,2,268,9
579143101429384850,262342752,Manhattan,Upper East Side,40.77195,-73.95172,Entire home/apt,379,3,28,1,321,28
577657240307522892,445415288,Brooklyn,Prospect-Lefferts Gardens,40.65633,-73.95311,Entire home/apt,154,2,24,2,70,24
577671424155519066,227081166,Brooklyn,Crown Heights,40.67321,-73.92021,Private room,85,2,20,5,16,20
577671749362628226,39371435,Brooklyn,Bedford-Stuyvesant,40.679138,-73.94558,Entire home/apt,982,3,11,6,339,11
577692798408251384,2639910,Brooklyn,Bushwick,40.70289,-73.9281,Entire home/apt,131,2,29,1,75,29
577724518038169523,50760546,Manhattan,Midtown,40.76572,-73.97689,Entire home/apt,150,30,0,31,32,0
577807893813756288,3223938,Brooklyn,East Flatbush,40.65212,-73.9501,Private room,38,90,0,288,268,0
577857477164670474,180277260,Queens,Ozone Park,40.683969324349015,-73.8388586640879,Entire home/apt,299,2,0,4,249,0
577900056382599282,324861600,Queens,Astoria,40.77027,-73.92412,Entire home/apt,110,2,14,1,116,14
577975971979256776,156505456,Brooklyn,East New York,40.66285,-73.88916,Private room,67,2,9,32,361,9
578062833929989358,102212764,Manhattan,Harlem,40.80278,-73.94659,Entire home/apt,199,3,0,1,0,0
579513654453597247,43126741,Brooklyn,Bushwick,40.70511,-73.91918,Entire home/apt,150,5,2,1,69,2
579518893469769031,3223938,Brooklyn,Flatbush,40.65241,-73.95695,Private room,33,90,0,288,250,0
579526088606923025,3223938,Brooklyn,East Flatbush,40.65287,-73.94841,Private room,38,90,0,288,189,0
578069898900986507,400431577,Manhattan,Washington Heights,40.84369,-73.93688,Private room,65,1,27,6,335,27
578075564744062488,448326434,Manhattan,Financial District,40.71037,-74.00729,Entire home/apt,229,30,3,35,242,3
578114706165323112,342060071,Queens,Flushing,40.74464,-73.8244,Entire home/apt,176,30,0,9,365,0
578117330434188987,27181542,Manhattan,East Harlem,40.79308,-73.9413,Entire home/apt,185,30,1,69,157,1
578122210798845447,124976191,Bronx,Longwood,40.82125,-73.90671,Private room,70,2,23,5,341,23
578122976308702760,3656008,Queens,Flushing,40.74588,-73.82587,Entire home/apt,245,7,1,5,116,1
578167144564669719,5962328,Queens,Flushing,40.76103,-73.8233,Entire home/apt,140,30,1,7,111,1
578280826450418767,26349246,Brooklyn,Bushwick,40.69804,-73.93182,Entire home/apt,381,1,35,5,62,35
578320977234277017,407908633,Queens,Woodside,40.74727,-73.9032,Private room,65,2,20,1,11,20
579540164696343933,227303384,Manhattan,Washington Heights,40.8594,-73.93179,Private room,106,5,3,1,72,3
579543533372210260,29990425,Brooklyn,Greenpoint,40.72568,-73.9448,Entire home/apt,225,2,16,1,41,16
575979734073777448,105240092,Queens,Belle Harbor,40.57827,-73.84555,Entire home/apt,400,7,0,1,187,0
578327925011346119,49500419,Brooklyn,East Flatbush,40.65393,-73.91767,Entire home/apt,250,2,13,2,52,13
578338335733827926,278934194,Brooklyn,East Flatbush,40.65153,-73.94182,Entire home/apt,153,3,10,1,238,10
578370850362236902,86428878,Bronx,Concourse,40.833,-73.92425,Private room,75,2,31,1,52,31
578373229267305330,448653723,Queens,Richmond Hill,40.693199,-73.835716,Private room,65,1,7,2,343,7
576083374791020802,45927588,Manhattan,Upper West Side,40.79437,-73.9642,Private room,120,14,0,1,170,0
576093158521611820,334611519,Queens,Flushing,40.75559,-73.80297,Entire home/apt,142,1,37,14,149,37
579561089289585584,126798178,Queens,Springfield Gardens,40.68749,-73.75535,Private room,45,2,7,1,143,7
579605285222029528,448923871,Queens,Jamaica,40.68278,-73.76688,Entire home/apt,185,3,5,1,169,5
579618972656495511,350408858,Manhattan,SoHo,40.72514,-74.00584,Entire home/apt,1243,2,15,2,309,15
578376488330959201,69433846,Manhattan,Midtown,40.7446,-73.98688,Entire home/apt,240,5,1,1,190,1
578385438872684704,447538686,Brooklyn,Bushwick,40.69789365746183,-73.93665211740473,Private room,129,1,0,6,0,0
576093855337848259,44418477,Brooklyn,East Flatbush,40.6463,-73.92749,Entire home/apt,120,2,18,1,110,18
578419829253234672,309945329,Manhattan,Harlem,40.82164,-73.94586,Entire home/apt,170,2,15,1,225,15
579664834760851645,448941163,Queens,Astoria,40.76802,-73.91666,Private room,95,1,35,1,0,35
578423657057251360,448665899,Queens,Corona,40.74399,-73.85502,Private room,122,1,20,3,356,20
578425494167999895,448665899,Queens,Corona,40.74413,-73.85444,Private room,105,1,6,3,326,6
578445066626711411,448665899,Queens,Corona,40.74598,-73.85674,Private room,126,1,9,3,357,9
578592072056483887,24628477,Brooklyn,Williamsburg,40.71518,-73.9623,Entire home/apt,297,30,2,1,318,2
578646298355637587,393897747,Manhattan,Hell's Kitchen,40.76205670032717,-73.99398638649528,Entire home/apt,336,3,14,19,299,14
578664281656675622,393897747,Manhattan,Hell's Kitchen,40.76342238707403,-73.99412865172762,Entire home/apt,328,3,7,19,352,7
578769192318564193,107434423,Manhattan,Kips Bay,40.74013,-73.98152,Entire home/apt,467,31,0,453,0,0
578771193995873617,107434423,Manhattan,East Village,40.73019,-73.98259,Entire home/apt,249,31,0,453,297,0
578781581731765028,443550954,Brooklyn,Flatbush,40.64719,-73.95315,Private room,83,2,21,2,66,21
576111521581969452,125545452,Manhattan,Theater District,40.7609,-73.98587,Entire home/apt,319,4,17,1,6,17
576153568564908504,416552167,Brooklyn,Williamsburg,40.7136,-73.9503,Entire home/apt,700,30,0,5,329,0
578810366032359927,124976191,Bronx,Longwood,40.81912,-73.90861,Private room,65,2,10,5,347,10
578811912245784778,33817836,Brooklyn,Bedford-Stuyvesant,40.67749,-73.92351,Private room,70,5,11,1,270,11
576217808263109182,448121491,Queens,Ditmars Steinway,40.77544,-73.90693,Entire home/apt,389,2,2,1,360,2
576292595129611528,266767755,Manhattan,West Village,40.73989,-74.00542,Entire home/apt,1034,2,35,1,207,35
576354302955996528,165323807,Manhattan,Upper West Side,40.78659,-73.97518,Private room,181,2,12,3,145,12
576364871043339855,182425645,Brooklyn,Flatbush,40.64067,-73.95435,Entire home/apt,126,1,26,1,41,26
579694666436426990,147514887,Bronx,Morris Heights,40.85026,-73.91732,Entire home/apt,154,2,8,1,0,8
579715090062418681,86771798,Manhattan,Washington Heights,40.84554,-73.94055,Entire home/apt,105,75,1,30,266,1
579736738715900510,116052575,Manhattan,East Harlem,40.79626,-73.94964,Private room,110,30,2,1,154,2
579748530148431026,26349246,Brooklyn,Bushwick,40.6884,-73.9169,Entire home/apt,436,1,30,5,55,30
579762979716878739,107192991,Queens,Queens Village,40.71376,-73.74512,Entire home/apt,145,1,21,1,167,21
579764154480991074,348619646,Manhattan,Midtown,40.74686,-73.98871,Entire home/apt,250,1,8,52,56,8
578812541982460326,16677326,Manhattan,Chelsea,40.748657,-73.995651,Private room,89,1,46,22,317,46
578821018737069406,389805358,Brooklyn,Bath Beach,40.60919,-74.00738,Entire home/apt,234,2,29,2,142,29
578831580662695093,439597117,Manhattan,Harlem,40.80719,-73.9462,Private room,62,5,20,2,15,20
578832125165714302,100107219,Brooklyn,Bedford-Stuyvesant,40.6839,-73.94585,Entire home/apt,183,1,9,1,32,9
579781400701492453,77820704,Manhattan,Washington Heights,40.85369,-73.93305,Entire home/apt,153,1,16,1,118,16
576554964542755713,448183921,Queens,Whitestone,40.77696,-73.81229,Entire home/apt,123,1,56,1,54,56
576564790171069151,232570055,Queens,Jamaica Estates,40.71806,-73.78514,Entire home/apt,314,2,6,1,172,6
576631082749806426,16677326,Manhattan,Chelsea,40.748657,-73.995651,Private room,91,1,30,22,330,30
576650068700400424,28656622,Manhattan,Midtown,40.761616,-73.974335,Private room,1543,1,1,3,359,1
576779694848403067,422238549,Brooklyn,Bedford-Stuyvesant,40.68198,-73.92121,Entire home/apt,189,1,34,1,44,34
578841345143129136,10337114,Brooklyn,Williamsburg,40.7209,-73.95605,Entire home/apt,435,10,4,1,228,4
578851722928352032,107434423,Brooklyn,Cobble Hill,40.68700339999999,-73.9930013,Entire home/apt,369,31,0,453,280,0
578865443425287033,401096854,Brooklyn,Bedford-Stuyvesant,40.68523,-73.91872,Private room,84,30,2,9,218,2
578885132286396562,288624351,Manhattan,Harlem,40.81447,-73.94457,Private room,91,1,32,2,63,32
578890402713395101,160940380,Brooklyn,Brownsville,40.65804,-73.91245,Entire home/apt,250,3,7,8,342,7
578892930307995421,401096854,Brooklyn,Bedford-Stuyvesant,40.68306,-73.91784,Private room,99,30,1,9,249,1
578897008704988139,384559808,Manhattan,Gramercy,40.7343,-73.98552,Entire home/apt,86,30,3,24,251,3
578903591037581087,124976191,Bronx,Longwood,40.81942,-73.9072,Private room,65,1,13,5,359,13
578923571089407152,443495311,Brooklyn,Flatbush,40.642128,-73.951813,Private room,150,3,5,2,365,5
576874907410061149,59929331,Brooklyn,Bushwick,40.70199,-73.92258,Entire home/apt,149,4,3,1,12,3
576895620697427204,240504372,Manhattan,Hell's Kitchen,40.76291,-73.9884,Entire home/apt,210,30,0,2,241,0
582431977043869648,449162380,Queens,Long Island City,40.7492,-73.94088,Entire home/apt,219,1,91,1,98,91
579789384648703619,237001301,Brooklyn,East Flatbush,40.64767,-73.95123,Entire home/apt,299,1,0,1,146,0
579795994053449936,401748469,Brooklyn,Sheepshead Bay,40.60791,-73.96396,Entire home/apt,130,50,0,2,345,0
578924632078477240,397650145,Bronx,Morris Heights,40.84817,-73.91865,Entire home/apt,157,2,1,1,0,1
579813070198211370,448978880,Brooklyn,Crown Heights,40.67251,-73.93266,Entire home/apt,155,5,8,1,339,8
579909676651888912,156505456,Brooklyn,East New York,40.6611,-73.88889,Private room,74,3,9,32,359,9
580013014809987573,25720293,Manhattan,Chelsea,40.74561,-74.0031,Entire home/apt,431,30,1,2,311,1
580040455505684496,6474891,Manhattan,Upper West Side,40.79930409407513,-73.96120834350585,Private room,153,3,1,1,344,1
580053934816859878,3851843,Queens,Woodside,40.74209,-73.90384,Private room,65,5,7,2,44,7
580087890755315421,107434423,Brooklyn,Carroll Gardens,40.6750255,-73.9978519,Entire home/apt,367,31,0,453,333,0
580155764329845254,170566147,Manhattan,East Village,40.72501,-73.98401,Entire home/apt,480,30,0,2,307,0
580221270316789820,107434423,Manhattan,Hell's Kitchen,40.760596,-73.99628,Entire home/apt,450,31,0,453,308,0
580271592654434952,107434423,Manhattan,Chinatown,40.71708,-73.99322,Entire home/apt,310,31,0,453,116,0
580306395586981112,1523559,Brooklyn,Crown Heights,40.67476,-73.94225,Entire home/apt,200,2,14,1,16,14
580323766973816104,16677326,Manhattan,Chelsea,40.748657,-73.995651,Private room,92,1,33,22,322,33
582466438103477967,449529549,Brooklyn,Sunset Park,40.65673,-74.00141,Entire home/apt,138,4,18,1,27,18
582478029279386383,269664482,Brooklyn,Bushwick,40.70587,-73.91602,Entire home/apt,155,30,1,4,365,1
578946747998659752,443495311,Brooklyn,Flatbush,40.642128,-73.951813,Private room,157,3,3,2,342,3
578953148834710577,48690115,Brooklyn,Williamsburg,40.72078,-73.95808,Entire home/apt,356,5,4,1,50,4
582493749243542728,449049282,Manhattan,Kips Bay,40.74439,-73.97796,Entire home/apt,471,60,1,1,273,1
582502152506137348,162280872,Brooklyn,South Slope,40.6662,-73.98287,Entire home/apt,195,30,1,98,337,1
582525816928227231,388595654,Manhattan,Lower East Side,40.71956,-73.99373,Private room,120,2,16,1,129,16
580327989332197053,60351850,Queens,Springfield Gardens,40.68929,-73.74912,Entire home/apt,125,2,30,1,75,30
580337412539275203,95459395,Manhattan,Hell's Kitchen,40.761532,-73.998779,Entire home/apt,755,30,0,56,345,0
580342971247892693,123905640,Brooklyn,Fort Greene,40.69475,-73.97286,Entire home/apt,200,30,0,1,91,0
578957994111751001,406175571,Brooklyn,Kensington,40.63575,-73.97435,Entire home/apt,139,30,1,6,259,1
579002769165822987,163251048,Manhattan,Hell's Kitchen,40.76243,-73.99756,Entire home/apt,489,30,1,30,365,1
579014332370348031,8133558,Manhattan,East Village,40.72439,-73.97665,Entire home/apt,210,30,0,2,73,0
579017571726514475,28246584,Brooklyn,Bedford-Stuyvesant,40.69652,-73.93867,Private room,154,1,8,5,255,8
579018511857827776,28246584,Brooklyn,Bushwick,40.69804,-73.93673,Private room,103,1,29,5,100,29
579023567964426300,28246584,Brooklyn,Bushwick,40.69878,-73.93745,Private room,100,1,12,5,114,12
579037493557109408,28246584,Brooklyn,Bedford-Stuyvesant,40.69708,-73.93679,Private room,103,1,21,5,212,21
579063522427869170,370015531,Manhattan,Tribeca,40.7134,-74.00899,Entire home/apt,2500,85,0,1,187,0
580362352715668644,16886983,Manhattan,Midtown,40.74563,-73.98487,Private room,199,1,35,3,0,35
582582598886213889,449564793,Brooklyn,East Flatbush,40.66031,-73.93972,Entire home/apt,170,1,3,1,87,3
579067330450329451,448798730,Bronx,Norwood,40.86935,-73.88221,Private room,75,1,12,1,359,12
582616975085419600,153524812,Queens,Astoria,40.76696,-73.92485,Private room,70,1,16,3,328,16
582618740791796176,342060071,Queens,Flushing,40.7437,-73.82466,Entire home/apt,113,30,3,9,312,3
584631850749087164,550317,Brooklyn,Greenpoint,40.72614,-73.95116,Entire home/apt,180,5,5,2,80,5
584636050118544943,64072101,Brooklyn,Williamsburg,40.71251,-73.95726,Entire home/apt,260,30,1,2,184,1
582625019781248348,449578174,Brooklyn,Bushwick,40.68816,-73.91174,Entire home/apt,220,1,25,1,285,25
582645071498480931,342060071,Queens,Flushing,40.7437,-73.82441,Entire home/apt,157,30,3,9,357,3
582676867989067937,113723310,Manhattan,Chelsea,40.7395,-73.99975,Entire home/apt,185,30,0,60,250,0
582678773466303522,39972598,Brooklyn,Bushwick,40.691574,-73.908531,Private room,170,30,1,2,267,1
580404909768914699,1115218,Manhattan,East Village,40.72358,-73.97851,Entire home/apt,100,30,1,1,89,1
580461966002205793,216918562,Manhattan,East Harlem,40.809395333038296,-73.93974201682538,Entire home/apt,232,2,1,1,291,1
584638860690374341,450004845,Bronx,Pelham Gardens,40.86433,-73.8454,Entire home/apt,110,2,0,1,0,0
582716071788987358,449600773,Bronx,Williamsbridge,40.8796,-73.84917,Entire home/apt,119,1,43,1,332,43
582729806646008630,104277076,Queens,Astoria,40.757,-73.91568,Entire home/apt,174,1,21,3,288,21
582730884967713486,4908514,Brooklyn,Navy Yard,40.69857,-73.97122,Entire home/apt,275,5,2,1,35,2
584641571670399489,200239515,Queens,Woodside,40.74275,-73.89314,Entire home/apt,229,1,9,158,147,9
584660517695515826,107434423,Queens,Long Island City,40.74997,-73.94017,Entire home/apt,471,60,1,453,353,1
584674468204558690,385129361,Manhattan,Upper West Side,40.79634,-73.96352,Entire home/apt,85,30,1,48,274,1
584829185013328026,172422032,Brooklyn,Bedford-Stuyvesant,40.68305,-73.92178,Private room,95,8,2,2,342,2
584843453194315608,340011303,Brooklyn,Williamsburg,40.71133120992958,-73.9661784327032,Entire home/apt,789,2,22,1,49,22
582764037212492479,263577665,Manhattan,Kips Bay,40.74052,-73.97663,Entire home/apt,207,10,0,1,40,0
582783138723648161,449618341,Manhattan,Upper West Side,40.77529,-73.98783,Entire home/apt,158,6,9,1,248,9
582789867315606351,394977252,Queens,Woodside,40.74268,-73.89198,Private room,75,2,22,3,280,22
582808304725861992,255476834,Brooklyn,Brownsville,40.67387,-73.90666,Entire home/apt,250,2,9,3,251,9
582817278861712149,87639559,Queens,Briarwood,40.70784,-73.80341,Entire home/apt,550,7,3,11,354,3
582820563182413354,255476834,Brooklyn,Crown Heights,40.67568,-73.90833,Entire home/apt,650,2,13,3,247,13
582874741026391485,312573023,Bronx,Highbridge,40.83162,-73.92986,Private room,150,5,0,2,365,0
583018303401434498,422624029,Manhattan,Harlem,40.81904,-73.94164,Entire home/apt,250,3,14,4,305,14
583029260519350121,107434423,Manhattan,Tribeca,40.71579,-74.00587,Entire home/apt,490,31,0,453,0,0
583136653599213378,91122315,Brooklyn,Bedford-Stuyvesant,40.69013,-73.93513,Entire home/apt,245,2,30,3,85,30
580475083564848233,446480883,Manhattan,Midtown,40.75561,-73.96883,Entire home/apt,657,2,17,1,158,17
580476325425880145,384559808,Manhattan,Gramercy,40.73301,-73.98532,Entire home/apt,78,30,0,24,214,0
580480407893927850,447971713,Queens,Jackson Heights,40.75516,-73.85703,Private room,59,1,26,1,311,26
580589040494696466,255845850,Staten Island,Arrochar,40.59377,-74.07712,Entire home/apt,105,3,1,2,361,1
580591362930753899,448326434,Manhattan,Financial District,40.70832,-74.00883,Entire home/apt,260,30,2,35,291,2
580980232277934333,14290739,Manhattan,Upper West Side,40.79154,-73.96565,Entire home/apt,160,120,0,5,129,0
580986785172527194,156505456,Brooklyn,East New York,40.66295,-73.88852,Private room,72,3,6,32,356,6
581022366821994441,2867137,Manhattan,Midtown,40.765,-73.98167,Entire home/apt,225,30,0,73,356,0
581040495250047566,3223938,Brooklyn,Midwood,40.61515,-73.95368,Private room,29,90,0,288,99,0
581071623930049872,23501405,Brooklyn,Carroll Gardens,40.68048,-74.00295,Private room,198,3,3,1,0,3
581113547716056947,60828137,Queens,Sunnyside,40.73843,-73.92225,Shared room,38,5,1,3,0,1
584903103239670051,450072305,Brooklyn,Flatlands,40.6201,-73.93913,Entire home/apt,400,2,11,1,180,11
584945348521147016,24780551,Manhattan,Harlem,40.7972,-73.94925,Private room,126,1,14,1,70,14
581146598600431139,131638107,Brooklyn,Crown Heights,40.6701,-73.95254,Entire home/apt,199,2,22,1,113,22
583165524127607913,441901811,Brooklyn,Bushwick,40.68904,-73.91567,Private room,193,1,7,2,324,7
583174813480918126,342060071,Queens,Flushing,40.74574,-73.82601,Entire home/apt,113,30,0,9,312,0
583177661909365351,449206723,Manhattan,Lower East Side,40.72014,-73.98837,Entire home/apt,799,1,0,2,85,0
583179829436983552,449206723,Manhattan,Lower East Side,40.72044,-73.9895,Entire home/apt,809,1,0,2,55,0
584951313401779754,384546695,Brooklyn,Sunset Park,40.64043,-74.01594,Private room,75,3,15,1,66,15
585028369645318446,434276514,Queens,Ditmars Steinway,40.77994,-73.9155,Entire home/apt,153,1,20,5,333,20
585077146673324589,443414797,Brooklyn,Williamsburg,40.70891,-73.94629,Private room,40,2,16,1,14,16
583189455581527830,449339805,Manhattan,Lower East Side,40.72219,-73.99135,Entire home/apt,799,1,0,2,85,0
583190058619306864,449339805,Manhattan,Lower East Side,40.72251,-73.99134,Entire home/apt,809,1,0,2,85,0
583238623432751814,214691837,Brooklyn,DUMBO,40.70257,-73.9872,Entire home/apt,600,30,0,2,70,0
581147952275586941,448251181,Brooklyn,Bedford-Stuyvesant,40.69985,-73.94746,Private room,70,1,47,1,267,47
581204831879275676,148102066,Brooklyn,Bedford-Stuyvesant,40.68753,-73.92309,Private room,85,3,2,3,35,2
581227442982998471,429826037,Brooklyn,Cypress Hills,40.68251,-73.89313,Entire home/apt,101,30,1,12,131,1
585116610819537455,450104410,Brooklyn,Crown Heights,40.67655,-73.96235,Entire home/apt,350,2,3,4,270,3
581236970758924497,84148194,Manhattan,Harlem,40.81584,-73.94209,Entire home/apt,140,3,4,1,343,4
581265850932055080,432679252,Bronx,Morris Heights,40.84823,-73.92493,Private room,45,3,12,1,127,12
581267266973679416,162546036,Brooklyn,East Flatbush,40.6393,-73.94181,Entire home/apt,264,2,9,1,305,9
581411547269622388,74038304,Manhattan,Harlem,40.80829,-73.95242,Private room,169,1,1,1,362,1
581427869630920755,61324573,Brooklyn,Crown Heights,40.67378,-73.92178,Private room,70,2,16,3,124,16
581520143258415640,11663950,Manhattan,Hell's Kitchen,40.76433,-73.98709,Entire home/apt,164,30,1,1,46,1
583254817681742013,23229626,Manhattan,Upper East Side,40.77183,-73.95226,Entire home/apt,185,10,4,1,16,4
583261334774123938,113723310,Manhattan,Chelsea,40.7394,-73.99912,Entire home/apt,180,30,1,60,296,1
585116748406863439,450104410,Brooklyn,Prospect Heights,40.67698,-73.96459,Private room,120,2,5,4,312,5
585291307421718603,304726994,Queens,Jamaica,40.66885,-73.77207,Entire home/apt,119,1,11,1,147,11
583277936004339851,49089627,Queens,Long Island City,40.76501,-73.93292,Private room,68,1,12,1,222,12
583301817171562687,303176278,Brooklyn,East Flatbush,40.64292,-73.95124,Entire home/apt,99,1,3,1,0,3
581522984255476865,449316539,Brooklyn,Bedford-Stuyvesant,40.68031,-73.95713,Entire home/apt,424,1,0,2,270,0
581673232497281944,449343904,Queens,Ditmars Steinway,40.77276,-73.90479,Entire home/apt,225,7,4,1,323,4
581696645435544284,16677326,Manhattan,Chelsea,40.748657,-73.995651,Private room,89,1,30,22,337,30
581703896020442376,91571876,Manhattan,Civic Center,40.71363,-74.00082,Entire home/apt,246,30,0,4,277,0
581707845699487740,424738135,Bronx,Wakefield,40.88984,-73.85976,Private room,70,2,24,5,176,24
581738619206774453,107275235,Manhattan,Chelsea,40.74945,-73.99703,Private room,93,30,3,1,15,3
581756065537386664,3223938,Brooklyn,Williamsburg,40.70894,-73.96758,Private room,44,90,0,288,340,0
585333732102589490,222580763,Queens,East Elmhurst,40.75873,-73.8633,Shared room,56,1,9,3,351,9
585348273869170593,449715737,Manhattan,Theater District,40.759125,-73.983765,Private room,809,1,1,7,357,1
581787445126118436,449377263,Manhattan,Hell's Kitchen,40.76629,-73.98741,Entire home/apt,332,5,8,4,103,8
581804203112075143,384532776,Manhattan,Hell's Kitchen,40.75888,-73.99037,Entire home/apt,200,30,2,44,347,2
581854665217351094,152374951,Manhattan,Kips Bay,40.74338,-73.98185,Private room,135,1,10,1,0,10
581858374016685042,49293531,Brooklyn,Bedford-Stuyvesant,40.68431,-73.92903,Entire home/apt,225,4,12,5,296,12
583321529917793892,49419130,Queens,Astoria,40.76118,-73.90943,Private room,95,1,10,1,69,10
583374975149683302,119335116,Brooklyn,Brooklyn Heights,40.69548,-73.99576,Entire home/apt,195,30,1,1,253,1
585357633187890334,449715737,Manhattan,Theater District,40.759124755859375,-73.9837646484375,Private room,669,1,0,7,361,0
585362461929487447,3223938,Brooklyn,Flatbush,40.65205,-73.96014,Private room,29,90,0,288,245,0
585368495763668792,449715737,Manhattan,Theater District,40.759125,-73.983765,Private room,809,1,0,7,357,0
585371816722033324,449715737,Manhattan,Theater District,40.759125,-73.983765,Private room,669,1,2,7,356,2
585376779004563276,374518555,Manhattan,Midtown,40.75231,-73.97242,Entire home/apt,243,1,6,1,64,6
585382126083893704,449715737,Manhattan,Theater District,40.759125,-73.983765,Private room,669,1,30,7,361,30
585383727596177658,449715737,Manhattan,Theater District,40.759125,-73.983765,Private room,669,1,146,7,361,146
585404594276264185,109378554,Manhattan,East Village,40.72717,-73.98151,Private room,247,2,8,1,63,8
583420042642063702,449756091,Manhattan,Harlem,40.818668919009525,-73.94512788528671,Entire home/apt,208,1,14,1,20,14
583428565614956095,95303084,Manhattan,Upper West Side,40.78823,-73.96957,Entire home/apt,184,4,13,6,255,13
583432642403794318,448326434,Manhattan,Financial District,40.70986,-74.00718,Entire home/apt,179,30,0,35,302,0
583454658107890434,35520775,Brooklyn,Bedford-Stuyvesant,40.69238,-73.92975,Entire home/apt,193,2,35,1,187,35
583475356292405535,423200663,Brooklyn,Bushwick,40.70273,-73.91462,Private room,75,1,3,2,159,3
585406031970002737,51589519,Manhattan,Harlem,40.809971,-73.949097,Entire home/apt,220,30,2,14,319,2
585415117916198725,450104410,Brooklyn,Prospect Heights,40.67665,-73.96425,Private room,95,2,11,4,297,11
585421591267602334,450104410,Brooklyn,Prospect Heights,40.67633,-73.96468,Private room,76,2,11,4,279,11
585485337933656429,64504098,Queens,Bayswater,40.60447,-73.76996,Entire home/apt,109,2,25,1,152,25
583490737477943525,100939823,Queens,Ditmars Steinway,40.77739,-73.9114,Private room,75,3,6,1,0,6
583495170960265679,163251048,Brooklyn,Williamsburg,40.70152,-73.94082,Entire home/apt,580,30,2,30,365,2
583525834305284397,448326434,Manhattan,Financial District,40.70838,-74.00817,Entire home/apt,227,30,0,35,125,0
583547985227764905,40385488,Manhattan,Upper West Side,40.79907,-73.96123,Private room,135,5,3,9,73,3
583568133258678557,448326434,Manhattan,Financial District,40.70853,-74.00686,Entire home/apt,202,30,0,35,231,0
583587970004817007,448326434,Manhattan,Midtown,40.75246,-73.9673,Entire home/apt,333,30,0,35,174,0
583599643437944603,448326434,Manhattan,East Village,40.72732,-73.98347,Entire home/apt,400,30,1,35,302,1
583789262640558097,107434423,Queens,Long Island City,40.7438,-73.95851,Entire home/apt,512,31,0,453,357,0
583791786268204937,107434423,Queens,Long Island City,40.7448909,-73.9568403,Entire home/apt,293,31,0,453,328,0
583792380893226866,107434423,Queens,Long Island City,40.7448909,-73.9568403,Entire home/apt,446,31,0,453,0,0
581890302134668347,449410335,Manhattan,Washington Heights,40.858680502392765,-73.9255779708039,Entire home/apt,175,1,5,1,242,5
581957116197906248,270074042,Manhattan,Hell's Kitchen,40.7659,-73.98723,Entire home/apt,415,5,12,1,208,12
581980274759694466,312697286,Brooklyn,Gravesend,40.599920832549046,-73.97577996964137,Entire home/apt,200,30,11,3,351,11
585485781418964904,79641851,Staten Island,Howland Hook,40.62561,-74.16863,Entire home/apt,215,3,0,2,364,0
585535105125985845,450095749,Manhattan,Washington Heights,40.83908,-73.94142,Entire home/apt,219,3,21,1,303,21
585636002914298449,373012338,Queens,College Point,40.78859,-73.83894,Private room,169,4,9,4,166,9
583828640921826488,449465640,Manhattan,Lower East Side,40.71997,-73.98889,Entire home/apt,709,1,0,2,85,0
583848318033411999,449465640,Manhattan,Lower East Side,40.71983,-73.98705,Entire home/apt,699,1,0,2,85,0
583850258791847187,404763698,Manhattan,Harlem,40.81199,-73.93975,Entire home/apt,130,2,19,2,107,19
583870611350640304,10387090,Brooklyn,Bushwick,40.68339,-73.90948,Private room,41,30,1,10,311,1
583917967374461649,208699273,Manhattan,East Harlem,40.78528,-73.94926,Entire home/apt,642,2,16,1,323,16
585784002049838467,450244379,Brooklyn,Brownsville,40.66136,-73.90017,Entire home/apt,200,1,12,1,356,12
581988622749132202,449129729,Queens,Rosedale,40.66366,-73.73289,Private room,82,1,9,1,167,9
585807709287628698,291811347,Brooklyn,Crown Heights,40.67326,-73.95675,Entire home/apt,171,2,15,1,12,15
583960338786432707,406639403,Queens,Ozone Park,40.6743,-73.83842,Entire home/apt,115,1,51,1,343,51
586025293707424329,283636,Brooklyn,Bedford-Stuyvesant,40.6868,-73.95431,Entire home/apt,220,6,2,1,138,2
582035740622571978,9226879,Manhattan,Roosevelt Island,40.76525,-73.94632,Private room,89,3,4,1,78,4
582062351025373883,73873252,Brooklyn,Bushwick,40.70122,-73.92131,Private room,99,3,16,2,321,16
586077120897087465,446701396,Queens,Astoria,40.7619,-73.91341,Entire home/apt,380,2,4,2,133,4
582062509437916167,449449822,Brooklyn,Sunset Park,40.64802,-74.01586,Entire home/apt,115,7,2,1,102,2
582096512280733526,429454632,Brooklyn,Prospect-Lefferts Gardens,40.65994,-73.94226,Private room,73,1,0,17,355,0
583960390959486878,24334555,Brooklyn,Williamsburg,40.70989,-73.95632,Entire home/apt,180,2,14,1,128,14
586083642419501310,446701396,Queens,Astoria,40.7619,-73.9147,Entire home/apt,257,5,5,2,142,5
586127510877255383,3223938,Brooklyn,Bedford-Stuyvesant,40.67851,-73.94865,Private room,34,90,0,288,98,0
586134404471254679,172408277,Queens,Ridgewood,40.70687,-73.9134,Entire home/apt,100,2,6,1,102,6
586149795259722898,449868905,Manhattan,Theater District,40.759293,-73.987976,Entire home/apt,139,30,0,2,281,0
583967345632331871,162427870,Manhattan,East Harlem,40.78953,-73.94412,Entire home/apt,147,1,24,2,122,24
582137289665171294,399054321,Queens,Ditmars Steinway,40.77728,-73.90633,Entire home/apt,144,2,11,1,175,11
582240067190821159,325305411,Brooklyn,East New York,40.66282,-73.86277,Entire home/apt,172,4,7,3,308,7
582422754899333011,107434423,Queens,Long Island City,40.7448909,-73.9568403,Entire home/apt,336,31,2,453,206,2
582431272311540569,86771798,Manhattan,Murray Hill,40.74668,-73.97838,Entire home/apt,142,30,1,30,280,1
587685396835692238,72574297,Manhattan,Gramercy,40.73663,-73.98579,Entire home/apt,210,3,10,1,89,10
587726180885977223,104037136,Brooklyn,Williamsburg,40.71902,-73.958,Entire home/apt,350,30,1,2,305,1
586156154942109749,450204989,Queens,Queens Village,40.70556,-73.73859,Entire home/apt,264,2,16,1,358,16
587824493211518058,450580547,Manhattan,Upper West Side,40.7949,-73.96678,Entire home/apt,270,30,0,30,306,0
583980771921347235,449868905,Manhattan,Theater District,40.760254,-73.987526,Entire home/apt,139,30,1,2,296,1
586156542497481722,35834269,Brooklyn,Bushwick,40.704742,-73.926041,Private room,120,2,8,1,49,8
587831449382841761,5142507,Manhattan,Harlem,40.81087,-73.95265,Entire home/apt,285,4,1,1,237,1
587842332142199671,8997485,Brooklyn,Gravesend,40.598225,-73.980881,Entire home/apt,157,1,33,5,333,33
587872853396534745,351006187,Brooklyn,Flatbush,40.64221,-73.95277,Entire home/apt,136,2,23,1,307,23
587889072466798836,418612583,Brooklyn,East Flatbush,40.650478,-73.913239,Entire home/apt,124,2,21,2,325,21
587903909892258575,31473824,Brooklyn,Downtown Brooklyn,40.68908,-73.98111,Entire home/apt,131,30,3,1,125,3
588112211547974892,160940380,Brooklyn,Brownsville,40.65767,-73.91259,Private room,80,1,16,8,338,16
588178712333140920,113723310,Manhattan,Murray Hill,40.74943,-73.98043,Entire home/apt,330,30,1,60,98,1
586196333413719172,407838784,Brooklyn,Bushwick,40.69013,-73.91179,Private room,206,2,1,3,83,1
588216955294396068,450754682,Bronx,Wakefield,40.88859,-73.85436,Entire home/apt,116,2,18,1,357,18
588263591786868588,162280872,Manhattan,Upper East Side,40.77032,-73.95641,Entire home/apt,300,30,0,98,311,0
584053658746490241,430769144,Queens,East Elmhurst,40.76661,-73.8709,Private room,50,30,0,1,0,0
586213047311870975,21529335,Manhattan,Harlem,40.80428,-73.95082,Entire home/apt,225,14,1,1,3,1
584100149741768240,7005540,Brooklyn,Bushwick,40.69673,-73.93245,Private room,108,1,7,1,164,7
586219274525530389,407838784,Brooklyn,Bushwick,40.69203,-73.91336,Private room,156,2,5,3,85,5
586219733822464762,29113977,Manhattan,Midtown,40.744213,-73.984772,Entire home/apt,220,30,1,1,65,1
584103890988032257,449903407,Brooklyn,East Flatbush,40.65064686501935,-73.918896317482,Entire home/apt,99,1,0,1,6,0
588266948359540153,285283438,Staten Island,Arrochar,40.5966,-74.08434,Entire home/apt,76,30,2,3,281,2
588267070646065944,285283438,Staten Island,Arrochar,40.59615,-74.08219,Entire home/apt,95,30,1,3,310,1
586222424399453831,407838784,Brooklyn,Bushwick,40.69234,-73.91271,Private room,108,2,4,3,363,4
586240464552950846,411079992,Queens,Kew Gardens,40.70422,-73.82959,Private room,84,1,5,8,357,5
586244870263367585,23971401,Queens,Woodside,40.74448,-73.89627,Shared room,82,3,11,1,351,11
586351451802965604,444510266,Brooklyn,East Flatbush,40.65079,-73.93171,Entire home/apt,150,2,33,2,321,33
586390875490868487,411079992,Queens,Richmond Hill,40.70262,-73.83088,Private room,87,1,22,8,344,22
586451029269534138,264393536,Brooklyn,Crown Heights,40.67385,-73.95382,Entire home/apt,212,1,7,2,323,7
586495175882984166,16838156,Queens,Flushing,40.75653,-73.82205,Entire home/apt,165,30,1,1,30,1
588273937819990870,450769596,Queens,Laurelton,40.68177,-73.74298,Entire home/apt,120,3,24,1,154,24
586513926882040687,107183778,Queens,Flushing,40.76928,-73.83213,Entire home/apt,128,1,3,4,190,3
588282895511481696,52127678,Queens,Long Island City,40.75523,-73.91944,Private room,70,7,14,1,0,14
584106153087423766,146507610,Brooklyn,Crown Heights,40.67388,-73.93047,Entire home/apt,291,2,16,1,252,16
584106588633149977,61541256,Brooklyn,Crown Heights,40.67259,-73.91383,Private room,55,3,5,2,255,5
584110672069834078,448142693,Queens,Jackson Heights,40.75423,-73.857399,Private room,59,1,32,1,307,32
584116606352860352,153160229,Queens,Astoria,40.76657,-73.91912,Private room,85,3,17,1,47,17
586717934461828853,445169561,Queens,Flushing,40.76181,-73.80249,Private room,90,1,4,7,356,4
586831248260054635,42585587,Queens,Corona,40.74894,-73.86858,Private room,120,4,6,4,69,6
586893915623373605,35957140,Manhattan,Lower East Side,40.7204,-73.99271,Entire home/apt,525,2,18,1,62,18
586967576979590205,3223938,Brooklyn,East Flatbush,40.65406,-73.94852,Private room,36,90,0,288,250,0
586970974625181747,450489635,Queens,Jamaica,40.68982,-73.805,Entire home/apt,101,3,12,1,50,12
588288327470809159,192193559,Brooklyn,Vinegar Hill,40.70116,-73.98069,Entire home/apt,950,3,2,1,295,2
588292144145889879,129263359,Manhattan,Hell's Kitchen,40.76835,-73.98638,Entire home/apt,198,2,15,2,21,15
588321919860843175,432628336,Queens,Belle Harbor,40.57803,-73.8454,Entire home/apt,400,2,11,1,350,11
588322170345655913,450580547,Manhattan,Upper West Side,40.79342,-73.9662,Entire home/apt,261,30,0,30,332,0
586987891324165376,145200005,Brooklyn,Prospect-Lefferts Gardens,40.65687,-73.95138,Entire home/apt,114,3,6,1,248,6
588392587036466103,450802789,Brooklyn,Sunset Park,40.664295,-73.994926,Entire home/apt,180,2,22,2,157,22
584124673633168392,86116533,Manhattan,Harlem,40.80565,-73.94623,Entire home/apt,121,30,0,1,174,0
587031632403313389,1033970,Brooklyn,Greenpoint,40.71978,-73.946709,Entire home/apt,285,2,23,5,111,23
587034845529468111,2109258,Queens,Jackson Heights,40.75225,-73.88404,Private room,117,2,15,1,342,15
588433935054614821,450814519,Bronx,Clason Point,40.80653,-73.85204,Private room,85,2,1,3,341,1
588444785823506042,4900726,Brooklyn,Bedford-Stuyvesant,40.68356,-73.92347,Entire home/apt,200,18,1,1,0,1
588549105392548721,373304670,Manhattan,Hell's Kitchen,40.76403,-73.98786,Private room,195,3,2,1,202,2
587034919284567669,162427870,Manhattan,East Harlem,40.78881,-73.94287,Entire home/apt,153,1,19,2,134,19
587055482722811042,450477387,Brooklyn,Sunset Park,40.64593,-74.01181,Entire home/apt,154,3,18,2,336,18
584183482083983017,21016896,Manhattan,Two Bridges,40.71229,-73.99366,Entire home/apt,205,3,3,1,0,3
584196107650643039,208707377,Brooklyn,East Flatbush,40.65006,-73.92698,Entire home/apt,170,2,13,1,84,13
587066198051086739,445169561,Queens,Flushing,40.76032,-73.80372,Private room,90,1,2,7,342,2
587069440501954023,445169561,Queens,Flushing,40.76232,-73.80227,Private room,90,1,5,7,352,5
587138021348404311,2948325,Manhattan,East Harlem,40.79645,-73.93164,Entire home/apt,352,1,8,1,286,8
587168298650903047,224532641,Brooklyn,Prospect-Lefferts Gardens,40.65959,-73.94922,Private room,52,1,19,11,0,19
587190148122616332,26376271,Manhattan,Harlem,40.81215,-73.94534,Entire home/apt,161,2,27,2,276,27
587207524120016838,298841502,Manhattan,Chinatown,40.71531,-73.99092,Entire home/apt,640,3,18,3,303,18
587446647429145315,3223938,Brooklyn,East Flatbush,40.65235,-73.94915,Private room,40,90,0,288,341,0
587484737246744753,17968481,Queens,Kew Gardens,40.71158,-73.82815,Private room,47,2,8,2,12,8
587486114839236867,107434423,Manhattan,West Village,40.73732,-74.00424,Entire home/apt,370,31,0,453,176,0
587491181971572992,3223938,Brooklyn,East Flatbush,40.65248,-73.95077,Private room,40,90,0,288,310,0
587555596372923561,187311340,Manhattan,Little Italy,40.71899,-73.99491,Entire home/apt,215,5,6,2,122,6
584255982480543722,180045980,Brooklyn,East New York,40.67392,-73.87284,Entire home/apt,169,1,31,1,339,31
584327264353549742,357914975,Bronx,Mount Eden,40.84125,-73.91369,Private room,150,1,26,2,349,26
584464841351499309,401709949,Brooklyn,Bedford-Stuyvesant,40.69819,-73.94049,Private room,55,30,0,20,251,0
584518239140134927,47721954,Manhattan,Upper East Side,40.7766,-73.95516,Private room,83,2,9,5,252,9
584523514909500950,161592215,Manhattan,East Harlem,40.80244,-73.93762,Entire home/apt,120,30,1,4,0,1
584589654665897275,392242093,Brooklyn,Crown Heights,40.6751,-73.91535,Private room,46,30,1,2,175,1
584608195827288741,162280872,Brooklyn,South Slope,40.66636,-73.98355,Entire home/apt,195,30,0,98,341,0
584608377540934705,162280872,Brooklyn,South Slope,40.66586,-73.98403,Entire home/apt,225,30,0,98,341,0
590487614009149003,6122393,Brooklyn,Crown Heights,40.67401,-73.96235,Shared room,110,5,2,4,9,2
590487670408593625,6122393,Brooklyn,Crown Heights,40.67564,-73.96219,Private room,110,2,4,4,2,4
588550970022904542,327215025,Brooklyn,Bedford-Stuyvesant,40.69498,-73.93531,Entire home/apt,137,1,24,1,165,24
587581005550269039,450580547,Manhattan,Upper West Side,40.79487,-73.9668,Entire home/apt,270,30,0,30,281,0
587587968257179870,309308928,Manhattan,Hell's Kitchen,40.76616,-73.98782,Entire home/apt,300,1,0,2,24,0
587590716608735443,56227082,Brooklyn,Williamsburg,40.70878700116941,-73.9441211136951,Private room,185,2,3,1,113,3
588554109311478826,304172695,Brooklyn,East Flatbush,40.66111,-73.92168,Entire home/apt,165,2,9,1,351,9
588557312345241239,33067672,Brooklyn,Sunset Park,40.65109,-74.00629,Entire home/apt,140,60,0,1,89,0
588559469616617641,2157189,Brooklyn,Bedford-Stuyvesant,40.69671,-73.93793,Private room,58,10,2,2,279,2
588562529196152934,268347722,Manhattan,Harlem,40.80067,-73.95534,Private room,61,30,2,3,292,2
588625092133679221,226230372,Brooklyn,East Flatbush,40.64787,-73.95095,Private room,69,2,4,2,0,4
588627515187957928,1033970,Brooklyn,Bedford-Stuyvesant,40.69098,-73.93606,Entire home/apt,231,2,22,5,128,22
588645397386031600,226230372,Brooklyn,East Flatbush,40.64792,-73.95099,Private room,69,2,7,2,0,7
588748105671065001,33128396,Manhattan,Hell's Kitchen,40.76068,-73.98822,Entire home/apt,357,2,22,1,0,22
588776795383042244,45857976,Manhattan,Harlem,40.81696,-73.94443,Private room,88,60,0,2,358,0
590493898611831944,356788969,Brooklyn,Bushwick,40.700974,-73.939529,Private room,88,1,14,1,45,14
590541486540140894,91846623,Brooklyn,Bushwick,40.68873118373059,-73.9154978836434,Entire home/apt,100,31,0,2,117,0
590551081727585539,13162562,Brooklyn,Greenpoint,40.72013,-73.94299,Entire home/apt,600,4,3,1,19,3
590586627895548891,149151114,Manhattan,Harlem,40.81203,-73.95397,Shared room,76,1,11,5,358,11
590629939428692226,52999390,Brooklyn,East New York,40.67454,-73.89601,Private room,100,3,8,1,67,8
590631597968773237,404940500,Manhattan,Upper East Side,40.76407,-73.96578,Entire home/apt,835,30,1,12,263,1
590714165817961123,137129564,Queens,Flushing,40.75436,-73.81542,Private room,50,1,15,6,352,15
590867593540921014,153988027,Queens,Sunnyside,40.74217,-73.92328,Entire home/apt,210,4,13,6,294,13
590878850194344796,297523086,Manhattan,Hell's Kitchen,40.75694,-73.99079,Entire home/apt,165,31,0,1,365,0
590885532645066410,16480700,Manhattan,East Village,40.72628,-73.98297,Private room,200,1,0,12,68,0
591087621126386137,358151054,Bronx,Mott Haven,40.81271,-73.90776,Entire home/apt,146,3,4,3,17,4
591093948188634438,15503780,Bronx,West Farms,40.84251,-73.88264,Private room,90,2,0,3,0,0
591126001314853341,158407820,Queens,Woodside,40.75428,-73.90173,Entire home/apt,425,30,0,1,137,0
587606395719069171,113723310,Manhattan,Upper East Side,40.78418,-73.94947,Entire home/apt,375,30,1,60,280,1
587615709441605979,450477387,Brooklyn,Sunset Park,40.64556,-74.01275,Entire home/apt,183,3,20,2,297,20
587632543526103568,427240833,Brooklyn,Sunset Park,40.66139,-73.99445,Entire home/apt,720,30,0,1,229,0
587659571869719096,450642351,Queens,Bellerose,40.72945,-73.71991,Entire home/apt,171,2,16,1,79,16
591142798993832418,445219407,Manhattan,East Village,40.72647,-73.98428,Private room,150,6,8,1,296,8
591168265331519350,182152235,Brooklyn,Bedford-Stuyvesant,40.68747,-73.95847,Entire home/apt,519,2,5,2,10,5
591199461871265735,3223938,Brooklyn,Bedford-Stuyvesant,40.68275,-73.95554,Private room,36,90,0,288,103,0
588903645156580564,450900295,Brooklyn,Bedford-Stuyvesant,40.68152,-73.95472,Entire home/apt,234,2,1,1,0,1
588913639997682157,414036947,Queens,East Elmhurst,40.7618,-73.87147,Private room,66,1,0,2,297,0
588970063349178677,18679866,Queens,Arverne,40.59414,-73.79372,Entire home/apt,216,2,7,3,361,7
588973019216386722,5499612,Manhattan,Washington Heights,40.8453603,-73.94172259999999,Entire home/apt,219,2,0,1,37,0
588997053218178660,73447493,Brooklyn,Bushwick,40.69425,-73.92986,Entire home/apt,124,2,13,1,27,13
587660159360451465,402317081,Manhattan,East Harlem,40.79719,-73.93419,Private room,76,2,13,1,39,13
589037312864417098,355039509,Brooklyn,Downtown Brooklyn,40.69629,-73.98198,Entire home/apt,363,7,6,1,140,6
591210724344251633,29387731,Brooklyn,Bushwick,40.69843,-73.92707,Entire home/apt,180,3,1,1,0,1
593569712414013537,443186968,Manhattan,Washington Heights,40.84655,-73.93842,Entire home/apt,217,30,2,1,357,2
593594099575379650,59712024,Brooklyn,Windsor Terrace,40.66053,-73.97942,Private room,190,2,10,1,95,10
591317872598386976,451383898,Brooklyn,East Flatbush,40.65118,-73.92136,Private room,65,2,16,1,308,16
589077888822822507,450945400,Brooklyn,Greenpoint,40.72411,-73.94907,Entire home/apt,466,30,2,1,0,2
589108720950913148,153524812,Queens,Astoria,40.76826,-73.92392,Private room,79,1,12,3,349,12
589119137703964137,224532641,Brooklyn,Prospect-Lefferts Gardens,40.66094,-73.94948,Private room,82,1,6,11,360,6
589147361303450354,30283594,Brooklyn,Williamsburg,40.701523,-73.94082,Entire home/apt,499,30,1,95,365,1
589153518437003075,225986166,Manhattan,Harlem,40.81294,-73.94628,Private room,143,3,14,1,32,14
589197973220202667,450977842,Brooklyn,Canarsie,40.64154,-73.9126,Entire home/apt,189,1,17,1,354,17
593610772502426199,451866608,Brooklyn,Greenpoint,40.73721,-73.95637,Entire home/apt,165,30,3,2,297,3
589221565957845956,382471468,Brooklyn,East Flatbush,40.64738,-73.9295,Entire home/apt,94,30,0,2,0,0
589239310186106505,450987188,Manhattan,Upper West Side,40.7995,-73.97092,Entire home/apt,529,30,0,1,365,0
589288988286732639,61028242,Manhattan,Washington Heights,40.83533,-73.94437,Entire home/apt,300,2,8,1,217,8
591322358832287390,8031366,Brooklyn,South Slope,40.66241,-73.98388,Entire home/apt,225,21,1,1,137,1
591340911912499423,2867137,Manhattan,Financial District,40.70405,-74.00802,Entire home/apt,270,30,0,73,250,0
591355820762023384,364952392,Brooklyn,Crown Heights,40.67157,-73.91557,Private room,90,1,10,1,167,10
593628573423529888,240907115,Queens,Woodhaven,40.68786,-73.85123,Entire home/apt,89,3,15,3,335,15
591427135680545574,428686533,Brooklyn,Bushwick,40.69153,-73.92178,Entire home/apt,136,1,38,1,141,38
591451353005915854,174197082,Queens,Rosedale,40.656696,-73.727493,Private room,100,1,16,3,64,16
591454258684647398,76943965,Brooklyn,Canarsie,40.63625,-73.88586,Entire home/apt,238,3,12,2,344,12
593659243091930123,438762718,Bronx,Williamsbridge,40.87924,-73.85661,Private room,106,1,2,4,365,2
593673983667439558,23219783,Manhattan,SoHo,40.72688,-74.00289,Entire home/apt,290,2,1,2,0,1
591460202686614948,451410902,Queens,Jamaica,40.67321,-73.77972,Entire home/apt,188,2,22,3,339,22
589299377848044636,2617836,Brooklyn,Bushwick,40.70069,-73.92908,Private room,119,1,7,1,168,7
589321948951819280,279775863,Manhattan,West Village,40.73804,-73.99884,Entire home/apt,276,20,4,11,333,4
589420139625454972,429826037,Brooklyn,Cypress Hills,40.67827,-73.89021,Entire home/apt,83,30,1,12,310,1
593684843078544142,107183778,Queens,Flushing,40.768284,-73.831322,Entire home/apt,260,1,28,4,325,28
593707497430332483,107183778,Queens,Flushing,40.769,-73.83071,Entire home/apt,257,1,7,4,211,7
593957253876962891,82363341,Brooklyn,Borough Park,40.63658,-74.00796,Private room,65,1,26,3,300,26
593962924042375622,82363341,Brooklyn,Borough Park,40.63617,-74.00773,Private room,65,1,7,3,332,7
593999597558147807,57059,Manhattan,Harlem,40.80707,-73.94799,Entire home/apt,189,7,2,1,110,2
594023491937007731,160940380,Brooklyn,Brownsville,40.65805,-73.91418,Private room,86,1,15,8,326,15
594041771481964878,245684727,Brooklyn,Sunset Park,40.65878,-74.0048,Entire home/apt,185,10,4,1,333,4
594067419490393766,420975523,Queens,Maspeth,40.73508,-73.89697,Entire home/apt,143,1,10,8,162,10
594080820765190020,398724624,Brooklyn,Bedford-Stuyvesant,40.69784,-73.94755,Entire home/apt,190,1,3,1,0,3
589580674512200324,45286894,Manhattan,Harlem,40.80274,-73.94755,Entire home/apt,93,30,2,1,260,2
589597546666239376,107434423,Manhattan,Theater District,40.7607614,-73.98610550000001,Entire home/apt,409,31,0,453,77,0
589598122351179060,107434423,Brooklyn,Carroll Gardens,40.6750255,-73.9978519,Entire home/apt,599,31,0,453,340,0
589683370266980437,25016433,Manhattan,Lower East Side,40.71287,-73.97857,Entire home/apt,190,1,0,1,67,0
594086446298719435,430979376,Brooklyn,Williamsburg,40.710941,-73.96553,Private room,110,1,10,2,133,10
589684188732933752,417523343,Staten Island,Arrochar,40.59676,-74.06472,Entire home/apt,102,1,20,1,0,20
589716431136543032,14855509,Manhattan,Harlem,40.81745,-73.9433,Entire home/apt,280,1,11,3,279,11
589721288067290720,451074008,Manhattan,East Village,40.726761,-73.975388,Private room,100,1,0,1,349,0
589735024458525794,144829155,Queens,Rosedale,40.65718,-73.73669,Private room,90,1,27,1,327,27
589746507763311188,107434423,Manhattan,East Village,40.7235722,-73.98255449999999,Entire home/apt,309,31,0,453,339,0
589764253801350753,284337887,Brooklyn,Williamsburg,40.70077,-73.94098,Private room,39,30,0,14,249,0
589800275607656944,20169353,Brooklyn,Crown Heights,40.6681558847194,-73.95218634678265,Entire home/apt,850,5,0,1,91,0
589855151621795399,409170142,Brooklyn,Williamsburg,40.70845,-73.9549,Private room,149,1,31,3,285,31
589857043016769966,25277762,Brooklyn,Williamsburg,40.71638369817653,-73.95282319597759,Entire home/apt,315,6,1,1,84,1
589867261336973745,143708082,Manhattan,Upper West Side,40.79822,-73.96046,Entire home/apt,215,1,5,1,11,5
589888989070702306,423451497,Queens,Rosedale,40.65438,-73.74569,Entire home/apt,209,3,10,3,83,10
589892242131929891,11136538,Queens,Forest Hills,40.71697,-73.84547,Entire home/apt,175,30,1,1,61,1
591485868352836863,80690001,Queens,Springfield Gardens,40.66064,-73.75988,Entire home/apt,159,2,18,1,122,18
594086763956664648,68101686,Brooklyn,Williamsburg,40.71816,-73.95373,Entire home/apt,225,21,0,1,102,0
591632776960108670,115307231,Bronx,Kingsbridge,40.8632,-73.90721,Private room,55,1,1,1,252,1
594108734920583369,450955146,Brooklyn,Bushwick,40.68559,-73.90993,Private room,100,1,41,3,80,41
594159308931470808,322460407,Manhattan,Hell's Kitchen,40.76387,-73.99118,Private room,223,5,7,1,261,7
594159888799949315,164306429,Brooklyn,Prospect-Lefferts Gardens,40.66096,-73.9606,Entire home/apt,159,4,6,1,199,6
594168710234003387,451983217,Bronx,Throgs Neck,40.82958,-73.82596,Entire home/apt,106,1,11,1,40,11
591807438082548675,451463218,Manhattan,Washington Heights,40.85397,-73.937943,Private room,60,3,17,1,127,17
591883582403156068,409756330,Brooklyn,Downtown Brooklyn,40.68887904335231,-73.9811051492678,Entire home/apt,141,2,3,1,249,3
591918616656299336,378112960,Brooklyn,Bedford-Stuyvesant,40.68917275497496,-73.93553318803566,Entire home/apt,273,2,11,13,346,11
591939830338712376,448326434,Manhattan,Financial District,40.70844,-74.00701,Entire home/apt,219,30,0,35,221,0
589980660517454096,451139092,Manhattan,Midtown,40.74346,-73.98345,Entire home/apt,1317,4,9,1,309,9
590040648193371393,15835028,Manhattan,Harlem,40.814362,-73.945892,Private room,98,5,6,3,35,6
590041263854398620,91846623,Brooklyn,Bushwick,40.69006346709431,-73.91695016263729,Entire home/apt,123,31,0,2,180,0
590106698688286408,3223938,Brooklyn,Bedford-Stuyvesant,40.68465,-73.95655,Private room,37,90,0,288,238,0
590116798933408086,3223938,Brooklyn,Bedford-Stuyvesant,40.68247,-73.95691,Private room,34,90,0,288,249,0
590126936263587927,3223938,Brooklyn,Bedford-Stuyvesant,40.68466,-73.95631,Private room,32,90,0,288,280,0
594172219609060026,156047478,Manhattan,Harlem,40.81599,-73.94098,Entire home/apt,80,30,2,7,166,2
594235684678364310,5313607,Brooklyn,Bedford-Stuyvesant,40.67959,-73.93886,Entire home/apt,146,30,0,1,98,0
590128186036306232,204780303,Brooklyn,Bushwick,40.69658,-73.92214,Private room,79,2,8,2,312,8
594240338554500815,384559808,Manhattan,East Village,40.73221,-73.98689,Entire home/apt,98,30,1,24,101,1
594275574243506095,17775359,Manhattan,Chelsea,40.74281,-74.00387,Entire home/apt,1100,30,2,5,155,2
594276613021747298,452010077,Brooklyn,Coney Island,40.575432,-73.988014,Private room,87,1,0,1,88,0
590157685038987810,451169544,Queens,Jackson Heights,40.75468,-73.88717,Private room,56,30,2,2,320,2
591946759156933537,451500842,Brooklyn,Bushwick,40.70705,-73.91841,Entire home/apt,240,1,23,1,0,23
591949537383099699,448326434,Manhattan,Financial District,40.7099,-74.00907,Entire home/apt,400,30,1,35,263,1
591957772448236166,448326434,Manhattan,Financial District,40.70863,-74.00678,Entire home/apt,333,30,1,35,268,1
594278892712646603,280351346,Brooklyn,East Flatbush,40.64493,-73.93201,Entire home/apt,303,3,18,1,332,18
590372866147671751,18057505,Brooklyn,East Flatbush,40.65896,-73.9277,Entire home/apt,134,2,19,3,335,19
590376779560856799,18057505,Brooklyn,East Flatbush,40.66083,-73.92853,Entire home/apt,136,2,9,3,320,9
590390648297717410,64456945,Queens,St. Albans,40.69193,-73.76854,Entire home/apt,200,3,0,3,350,0
594281876479242562,76582389,Staten Island,Mariners Harbor,40.64117,-74.16844,Entire home/apt,106,1,24,1,289,24
590400717792082718,35412557,Manhattan,Hell's Kitchen,40.7629,-73.9896,Entire home/apt,311,3,24,1,108,24
590422201407835236,2867137,Manhattan,Murray Hill,40.74403,-73.97167,Entire home/apt,195,30,0,73,315,0
590457531820944712,15503780,Bronx,West Farms,40.84304,-73.88305,Entire home/apt,110,2,0,3,0,0
590484773612652071,18679866,Queens,Arverne,40.59211,-73.79405,Entire home/apt,148,2,11,3,357,11
595860555355634050,450580547,Manhattan,Upper West Side,40.79583,-73.9684,Entire home/apt,255,30,0,30,334,0
595860558051994910,67225718,Brooklyn,Bushwick,40.69965,-73.92433,Private room,99,1,14,1,233,14
595871984521216710,450580547,Manhattan,Upper West Side,40.79344,-73.96856,Entire home/apt,195,30,0,30,311,0
595874736864973028,450580547,Manhattan,Upper West Side,40.79347,-73.96686,Entire home/apt,245,30,0,30,332,0
595879031780542616,450580547,Manhattan,Upper West Side,40.79487,-73.9669,Entire home/apt,305,30,0,30,253,0
595881558937342394,450580547,Manhattan,Upper West Side,40.79375,-73.96832,Entire home/apt,295,30,0,30,37,0
595882795241859806,450580547,Manhattan,Upper West Side,40.79304,-73.96834,Entire home/apt,340,30,0,30,235,0
595885062074263943,450580547,Manhattan,Upper West Side,40.79464,-73.96635,Entire home/apt,438,30,0,30,332,0
595888452214547159,450580547,Manhattan,Upper West Side,40.79461,-73.96575,Entire home/apt,230,30,0,30,281,0
591964679865314050,408996132,Queens,Long Island City,40.753941,-73.93576,Entire home/apt,293,2,14,4,139,14
591969184938312703,61693856,Brooklyn,East New York,40.66711,-73.88343,Entire home/apt,214,1,22,1,312,22
591975499172137382,448326434,Manhattan,Financial District,40.7082,-74.00855,Entire home/apt,194,30,0,35,316,0
591982694850524774,188741104,Manhattan,Harlem,40.80872,-73.94127,Private room,65,30,1,2,281,1
594316345792434482,432486528,Brooklyn,Flatbush,40.63957,-73.95129,Entire home/apt,128,2,18,2,319,18
594364901323939440,450814519,Bronx,Clason Point,40.80609,-73.85004,Private room,85,2,7,3,360,7
594385836516640242,21455632,Brooklyn,Bushwick,40.69227,-73.91357,Private room,81,2,25,1,125,25
592058566788888569,451533261,Manhattan,Hell's Kitchen,40.76728,-73.98693,Entire home/apt,521,4,8,1,45,8
592108458572200255,169873853,Queens,Ridgewood,40.70622,-73.90538,Entire home/apt,101,1,15,3,274,15
592145321320737221,40385488,Manhattan,Upper West Side,40.8009,-73.96153,Private room,145,5,5,9,67,5
595913249604202810,177767651,Manhattan,Upper East Side,40.77674,-73.95139,Entire home/apt,200,1,15,1,79,15
596165065028890644,6843497,Bronx,Morris Park,40.84897,-73.85864,Private room,70,3,8,1,59,8
596199042551239622,452371640,Brooklyn,Bushwick,40.6891,-73.91086,Entire home/apt,462,1,3,1,354,3
596203731563582651,230403448,Brooklyn,Williamsburg,40.70936,-73.96256,Entire home/apt,106,30,1,4,257,1
596207677760933630,451410902,Queens,Jamaica,40.676,-73.77763,Entire home/apt,184,2,19,3,303,19
596249631476059817,190154361,Manhattan,Chelsea,40.74459,-74.00378,Entire home/apt,899,30,0,3,365,0
596270358025867956,381486556,Brooklyn,Bay Ridge,40.63387,-74.02967,Private room,75,10,0,4,81,0
594397894022042503,452034819,Bronx,Port Morris,40.80304,-73.91951,Entire home/apt,194,2,21,1,349,21
596328264441937500,11057321,Brooklyn,Boerum Hill,40.68418,-73.98557,Entire home/apt,160,5,6,1,0,6
596361949342437513,342060071,Queens,Flushing,40.74339,-73.82483,Entire home/apt,129,30,2,9,151,2
592156493684907852,451557423,Queens,Jamaica,40.6668,-73.78383,Entire home/apt,95,1,0,1,0,0
592160838482377458,114178652,Brooklyn,Bedford-Stuyvesant,40.68278,-73.94362,Entire home/apt,110,30,3,3,312,3
594412451991256076,59642348,Queens,Flushing,40.75527,-73.80941,Entire home/apt,110,2,16,2,216,16
594426180864963364,435113656,Brooklyn,Sheepshead Bay,40.58698,-73.95057,Private room,65,1,14,1,125,14
592171917631654749,21918699,Manhattan,Harlem,40.81637,-73.94223,Private room,66,2,0,1,0,0
596388405340513388,452419611,Brooklyn,Crown Heights,40.67516,-73.91573,Private room,65,1,0,1,218,0
596392932950180348,326495,Brooklyn,Sunset Park,40.64485,-74.00547,Private room,80,4,1,2,83,1
594430764527683335,452039185,Brooklyn,Bushwick,40.68265,-73.90665,Private room,55,15,6,3,312,6
594578980893404198,27522582,Brooklyn,Bushwick,40.70274,-73.91694,Private room,55,30,3,2,31,3
596413252706204441,397299731,Manhattan,Flatiron District,40.74217910779914,-73.99111631805785,Entire home/apt,150,30,0,2,243,0
596413302681259342,397299731,Manhattan,Flatiron District,40.74252,-73.98965,Entire home/apt,165,30,0,2,243,0
596468144809993747,4267089,Brooklyn,Clinton Hill,40.6872,-73.96429,Private room,125,3,1,2,71,1
596497119456461474,414924887,Brooklyn,East Flatbush,40.64451,-73.94984,Entire home/apt,2500,1,0,5,365,0
592174108387820078,281923550,Manhattan,Upper East Side,40.77719,-73.96212,Entire home/apt,240,55,1,1,95,1
592225270972673470,169800089,Brooklyn,Brownsville,40.66331,-73.91096,Private room,85,1,22,2,94,22
594686068974696323,107434423,Manhattan,Midtown,40.75465899999999,-73.9721295,Entire home/apt,410,31,0,453,194,0
594686502384672497,107434423,Manhattan,Midtown,40.75465899999999,-73.9721295,Entire home/apt,380,31,0,453,268,0
594791050150433308,156518698,Brooklyn,Bushwick,40.70351,-73.9255,Private room,127,5,20,1,74,20
592231928282119554,54799031,Bronx,Clason Point,40.82037,-73.86435,Entire home/apt,73,1,23,1,231,23
592529354391161532,107434423,Manhattan,Midtown,40.75465899999999,-73.9721295,Entire home/apt,501,31,0,453,249,0
594818355675207868,450955146,Brooklyn,Bushwick,40.68549,-73.9101,Private room,89,1,18,3,85,18
594822356936564664,402052525,Brooklyn,Bushwick,40.69343,-73.91765,Entire home/apt,250,1,9,1,333,9
592573997737825938,139572572,Queens,Springfield Gardens,40.67194,-73.763382,Entire home/apt,176,2,19,4,229,19
592596359048036744,450110348,Manhattan,Lower East Side,40.72001,-73.9805,Entire home/apt,1000,2,18,1,155,18
592679984594951626,152599955,Queens,Richmond Hill,40.69394,-73.83453,Entire home/apt,117,1,11,2,297,11
592695797572579713,450794152,Manhattan,Harlem,40.81759,-73.94356,Private room,80,1,24,1,262,24
592710334419347700,115415245,Brooklyn,Bushwick,40.69967,-73.92958,Entire home/apt,209,3,12,1,2,12
596511810816093452,452443129,Queens,Woodside,40.74209,-73.9022,Private room,55,1,36,1,144,36
596512278469794494,440921674,Queens,Elmhurst,40.73235,-73.8855,Shared room,124,1,5,13,358,5
596518835823480519,440921674,Queens,Elmhurst,40.73229,-73.88463,Private room,116,1,6,13,358,6
596598816648255645,67587078,Queens,Laurelton,40.67303,-73.74052,Entire home/apt,203,2,14,3,357,14
596682169083600631,373012338,Queens,College Point,40.7886,-73.84113,Private room,70,2,3,4,172,3
596730636088503914,437153923,Brooklyn,Flatbush,40.6513,-73.95778,Entire home/apt,202,2,30,4,199,30
596776713755259254,437153923,Brooklyn,Flatbush,40.65199,-73.95816,Entire home/apt,228,2,24,4,316,24
596785609419549577,437153923,Brooklyn,Flatbush,40.65199,-73.95968,Entire home/apt,200,2,20,4,197,20
596914371552942801,308165996,Brooklyn,Bushwick,40.69832,-73.92919,Private room,156,3,0,4,4,0
596935142036521651,452518213,Brooklyn,Bedford-Stuyvesant,40.68433,-73.95391,Entire home/apt,245,2,16,1,216,16
596946485985538229,81987487,Queens,Belle Harbor,40.57468,-73.85603,Entire home/apt,200,30,14,1,345,14
596962762323776347,17152076,Manhattan,Harlem,40.83152,-73.94823,Private room,75,30,0,4,311,0
594859847556574945,302903408,Brooklyn,Boerum Hill,40.68516,-73.99041,Entire home/apt,1220,4,3,5,354,3
594895096931762978,3961636,Brooklyn,Prospect-Lefferts Gardens,40.66295,-73.952,Entire home/apt,123,30,4,1,243,4
596986224454269512,15123868,Staten Island,Tompkinsville,40.63711,-74.08768,Entire home/apt,135,4,24,3,326,24
597000970570120527,20023288,Brooklyn,Fort Greene,40.68645,-73.97153,Entire home/apt,550,6,10,1,186,10
592736448808176674,451677867,Queens,Astoria,40.76515,-73.91611,Entire home/apt,130,30,1,1,265,1
594910972144731765,452136788,Bronx,Concourse,40.83391,-73.91961,Private room,100,1,0,1,363,0
592755817357492854,92813058,Brooklyn,Crown Heights,40.6685,-73.9588,Entire home/apt,250,2,10,1,17,10
592770456978707178,385129361,Manhattan,Upper West Side,40.79779,-73.96226,Entire home/apt,85,30,1,48,310,1
592792065572746024,10387090,Brooklyn,Bushwick,40.68351,-73.90968,Private room,47,28,1,10,313,1
597013333352448220,386896345,Brooklyn,Bedford-Stuyvesant,40.69062,-73.93086,Entire home/apt,213,2,12,1,249,12
594914131275091113,49500419,Brooklyn,East Flatbush,40.65404,-73.91743,Entire home/apt,160,2,11,2,53,11
594931578623671824,48005494,Manhattan,Theater District,40.76156,-73.98524,Entire home/apt,178,30,1,38,257,1
594948461474186390,226931496,Bronx,Mount Hope,40.84856,-73.90076,Entire home/apt,135,1,12,1,340,12
592807382404663065,142716783,Brooklyn,Canarsie,40.63258,-73.8931,Entire home/apt,139,1,27,1,354,27
594977987499279648,21100276,Manhattan,Upper West Side,40.79353,-73.97246,Entire home/apt,344,7,3,1,14,3
594978188146529787,169584006,Manhattan,Chinatown,40.7134,-73.9964,Private room,160,2,7,2,324,7
594978227209109001,169584006,Manhattan,Chinatown,40.71301,-73.99594,Private room,150,2,9,2,267,9
595024103110658424,32601368,Brooklyn,Bushwick,40.69011,-73.91769,Entire home/apt,120,1,1,2,23,1
595046810022277356,60350045,Brooklyn,Boerum Hill,40.68608,-73.98334,Entire home/apt,1000,5,4,3,0,4
595055837436128405,450580547,Manhattan,Upper West Side,40.79623,-73.966,Entire home/apt,270,30,0,30,250,0
595080840433512154,440921674,Queens,Elmhurst,40.73254,-73.88431,Entire home/apt,245,1,18,13,358,18
595113016365798234,440921674,Queens,Elmhurst,40.73037,-73.88553,Entire home/apt,209,1,7,13,353,7
595119540402556479,103896024,Brooklyn,Crown Heights,40.67168,-73.95451,Entire home/apt,120,90,0,1,363,0
597027528927381973,452546500,Brooklyn,Brighton Beach,40.57784,-73.9576,Entire home/apt,200,5,2,1,0,2
597038606986562184,229274328,Manhattan,Midtown,40.75194,-73.98443,Entire home/apt,280,29,0,5,342,0
595140202020162685,386127623,Queens,Ditmars Steinway,40.78167,-73.91903,Entire home/apt,242,1,30,2,235,30
595155242173672163,297794139,Manhattan,Washington Heights,40.85326,-73.93089,Private room,36,30,0,3,94,0
595183725540841816,451535871,Manhattan,Upper East Side,40.76718,-73.95638,Entire home/apt,300,4,7,1,0,7
595269920508733779,107434423,Manhattan,Midtown,40.75262,-73.989752,Entire home/apt,665,31,0,453,355,0
595491366424087670,107434423,Manhattan,Midtown,40.75478,-73.96689,Entire home/apt,306,31,0,453,339,0
595493885880857115,107434423,Manhattan,Hell's Kitchen,40.76778789999999,-73.99174099999999,Entire home/apt,516,31,0,453,347,0
595503202425068417,450580547,Manhattan,Upper West Side,40.79609,-73.96585,Entire home/apt,265,30,0,30,256,0
595528055387349071,961809,Manhattan,Tribeca,40.71681,-74.01145,Entire home/apt,279,2,6,1,61,6
597077746482427681,452562548,Manhattan,Upper East Side,40.77581,-73.94438,Entire home/apt,550,30,0,1,69,0
597087942704646402,235676280,Brooklyn,Williamsburg,40.70636,-73.96721,Entire home/apt,302,3,16,2,321,16
595543365276878517,448326434,Brooklyn,Brooklyn Heights,40.6953,-73.99434,Entire home/apt,194,30,3,35,308,3
595613559093932418,9013390,Queens,Ridgewood,40.70752,-73.91413,Private room,175,3,0,1,280,0
592834900444689990,166199588,Queens,Howard Beach,40.65963149461838,-73.8555832944969,Shared room,48,1,1,1,90,1
592858838022271146,240907115,Brooklyn,Bushwick,40.687252,-73.914734,Entire home/apt,250,3,18,3,148,18
592867681828592003,23219783,Manhattan,West Village,40.73022,-74.00291,Entire home/apt,449,5,11,2,40,11
595617923877585042,450580547,Manhattan,Upper West Side,40.79357,-73.96705,Entire home/apt,245,30,0,30,341,0
595630370728062732,22541573,Manhattan,Midtown,40.74456841814924,-73.98510178127465,Entire home/apt,422,30,0,131,345,0
595639724782864314,390870857,Brooklyn,Crown Heights,40.67176,-73.94097,Private room,88,1,5,1,326,5
595652970230241413,35391290,Bronx,Kingsbridge,40.88131,-73.90092,Entire home/apt,125,1,11,1,331,11
595656476182329187,357452194,Bronx,Claremont Village,40.84057124817014,-73.9089624342868,Private room,70,2,0,1,354,0
592914921857097651,76894670,Queens,East Elmhurst,40.75758587440351,-73.89858989003156,Entire home/apt,170,2,9,1,346,9
592923226218573943,450814519,Bronx,Clason Point,40.80788,-73.85032,Private room,85,2,1,3,340,1
592924784446503173,379993600,Queens,Jamaica Estates,40.72249,-73.80087,Entire home/apt,369,3,20,4,103,20
592980632803150406,436046447,Manhattan,Hell's Kitchen,40.760383,-73.9945111,Entire home/apt,350,2,6,1,279,6
593183941610843619,384665265,Bronx,Edenwald,40.88993,-73.83335,Entire home/apt,226,2,3,2,156,3
593310907721075575,159598333,Manhattan,Upper East Side,40.78337,-73.94518,Entire home/apt,204,30,1,12,364,1
593311739520917774,16677326,Manhattan,Chelsea,40.748657,-73.995651,Private room,92,1,25,22,337,25
593313785791808495,16677326,Manhattan,Chelsea,40.748657,-73.995651,Private room,92,1,23,22,332,23
593316964280217576,16677326,Manhattan,Chelsea,40.748657,-73.995651,Private room,92,1,26,22,347,26
593319440576650839,16677326,Manhattan,Chelsea,40.748657,-73.995651,Private room,92,1,20,22,339,20
593322347340602809,16677326,Manhattan,Chelsea,40.74807,-73.99646,Private room,92,1,36,22,315,36
597118692573482751,71584494,Manhattan,Upper West Side,40.7874,-73.97308,Entire home/apt,220,3,5,1,251,5
597126282892154881,210032296,Brooklyn,East Flatbush,40.66234,-73.93142,Entire home/apt,280,2,8,3,352,8
595694019493581522,302924,Brooklyn,Bushwick,40.69292,-73.92566,Private room,80,29,6,4,251,6
595726135900357065,26454866,Manhattan,Upper East Side,40.77066,-73.95756,Entire home/apt,112,3,9,1,0,9
597137689589326557,15531096,Queens,East Elmhurst,40.75885,-73.87661,Private room,80,2,0,1,0,0
597158998658162611,38759249,Brooklyn,Greenpoint,40.71930730861025,-73.95164769506592,Entire home/apt,450,14,0,1,280,0
597180195652908133,420445980,Queens,Long Island City,40.75845,-73.94177,Private room,147,1,31,7,338,31
597239842908443426,1607879,Brooklyn,Williamsburg,40.70804,-73.96801,Entire home/apt,295,5,2,1,0,2
593352965728095819,82930,Queens,Glendale,40.69767,-73.89581,Entire home/apt,265,3,5,1,0,5
595746228812859076,326725787,Queens,Sunnyside,40.7464,-73.91727,Entire home/apt,137,30,22,4,289,22
595762919778849454,413204967,Queens,Ditmars Steinway,40.77467,-73.90944,Private room,75,1,10,13,348,10
595768693873618147,285523117,Manhattan,Chinatown,40.71391,-73.9922,Entire home/apt,235,30,1,3,259,1
595816159236044697,20909466,Brooklyn,Fort Greene,40.6882,-73.97392,Entire home/apt,295,2,1,1,65,1
595830031913916190,3223938,Brooklyn,East Flatbush,40.65436,-73.94885,Private room,36,90,0,288,260,0
595846256302177751,450580547,Manhattan,Upper West Side,40.79591,-73.96775,Entire home/apt,340,30,0,30,222,0
595846884466840331,450580547,Manhattan,Upper West Side,40.79646,-73.96755,Entire home/apt,340,30,0,30,332,0
595847929549084101,450580547,Manhattan,Upper West Side,40.79469,-73.96682,Entire home/apt,195,30,0,30,311,0
595855363628777516,450580547,Manhattan,Upper West Side,40.79384,-73.96743,Entire home/apt,255,30,0,30,254,0
595856822954795580,450580547,Manhattan,Upper West Side,40.79406,-73.96671,Entire home/apt,290,30,0,30,311,0
595859347252327120,450580547,Manhattan,Upper West Side,40.79448,-73.96683,Entire home/apt,315,30,0,30,351,0
597998837109223481,452776580,Brooklyn,East Flatbush,40.64814,-73.92132,Entire home/apt,123,1,18,1,360,18
598007984813034204,452778731,Queens,Jackson Heights,40.74934,-73.88458,Private room,85,1,17,2,353,17
598016643587697531,17048787,Brooklyn,Williamsburg,40.71556,-73.95984,Entire home/apt,350,5,2,2,65,2
598034608461836405,264518436,Bronx,Williamsbridge,40.87391,-73.85732,Private room,70,30,1,2,363,1
598042449965026150,3223938,Brooklyn,Crown Heights,40.66476,-73.95269,Private room,37,90,0,288,280,0
598058644642768945,373012338,Queens,College Point,40.7869,-73.84178,Private room,70,2,2,4,166,2
598061003566841174,373012338,Queens,College Point,40.78674,-73.84053,Private room,70,2,4,4,172,4
598163738028486177,185724116,Brooklyn,Canarsie,40.63262,-73.91316,Entire home/apt,147,3,12,2,75,12
598371691339736940,22840018,Brooklyn,Fort Greene,40.68821,-73.97552,Entire home/apt,390,2,5,1,43,5
598373977066734275,101309858,Manhattan,East Harlem,40.80168,-73.93856,Private room,80,2,15,1,94,15
598418961025528178,388603242,Manhattan,Midtown,40.747211,-73.987808,Entire home/apt,443,1,1,12,121,1
597272912883179327,164453630,Manhattan,Inwood,40.86781,-73.92091,Private room,81,1,7,1,79,7
597282609891118506,9598889,Brooklyn,Prospect-Lefferts Gardens,40.65724,-73.94861,Private room,140,1,3,3,56,3
597282783602640574,131976173,Brooklyn,Williamsburg,40.70733,-73.92931,Private room,101,2,11,2,345,11
598423415434781224,388603242,Manhattan,Midtown,40.747211,-73.987808,Entire home/apt,480,1,0,12,62,0
598428972310981226,388603242,Manhattan,Midtown,40.747211,-73.987808,Entire home/apt,218,1,0,12,179,0
598445812098306608,113986628,Brooklyn,Brighton Beach,40.58057,-73.96541,Private room,86,1,4,4,340,4
598447549475336179,70142755,Queens,Sunnyside,40.73945,-73.92544,Private room,65,5,0,3,0,0
598451687067310074,388603242,Manhattan,Midtown,40.747211,-73.987808,Entire home/apt,247,1,1,12,187,1
598456006209498021,388603242,Manhattan,Midtown,40.747211,-73.987808,Entire home/apt,312,1,0,12,99,0
598459577490449094,388603242,Manhattan,Midtown,40.747211,-73.987808,Entire home/apt,251,1,0,12,72,0
598474382975521096,452864652,Manhattan,Lower East Side,40.71983,-73.98524,Private room,60,30,2,1,341,2
597285637957932599,24047387,Brooklyn,Bedford-Stuyvesant,40.69096,-73.95473,Entire home/apt,200,9,1,1,11,1
597288356012627205,130777278,Brooklyn,Crown Heights,40.67194,-73.95617,Entire home/apt,196,2,19,3,307,19
597289755839525723,407304997,Manhattan,Financial District,40.71007,-74.00731,Entire home/apt,333,30,1,5,248,1
597293762881765844,193308443,Brooklyn,Carroll Gardens,40.68034,-74.00267,Entire home/apt,245,3,22,1,40,22
597304555711876002,206722794,Manhattan,Chinatown,40.71468,-73.99097,Entire home/apt,250,30,1,4,280,1
597333523568921279,107183778,Queens,Flushing,40.768284,-73.831322,Private room,128,1,1,4,23,1
593413853901361166,413300516,Queens,Rosedale,40.66233576271832,-73.73118435094165,Entire home/apt,150,2,0,1,57,0
593460935766034435,4281159,Manhattan,Upper East Side,40.783531,-73.949905,Entire home/apt,330,30,1,1,70,1
593463956519354168,216375039,Manhattan,East Harlem,40.79414,-73.93651,Private room,72,2,10,2,211,10
593501952523775505,69710431,Manhattan,East Harlem,40.80902,-73.93748,Private room,99,2,0,1,349,0
593509372268819068,1700108,Brooklyn,Greenpoint,40.72097,-73.94441,Entire home/apt,300,10,0,1,110,0
593526861350303210,29658719,Manhattan,Midtown,40.750832,-73.984917,Entire home/apt,250,27,0,3,300,0
593539645856888063,89162637,Manhattan,Harlem,40.81538,-73.94472,Entire home/apt,325,1,4,3,346,4
593543757740241563,82363341,Brooklyn,Sunset Park,40.63597,-74.00936,Entire home/apt,155,1,26,3,305,26
598488193327054398,388603242,Manhattan,Midtown,40.747211,-73.987808,Entire home/apt,256,1,0,12,283,0
598499099324319670,388603242,Manhattan,Midtown,40.747211,-73.987808,Entire home/apt,337,1,0,12,185,0
598503098845264438,388603242,Manhattan,Midtown,40.747211,-73.987808,Entire home/apt,355,1,0,12,137,0
598507858224426373,388603242,Manhattan,Midtown,40.747211,-73.987808,Entire home/apt,422,1,0,12,175,0
598542208998127367,452868279,Manhattan,Theater District,40.76013,-73.98698,Entire home/apt,699,1,0,2,159,0
597375402315843266,452631152,Queens,Springfield Gardens,40.67337,-73.75467,Private room,66,3,2,1,358,2
597625905093766887,7244025,Queens,Astoria,40.76529,-73.92375,Entire home/apt,175,30,0,1,249,0
598542647028006784,452868279,Manhattan,Theater District,40.7602,-73.98721,Entire home/apt,699,1,0,2,159,0
598549313819750296,452868879,Manhattan,Theater District,40.76241,-73.98476,Entire home/apt,756,1,0,2,30,0
597665590563493314,8275765,Brooklyn,Prospect-Lefferts Gardens,40.66154,-73.95504,Entire home/apt,240,7,1,1,0,1
593555804094235891,130351126,Manhattan,Chinatown,40.7186,-73.99593,Entire home/apt,285,6,6,1,70,6
600013989830559229,156047478,Manhattan,Harlem,40.81731,-73.93886,Entire home/apt,80,30,2,7,225,2
598568696186850237,437502426,Bronx,Williamsbridge,40.87338,-73.85567,Entire home/apt,129,2,0,3,156,0
598569859579370750,452882678,Queens,Woodside,40.74757,-73.90416,Private room,50,2,22,1,2,22
598570700663448652,78933804,Brooklyn,Prospect-Lefferts Gardens,40.66338,-73.95263,Entire home/apt,225,3,7,1,0,7
600065680764042489,761943,Brooklyn,Bedford-Stuyvesant,40.679787,-73.910324,Entire home/apt,225,7,1,1,257,1
600101578919505892,422234306,Brooklyn,Sunset Park,40.65025,-74.00033,Private room,169,1,61,3,365,61
600104924563455458,403471033,Manhattan,Upper East Side,40.78038,-73.94661,Shared room,74,2,7,8,64,7
597672091091283256,452685778,Bronx,Williamsbridge,40.87911,-73.86093,Entire home/apt,110,2,12,1,359,12
597687860406137357,401202937,Manhattan,Midtown,40.7477,-73.98687,Entire home/apt,213,1,8,51,62,8
597698173411910232,22297226,Brooklyn,Williamsburg,40.71111,-73.95854,Entire home/apt,699,3,0,2,356,0
597698826425227070,131976173,Brooklyn,Williamsburg,40.70525,-73.92908,Private room,84,2,20,2,340,20
598578807994507686,280818586,Queens,Corona,40.73677,-73.86087,Private room,149,2,0,1,348,0
597703114046366624,4108348,Queens,Astoria,40.757579659819406,-73.91940853813192,Private room,87,2,1,1,24,1
597718778567323914,404940500,Brooklyn,Gowanus,40.68025,-73.99082,Entire home/apt,576,30,0,12,281,0
600127034703248901,133773829,Manhattan,Upper East Side,40.77278,-73.96574,Private room,500,1,0,1,329,0
600175905834559693,364261771,Queens,Sunnyside,40.74422,-73.91542,Entire home/apt,125,2,14,1,5,14
600238789702781588,245002893,Queens,Ozone Park,40.683128,-73.853355,Private room,96,1,7,5,360,7
600263116064127765,399865453,Manhattan,Nolita,40.72237234123012,-73.9953633304585,Entire home/apt,199,30,1,10,228,1
598587284713275124,411757598,Bronx,Woodlawn,40.89716,-73.86653,Entire home/apt,198,2,14,1,337,14
598600568938104304,428639770,Manhattan,Upper West Side,40.77866,-73.97469,Entire home/apt,189,30,0,5,292,0
598614124456816291,438793405,Brooklyn,Park Slope,40.66946,-73.97988,Entire home/apt,95,30,0,3,255,0
598623778226704910,438793405,Brooklyn,Park Slope,40.66997,-73.98068,Entire home/apt,90,10,0,3,249,0
598683745595378442,64456945,Queens,St. Albans,40.69188,-73.76669,Entire home/apt,140,3,0,3,349,0
598713051061239312,410066428,Brooklyn,East Flatbush,40.663673,-73.939026,Entire home/apt,185,30,5,4,342,5
598725679121375443,2219255,Brooklyn,Flatbush,40.64378,-73.96314,Private room,63,3,2,8,219,2
598726616764874109,2219255,Brooklyn,Flatbush,40.64318,-73.96534,Private room,69,3,14,8,0,14
598898744269747553,273984177,Bronx,Castle Hill,40.8159,-73.84673,Entire home/apt,155,30,0,1,361,0
600273870163702857,4587045,Manhattan,Midtown,40.752655,-73.972481,Entire home/apt,350,2,5,2,0,5
600379125303966544,453271960,Queens,St. Albans,40.69879,-73.75476,Entire home/apt,130,1,11,1,16,11
600516115073736856,401709949,Brooklyn,Bushwick,40.69987841748675,-73.93881884222256,Private room,55,30,0,20,267,0
600532423835281204,401709949,Brooklyn,Bedford-Stuyvesant,40.69794659912875,-73.93927899368326,Private room,52,30,1,20,290,1
600578373470638020,293259373,Bronx,Wakefield,40.88664,-73.85653,Entire home/apt,84,3,5,1,360,5
600629710038707088,29582882,Manhattan,Midtown,40.75453,-73.97207,Entire home/apt,278,30,1,9,139,1
600638699304128956,411757269,Queens,Elmhurst,40.73496,-73.87213,Private room,90,1,18,3,81,18
600668206021723562,156047478,Manhattan,Harlem,40.81547,-73.939,Entire home/apt,80,30,3,7,235,3
600681182902414408,284110817,Queens,Astoria,40.77015,-73.9217,Private room,80,1,11,4,343,11
600689136569265409,284110817,Queens,Astoria,40.77077,-73.92104,Private room,85,1,38,4,321,38
600691302977825865,411757269,Queens,Elmhurst,40.73477,-73.87259,Private room,83,1,26,3,347,26
597719643520633930,452699674,Brooklyn,East Flatbush,40.65289,-73.94893,Private room,80,2,6,1,4,6
597731742719109772,325305411,Brooklyn,East New York,40.66273,-73.86296,Entire home/apt,146,4,2,3,124,2
597752885764924164,388603242,Manhattan,Midtown,40.747211,-73.987808,Entire home/apt,412,1,2,12,122,2
597789124417139922,662225,Brooklyn,Williamsburg,40.71809,-73.94444,Entire home/apt,282,2,28,1,281,28
597883789044497552,452039185,Brooklyn,Bushwick,40.68253,-73.90618,Private room,75,15,6,3,323,6
597885471876205835,4483467,Brooklyn,Greenpoint,40.73122,-73.95612,Entire home/apt,298,4,8,5,339,8
597927396772773186,308799237,Manhattan,Chinatown,40.71568,-73.99846,Private room,107,1,6,3,330,6
598923105171759382,224733902,Manhattan,Upper East Side,40.77123,-73.95756,Entire home/apt,117,30,2,7,139,2
598928506031816181,17981136,Bronx,Belmont,40.85406,-73.88169,Entire home/apt,250,2,7,1,353,7
597938230465576741,7632976,Manhattan,Stuyvesant Town,40.73567,-73.97858,Entire home/apt,336,3,7,1,202,7
598971777205024066,156505456,Brooklyn,East New York,40.66272,-73.88874,Private room,97,2,8,32,365,8
599001381404432251,176950173,Manhattan,Midtown,40.76551,-73.9761,Entire home/apt,381,1,0,14,354,0
599002218223457317,176950173,Manhattan,Midtown,40.76469,-73.97678,Entire home/apt,502,1,0,14,353,0
599017022512024975,11052073,Brooklyn,South Slope,40.66686,-73.98871,Entire home/apt,298,2,25,1,287,25
600714461239733244,67985770,Manhattan,Harlem,40.81723,-73.94195,Private room,61,30,0,6,0,0
600749417301373079,22541573,Manhattan,Chelsea,40.7406,-74.0014,Entire home/apt,177,30,0,131,332,0
599077997645477697,107434423,Brooklyn,Cobble Hill,40.68981,-73.99354,Entire home/apt,537,31,0,453,290,0
599098128758448901,107434423,Brooklyn,Cobble Hill,40.68983,-73.99362,Entire home/apt,425,31,0,453,338,0
599143209722954392,453020340,Queens,Richmond Hill,40.68604154476619,-73.8094594728307,Entire home/apt,89,4,3,1,242,3
597954350493884290,262685334,Queens,Flushing,40.7747236155296,-73.82094148785993,Private room,85,1,12,3,352,12
597969885247637115,42906017,Manhattan,Harlem,40.81034,-73.94655,Entire home/apt,339,2,5,1,294,5
597970057292470584,295247374,Queens,East Elmhurst,40.76258,-73.8685,Private room,58,1,19,7,17,19
597974917199023399,383117231,Brooklyn,Bedford-Stuyvesant,40.685059,-73.939636,Entire home/apt,122,30,0,3,341,0
599150267090624036,450802789,Brooklyn,Sunset Park,40.6642951965332,-73.99492645263672,Entire home/apt,580,2,22,2,144,22
599159525192358987,91111113,Manhattan,Washington Heights,40.83643,-73.94627,Entire home/apt,295,6,12,2,99,12
599163855232485384,205760,Manhattan,Hell's Kitchen,40.76209,-73.99326,Entire home/apt,174,30,1,5,293,1
597976937108992113,37870902,Brooklyn,Williamsburg,40.71505,-73.95734,Entire home/apt,200,30,2,1,107,2
597980544989694525,3711584,Brooklyn,Bedford-Stuyvesant,40.69358,-73.93535,Private room,85,4,7,2,164,7
597993460132521733,3711584,Brooklyn,Bedford-Stuyvesant,40.69311,-73.93507,Private room,75,4,7,2,341,7
600759169403150290,374173052,Manhattan,Chelsea,40.74696,-73.99154,Shared room,93,3,11,9,76,11
600759828448354151,374173052,Manhattan,Midtown,40.74615,-73.98957,Shared room,96,3,1,9,60,1
599195849599526992,429999185,Brooklyn,Williamsburg,40.70982,-73.94926,Private room,120,30,0,1,0,0
599220967709928435,273411799,Queens,Laurelton,40.67761,-73.74822,Private room,109,1,28,5,360,28
599227074172706739,273411799,Queens,Laurelton,40.67703,-73.74652,Private room,75,1,21,5,360,21
599237876249346002,550317,Brooklyn,Greenpoint,40.72591,-73.95089,Entire home/apt,240,5,5,2,18,5
599244145452635236,380729610,Queens,Edgemere,40.594929,-73.770699,Entire home/apt,460,1,16,3,358,16
599251918553440746,26349246,Brooklyn,Crown Heights,40.67273,-73.95385,Entire home/apt,514,1,25,5,61,25
599256513633250977,448645046,Queens,Astoria,40.76664,-73.91744,Entire home/apt,119,30,3,1,311,3
599269770379754978,256296169,Manhattan,Hell's Kitchen,40.7629,-73.98758,Entire home/apt,279,3,2,1,49,2
599270764086068018,403471033,Manhattan,Upper East Side,40.78129,-73.94816,Shared room,74,2,11,8,249,11
599276310569087960,61408134,Manhattan,Upper East Side,40.76497183750785,-73.96372627150384,Private room,571,1,2,11,361,2
599288089650603942,374173052,Manhattan,Midtown,40.74594,-73.98987,Shared room,96,3,8,9,70,8
599296264416551869,450666369,Brooklyn,Sunset Park,40.65962,-73.99964,Private room,999,1,4,1,124,4
600771572262826033,453374858,Brooklyn,Bath Beach,40.601575030412775,-73.99526561002374,Private room,80,1,4,1,363,4
602694972173687561,452278012,Manhattan,Theater District,40.76049,-73.98599,Entire home/apt,402,1,2,2,170,2
602695422244135244,452278012,Manhattan,Theater District,40.76083,-73.98568,Entire home/apt,699,1,0,2,159,0
602753544351230553,67985770,Manhattan,Harlem,40.81796,-73.94163,Private room,64,301,0,6,341,0
602757253749505221,103713745,Manhattan,Harlem,40.80847,-73.94726,Entire home/apt,160,1,26,1,177,26
602763112123283056,67985770,Manhattan,Harlem,40.81778,-73.94007,Private room,65,30,1,6,330,1
599329868068356438,453042300,Manhattan,Upper West Side,40.77527,-73.99042,Entire home/apt,564,3,16,1,1,16
602777088581961008,236369220,Manhattan,Nolita,40.72136,-73.99617,Entire home/apt,278,3,9,1,0,9
602780849247393930,48863708,Manhattan,East Harlem,40.79110296885559,-73.9403059881637,Entire home/apt,199,1,1,2,333,1
602813218379676972,83143535,Brooklyn,Fort Greene,40.6886,-73.97863,Entire home/apt,230,5,10,14,313,10
602823682550416384,67985770,Manhattan,Harlem,40.81584,-73.94056,Private room,64,30,1,6,327,1
602827356114645635,67985770,Manhattan,Harlem,40.81564,-73.94149,Private room,65,30,1,6,341,1
602831437262573485,453806741,Brooklyn,East Flatbush,40.65239,-73.95219,Entire home/apt,127,30,1,1,231,1
602833605446123047,67985770,Manhattan,Harlem,40.81746,-73.94181,Private room,62,30,1,6,1,1
602847514991741383,795109,Brooklyn,Crown Heights,40.67671,-73.94732,Entire home/apt,229,3,20,1,67,20
602852547523123933,5179523,Brooklyn,Williamsburg,40.71135,-73.94742,Entire home/apt,135,14,1,1,249,1
602928733998502439,14727039,Brooklyn,Greenpoint,40.73641,-73.95437,Entire home/apt,236,10,5,1,232,5
600774025249951299,168576240,Manhattan,Washington Heights,40.85157,-73.93187,Entire home/apt,213,2,14,1,335,14
600789121947178842,440921674,Queens,Elmhurst,40.731377,-73.884888,Private room,85,1,5,13,353,5
600798043720381095,429826037,Brooklyn,East New York,40.67561005195885,-73.89440533687817,Private room,43,30,1,12,349,1
599423382152258342,27187487,Bronx,Belmont,40.85608,-73.88659,Private room,37,1,2,1,214,2
599452961415418542,453101466,Brooklyn,Bedford-Stuyvesant,40.68119,-73.91066,Private room,84,2,6,1,336,6
600822967142770896,35209591,Brooklyn,Bushwick,40.69324,-73.90483,Entire home/apt,185,2,15,1,309,15
600844935719363174,408996132,Queens,Long Island City,40.75433,-73.93666,Entire home/apt,228,2,17,4,128,17
600857776412644712,408996132,Queens,Long Island City,40.75497,-73.93518,Entire home/apt,285,2,14,4,124,14
600861987233782144,408996132,Queens,Long Island City,40.7534,-73.93685,Entire home/apt,236,2,11,4,298,11
600867866783161086,370835210,Brooklyn,Brownsville,40.66357,-73.91732,Private room,83,1,0,1,249,0
600945940487006427,28980313,Queens,East Elmhurst,40.76641,-73.86587,Entire home/apt,158,1,30,2,351,30
600953895762341350,453028431,Brooklyn,Bushwick,40.68971,-73.91972,Entire home/apt,102,30,1,1,362,1
600990757662773731,423079881,Queens,Springfield Gardens,40.67102,-73.75635,Entire home/apt,186,2,24,1,167,24
602952577502027312,449001,Brooklyn,Williamsburg,40.70758,-73.94117,Private room,150,3,5,1,76,5
599466894517671462,73932051,Queens,Long Island City,40.74848,-73.93693,Private room,73,30,1,1,0,1
602971370945279067,364428427,Manhattan,Gramercy,40.735501979269166,-73.97981332963407,Private room,160,30,0,1,309,0
602989716661668567,128771508,Brooklyn,East Flatbush,40.64463,-73.92356,Entire home/apt,199,2,5,1,214,5
601189303598379053,259917183,Queens,Woodhaven,40.69242,-73.84917,Entire home/apt,80,3,15,1,216,15
599482408226607507,270575271,Manhattan,Upper West Side,40.79131,-73.96927,Entire home/apt,250,4,5,2,104,5
599501827859554602,380729610,Queens,Edgemere,40.59522,-73.77168,Entire home/apt,290,1,7,3,358,7
599521385504516024,380729610,Queens,Edgemere,40.596,-73.77114,Entire home/apt,380,1,5,3,358,5
599534800059575158,48194192,Brooklyn,Bedford-Stuyvesant,40.68562,-73.94938,Entire home/apt,310,1,0,1,0,0
601217462264206917,100758295,Manhattan,Lower East Side,40.70973,-73.99056,Private room,126,1,36,1,5,36
601217747633047716,40490484,Brooklyn,Crown Heights,40.672684,-73.948769,Entire home/apt,185,3,4,2,242,4
603033215967260276,453698319,Manhattan,SoHo,40.721,-73.99853,Entire home/apt,396,4,11,1,265,11
603053165683406487,40523974,Manhattan,East Village,40.72756,-73.98792,Entire home/apt,199,30,0,10,306,0
603081357231404769,315627828,Brooklyn,Prospect Heights,40.6738,-73.96367,Entire home/apt,321,1,2,1,307,2
603083900088109982,28720717,Manhattan,Financial District,40.709221,-74.013756,Entire home/apt,799,30,0,3,365,0
599716242752020810,156505456,Brooklyn,East New York,40.6627,-73.88894,Private room,66,1,11,32,359,11
599758795862252419,453152053,Bronx,Edenwald,40.88399,-73.84007,Entire home/apt,150,2,5,1,64,5
603102812031344663,29050715,Manhattan,Chelsea,40.74341,-74.00649,Entire home/apt,351,5,3,1,5,3
599780130229041931,235548617,Queens,Long Island City,40.75712,-73.93279,Private room,97,4,10,3,58,10
599806687631020705,374799676,Brooklyn,Sunset Park,40.644081,-74.013184,Private room,89,1,6,1,360,6
599853777003260434,21544501,Brooklyn,Bushwick,40.68931,-73.90541,Private room,71,1,3,2,249,3
599857800756664388,24771677,Queens,Bayside,40.76209,-73.77158,Entire home/apt,80,30,1,6,326,1
599879080655318978,264518436,Bronx,Williamsbridge,40.87307,-73.8586,Private room,70,30,0,2,363,0
599906169922777608,57885474,Bronx,Woodlawn,40.89831,-73.86433,Entire home/apt,149,3,6,5,365,6
599913472070034715,153524812,Queens,Astoria,40.76666,-73.92216,Private room,56,1,39,3,331,39
599991388795660334,219517861,Manhattan,Flatiron District,40.74265,-73.99032,Private room,520,2,46,71,362,46
599992429950840153,219517861,Manhattan,Flatiron District,40.74301,-73.98996,Private room,347,2,88,71,355,88
599992807763168166,219517861,Manhattan,Flatiron District,40.74245,-73.99145,Private room,584,2,1,71,348,1
599993984917025377,219517861,Manhattan,Flatiron District,40.74247,-73.98998,Private room,380,2,24,71,361,24
600011341366442097,162280872,Manhattan,Gramercy,40.73806,-73.98151,Entire home/apt,150,30,0,98,263,0
605122447577234298,405254288,Queens,Maspeth,40.72095,-73.90446,Entire home/apt,100,1,7,1,0,7
603116544106406166,453879641,Queens,Long Island City,40.74906,-73.9392,Entire home/apt,252,5,1,1,281,1
601259220652833877,355770584,Queens,Flushing,40.75549,-73.80447,Entire home/apt,150,1,10,7,166,10
601295190436961230,13351185,Brooklyn,Downtown Brooklyn,40.70095,-73.99086,Entire home/apt,498,7,2,2,10,2
601341275822151601,156583372,Bronx,Allerton,40.859352,-73.864983,Entire home/apt,153,3,13,5,75,13
601344149069397462,453478436,Brooklyn,Crown Heights,40.674141,-73.916435,Entire home/apt,214,1,44,1,282,44
601350126218309784,374173052,Manhattan,Chelsea,40.74775,-73.99099,Shared room,99,3,6,9,68,6
601374442722216589,30102777,Brooklyn,Bedford-Stuyvesant,40.69008,-73.94615,Entire home/apt,192,1,13,3,0,13
601387378295632609,223917190,Manhattan,Lower East Side,40.713,-73.99231,Entire home/apt,115,30,2,4,281,2
601395300140040942,223917190,Manhattan,Lower East Side,40.71314,-73.99226,Entire home/apt,130,30,1,4,288,1
601400178545759728,453491250,Queens,Queens Village,40.71573,-73.7393,Entire home/apt,127,2,14,1,339,14
605132368954258356,454319729,Queens,Belle Harbor,40.579536,-73.849854,Entire home/apt,201,1,14,1,337,14
601406423329071870,284563606,Manhattan,Kips Bay,40.74322,-73.97249,Entire home/apt,492,1,17,2,112,17
603130984339528689,10499050,Brooklyn,Williamsburg,40.71619,-73.95019,Entire home/apt,220,300,6,1,365,6
603145399437635044,305327549,Manhattan,Kips Bay,40.7451,-73.9769,Entire home/apt,339,14,0,5,350,0
603288724410012895,368465567,Queens,Jamaica,40.67331,-73.78034,Entire home/apt,300,1,14,6,343,14
605153978187086750,392166643,Brooklyn,Bedford-Stuyvesant,40.68738,-73.95282,Entire home/apt,115,2,6,1,299,6
605164221007634197,376426580,Brooklyn,Williamsburg,40.70812,-73.95491,Entire home/apt,145,1,17,4,297,17
603294817243034910,345932103,Manhattan,Hell's Kitchen,40.75728,-73.99252,Entire home/apt,260,1,3,1,68,3
603315506762043698,401709949,Brooklyn,Bedford-Stuyvesant,40.697918768503314,-73.94057093742481,Private room,65,30,1,20,250,1
603323604235900959,401709949,Brooklyn,Bushwick,40.69921623481776,-73.93860955198576,Private room,62,30,0,20,265,0
603328520876979359,401709949,Brooklyn,Bedford-Stuyvesant,40.69804,-73.93887,Private room,62,30,0,20,218,0
601410914087072537,1140882,Brooklyn,Fort Greene,40.68891,-73.97866,Private room,70,4,8,5,299,8
601412143806079747,30102777,Manhattan,Harlem,40.82188,-73.94492,Entire home/apt,187,2,22,3,1,22
601436798783503804,108030899,Brooklyn,East Flatbush,40.64584,-73.94829,Entire home/apt,414,4,21,2,128,21
601440037532576739,1140882,Brooklyn,Fort Greene,40.68851,-73.97873,Private room,68,3,4,5,343,4
601450993668834041,14438618,Brooklyn,Bedford-Stuyvesant,40.68527,-73.93111,Entire home/apt,182,1,9,1,252,9
601479039418613971,120974884,Brooklyn,Boerum Hill,40.68737,-73.98951,Entire home/apt,243,30,5,4,165,5
601505669534400589,42329946,Brooklyn,Bushwick,40.69281,-73.92333,Entire home/apt,125,30,4,3,75,4
601536270677848126,3181155,Queens,Elmhurst,40.73778,-73.8762,Entire home/apt,130,30,1,1,118,1
601597656028049750,153988027,Queens,Sunnyside,40.743088,-73.923729,Entire home/apt,250,5,16,6,275,16
601620082962714688,388575050,Brooklyn,Canarsie,40.64536,-73.90504,Entire home/apt,500,1,39,4,346,39
605175219498033787,77404637,Manhattan,East Harlem,40.80129,-73.94207,Entire home/apt,416,2,14,1,98,14
603354533126083220,373999338,Manhattan,Hell's Kitchen,40.75443,-73.99454,Entire home/apt,481,1,10,1,89,10
605201470536167919,454333811,Brooklyn,Williamsburg,40.707535,-73.955887,Private room,109,2,5,6,119,5
605236877539266412,155316875,Brooklyn,Bushwick,40.69048828786934,-73.90452864343536,Private room,94,1,12,2,361,12
605251128906230102,39808438,Brooklyn,Williamsburg,40.7106,-73.96604,Entire home/apt,379,30,0,2,78,0
605253940985202922,378759597,Queens,Sunnyside,40.74233,-73.92551,Private room,99,1,12,4,161,12
605259537506298767,454345669,Queens,Long Island City,40.7446,-73.94692,Entire home/apt,153,3,14,1,106,14
605263422644130693,108030899,Brooklyn,East Flatbush,40.64507,-73.94629,Entire home/apt,623,4,11,2,132,11
605296474986618167,454352655,Queens,Jamaica,40.68134,-73.77365,Private room,272,5,0,1,363,0
603398647796312595,453929627,Manhattan,East Harlem,40.79303,-73.93517,Entire home/apt,143,2,4,1,38,4
603425403813769583,386334460,Manhattan,Hell's Kitchen,40.75409,-73.99481,Entire home/apt,498,1,3,2,105,3
603490725719798391,51589519,Manhattan,East Harlem,40.79149,-73.94835,Entire home/apt,156,30,0,14,329,0
603516984683399236,6763838,Brooklyn,Clinton Hill,40.68706,-73.96501,Entire home/apt,700,5,5,1,18,5
603532558526028735,123527938,Brooklyn,Williamsburg,40.70496,-73.93606,Private room,88,30,6,5,156,6
603539174726042755,86771798,Manhattan,Midtown,40.764,-73.97792,Entire home/apt,155,75,0,30,280,0
601621921556384429,273596828,Brooklyn,Bedford-Stuyvesant,40.68316,-73.93811,Entire home/apt,255,7,5,1,342,5
605300020193610016,91646104,Queens,Woodside,40.74416550201525,-73.90967909637006,Entire home/apt,245,3,12,3,63,12
605333386447581046,378759597,Queens,Sunnyside,40.74272,-73.92543,Private room,109,1,20,4,156,20
605351839141162290,442527965,Manhattan,Financial District,40.70523,-74.00749,Entire home/apt,136,4,5,1,0,5
601643366462947554,19338074,Manhattan,Theater District,40.76221,-73.98308,Entire home/apt,208,30,1,1,251,1
601684518197356654,205760,Manhattan,Hell's Kitchen,40.76293,-73.99549,Entire home/apt,225,30,1,5,335,1
601690867947727847,1519648,Brooklyn,Bedford-Stuyvesant,40.68584,-73.91911,Entire home/apt,211,3,15,1,319,15
601725208869031936,129309053,Manhattan,Upper West Side,40.77125424519434,-73.99091407145043,Entire home/apt,457,4,3,1,78,3
601740200226824684,210040180,Queens,Jamaica,40.67899,-73.78987,Private room,94,1,9,5,259,9
601751022435789266,210040180,Queens,Jamaica,40.68092,-73.78946,Private room,38,1,9,5,70,9
601809481239819914,170566147,Manhattan,East Village,40.72706711272917,-73.98432447928685,Entire home/apt,160,30,0,2,364,0
603547987619834273,8558145,Brooklyn,Williamsburg,40.70609,-73.94216,Entire home/apt,149,7,5,1,289,5
603561478013469067,453975705,Brooklyn,East New York,40.673218,-73.897003,Private room,173,1,22,1,365,22
605466707368188547,365350027,Manhattan,Hell's Kitchen,40.75487,-73.99305,Entire home/apt,429,1,6,1,89,6
603613025139199279,2664763,Brooklyn,Bedford-Stuyvesant,40.69295,-73.94782,Private room,145,16,3,2,144,3
603614312501820826,56775629,Queens,Bellerose,40.72756,-73.72987,Entire home/apt,97,1,35,1,77,35
603665411466936794,34906299,Manhattan,Upper East Side,40.76526,-73.97171,Entire home/apt,10000,7,0,1,365,0
602018638543355450,89483556,Manhattan,SoHo,40.72361,-74.00231,Entire home/apt,2257,2,6,1,101,6
602019372802508438,156583372,Bronx,Allerton,40.859352,-73.864983,Private room,61,3,10,5,76,10
602025114429221635,385750812,Manhattan,Hell's Kitchen,40.76082,-73.99979,Entire home/apt,956,3,24,1,0,24
602029215213888162,156583372,Bronx,Allerton,40.859352,-73.864983,Private room,61,3,13,5,69,13
605536571714592156,119301523,Queens,South Ozone Park,40.66735,-73.8075,Private room,85,1,1,4,0,1
605574696276927945,228590032,Brooklyn,Crown Heights,40.67539,-73.92655,Entire home/apt,234,2,18,3,95,18
605583991244171226,27181542,Manhattan,Upper East Side,40.77156,-73.95503,Entire home/apt,170,30,0,69,31,0
605592707196062589,228590032,Brooklyn,Crown Heights,40.67618,-73.92664,Entire home/apt,190,2,20,3,138,20
605611458554944511,230173141,Brooklyn,Crown Heights,40.66859,-73.93681,Entire home/apt,247,1,13,1,314,13
602042296459894217,453609666,Manhattan,Hell's Kitchen,40.75933,-73.99326,Entire home/apt,394,4,13,1,269,13
603684274108083356,450631182,Manhattan,Midtown,40.7527734982794,-73.97048268595822,Entire home/apt,611,2,17,1,315,17
603686942719218378,384295125,Manhattan,Midtown,40.76476,-73.97755,Entire home/apt,459,1,10,11,311,10
603736299227411816,91982509,Queens,Arverne,40.5946400142719,-73.78981964209038,Entire home/apt,169,2,7,1,363,7
603751738544443715,413204967,Queens,Astoria,40.76879,-73.92552,Private room,82,1,13,13,303,13
603753191773135399,448752983,Queens,Rosedale,40.65212,-73.73242,Entire home/apt,125,2,12,1,83,12
603804465956000494,1373098,Bronx,Longwood,40.82155,-73.91079,Entire home/apt,155,30,1,1,249,1
605623697822410953,338243030,Bronx,Port Morris,40.805,-73.92493,Private room,73,2,2,2,353,2
605677493735522649,13347167,Manhattan,Upper East Side,40.77087,-73.95535,Entire home/apt,125,30,1,31,331,1
605706035506170893,444007547,Manhattan,Midtown,40.74439,-73.98728,Private room,111,30,0,56,341,0
605711144968234701,444007547,Manhattan,Midtown,40.7443,-73.98522,Private room,111,30,0,56,340,0
605712113497263119,444007547,Manhattan,Flatiron District,40.74239,-73.98706,Private room,111,30,0,56,339,0
605713131416593667,444007547,Manhattan,Midtown,40.74328,-73.98517,Private room,111,30,1,56,350,1
605715255441714539,444007547,Manhattan,Midtown,40.74461,-73.98575,Private room,111,30,1,56,335,1
605716286688823575,444007547,Manhattan,Midtown,40.74439,-73.9874,Private room,111,30,0,56,356,0
605717235759150008,444007547,Manhattan,Flatiron District,40.74249,-73.987,Private room,111,30,0,56,342,0
605717512865537471,437534543,Brooklyn,Bedford-Stuyvesant,40.68422,-73.92823,Private room,86,1,24,3,62,24
605718443102031353,444007547,Manhattan,Midtown,40.74412,-73.98721,Private room,111,30,0,56,342,0
605720639370929870,171543177,Queens,Astoria,40.76003355326968,-73.91614232324092,Private room,100,1,0,1,347,0
603858746468000499,65212,Brooklyn,Bushwick,40.70373,-73.92005,Private room,76,3,11,3,340,11
603858956459000309,65212,Brooklyn,Bushwick,40.70514,-73.92187,Private room,77,7,7,3,1,7
602066419007693604,16472227,Staten Island,Eltingville,40.54518,-74.15356,Entire home/apt,120,2,2,1,25,2
602097660613147872,27181542,Manhattan,Kips Bay,40.73878,-73.9792,Entire home/apt,199,30,0,69,123,0
605721169816342867,444007547,Manhattan,Midtown,40.74458,-73.98647,Private room,111,30,0,56,364,0
605722617152512148,444007547,Manhattan,Midtown,40.74406,-73.98516,Private room,111,30,0,56,364,0
605734646204848683,454437633,Queens,Long Island City,40.76016,-73.92952,Entire home/apt,121,3,9,1,277,9
602152631280818680,20692810,Brooklyn,Sunset Park,40.64271,-74.01251,Entire home/apt,100,62,1,1,0,1
602191508163365483,289681097,Brooklyn,Williamsburg,40.70639,-73.93751,Private room,89,1,3,3,81,3
605743546909880369,4303663,Brooklyn,Bedford-Stuyvesant,40.68431760082016,-73.94158854619931,Private room,90,1,0,2,0,0
605814725106412270,235310848,Brooklyn,Cobble Hill,40.6861,-73.99556,Private room,100,30,2,1,104,2
602197180099976080,453666092,Queens,Jackson Heights,40.74908,-73.88087,Private room,80,2,23,2,332,23
602226207183947817,45735004,Brooklyn,Bushwick,40.69659,-73.92795,Entire home/apt,167,1,10,3,162,10
603880955366645489,166779940,Staten Island,Todt Hill,40.604679,-74.093307,Entire home/apt,103,1,33,2,65,33
605954987513291733,374173052,Manhattan,Midtown,40.74619,-73.9895,Private room,110,3,14,9,97,14
605964818540392788,347474872,Brooklyn,Bedford-Stuyvesant,40.686058,-73.931595,Private room,80,1,2,1,280,2
606091353745064622,3223938,Brooklyn,Prospect-Lefferts Gardens,40.6581,-73.94894,Private room,45,90,0,288,365,0
606099280539160331,3223938,Brooklyn,Prospect-Lefferts Gardens,40.65829,-73.94893,Private room,37,90,0,288,268,0
606114211895554470,156505456,Brooklyn,East New York,40.6669,-73.87362,Private room,109,2,8,32,365,8
606280256502094724,61408134,Manhattan,Upper East Side,40.76324136577159,-73.96187793014039,Private room,571,1,1,11,324,1
606297954848999138,393897747,Manhattan,East Harlem,40.786606664979615,-73.95114852003958,Entire home/apt,345,3,17,19,140,17
606341212935194807,61408134,Manhattan,Upper East Side,40.76218436958429,-73.96165917645597,Private room,557,1,0,11,350,0
606360437730635923,3223938,Brooklyn,Prospect-Lefferts Gardens,40.65848,-73.94839,Private room,38,90,0,288,191,0
606366094972532271,105758693,Brooklyn,Bedford-Stuyvesant,40.67943,-73.92642,Entire home/apt,146,5,6,1,119,6
606372803450065814,24599552,Manhattan,Harlem,40.80520308950159,-73.94694809204807,Private room,190,2,20,3,308,20
606376411232131529,445024498,Brooklyn,Greenpoint,40.73351,-73.95241,Entire home/apt,160,30,2,1,312,2
604157600844300858,454096782,Manhattan,East Harlem,40.79135,-73.94023,Entire home/apt,214,2,9,1,336,9
604213081528050189,48088611,Manhattan,Midtown,40.74813,-73.98685,Entire home/apt,249,1,13,4,44,13
604253809908910070,447026267,Brooklyn,Borough Park,40.63865553707486,-73.9908152000613,Entire home/apt,129,1,1,1,362,1
602240103644056149,17463775,Brooklyn,Williamsburg,40.71342,-73.94438,Entire home/apt,250,2,6,1,0,6
602306314941778439,453691658,Queens,Bayswater,40.59868,-73.76344,Private room,235,1,0,1,365,0
606385400662155205,6724578,Brooklyn,Cobble Hill,40.68993,-73.99643,Private room,115,2,21,6,131,21
602337727825152640,11950870,Brooklyn,Williamsburg,40.70596565010143,-73.9490797302103,Entire home/apt,185,6,2,1,9,2
606406524027500438,46180583,Manhattan,East Harlem,40.7979,-73.93972,Private room,106,4,13,1,268,13
604253860318231727,58338593,Brooklyn,Bushwick,40.69147,-73.91569,Private room,60,1,5,1,58,5
604260903398906834,11843789,Manhattan,Chelsea,40.74129,-74.00029,Entire home/apt,300,2,2,1,76,2
606406716787933298,170964868,Brooklyn,Williamsburg,40.717598,-73.957779,Entire home/apt,300,4,13,7,311,13
606413946541714120,444898308,Brooklyn,Crown Heights,40.67334,-73.92256,Entire home/apt,280,1,13,2,87,13
606443399033471097,453046649,Brooklyn,Canarsie,40.64378,-73.9054,Entire home/apt,207,1,11,1,89,11
604274785806949333,450161902,Manhattan,Hell's Kitchen,40.76115,-73.99266,Entire home/apt,279,3,16,4,0,16
602350929885988720,153163740,Queens,Astoria,40.7639,-73.92511,Entire home/apt,95,2,3,1,0,3
602359264669566459,156505456,Brooklyn,East New York,40.66728205940147,-73.87404393538932,Private room,69,2,3,32,361,3
602384204792193614,27717006,Bronx,Parkchester,40.83967,-73.85428,Private room,48,28,0,2,29,0
602399218578328207,355770584,Queens,Flushing,40.75641,-73.80378,Entire home/apt,270,1,28,7,180,28
602620585894496834,8946948,Brooklyn,Bushwick,40.69537,-73.9196,Private room,52,2,1,1,0,1
607428078841533758,40160128,Manhattan,Harlem,40.81345,-73.94956,Entire home/apt,299,2,0,1,0,0
607457294070240894,2867137,Manhattan,Upper East Side,40.770363,-73.955475,Entire home/apt,150,30,1,73,254,1
607494988487204803,2867137,Manhattan,Upper East Side,40.76943,-73.95442,Entire home/apt,156,30,1,73,332,1
606502008318501202,276878527,Manhattan,Hell's Kitchen,40.76678,-73.99062,Entire home/apt,330,90,0,25,327,0
606528895036392508,161586951,Brooklyn,Downtown Brooklyn,40.69204,-73.98504,Entire home/apt,149,1,2,1,6,2
607495941651400846,64107217,Queens,Hollis,40.71367,-73.76805,Private room,88,1,2,1,0,2
607696246279491997,3656008,Queens,Bayside,40.74805,-73.75639,Entire home/apt,378,3,10,5,259,10
607787384382455500,107434423,Manhattan,Upper West Side,40.7911888,-73.9737101,Entire home/apt,301,31,0,453,316,0
606544996803495153,23772724,Manhattan,Upper East Side,40.781352900820536,-73.94742824013998,Entire home/apt,177,30,1,58,347,1
606662278994146935,374173052,Manhattan,Chelsea,40.74777,-73.99084,Shared room,93,3,11,9,94,11
606664877295746353,228590032,Brooklyn,Crown Heights,40.67583,-73.92661,Entire home/apt,190,2,22,3,82,22
606677760074336590,98522037,Brooklyn,Sunset Park,40.65089,-74.00291,Entire home/apt,140,1,19,1,89,19
607789833137412484,381355334,Bronx,Mott Haven,40.81478,-73.9301,Entire home/apt,139,5,1,1,339,1
607807806695393680,384295125,Manhattan,Midtown,40.76438,-73.9823,Entire home/apt,545,1,7,11,315,7
607823796063317345,429454632,Brooklyn,Prospect-Lefferts Gardens,40.66086,-73.94293,Private room,72,1,12,17,360,12
607826326517043841,390384656,Queens,East Elmhurst,40.767357,-73.872025,Entire home/apt,151,1,21,1,287,21
607841201085063007,140500767,Bronx,University Heights,40.856033,-73.913162,Entire home/apt,116,2,9,1,44,9
607847890636573548,224532641,Brooklyn,Prospect-Lefferts Gardens,40.65953,-73.95084,Private room,250,1,0,11,18,0
607857571989965974,113723310,Manhattan,Murray Hill,40.74936,-73.98001,Entire home/apt,420,30,0,60,342,0
607887597709538562,284313591,Manhattan,Chelsea,40.74543,-74.00429,Entire home/apt,566,5,9,1,24,9
607933688375392709,384532776,Queens,Arverne,40.59748,-73.79986,Entire home/apt,100,30,1,44,0,1
607945532912774703,334605876,Manhattan,Harlem,40.819904,-73.956444,Entire home/apt,120,20,0,1,319,0
608028795770398642,374173052,Manhattan,Chelsea,40.74783565585262,-73.99090992300255,Shared room,76,3,11,9,95,11
604300225735966138,50309871,Brooklyn,Greenpoint,40.72273,-73.94941,Entire home/apt,207,2,18,2,30,18
604302613184746107,440162236,Queens,Astoria,40.7658072039147,-73.92148043561225,Private room,120,1,0,2,66,0
606690225420596522,294733575,Queens,Flushing,40.751572,-73.823715,Private room,48,5,8,2,348,8
604417999599677136,156929679,Bronx,Tremont,40.84345,-73.88926,Entire home/apt,147,2,18,1,329,18
606709162800634643,3223938,Brooklyn,Bushwick,40.69601,-73.91873,Private room,33,90,0,288,295,0
606793016263697106,351339834,Bronx,Parkchester,40.82894,-73.87709,Entire home/apt,93,2,29,1,135,29
604424428489680946,454168664,Bronx,Van Nest,40.84212,-73.86856,Entire home/apt,82,1,30,1,112,30
608055475685105887,452770604,Manhattan,Chelsea,40.7474,-73.99107,Private room,120,2,20,1,79,20
608058623232128860,4657612,Brooklyn,Bedford-Stuyvesant,40.6929,-73.95871,Entire home/apt,206,6,5,2,164,5
608059640162815055,19303369,Queens,Astoria,40.77175,-73.92651,Private room,59,30,0,175,16,0
606961940356841317,27741331,Brooklyn,East Flatbush,40.65744,-73.92271,Private room,40,30,0,6,364,0
607013255933561181,28246584,Brooklyn,Bedford-Stuyvesant,40.69796,-73.93851,Private room,103,1,11,5,348,11
607021686964005088,374576747,Bronx,Port Morris,40.80706,-73.92873,Entire home/apt,290,1,6,11,359,6
607071402357740729,67902194,Brooklyn,Bushwick,40.70251,-73.92942,Private room,105,1,25,1,330,25
608064380366563792,215229243,Queens,Jamaica,40.68271,-73.77543,Private room,103,1,1,1,341,1
608065350562145555,19303369,Queens,Astoria,40.77207,-73.92856,Private room,43,30,0,175,1,0
608070430216725944,19303369,Queens,Astoria,40.77164,-73.9269,Private room,48,30,1,175,0,1
608070858727024477,374173052,Manhattan,Midtown,40.74735916472709,-73.98921520639462,Shared room,96,3,4,9,323,4
608073586104603179,19303369,Queens,Astoria,40.77345,-73.92817,Private room,49,30,0,175,0,0
608076511343813770,454915673,Brooklyn,Brownsville,40.65986,-73.9015,Entire home/apt,364,2,7,1,344,7
608153789298309501,320114,Brooklyn,Williamsburg,40.70862,-73.95271,Entire home/apt,169,30,1,1,142,1
608185028465888811,5309486,Manhattan,Upper West Side,40.797852,-73.972839,Entire home/apt,139,18,1,1,35,1
608193780307013745,58633616,Manhattan,Chelsea,40.73928,-74.00096,Entire home/apt,108,28,0,2,100,0
604458466814558415,359638834,Manhattan,Theater District,40.75958,-73.98765,Private room,1014,1,1,11,90,1
604464290861039062,67377627,Queens,Jackson Heights,40.75509,-73.87811,Entire home/apt,140,2,18,3,309,18
604537521924547275,452039185,Brooklyn,Bushwick,40.68214,-73.9079,Private room,62,15,3,3,326,3
604592035147034732,284093925,Staten Island,Todt Hill,40.6022,-74.10133,Entire home/apt,299,2,9,1,107,9
604623136540022796,152877297,Brooklyn,Bedford-Stuyvesant,40.68131,-73.90962,Entire home/apt,155,30,1,2,333,1
604700547638697838,107434423,Brooklyn,Williamsburg,40.7123644,-73.9488925,Entire home/apt,355,31,0,453,338,0
604862222060730045,401202937,Manhattan,Midtown,40.74606,-73.98802,Entire home/apt,154,1,10,51,50,10
604880265038174573,206892,Brooklyn,Williamsburg,40.70829671311828,-73.94454438040991,Entire home/apt,214,4,0,1,287,0
604890571233440169,123527938,Brooklyn,Williamsburg,40.70667,-73.93681,Private room,79,28,4,5,309,4
605035448454706797,206778021,Manhattan,Harlem,40.82213,-73.95575,Private room,80,20,3,7,25,3
605051948071435121,454300308,Bronx,Pelham Bay,40.850602882316885,-73.83686602547957,Entire home/apt,106,1,43,1,348,43
607122814533812276,378158123,Queens,Whitestone,40.78174306635336,-73.82147658649895,Entire home/apt,110,1,7,1,169,7
607145426901839341,442877665,Brooklyn,Flatlands,40.62004,-73.93224,Private room,110,2,3,1,361,3
605052521941557714,321874163,Brooklyn,Bay Ridge,40.62732,-74.02796,Entire home/apt,115,1,1,1,18,1
605057284037163093,454299936,Queens,Rosedale,40.655029,-73.740509,Entire home/apt,250,2,8,1,165,8
608223092668558137,12589970,Manhattan,Upper East Side,40.77254,-73.95436,Private room,90,90,2,2,310,2
608316367002672662,107434423,Manhattan,Midtown,40.75147,-73.97142,Entire home/apt,534,31,0,453,311,0
608484199640101037,396845074,Queens,Astoria,40.76846,-73.91506,Entire home/apt,79,1,0,1,227,0
608550974651560535,3395876,Brooklyn,Bushwick,40.70443,-73.92743,Entire home/apt,195,1,6,1,0,6
608557887329248706,259066380,Manhattan,Lower East Side,40.71218449305735,-73.98991186470622,Entire home/apt,191,65,1,5,190,1
608589041398216719,454333811,Brooklyn,Williamsburg,40.707535,-73.955887,Private room,105,1,15,6,176,15
608602629776912411,34231478,Manhattan,Tribeca,40.71319,-74.00915,Entire home/apt,370,1,9,1,236,9
608609524765569811,2119276,Manhattan,Stuyvesant Town,40.73418,-73.98011,Entire home/apt,185,30,0,22,258,0
608618352283694861,440237248,Manhattan,Washington Heights,40.838604,-73.943565,Private room,59,7,1,1,342,1
608618639198821844,455032099,Brooklyn,Flatlands,40.62923,-73.92303,Entire home/apt,153,2,11,1,359,11
608624106972795388,95786,Brooklyn,Greenpoint,40.72607,-73.95199,Entire home/apt,225,30,1,1,0,1
607199242889966654,447259313,Manhattan,Hell's Kitchen,40.76626,-73.98983,Entire home/apt,790,3,15,1,281,15
607202437461817180,398614581,Brooklyn,Fort Greene,40.68647,-73.97534,Entire home/apt,115,1,10,3,334,10
607210445959650981,6122393,Brooklyn,Prospect Heights,40.67382,-73.9637,Entire home/apt,194,2,5,4,43,5
607257791817865197,114097173,Manhattan,Midtown,40.75691,-73.97999,Entire home/apt,270,1,2,1,0,2
608626724528869885,454031557,Manhattan,East Village,40.72461,-73.9811,Private room,136,1,16,3,143,16
608633560591187544,401096854,Brooklyn,Bedford-Stuyvesant,40.68346,-73.91654,Private room,94,30,2,9,250,2
608638752207972998,17348329,Manhattan,Midtown,40.75336,-73.96838,Entire home/apt,650,30,0,1,132,0
608665407390035615,285283438,Staten Island,Concord,40.607,-74.0886,Entire home/apt,82,30,2,3,299,2
608671468736291174,246928,Brooklyn,Bushwick,40.70065,-73.92422,Entire home/apt,93,30,1,1,149,1
605060073702279502,191233550,Manhattan,East Harlem,40.81469,-73.93608,Private room,150,2,15,1,0,15
605062075994665791,293753583,Manhattan,Hell's Kitchen,40.7588895725396,-73.99236097080184,Entire home/apt,333,30,0,9,126,0
607294995326784576,83183593,Manhattan,Harlem,40.80454,-73.95736,Entire home/apt,399,5,11,1,0,11
605070773412024150,34212086,Manhattan,West Village,40.73214,-74.005302,Entire home/apt,185,5,2,1,3,2
605089566908342599,401096854,Brooklyn,Bedford-Stuyvesant,40.68379,-73.91693,Private room,85,30,3,9,280,3
605103264257969407,444007547,Manhattan,Flatiron District,40.74266,-73.98715,Private room,111,30,0,56,341,0
605110928280940374,401096854,Brooklyn,Bedford-Stuyvesant,40.68526,-73.91832,Private room,85,30,1,9,280,1
605115521796576121,110361431,Brooklyn,Bedford-Stuyvesant,40.69254,-73.93636,Private room,121,5,1,2,327,1
609374779504415266,15009272,Queens,Woodhaven,40.69441,-73.86309,Private room,50,30,1,3,48,1
608674317253802357,141950425,Manhattan,Harlem,40.80674,-73.94831,Entire home/apt,130,90,1,1,365,1
608733870146827069,200239515,Queens,Astoria,40.7739,-73.92787,Private room,40,30,0,158,0,0
608737695863276620,200239515,Queens,Astoria,40.77353,-73.92874,Private room,49,30,0,158,0,0
608738839838973960,357357555,Brooklyn,Bedford-Stuyvesant,40.69039,-73.93455,Private room,107,1,13,1,148,13
608740663323286889,200239515,Queens,Astoria,40.77165,-73.92649,Private room,45,30,0,158,0,0
608743408052135388,200239515,Queens,Astoria,40.77301,-73.92637,Private room,59,30,0,158,0,0
608748589350814821,204704622,Queens,Astoria,40.77332,-73.92834,Private room,40,30,0,157,0,0
608751764495831252,204704622,Queens,Astoria,40.77171,-73.92806,Private room,49,30,1,157,0,1
608754282841359168,204704622,Queens,Astoria,40.77382,-73.927,Private room,48,30,0,157,0,0
608756805445061483,204704622,Queens,Astoria,40.77166,-73.92646,Private room,55,30,0,157,5,0
607307370544900604,150501435,Manhattan,Midtown,40.76228,-73.98016,Entire home/apt,1500,3,0,1,267,0
608829370155852978,5560425,Queens,Rockaway Beach,40.58525,-73.81715,Entire home/apt,213,3,8,1,341,8
608840004988738509,19303369,Queens,Flushing,40.76485,-73.82043,Private room,42,30,0,175,14,0
608844815037396225,13644419,Queens,East Elmhurst,40.76691,-73.87925,Private room,75,1,43,1,348,43
608846337069661074,19303369,Queens,Flushing,40.76479,-73.81848,Private room,46,30,0,175,0,0
608851159509104710,19303369,Queens,Flushing,40.7631,-73.82012,Private room,31,30,1,175,0,1
608854294617307443,19303369,Queens,Flushing,40.7644,-73.81833,Private room,43,30,1,175,0,1
608859441715766750,200239515,Queens,Flushing,40.76525,-73.82061,Private room,39,30,0,158,45,0
608863867483739576,200239515,Queens,Flushing,40.76384,-73.82031,Private room,52,30,0,158,0,0
608867684971468218,200239515,Queens,Flushing,40.76316,-73.82039,Private room,33,30,0,158,20,0
608868377530362853,200239515,Queens,Flushing,40.76503,-73.81978,Private room,52,30,0,158,0,0
608883254672780320,3223938,Brooklyn,Prospect Heights,40.67447,-73.96565,Private room,42,90,0,288,121,0
608883511707431102,15010925,Brooklyn,Williamsburg,40.713886,-73.961205,Private room,77,3,8,1,55,8
608922220343023244,49727048,Queens,Long Island City,40.753544,-73.93412,Entire home/apt,200,2,4,1,266,4
608942536087188940,25168319,Brooklyn,Bushwick,40.70409,-73.92446,Entire home/apt,175,4,8,1,1,8
609425709203864417,455217956,Manhattan,Midtown,40.74611,-73.98404,Entire home/apt,300,30,1,1,315,1
609464599710757396,454333811,Brooklyn,Williamsburg,40.707394,-73.954124,Private room,110,1,17,6,194,17
609485334617648116,90117794,Queens,Ridgewood,40.70165,-73.9097,Private room,41,30,13,2,241,13
609500363267740230,33532865,Brooklyn,Williamsburg,40.712749,-73.963951,Entire home/apt,250,4,0,1,262,0
609537771933714417,430979376,Brooklyn,Williamsburg,40.710941,-73.96553,Private room,112,1,12,2,60,12
609547626613687846,18208026,Brooklyn,Flatbush,40.65057,-73.96225,Entire home/apt,110,30,4,1,284,4
607328822575142192,454744425,Queens,East Elmhurst,40.76832,-73.87826,Entire home/apt,95,3,16,1,137,16
609592369187542064,357369172,Brooklyn,Williamsburg,40.717854,-73.96386,Entire home/apt,250,7,1,1,0,1
609640309145134017,2867137,Manhattan,Upper East Side,40.76924,-73.95467,Entire home/apt,175,30,0,73,332,0
609680359514681970,22860434,Brooklyn,Williamsburg,40.712975,-73.96022,Entire home/apt,225,30,0,1,229,0
609956068365812790,428639770,Manhattan,Upper West Side,40.77965,-73.98095,Entire home/apt,170,30,1,5,250,1
609964350536904807,398073234,Queens,Elmhurst,40.74503,-73.89012,Entire home/apt,449,2,1,6,356,1
610029423718281659,160940380,Brooklyn,Brownsville,40.658417,-73.913467,Private room,86,1,14,8,343,14
610032652519542643,455341096,Queens,East Elmhurst,40.76688,-73.88628,Private room,299,1,1,3,341,1
610032696620493793,455341096,Queens,East Elmhurst,40.76532,-73.88489,Private room,299,1,0,3,341,0
610038530448408701,3223938,Brooklyn,Flatbush,40.64786,-73.96879,Private room,40,90,0,288,250,0
610083822823638638,30509656,Bronx,Port Morris,40.80837,-73.9319,Shared room,35,1,9,10,335,9
610093029649769382,30509656,Bronx,Mott Haven,40.81001,-73.9301,Shared room,34,1,13,10,346,13
610109014890996599,105633507,Bronx,Eastchester,40.88794,-73.8214,Private room,50,1,8,2,146,8
610115994421021309,30509656,Bronx,Port Morris,40.81006,-73.93075,Shared room,35,1,10,10,339,10
610155685288484677,355770584,Queens,Flushing,40.75653,-73.80511,Private room,60,1,8,7,4,8
610160695699980880,39448176,Brooklyn,Williamsburg,40.71295,-73.94691,Private room,124,2,7,1,76,7
610165190043889924,355770584,Queens,Flushing,40.75656,-73.80371,Private room,85,1,6,7,4,6
610170579916016347,355770584,Queens,Flushing,40.75639,-73.80435,Private room,70,1,5,7,4,5
610172193243760251,355770584,Queens,Flushing,40.75615,-73.80516,Private room,90,1,3,7,4,3
610189603001715109,11829141,Manhattan,Hell's Kitchen,40.76046,-73.99761,Entire home/apt,486,6,2,2,152,2
610212395047524279,4129805,Manhattan,West Village,40.73138,-74.00235,Entire home/apt,300,2,0,6,0,0
610225758718705036,81636631,Queens,Fresh Meadows,40.73784,-73.78728,Entire home/apt,165,2,11,4,164,11
609062489816498070,396517698,Manhattan,Hell's Kitchen,40.7643,-73.99096,Entire home/apt,175,30,1,1,289,1
609070017308118722,455130272,Queens,Laurelton,40.66757,-73.74115,Entire home/apt,176,1,20,1,346,20
609165336419094270,52995061,Brooklyn,East Flatbush,40.64981,-73.91701,Private room,75,3,4,2,43,4
609165373932930110,52995061,Brooklyn,East Flatbush,40.64817,-73.91857,Private room,69,3,13,2,261,13
609219525346430851,40023709,Brooklyn,Bedford-Stuyvesant,40.68207,-73.94392,Entire home/apt,133,30,0,1,266,0
607332769903888112,440921674,Queens,Elmhurst,40.73023,-73.88592,Private room,115,1,5,13,355,5
607333428188836855,143882962,Manhattan,Midtown,40.74404,-73.98146,Entire home/apt,300,30,0,6,364,0
607334009809889875,388759271,Queens,East Elmhurst,40.764149,-73.862167,Entire home/apt,173,1,16,2,306,16
607365811485133132,294733575,Queens,Flushing,40.75087,-73.82479,Private room,49,5,15,2,349,15
607381146485236995,344340194,Bronx,Wakefield,40.90108260685171,-73.84289744064647,Entire home/apt,104,2,10,2,159,10
607405645050980016,52138912,Manhattan,East Village,40.72954,-73.98568,Entire home/apt,295,3,2,1,0,2
609238880596760919,18953786,Queens,College Point,40.79137,-73.84196,Entire home/apt,250,30,0,1,365,0
609259108892142281,259066380,Manhattan,Two Bridges,40.7123,-73.99501,Entire home/apt,182,60,0,5,265,0
607411512488798244,3728810,Manhattan,East Village,40.73278,-73.98788,Entire home/apt,499,2,7,1,0,7
609261012004803172,354347578,Brooklyn,Bedford-Stuyvesant,40.68428,-73.94728,Private room,65,3,10,1,46,10
609263889298748331,374173052,Manhattan,Midtown,40.74575,-73.98987,Shared room,69,3,6,9,88,6
610313074951797337,33283726,Brooklyn,Williamsburg,40.712582,-73.963127,Entire home/apt,105,5,1,1,11,1
610397447841855110,455426196,Manhattan,Inwood,40.86753,-73.92257,Private room,85,1,23,4,353,23
610414224153337918,455426196,Manhattan,Inwood,40.86942,-73.92385,Private room,79,1,18,4,360,18
610418835243217843,455426196,Manhattan,Inwood,40.8674,-73.92379,Private room,89,1,33,4,347,33
610424024716164801,455426196,Manhattan,Inwood,40.8695,-73.92287,Private room,80,1,22,4,334,22
610581749832459468,440921674,Brooklyn,East New York,40.66708,-73.8868,Private room,135,1,9,13,357,9
610652508710812821,455341096,Queens,East Elmhurst,40.76626,-73.88697,Private room,299,1,0,3,341,0
612229340604757904,413204967,Queens,Astoria,40.77057,-73.92382,Private room,77,1,0,13,322,0
612235967341730418,8259529,Brooklyn,Sunset Park,40.64997790344107,-74.0039989988609,Entire home/apt,250,1,6,2,318,6
612244808787024718,209832412,Brooklyn,Cypress Hills,40.67804,-73.90452,Entire home/apt,153,2,13,5,335,13
610685169843646894,452868559,Manhattan,East Village,40.72727,-73.98488,Entire home/apt,479,2,18,1,248,18
609278205075943432,455175874,Queens,College Point,40.777122,-73.847305,Private room,100,1,0,1,365,0
609297416606556424,444007547,Manhattan,Midtown,40.74448,-73.98728,Private room,111,30,1,56,345,1
609302944973754735,444007547,Manhattan,Midtown,40.74318,-73.98523,Private room,111,30,0,56,336,0
609304197005754726,444007547,Manhattan,Midtown,40.74331,-73.98522,Private room,111,30,0,56,341,0
609305379564658190,444007547,Manhattan,Midtown,40.7444,-73.98565,Private room,111,30,0,56,341,0
609305410439209181,444007547,Manhattan,Midtown,40.74475,-73.98554,Private room,111,30,1,56,341,1
609309082921412735,444007547,Manhattan,Midtown,40.74335,-73.98719,Private room,111,30,0,56,341,0
612338884237506055,16357378,Brooklyn,Prospect Heights,40.67321,-73.96529,Private room,74,5,0,1,52,0
612352031623956368,4298073,Manhattan,NoHo,40.72937,-73.99243,Entire home/apt,200,90,0,1,282,0
612358545308889770,455836343,Brooklyn,Williamsburg,40.71742,-73.95212,Entire home/apt,130,30,0,1,307,0
613808562601795981,4598848,Brooklyn,Sheepshead Bay,40.609299,-73.954788,Entire home/apt,149,30,2,1,116,2
610713902757061480,9216472,Brooklyn,Park Slope,40.67246,-73.97301,Entire home/apt,185,2,2,1,0,2
610726487090130791,429788210,Queens,Astoria,40.75975,-73.91486,Entire home/apt,243,2,11,3,327,11
610745546680973191,2329909,Brooklyn,Fort Greene,40.69132,-73.97325,Entire home/apt,250,2,11,1,24,11
610806284932469366,374576747,Bronx,Mott Haven,40.80547,-73.91929,Entire home/apt,293,1,9,11,344,9
610859462398570529,398977872,Brooklyn,Williamsburg,40.71331,-73.96548,Private room,81,3,26,3,208,26
610859929455489084,3578009,Queens,Long Island City,40.74755427751189,-73.9452544809136,Entire home/apt,300,10,2,1,67,2
610863338159377977,293753583,Manhattan,Hell's Kitchen,40.75765363324036,-73.99268156317746,Entire home/apt,306,30,0,9,326,0
612403381860651325,114273205,Manhattan,West Village,40.73134,-74.00138,Entire home/apt,290,4,4,1,138,4
610876642759640853,455525453,Queens,Jamaica,40.67993,-73.77106,Entire home/apt,427,1,1,1,88,1
610891800789188590,305613304,Brooklyn,Kensington,40.64661,-73.97808,Private room,92,1,8,1,142,8
612409930265187755,20614129,Queens,Springfield Gardens,40.65952,-73.75498,Entire home/apt,216,2,15,1,333,15
610916884665999313,455492966,Manhattan,Financial District,40.70507,-74.00867,Private room,75,2,9,2,3,9
613811655392005198,456189131,Manhattan,Harlem,40.82291,-73.95214,Private room,111,2,10,2,72,10
613821289238316337,452800382,Manhattan,Hell's Kitchen,40.76119,-73.99078,Entire home/apt,235,3,15,1,85,15
612436864300229086,13768808,Brooklyn,Midwood,40.60974,-73.96932,Entire home/apt,174,3,8,1,2,8
613836372534520536,91026393,Queens,St. Albans,40.69671,-73.76308,Private room,75,1,2,1,365,2
613840699365840579,2453666,Brooklyn,Williamsburg,40.71132,-73.96255,Private room,159,2,6,3,3,6
613842278291796082,89593001,Queens,Astoria,40.77268,-73.92181,Entire home/apt,240,3,21,1,45,21
613887038994922317,6756905,Brooklyn,Fort Greene,40.693315312799854,-73.97152593991046,Entire home/apt,200,6,0,1,252,0
613901372821437543,63636188,Brooklyn,Carroll Gardens,40.682995,-73.999977,Entire home/apt,650,1,11,1,309,11
613928490250818646,331185230,Manhattan,Upper East Side,40.7747,-73.9473,Entire home/apt,260,1,0,10,0,0
610929926202907727,455537274,Queens,Jamaica,40.69025,-73.78136,Entire home/apt,100,2,3,1,347,3
610938584231311360,398159989,Brooklyn,East New York,40.66426,-73.87727,Entire home/apt,145,1,9,2,358,9
610968247470127963,145252418,Manhattan,East Harlem,40.80367,-73.93689,Private room,96,3,10,3,54,10
610971500647041917,29317213,Manhattan,Inwood,40.86524,-73.92928,Entire home/apt,333,3,9,1,131,9
610995636848918433,224047081,Brooklyn,Sea Gate,40.57559648692028,-74.00691677251525,Entire home/apt,130,30,1,12,342,1
611089534312850631,19418202,Bronx,Van Nest,40.84532,-73.8659,Entire home/apt,118,1,25,2,35,25
611108851793385835,3223938,Brooklyn,Bedford-Stuyvesant,40.68549,-73.94959,Private room,36,90,0,288,281,0
611117321249794139,3223938,Brooklyn,Flatbush,40.64773,-73.96927,Private room,35,90,0,288,281,0
611124581286460503,333305027,Queens,Woodside,40.74441,-73.89557,Entire home/apt,129,3,3,6,345,3
611133156075470594,333305027,Queens,Woodside,40.74401,-73.89556,Entire home/apt,242,2,4,6,341,4
611279643447268175,432179341,Brooklyn,Crown Heights,40.66612,-73.93295,Private room,38,30,1,3,259,1
611348974747694460,440921674,Brooklyn,East New York,40.666512,-73.887604,Entire home/apt,245,1,3,13,357,3
611359475455476188,440921674,Brooklyn,East New York,40.66765,-73.88789,Private room,145,1,6,13,357,6
612438810150719898,336906719,Queens,Jamaica,40.678104,-73.798012,Private room,100,1,4,1,365,4
611370173038219810,450800384,Brooklyn,Bath Beach,40.60746,-74.00519,Entire home/apt,155,2,3,1,324,3
611375240063523967,3223938,Brooklyn,Bushwick,40.68842,-73.91899,Private room,35,90,0,288,280,0
611382914426442073,3223938,Brooklyn,Bedford-Stuyvesant,40.68765,-73.92033,Private room,35,90,0,288,281,0
612460269333349506,50760546,Manhattan,Upper East Side,40.77629,-73.95646,Entire home/apt,115,30,0,31,310,0
612523912342739606,12589970,Manhattan,Upper East Side,40.77075,-73.95621,Entire home/apt,125,34,1,2,302,1
612532184509349661,72811351,Queens,Rego Park,40.7273,-73.8599,Private room,92,2,9,2,345,9
612564965556239692,455883834,Brooklyn,Williamsburg,40.70552,-73.94412,Private room,120,1,1,1,0,1
611388415902445584,453454351,Bronx,Williamsbridge,40.87717,-73.86422,Entire home/apt,203,1,0,1,254,0
611391968391044777,3223938,Brooklyn,Sheepshead Bay,40.59325,-73.95891,Private room,35,90,0,288,264,0
613948541551662793,456132010,Bronx,Throgs Neck,40.82665,-73.81461,Entire home/apt,225,3,1,4,342,1
613973927943257906,27181542,Manhattan,East Harlem,40.79071,-73.94063,Entire home/apt,185,30,0,69,171,0
613979821327826237,3223938,Brooklyn,Sheepshead Bay,40.59459,-73.95692,Private room,23,90,0,288,214,0
612634700178226473,253102842,Queens,Elmhurst,40.72986,-73.88047,Private room,24,60,0,1,135,0
614273082083471055,132433318,Manhattan,Upper West Side,40.76863,-73.98341,Entire home/apt,315,2,2,1,168,2
614314066906850273,441901811,Brooklyn,Bushwick,40.689495,-73.914642,Private room,159,1,1,2,324,1
614316466067244287,2867137,Manhattan,Kips Bay,40.74276,-73.9719,Entire home/apt,300,30,2,73,365,2
614321790165772374,2867137,Manhattan,Upper East Side,40.76951,-73.9563,Entire home/apt,180,30,0,73,250,0
614329341213933182,377493896,Brooklyn,Williamsburg,40.71744,-73.95382,Entire home/apt,168,1,24,1,311,24
611448892326678495,444084387,Brooklyn,Williamsburg,40.70915,-73.96815,Entire home/apt,274,1,18,1,25,18
612872665004564938,387321606,Manhattan,West Village,40.73316,-74.00094,Entire home/apt,314,1,13,1,86,13
611469914816540082,455637441,Brooklyn,Gravesend,40.59094,-73.98862,Entire home/apt,153,1,11,1,227,11
611470894386067928,190891268,Queens,Jamaica,40.67961,-73.78143,Entire home/apt,349,2,13,1,338,13
611489940966512511,3223938,Brooklyn,Bedford-Stuyvesant,40.68661,-73.91889,Private room,32,90,0,288,250,0
612872711453169565,448112944,Brooklyn,Canarsie,40.64303,-73.89208,Entire home/apt,116,1,3,1,365,3
614333843512393191,5693942,Manhattan,Financial District,40.70954,-74.00997,Entire home/apt,1500,3,7,1,68,7
614335256846860231,441736253,Brooklyn,Fort Greene,40.69771,-73.97749,Private room,101,1,11,3,333,11
612873914781463798,401202937,Manhattan,Midtown,40.74695,-73.98883,Private room,106,1,8,51,55,8
612888390919914838,81246400,Queens,Astoria,40.77474,-73.92653,Entire home/apt,201,1,26,1,117,26
612891177272253010,140129617,Manhattan,Washington Heights,40.85041,-73.93658,Private room,70,5,4,2,73,4
612894779190867344,13033706,Brooklyn,Bushwick,40.69737,-73.91187,Entire home/apt,150,5,7,1,11,7
611594830186072787,449278542,Manhattan,Inwood,40.86965,-73.92064,Entire home/apt,120,3,0,1,325,0
611614024515763553,298202707,Queens,Ridgewood,40.70333,-73.89754,Entire home/apt,78,2,11,2,81,11
611616951910009376,224532641,Brooklyn,Prospect-Lefferts Gardens,40.6609,-73.95146,Private room,99,3,1,11,220,1
612915685930219844,5354927,Brooklyn,Park Slope,40.68096,-73.97654,Private room,339,3,0,1,0,0
611671287133872810,455683614,Brooklyn,Bedford-Stuyvesant,40.67933,-73.94236,Entire home/apt,380,1,20,3,301,20
612922230724305113,140129617,Manhattan,Washington Heights,40.84958,-73.9384,Private room,64,5,3,2,64,3
612944215647305074,139318196,Brooklyn,Bedford-Stuyvesant,40.68788,-73.94651,Entire home/apt,355,2,11,1,56,11
612945509331555870,385129361,Manhattan,Upper West Side,40.79718,-73.96369,Entire home/apt,95,30,0,48,348,0
612971665489471973,4231877,Queens,Ridgewood,40.70229,-73.90186,Entire home/apt,164,3,16,1,5,16
612991065549809752,421007927,Manhattan,East Harlem,40.79711,-73.93581,Entire home/apt,132,30,1,4,353,1
613035936979048075,44851966,Bronx,Belmont,40.85627,-73.88541,Private room,45,30,0,6,259,0
613045587854720391,394289605,Manhattan,Washington Heights,40.84601,-73.93681,Private room,250,1,0,1,365,0
611683031548480250,455685325,Queens,Bay Terrace,40.786925293074326,-73.78404111966537,Entire home/apt,253,2,9,1,336,9
611736171410366121,20052489,Brooklyn,Bushwick,40.69315,-73.92522,Entire home/apt,275,30,1,1,330,1
614339990806752260,455794521,Manhattan,East Harlem,40.79098,-73.94127,Private room,150,5,5,2,344,5
614355182466596147,2867137,Manhattan,Upper East Side,40.77152,-73.95631,Entire home/apt,145,30,1,73,324,1
614368847315114898,36072889,Brooklyn,Windsor Terrace,40.659378,-73.98378,Entire home/apt,180,4,9,1,18,9
614390531530095554,110138572,Manhattan,Hell's Kitchen,40.75336,-73.99317,Entire home/apt,363,30,1,7,96,1
613083755215398432,368465567,Queens,Jamaica,40.67184,-73.78068,Entire home/apt,150,1,0,6,336,0
613083804948964672,368465567,Queens,Jamaica,40.67161,-73.78027,Entire home/apt,160,1,0,6,356,0
613098581353641369,201900745,Manhattan,Inwood,40.85982744696694,-73.92959868002342,Private room,88,2,8,1,305,8
611765955558274591,154157018,Manhattan,Harlem,40.826462,-73.942635,Private room,70,2,7,1,299,7
611824381203402973,66506549,Manhattan,Midtown,40.75161,-73.9729,Private room,480,1,0,1,365,0
613109459033606754,444887787,Brooklyn,Bedford-Stuyvesant,40.69738,-73.94565,Private room,102,2,5,2,162,5
613115354310894996,393016479,Bronx,Mount Hope,40.84756,-73.90822,Private room,45,1,4,3,255,4
613119163378119893,209832412,Brooklyn,Cypress Hills,40.67784,-73.90456,Entire home/apt,154,2,4,5,334,4
613119294242995777,209832412,Brooklyn,Cypress Hills,40.67817,-73.90592,Entire home/apt,126,2,11,5,268,11
613120742777811183,94471400,Manhattan,West Village,40.72943,-74.00566,Entire home/apt,254,30,0,1,349,0
611854481085487220,14314393,Brooklyn,Bedford-Stuyvesant,40.69339,-73.94638,Entire home/apt,130,7,1,1,0,1
611859893450940350,3223938,Brooklyn,Bedford-Stuyvesant,40.68757,-73.92051,Private room,36,90,0,288,99,0
611974907558139143,279024287,Manhattan,Chelsea,40.73947726258535,-74.00002183654428,Entire home/apt,125,31,1,2,311,1
612104679091450603,15123868,Staten Island,Stapleton,40.62993,-74.08069,Entire home/apt,167,3,11,3,340,11
613127726454839632,13781912,Brooklyn,Bedford-Stuyvesant,40.69936,-73.9441,Private room,118,1,9,1,26,9
612132833235907823,134114121,Manhattan,Hell's Kitchen,40.75998,-73.99024,Entire home/apt,338,4,11,1,82,11
612178257211694119,190915917,Bronx,Fieldston,40.895813,-73.896957,Private room,92,2,22,3,337,22
612217011834390287,413204967,Queens,Astoria,40.7684,-73.92503,Private room,81,1,1,13,327,1
612222339977841754,413204967,Queens,Astoria,40.76883,-73.92388,Private room,75,1,5,13,338,5
612228203284776025,391168473,Brooklyn,Bushwick,40.68389,-73.90951,Entire home/apt,250,1,13,1,331,13
616548361565241616,39371435,Brooklyn,Crown Heights,40.67814,-73.94526,Entire home/apt,400,2,0,6,356,0
616579900837775210,196059058,Manhattan,Chelsea,40.74333,-73.99612,Entire home/apt,235,21,0,3,32,0
616582529347379031,145252418,Manhattan,East Harlem,40.80575,-73.93692,Private room,90,3,10,3,62,10
616597072825972591,145252418,Manhattan,East Harlem,40.80422,-73.93646,Entire home/apt,500,3,8,3,321,8
616617042058000232,66451125,Queens,Rego Park,40.73494,-73.86061,Private room,86,3,1,4,254,1
616625693135113253,388575050,Brooklyn,Prospect-Lefferts Gardens,40.657108,-73.959412,Entire home/apt,132,1,18,4,330,18
616648705280184814,335795,Manhattan,Chelsea,40.74774387692687,-74.00511070525427,Entire home/apt,179,30,0,1,127,0
616667320330515222,231295106,Manhattan,Financial District,40.709773570436,-74.00649766442604,Entire home/apt,271,1,3,1,98,3
614415521822048741,192390368,Brooklyn,East Flatbush,40.64219,-73.95151,Entire home/apt,229,1,21,1,322,21
614422614245856965,8997485,Brooklyn,Midwood,40.62268,-73.96239,Entire home/apt,143,2,20,5,319,20
614449625484933692,23397935,Brooklyn,Fort Greene,40.68832,-73.97831,Entire home/apt,140,5,2,1,3,2
613169372456144088,416381658,Bronx,Concourse,40.83456,-73.92168,Private room,60,15,2,3,252,2
613178579990215369,368465567,Queens,Jamaica,40.673,-73.7813,Entire home/apt,200,1,4,6,353,4
613186029789371381,456035465,Brooklyn,Sheepshead Bay,40.584145,-73.953377,Entire home/apt,176,3,1,1,353,1
614463806792697297,223147583,Brooklyn,East New York,40.671677,-73.877579,Entire home/apt,70,3,9,1,5,9
614475772890251052,16182430,Manhattan,East Village,40.72974,-73.98712,Entire home/apt,341,3,4,2,113,4
616714856372702644,456766681,Queens,Corona,40.7365602084429,-73.8628241558489,Entire home/apt,91,7,0,1,282,0
616736796461105087,456830372,Queens,Ditmars Steinway,40.78065,-73.91515,Entire home/apt,150,5,10,1,312,10
616766759563886862,415121156,Queens,Astoria,40.76410652751713,-73.90907197183598,Entire home/apt,256,2,3,2,328,3
616769747923405651,432679409,Manhattan,Tribeca,40.71845,-74.00729,Entire home/apt,2671,1,0,9,340,0
616834723568264697,111272737,Manhattan,Gramercy,40.73453,-73.98769,Entire home/apt,205,5,5,1,7,5
616849237364066331,456853993,Brooklyn,East Flatbush,40.65256,-73.93338,Private room,44,120,0,2,0,0
616867664648376188,419348361,Bronx,Concourse Village,40.82831,-73.91471,Entire home/apt,154,2,9,2,359,9
616868482169498799,129499210,Manhattan,Upper West Side,40.796715,-73.962357,Private room,105,2,6,2,0,6
616958463699616587,306295899,Manhattan,Chelsea,40.74606957308775,-73.99109150270377,Shared room,79,3,13,9,314,13
617026544815619137,47721954,Manhattan,Upper East Side,40.77571,-73.95543,Private room,95,1,8,5,358,8
617108139243397475,179778880,Brooklyn,Sunset Park,40.66181,-73.98994,Private room,53,30,0,3,342,0
617152049684538980,440921674,Brooklyn,East New York,40.66771,-73.88672,Private room,145,1,6,13,363,6
613199633140677112,1524762,Manhattan,West Village,40.73362,-74.00168,Entire home/apt,300,10,4,1,28,4
617201969579612368,21944539,Bronx,Fordham,40.85922,-73.8949,Entire home/apt,180,31,1,1,137,1
614509099548801376,405256726,Brooklyn,Canarsie,40.64175,-73.896629,Entire home/apt,197,2,7,1,255,7
614525902618896609,440469367,Brooklyn,Bushwick,40.68831,-73.90989,Shared room,42,90,1,5,335,1
614561151449049321,221259466,Queens,Corona,40.75201,-73.85195,Entire home/apt,188,2,15,1,282,15
614648160484737490,331185230,Manhattan,Upper East Side,40.7709,-73.95486,Entire home/apt,270,1,0,10,0,0
614665895229065901,6515570,Brooklyn,Crown Heights,40.66847510960735,-73.95601592366476,Entire home/apt,295,4,0,1,231,0
613217295481896760,6792120,Manhattan,Lower East Side,40.71342,-73.98043,Entire home/apt,225,30,0,2,264,0
613230113020408121,304460696,Queens,Arverne,40.59067,-73.79479,Entire home/apt,253,2,6,1,325,6
613236049546020114,5844443,Brooklyn,Boerum Hill,40.68441,-73.983902,Entire home/apt,148,76,1,1,134,1
617257352852864691,71350426,Brooklyn,Greenpoint,40.72082,-73.94127,Entire home/apt,235,30,3,1,339,3
613295222944590211,246923606,Queens,Jamaica,40.67765,-73.79804,Entire home/apt,91,1,7,1,358,7
617263217268272769,321402570,Bronx,Kingsbridge,40.86515,-73.90033,Private room,97,2,9,1,327,9
617264732211255258,306295899,Manhattan,Midtown,40.74603388849937,-73.98963570815827,Private room,115,3,2,9,81,2
614693159756870969,45400201,Queens,Flushing,40.75867,-73.817,Entire home/apt,468,1,12,4,26,12
614776373298274766,264728394,Manhattan,East Village,40.72551,-73.97871,Entire home/apt,500,7,4,4,122,4
614805306151398180,3223938,Brooklyn,Park Slope,40.66968,-73.98273,Private room,39,90,0,288,264,0
614986741558181938,121419684,Brooklyn,Gravesend,40.586311,-73.989548,Private room,80,7,4,1,337,4
615031553709442871,166968827,Queens,Cambria Heights,40.69338,-73.73485,Entire home/apt,150,2,2,2,78,2
615043660276866260,395671107,Manhattan,Upper West Side,40.79627234834625,-73.9719090564784,Private room,71,30,0,14,73,0
615083462663147086,107434423,Manhattan,East Harlem,40.78559,-73.94958,Entire home/apt,424,31,0,453,9,0
615118262419946816,166968827,Queens,Cambria Heights,40.69434,-73.73299,Entire home/apt,140,2,13,2,121,13
613309517347730540,455691328,Manhattan,East Harlem,40.78988,-73.94745,Entire home/apt,250,2,3,3,148,3
613429806262281723,286772500,Queens,East Elmhurst,40.76497,-73.87514,Entire home/apt,229,5,8,3,164,8
613553580194602309,73411812,Brooklyn,Bushwick,40.69239,-73.91496,Entire home/apt,126,30,2,1,320,2
615124013132263891,9229108,Manhattan,Harlem,40.81317,-73.95153,Entire home/apt,202,3,1,1,100,1
615126076185455171,5769367,Manhattan,Chelsea,40.74101,-74.00441,Entire home/apt,300,2,2,1,260,2
615142426292620870,444415151,Manhattan,East Village,40.72524,-73.99,Private room,180,5,2,2,325,2
615147103937720079,152599955,Queens,Richmond Hill,40.69179,-73.83451,Entire home/apt,100,1,15,2,321,15
615165889663292007,454164649,Bronx,Claremont Village,40.83563,-73.91,Private room,75,3,3,3,360,3
615180685247297195,284337887,Brooklyn,Bushwick,40.70052,-73.94082,Private room,36,30,0,14,249,0
615203622986503183,40830849,Brooklyn,Williamsburg,40.71145,-73.96501,Entire home/apt,469,2,4,1,197,4
615226670355727597,75458625,Queens,Sunnyside,40.74725,-73.91684,Private room,122,30,0,4,353,0
617276903379514004,456940606,Brooklyn,Crown Heights,40.6695,-73.92934,Entire home/apt,140,3,3,1,196,3
617277820262276049,306295899,Manhattan,Chelsea,40.7477297513386,-73.99002688715616,Private room,119,3,9,9,97,9
617285305427564871,306295899,Manhattan,Chelsea,40.7478078420166,-73.98933904244215,Shared room,77,3,6,9,312,6
617305732779485628,456472724,Brooklyn,Bedford-Stuyvesant,40.68298,-73.91946,Private room,105,1,35,3,78,35
617305759593153025,456472724,Brooklyn,Bedford-Stuyvesant,40.68306,-73.91916,Private room,92,1,25,3,80,25
617339277916579641,774484,Manhattan,Washington Heights,40.84158,-73.93732,Entire home/apt,150,4,4,1,64,4
613556271049446888,152114575,Brooklyn,Carroll Gardens,40.681564,-73.994194,Entire home/apt,139,30,3,1,143,3
617342327775962091,456960881,Queens,Astoria,40.77147,-73.9199,Entire home/apt,150,25,8,1,52,8
615356138787526308,26218375,Bronx,Wakefield,40.89808,-73.84581,Entire home/apt,170,2,8,1,180,8
615395641198034052,206722794,Brooklyn,Williamsburg,40.70727,-73.96248,Entire home/apt,150,30,0,4,253,0
615401329818769718,3223938,Brooklyn,Bedford-Stuyvesant,40.6859,-73.92172,Private room,40,90,0,288,280,0
615409646743320726,456189131,Manhattan,Harlem,40.8208,-73.95269,Private room,119,20,2,2,71,2
615413344030015734,9949215,Manhattan,Harlem,40.81641,-73.944,Entire home/apt,200,30,1,2,214,1
615413849122417575,3223938,Brooklyn,Bedford-Stuyvesant,40.68689,-73.92341,Private room,37,90,0,288,249,0
615432684761025204,206778021,Manhattan,Harlem,40.82412,-73.9542,Private room,70,14,3,7,236,3
613577590629314589,4520672,Manhattan,West Village,40.730614,-74.002403,Entire home/apt,400,60,1,2,132,1
613591736988128644,412467812,Manhattan,Upper East Side,40.76142957912639,-73.96258354776248,Entire home/apt,374,2,4,15,290,4
613592316123889396,412467812,Manhattan,Upper East Side,40.7614598501434,-73.96256397534894,Entire home/apt,450,2,4,15,331,4
613592835245175995,412467812,Manhattan,Upper East Side,40.76287542727621,-73.96062548223556,Entire home/apt,361,2,1,15,311,1
613593160804400941,412467812,Manhattan,Upper East Side,40.76114825545398,-73.96108660107079,Entire home/apt,417,2,5,15,323,5
613593638029350305,412467812,Manhattan,Upper East Side,40.76097,-73.9604,Entire home/apt,374,2,3,15,309,3
613594080180709081,412467812,Manhattan,Upper East Side,40.76285059447757,-73.96193329890123,Entire home/apt,401,2,0,15,337,0
613594327044808225,412467812,Manhattan,Upper East Side,40.761418657771046,-73.96238533240582,Entire home/apt,374,2,2,15,333,2
613594649353919830,412467812,Manhattan,Upper East Side,40.76316215914999,-73.96058286474316,Entire home/apt,424,2,4,15,341,4
613598183397579432,1028541,Manhattan,Inwood,40.87347,-73.91639,Entire home/apt,115,73,0,1,253,0
615597591681018811,456589439,Brooklyn,Midwood,40.612343,-73.949509,Private room,65,90,1,6,365,1
615629653666909751,18397763,Brooklyn,Bedford-Stuyvesant,40.6848161762731,-73.94076007170239,Entire home/apt,147,2,0,1,290,0
615665890002634195,244544373,Staten Island,St. George,40.63736,-74.08155,Private room,95,1,3,3,365,3
615727733158148585,107434423,Manhattan,Kips Bay,40.74021949999999,-73.9795651,Entire home/apt,664,31,0,453,343,0
615730231436692543,107434423,Manhattan,Kips Bay,40.74021949999999,-73.9795651,Entire home/apt,424,31,0,453,0,0
615730541920168914,107434423,Manhattan,Kips Bay,40.74021949999999,-73.9795651,Entire home/apt,465,31,0,453,0,0
615786091617873249,107434423,Brooklyn,Carroll Gardens,40.6750255,-73.9978519,Entire home/apt,323,31,0,453,335,0
615786383112076165,107434423,Manhattan,Kips Bay,40.74021949999999,-73.9795651,Entire home/apt,604,31,0,453,347,0
617345850185808370,10312394,Brooklyn,Williamsburg,40.71256,-73.96042,Entire home/apt,70,30,0,1,32,0
617348066884967902,4023094,Brooklyn,Williamsburg,40.71272,-73.96416,Entire home/apt,249,3,6,1,61,6
617390914775483845,211549023,Manhattan,Midtown,40.74618,-73.98677,Entire home/apt,628,2,0,16,290,0
613605942923240266,412467812,Manhattan,Upper East Side,40.76128676835415,-73.96223206115532,Entire home/apt,1311,4,7,15,272,7
613606685400763792,66049051,Brooklyn,Bushwick,40.68729,-73.90887,Entire home/apt,250,7,2,1,336,2
613606877775615112,412467812,Manhattan,Upper East Side,40.76176754357888,-73.96232386309863,Entire home/apt,1309,4,2,15,302,2
613607963957339555,412467812,Manhattan,Upper East Side,40.762680928274754,-73.96071143805703,Entire home/apt,785,2,5,15,285,5
613608991056115546,412467812,Manhattan,Upper East Side,40.76278820379385,-73.96047256801269,Entire home/apt,810,2,4,15,301,4
613609899186191840,412467812,Manhattan,Upper East Side,40.76126002272324,-73.96240374378282,Entire home/apt,810,2,4,15,282,4
613610265063687537,412467812,Manhattan,Upper East Side,40.76324754949988,-73.96032134587581,Entire home/apt,767,2,6,15,291,6
613625022147622040,456132010,Bronx,Throgs Neck,40.82605,-73.81467,Entire home/apt,225,3,1,4,77,1
613635637340467279,11612418,Brooklyn,Williamsburg,40.71604799958114,-73.94956798693279,Entire home/apt,800,3,0,1,281,0
617421589608389749,254335433,Bronx,Parkchester,40.834156,-73.857414,Entire home/apt,140,1,0,1,174,0
617440782709168418,384532776,Manhattan,SoHo,40.72753,-74.00179,Entire home/apt,143,30,1,44,250,1
613649143663298138,15672224,Manhattan,Upper West Side,40.79322,-73.97432,Entire home/apt,145,30,1,2,33,1
613651869196528925,380970251,Brooklyn,Bedford-Stuyvesant,40.67973,-73.94983,Entire home/apt,131,2,17,1,111,17
613658945946121900,177038905,Brooklyn,Bedford-Stuyvesant,40.68276,-73.91996,Entire home/apt,250,2,8,5,69,8
613712485674535041,32815083,Brooklyn,Bushwick,40.69234,-73.907,Entire home/apt,199,2,3,1,23,3
617478786022109124,288195109,Brooklyn,Canarsie,40.63021,-73.89853,Entire home/apt,140,2,10,1,169,10
617499038697675576,51913277,Brooklyn,Sunset Park,40.65653,-74.00497,Private room,102,1,30,5,28,30
617541913554613269,81015025,Brooklyn,Bedford-Stuyvesant,40.67852,-73.94788,Private room,99,1,3,2,352,3
617551684769193703,35013306,Brooklyn,Park Slope,40.67049,-73.98779,Entire home/apt,150,30,1,1,0,1
617780094173216846,123518076,Bronx,Concourse,40.81986,-73.92731,Entire home/apt,258,3,7,2,7,7
617871935670392856,49704571,Brooklyn,Williamsburg,40.71916,-73.94321,Entire home/apt,109,30,0,9,47,0
617886577640735141,30542864,Brooklyn,East Flatbush,40.66103,-73.92678,Private room,76,1,20,1,354,20
617902706904621033,35558695,Brooklyn,Windsor Terrace,40.65129,-73.97384,Private room,130,30,1,2,86,1
617930599182480327,401202937,Manhattan,Midtown,40.74683,-73.98671,Private room,111,1,5,51,57,5
617976469167890423,38257043,Manhattan,Midtown,40.76737,-73.98208,Entire home/apt,120,3,3,1,14,3
617987170434980754,445492801,Brooklyn,Sunset Park,40.66162,-73.99431,Entire home/apt,423,1,33,2,178,33
617996666218494904,13643709,Brooklyn,Bushwick,40.69498,-73.92589,Private room,90,1,19,1,155,19
615794639953090049,456124292,Brooklyn,Red Hook,40.6790870728851,-74.01476594136479,Private room,125,1,1,1,365,1
613725925337902386,28449520,Queens,Arverne,40.59509,-73.79508,Entire home/apt,101,2,14,1,24,14
615821520431158475,159215356,Brooklyn,Clinton Hill,40.686104,-73.966606,Entire home/apt,200,6,0,1,32,0
615824161600988136,149151114,Manhattan,Harlem,40.81212,-73.95185,Shared room,89,1,9,5,341,9
615861296358504781,440921674,Brooklyn,East New York,40.66542,-73.88684,Entire home/apt,265,1,10,13,362,10
615893564444498946,130755514,Brooklyn,Brownsville,40.65648,-73.90553,Entire home/apt,96,5,4,1,346,4
615896811589309259,437907616,Bronx,Tremont,40.84376,-73.89017,Entire home/apt,254,1,21,2,74,21
615904441638758447,407949665,Bronx,Wakefield,40.90226,-73.84129,Private room,67,2,7,2,360,7
615908768382499663,6724578,Brooklyn,Brooklyn Heights,40.69109,-73.99633,Private room,155,2,17,6,125,17
617998141692186340,367571306,Brooklyn,Bedford-Stuyvesant,40.686256,-73.932869,Entire home/apt,119,3,4,1,235,4
613747202944317309,219517861,Manhattan,Flatiron District,40.7438,-73.98994,Private room,366,2,15,71,348,15
613757525333034590,16876775,Manhattan,Harlem,40.817276,-73.942688,Entire home/apt,180,2,4,1,0,4
618003645645289874,892811,Brooklyn,East Flatbush,40.64083,-73.93297,Entire home/apt,127,2,9,1,306,9
616011591675728415,414539549,Queens,Jamaica,40.68918,-73.77763,Entire home/apt,186,2,28,1,338,28
616027350088093814,435847805,Brooklyn,East New York,40.66106,-73.86543,Entire home/apt,259,2,15,3,352,15
616040730732776863,131649335,Queens,Long Island City,40.749508,-73.939613,Private room,229,1,5,3,319,5
613791276176394350,8351424,Manhattan,Washington Heights,40.83529,-73.94358,Entire home/apt,289,3,2,2,0,2
613798700673277733,380601266,Manhattan,Upper West Side,40.79117,-73.97241,Entire home/apt,305,90,0,25,333,0
613799591149482623,442137835,Brooklyn,Bedford-Stuyvesant,40.68344,-73.94814,Entire home/apt,175,1,2,1,80,2
616045163495228503,456692574,Brooklyn,Bushwick,40.69424,-73.91205,Entire home/apt,160,2,17,1,7,17
616070550883536015,329941458,Brooklyn,Gowanus,40.66649,-73.99379,Entire home/apt,570,4,16,3,313,16
616106207872645681,17775359,Manhattan,Hell's Kitchen,40.76117,-73.995,Entire home/apt,1067,30,2,5,0,2
616113702732602457,39371435,Brooklyn,Bedford-Stuyvesant,40.68002,-73.94483,Entire home/apt,700,2,2,6,336,2
618023128301471110,455767138,Manhattan,East Harlem,40.79382,-73.9318,Entire home/apt,743,7,4,1,341,4
618025722415415262,45735004,Brooklyn,Bushwick,40.69776,-73.93017,Entire home/apt,134,1,18,3,161,18
618029927103390496,189538,Brooklyn,Bath Beach,40.607342,-74.005783,Private room,75,2,5,1,166,5
613801697603638347,127628491,Brooklyn,East New York,40.669601,-73.890701,Entire home/apt,138,3,22,1,111,22
613805658941413488,128823061,Manhattan,Kips Bay,40.74075,-73.97837,Entire home/apt,1086,1,1,1,78,1
616249344974311200,456318370,Brooklyn,Bedford-Stuyvesant,40.6802383,-73.9119661,Private room,90,1,14,1,69,14
616290734292890301,391616930,Manhattan,Hell's Kitchen,40.7625,-73.99186,Entire home/apt,597,1,4,1,123,4
616480886476865428,43719073,Brooklyn,Sheepshead Bay,40.59791,-73.95639,Shared room,46,1,16,8,0,16
616526465058649999,383229403,Manhattan,Upper East Side,40.76498,-73.96309,Entire home/apt,255,30,0,5,281,0
616543229517211640,456788513,Brooklyn,Bedford-Stuyvesant,40.68055,-73.95024,Private room,41,1,17,1,7,17
618730721127107020,455492966,Manhattan,Financial District,40.70592,-74.00684,Private room,60,2,7,2,0,7
613805767294709409,3974733,Manhattan,Harlem,40.82258958532667,-73.9561496026312,Entire home/apt,175,7,2,1,88,2
618063122241313854,77063818,Brooklyn,Sunset Park,40.64815,-74.00797,Entire home/apt,120,1,25,5,64,25
613807325009015175,91380044,Brooklyn,East Flatbush,40.65489,-73.92696,Entire home/apt,140,30,0,1,345,0
618731819301540593,2100968,Brooklyn,Windsor Terrace,40.6574,-73.98495,Entire home/apt,300,25,0,1,365,0
620499908179792270,4244052,Brooklyn,Brownsville,40.67543,-73.90551,Entire home/apt,92,5,3,1,298,3
620503641723291705,97328229,Bronx,Tremont,40.84208,-73.8911,Entire home/apt,154,30,3,6,365,3
620569593739163094,219931262,Manhattan,Harlem,40.82187,-73.94548,Private room,127,4,7,1,23,7
620578868328318638,28656622,Manhattan,Midtown,40.76277,-73.97539,Private room,2243,1,2,3,353,2
620682913239130367,389845679,Manhattan,Upper West Side,40.77889,-73.97654,Private room,199,4,0,1,297,0
618076597624796388,457135361,Staten Island,Midland Beach,40.57409,-74.09232,Entire home/apt,175,3,2,1,352,2
620813465465048050,3686796,Brooklyn,Clinton Hill,40.68649,-73.96012,Entire home/apt,200,30,0,1,142,0
618098934684196999,8254006,Brooklyn,Prospect-Lefferts Gardens,40.65682,-73.95775,Entire home/apt,116,3,2,1,0,2
618111622000640651,21962360,Brooklyn,Sheepshead Bay,40.5909,-73.9463,Private room,504,5,0,1,365,0
618792015114033966,457300342,Brooklyn,Bushwick,40.70429,-73.91514,Entire home/apt,225,2,15,1,211,15
618799762378996742,5615582,Manhattan,Lower East Side,40.71923,-73.9873,Private room,736,1,0,51,360,0
618801129577374720,424129746,Manhattan,Hell's Kitchen,40.75904,-73.99492,Entire home/apt,990,2,0,1,172,0
618810858082921585,403843912,Manhattan,East Village,40.72841,-73.983,Entire home/apt,481,5,6,1,246,6
618831021062303528,5615582,Manhattan,Lower East Side,40.72093,-73.98841,Private room,2229,1,0,51,360,0
620830412189713603,385129361,Manhattan,Upper West Side,40.79577,-73.96328,Entire home/apt,90,30,0,48,332,0
620892900367377566,278985545,Brooklyn,Bedford-Stuyvesant,40.68431,-73.93167,Private room,55,90,2,3,0,2
620919324221630458,47022650,Manhattan,East Harlem,40.79349,-73.93378,Entire home/apt,170,4,2,5,338,2
620919429306328148,342060071,Queens,Flushing,40.74584,-73.82637,Entire home/apt,151,30,1,9,341,1
620958093162847848,206655576,Queens,Glendale,40.70329,-73.89344,Entire home/apt,126,20,2,1,74,2
618831384134027105,175696926,Manhattan,Hell's Kitchen,40.7651,-73.9886,Private room,116,4,12,2,96,12
618842603796198772,6845673,Brooklyn,Bushwick,40.68926,-73.91638,Private room,199,1,3,1,164,3
620976161623441408,278910533,Brooklyn,Bedford-Stuyvesant,40.68935775756836,-73.94441223144531,Entire home/apt,261,4,1,2,29,1
621053466259603002,1236663,Manhattan,Harlem,40.8183,-73.93809,Private room,90,1,22,2,0,22
621056669363423033,57964753,Brooklyn,Bedford-Stuyvesant,40.68326,-73.92223,Entire home/apt,199,2,20,1,280,20
621077359785532254,3775509,Manhattan,Upper West Side,40.7720068782842,-73.9867027875359,Entire home/apt,300,30,1,1,162,1
621096104980330083,451750506,Manhattan,Hell's Kitchen,40.75399,-73.99389,Entire home/apt,199,30,1,2,62,1
618861028377141805,83766800,Manhattan,Chinatown,40.71428,-73.9946,Entire home/apt,147,1,1,1,18,1
618136830609238321,36423892,Manhattan,Harlem,40.80048,-73.952858,Entire home/apt,500,30,0,1,354,0
618137879433124876,73511705,Queens,Forest Hills,40.71621,-73.83518,Entire home/apt,150,30,2,2,275,2
618155488881850494,457157525,Queens,Long Island City,40.752808,-73.925415,Private room,65,3,18,3,27,18
621120164650662848,6789936,Queens,Astoria,40.77226,-73.92852,Entire home/apt,122,3,2,1,227,2
621161205437914837,448326434,Manhattan,Midtown,40.74459,-73.98364,Entire home/apt,224,30,0,35,228,0
621196224002920613,457828432,Brooklyn,Brownsville,40.65717,-73.91093,Private room,40,30,0,9,242,0
618163908360814167,347029971,Staten Island,Mariners Harbor,40.63109538863847,-74.15736770699648,Entire home/apt,95,1,4,1,270,4
618184029212813622,119645121,Brooklyn,East New York,40.659912563118056,-73.89526382937959,Entire home/apt,400,1,2,1,362,2
618184915139767958,1760610,Brooklyn,Bushwick,40.70178,-73.91235,Entire home/apt,255,4,4,2,16,4
618196431332786901,120974884,Brooklyn,Crown Heights,40.67418,-73.96203,Entire home/apt,243,30,2,4,230,2
618202397795446807,61278683,Queens,Long Island City,40.75459,-73.93653,Private room,61,2,18,3,256,18
618861749076327734,7663501,Brooklyn,Bushwick,40.69766,-73.92807,Entire home/apt,166,2,4,1,1,4
618882139365043324,182363374,Queens,Long Island City,40.75188,-73.94319,Private room,92,14,2,6,310,2
621197054319060298,451750506,Manhattan,Hell's Kitchen,40.75406,-73.99603,Entire home/apt,199,30,1,2,157,1
621199904073271115,457828432,Brooklyn,Brownsville,40.65574,-73.90911,Private room,39,30,2,9,38,2
621228646987167138,457828432,Brooklyn,Brownsville,40.65577,-73.91117,Private room,39,30,1,9,258,1
621258024252525240,259066380,Manhattan,East Village,40.72647765487658,-73.97786420718377,Entire home/apt,169,80,0,5,259,0
621267743726156138,457840330,Bronx,Baychester,40.87363158911957,-73.8405035250668,Private room,70,1,2,3,362,2
618914766461895015,275535991,Queens,Springfield Gardens,40.6887,-73.75194,Private room,100,7,0,4,365,0
618920986406124869,275535991,Queens,Springfield Gardens,40.68903,-73.75071,Private room,100,7,0,4,365,0
618923158188564061,429454593,Queens,Springfield Gardens,40.68929,-73.7526,Entire home/apt,261,2,16,1,247,16
618927610124184285,275535991,Queens,Springfield Gardens,40.6887,-73.7505,Private room,80,7,0,4,365,0
618973131846384024,164602924,Manhattan,Hell's Kitchen,40.76532,-73.99507,Private room,144,1,24,2,49,24
618210674979262774,457171756,Brooklyn,Midwood,40.62742447867589,-73.96251587471433,Private room,119,7,1,4,365,1
618244814195145705,546370,Brooklyn,Bedford-Stuyvesant,40.68735,-73.94989,Private room,59,7,2,16,54,2
618270217209294076,425647682,Queens,Woodhaven,40.69612,-73.85831,Private room,74,1,12,10,335,12
621268352265312751,457840330,Bronx,Baychester,40.87537888358304,-73.8406190954891,Private room,67,1,1,3,86,1
621268506479085631,457840330,Bronx,Baychester,40.8741986,-73.8412057,Private room,59,1,4,3,53,4
621305839800515419,450443676,Brooklyn,Bedford-Stuyvesant,40.68632,-73.92302,Entire home/apt,166,1,15,2,347,15
618282597619443456,210036614,Brooklyn,Bay Ridge,40.62677706342476,-74.02417135238647,Entire home/apt,150,2,5,1,345,5
618994119404517462,457346413,Brooklyn,Bedford-Stuyvesant,40.67835,-73.91058,Private room,90,2,8,1,167,8
618994191723179959,456852389,Queens,South Ozone Park,40.667347,-73.82222,Entire home/apt,150,2,7,1,84,7
621464835209424354,420111,Brooklyn,Bedford-Stuyvesant,40.68899,-73.9596,Entire home/apt,175,5,4,3,29,4
621482467941936594,5245744,Brooklyn,Flatbush,40.63689,-73.96641,Entire home/apt,80,7,0,1,50,0
618996031659680456,457352598,Manhattan,Hell's Kitchen,40.75569,-73.99395,Entire home/apt,199,1,14,2,269,14
619003412322122142,81636631,Queens,Fresh Meadows,40.73737,-73.78763,Private room,96,2,0,4,74,0
618295718481470315,4096046,Brooklyn,Flatbush,40.63774,-73.96799,Entire home/apt,416,6,3,1,30,3
618370425268863508,41654488,Brooklyn,Greenpoint,40.72538,-73.94646,Private room,121,1,2,2,92,2
621581270186251413,650282,Brooklyn,Bedford-Stuyvesant,40.67875,-73.95108,Entire home/apt,215,28,1,1,62,1
618390338527211211,435592300,Brooklyn,Boerum Hill,40.68918,-73.98812,Private room,350,3,5,1,1,5
618390733290143782,371008926,Brooklyn,East New York,40.67315,-73.89235,Entire home/apt,83,30,2,6,365,2
618425042488286182,371008926,Brooklyn,East New York,40.67159,-73.89338,Entire home/apt,68,30,0,6,306,0
618451653506979162,371008926,Queens,Queens Village,40.7126,-73.73964,Entire home/apt,80,30,2,6,353,2
621591672862470535,181205324,Queens,Glendale,40.69838,-73.89337,Entire home/apt,241,30,0,2,365,0
621592633962083694,4058709,Brooklyn,Park Slope,40.67584,-73.97958,Private room,120,7,2,2,160,2
621608694221941210,159810244,Manhattan,Hell's Kitchen,40.76170200704892,-73.99467308809346,Entire home/apt,220,1,0,1,335,0
618518325242617244,439221511,Manhattan,East Harlem,40.7976,-73.93388,Entire home/apt,286,1,1,1,86,1
618599774783838639,109930093,Bronx,Mott Haven,40.80856,-73.9274,Private room,162,3,3,2,174,3
619024057513246291,273031004,Brooklyn,Williamsburg,40.71681,-73.95591,Entire home/apt,211,2,18,1,2,18
619069286552064448,5202854,Manhattan,Harlem,40.81494,-73.95278,Private room,86,1,11,2,160,11
619248594409592593,386334460,Manhattan,East Harlem,40.79607,-73.93384,Entire home/apt,334,1,5,2,108,5
619263509299079968,107434423,Manhattan,East Harlem,40.78559,-73.94958,Entire home/apt,348,31,0,453,0,0
619263844054027323,442098041,Brooklyn,East New York,40.67077,-73.87857,Entire home/apt,135,14,0,2,359,0
619266532102143496,107434423,Manhattan,West Village,40.73034,-74.00506,Entire home/apt,341,31,0,453,278,0
619293055824062328,1774760,Brooklyn,Sunset Park,40.66065,-73.98963,Entire home/apt,320,6,3,1,159,3
619354374288622502,230403448,Manhattan,Lower East Side,40.71328,-73.99054,Entire home/apt,199,30,2,4,268,2
619381766727404134,435050037,Brooklyn,Flatbush,40.65351550000717,-73.96194590638919,Private room,157,2,2,14,356,2
619384017005569381,552627,Manhattan,Washington Heights,40.83504,-73.94351,Entire home/apt,195,2,1,1,327,1
619434908055464809,158799692,Bronx,Edenwald,40.88916,-73.83596,Entire home/apt,104,2,9,2,303,9
619471347276644775,136230287,Queens,East Elmhurst,40.76293,-73.86934,Private room,56,1,14,2,335,14
621617855395281977,2321877,Brooklyn,Bedford-Stuyvesant,40.68445,-73.93162,Entire home/apt,828,4,5,2,187,5
621619861209277854,440069848,Queens,Rosedale,40.670563,-73.73288,Shared room,99,3,0,1,346,0
619487167383877878,42131017,Manhattan,Tribeca,40.71788,-74.00653,Entire home/apt,1275,3,1,1,35,1
619493228177621291,219517861,Manhattan,Financial District,40.708195824388696,-74.00485412029299,Entire home/apt,623,2,0,71,207,0
618649798688415199,118770743,Manhattan,Chelsea,40.74565,-73.99686,Entire home/apt,212,5,5,1,286,5
621621212514802027,7991717,Manhattan,Gramercy,40.73401,-73.98391,Entire home/apt,280,30,0,1,68,0
621643353573691281,3311936,Manhattan,Tribeca,40.717037,-74.004768,Entire home/apt,579,3,4,1,218,4
621698361336057853,39636041,Queens,Ditmars Steinway,40.78172,-73.91813,Private room,74,1,22,1,45,22
621719100139492052,1656285,Brooklyn,Williamsburg,40.71558,-73.94609,Entire home/apt,205,10,2,1,7,2
621727214157701224,10401199,Manhattan,Upper West Side,40.785488,-73.971367,Entire home/apt,250,6,1,1,94,1
618682847056131427,311177823,Queens,Bayswater,40.60736,-73.75606,Entire home/apt,75,2,8,1,137,8
619493360916568860,31698824,Brooklyn,Brooklyn Heights,40.69198989868164,-73.99140930175781,Entire home/apt,280,5,10,1,109,10
619496242599733097,37459618,Manhattan,East Village,40.73033,-73.98469,Private room,120,3,12,2,171,12
621739317475169680,147229558,Brooklyn,Williamsburg,40.7090853091933,-73.93757237029106,Entire home/apt,275,1,7,2,86,7
621763568649914469,52403444,Brooklyn,Bedford-Stuyvesant,40.68972,-73.94611,Entire home/apt,139,1,23,5,37,23
621827369183922337,56115720,Manhattan,Lower East Side,40.71026,-73.99174,Entire home/apt,240,364,10,1,150,10
619504021677189809,85846262,Manhattan,Chelsea,40.74519,-74.0,Entire home/apt,350,90,0,1,89,0
621841036756619051,448653723,Queens,Richmond Hill,40.69424,-73.83673,Private room,65,1,12,2,352,12
621880905850087827,456132010,Bronx,Throgs Neck,40.812206,-73.82663,Entire home/apt,180,3,1,4,365,1
621933627162910699,3223938,Brooklyn,Midwood,40.61358,-73.95309,Private room,31,90,0,288,264,0
621943200878315937,3223938,Brooklyn,Flatbush,40.64845,-73.96986,Private room,42,90,0,288,260,0
621945677336791499,210032296,Brooklyn,East Flatbush,40.66074,-73.93096,Entire home/apt,270,3,4,3,351,4
621952284492189498,52170593,Manhattan,Greenwich Village,40.73014,-73.99953,Entire home/apt,200,1,1,1,0,1
619509486932788470,398809789,Queens,Far Rockaway,40.59942341975319,-73.75689446800779,Entire home/apt,232,2,10,1,68,10
618694402413486023,66765288,Brooklyn,Sunset Park,40.651540471147854,-74.00981703279861,Entire home/apt,135,1,0,1,37,0
621962301678233741,334611519,Queens,Flushing,40.75595,-73.80515,Entire home/apt,146,1,20,14,161,20
621980119520092893,3223938,Brooklyn,Bedford-Stuyvesant,40.68567,-73.92293,Private room,37,90,0,288,249,0
621993494573410612,3223938,Brooklyn,Bedford-Stuyvesant,40.68573,-73.92288,Private room,37,90,0,288,273,0
622014864907078577,455764641,Bronx,Concourse Village,40.82585,-73.92124,Private room,200,1,0,1,365,0
622271397714342012,162179374,Brooklyn,East Flatbush,40.65373896655625,-73.95142064227925,Private room,79,3,0,2,346,0
618699349917625623,457272405,Queens,Ditmars Steinway,40.76758,-73.89442,Entire home/apt,249,30,1,1,365,1
618708161953854098,37489854,Brooklyn,Bushwick,40.6908,-73.91667,Entire home/apt,150,2,7,1,220,7
618720470051630981,275535991,Queens,Springfield Gardens,40.68893,-73.75101,Private room,140,7,0,4,365,0
618730070759127616,78110149,Brooklyn,Bedford-Stuyvesant,40.69806,-73.93772,Entire home/apt,350,3,1,1,310,1
622358092706908594,174792040,Manhattan,Hell's Kitchen,40.76121,-73.98719,Private room,319,2,0,42,0,0
622358110058121837,174792040,Manhattan,Theater District,40.75937,-73.9873,Private room,377,2,0,42,0,0
622358136376969464,174792040,Manhattan,Theater District,40.76148,-73.98528,Private room,388,2,0,42,0,0
622358148513143564,174792040,Manhattan,Theater District,40.75946,-73.98657,Private room,388,2,0,42,0,0
622282373326580697,2867137,Manhattan,Upper East Side,40.77151,-73.95641,Entire home/apt,170,30,1,73,249,1
622289283359247413,2867137,Manhattan,Upper East Side,40.77147,-73.95464,Entire home/apt,165,30,0,73,336,0
622350469075907189,141027957,Queens,Woodhaven,40.68713,-73.86362,Entire home/apt,186,2,13,4,85,13
622355343548074534,174792040,Manhattan,Theater District,40.76169,-73.98542,Private room,1782,2,0,42,1,0
622355612390049382,174792040,Manhattan,Theater District,40.76091,-73.98526,Private room,1633,2,0,42,0,0
622355656173465587,174792040,Manhattan,Theater District,40.75973,-73.98711,Private room,1630,2,0,42,0,0
622355844884543300,174792040,Manhattan,Theater District,40.75961,-73.98745,Private room,1509,2,0,42,0,0
622355858456520971,174792040,Manhattan,Theater District,40.76084,-73.9853,Private room,1553,2,0,42,0,0
622355920070752694,174792040,Manhattan,Theater District,40.76136,-73.98582,Private room,1553,2,0,42,0,0
622356145248398939,174792040,Manhattan,Theater District,40.75946,-73.98724,Private room,1336,2,0,42,1,0
622356158026719645,174792040,Manhattan,Theater District,40.76078,-73.98545,Private room,1225,2,0,42,0,0
622356173587527197,174792040,Manhattan,Theater District,40.75958,-73.98674,Private room,1225,2,0,42,0,0
622356532609070949,174792040,Manhattan,Theater District,40.75937,-73.98537,Private room,1134,2,0,42,0,0
622356582670535125,174792040,Manhattan,Theater District,40.75936,-73.98521,Private room,1165,2,0,42,0,0
622356613400987776,174792040,Manhattan,Hell's Kitchen,40.76155,-73.98676,Private room,1165,2,0,42,0,0
622356627526404589,174792040,Manhattan,Hell's Kitchen,40.76152,-73.98733,Private room,891,2,0,42,1,0
622356644640097875,174792040,Manhattan,Theater District,40.76002,-73.98744,Private room,815,2,0,42,0,0
622356657977248684,174792040,Manhattan,Theater District,40.76015,-73.98741,Private room,815,2,1,42,0,1
622356671863253857,174792040,Manhattan,Hell's Kitchen,40.76141,-73.98698,Private room,756,2,0,42,0,0
622356690123328817,174792040,Manhattan,Theater District,40.76136,-73.98518,Private room,777,2,0,42,0,0
622356948484882328,174792040,Manhattan,Theater District,40.75987,-73.98744,Private room,775,2,0,42,0,0
622356998561904839,174792040,Manhattan,Theater District,40.76125,-73.98528,Private room,446,2,0,42,1,0
622357011383034270,174792040,Manhattan,Theater District,40.76011,-73.98729,Private room,407,2,1,42,0,1
622357023726420359,174792040,Manhattan,Theater District,40.75947,-73.9869,Private room,408,2,1,42,0,1
622357416194221867,174792040,Manhattan,Theater District,40.76121,-73.98526,Private room,340,2,1,42,1,1
622357743838727179,174792040,Manhattan,Hell's Kitchen,40.76107,-73.98717,Private room,303,2,1,42,0,1
622357830357209703,174792040,Manhattan,Theater District,40.76103,-73.9853,Private room,303,2,0,42,0,0
622358063310397109,174792040,Manhattan,Theater District,40.76138,-73.98532,Private room,359,2,0,42,1,0
622358080236472960,174792040,Manhattan,Hell's Kitchen,40.76166,-73.98678,Private room,319,2,0,42,0,0
624197678735957167,446435330,Bronx,Concourse Village,40.83384,-73.90965,Entire home/apt,125,7,7,1,148,7
622383818484517905,55177705,Brooklyn,Williamsburg,40.71229,-73.94627,Entire home/apt,200,3,3,1,0,3
622391207958176781,457828432,Brooklyn,Brownsville,40.65735,-73.91102,Private room,39,30,2,9,342,2
622399228574126361,457828432,Brooklyn,Brownsville,40.65569,-73.90899,Private room,43,30,0,9,271,0
619523165838380933,457467711,Queens,Richmond Hill,40.6835,-73.82986,Entire home/apt,167,1,22,1,343,22
619523534073453300,447895924,Brooklyn,Crown Heights,40.67266,-73.91481,Entire home/apt,599,1,3,3,172,3
624333911894514091,390588257,Manhattan,Midtown,40.76085,-73.96907,Entire home/apt,404,1,3,2,177,3
624337872963969210,61408134,Queens,Long Island City,40.74424268665966,-73.95185716053781,Private room,140,1,2,11,328,2
624359411733665114,61408134,Queens,Long Island City,40.74375182267964,-73.95186018023671,Private room,343,1,0,11,356,0
624399238774557651,956848,Manhattan,Harlem,40.82416,-73.95121,Entire home/apt,173,7,0,1,143,0
624469007636179656,152334637,Brooklyn,Bushwick,40.70439,-73.91386,Private room,61,2,13,2,313,13
619529255377778179,94348160,Brooklyn,Crown Heights,40.67381,-73.95371,Entire home/apt,149,2,10,1,155,10
622430000866496797,62416673,Bronx,Norwood,40.87732,-73.87337,Entire home/apt,118,1,0,1,37,0
622489282988515186,300441683,Queens,Astoria,40.76663,-73.92542,Entire home/apt,139,1,18,1,319,18
622491777409995382,8922853,Brooklyn,Bushwick,40.70214401926171,-73.91664238378148,Entire home/apt,200,3,2,1,65,2
622552956404743681,285941960,Manhattan,NoHo,40.72952,-73.99327,Entire home/apt,400,5,2,1,329,2
622567695114968298,125323558,Brooklyn,East Flatbush,40.65492,-73.95104,Entire home/apt,186,3,15,3,321,15
622599316843460402,393897747,Manhattan,Hell's Kitchen,40.76315,-73.98832,Entire home/apt,341,3,2,19,324,2
622602193403700800,205760,Manhattan,Hell's Kitchen,40.76117,-73.99381,Entire home/apt,210,30,1,5,247,1
624492839876066141,286857496,Brooklyn,Greenpoint,40.72386,-73.95165,Entire home/apt,414,8,3,1,53,3
622622320675898463,253526523,Brooklyn,Bedford-Stuyvesant,40.68282851208708,-73.94861866677921,Entire home/apt,210,2,9,2,56,9
624508295836821889,458580001,Queens,Far Rockaway,40.60118,-73.7553,Entire home/apt,150,3,18,1,364,18
622642286236302171,137154853,Queens,Queens Village,40.70284858526976,-73.7459226555719,Entire home/apt,115,2,6,1,272,6
619535172814995147,376631999,Queens,College Point,40.78826,-73.85225,Private room,75,1,5,1,354,5
619535736155514342,196059058,Manhattan,Lower East Side,40.72176,-73.98592,Entire home/apt,225,18,0,3,126,0
619538167269423140,398073234,Queens,Elmhurst,40.74489,-73.88971,Entire home/apt,299,2,3,6,356,3
619550203347677072,300448271,Queens,Astoria,40.76731,-73.92421,Private room,74,1,18,4,333,18
619556829649227168,37245965,Brooklyn,Cobble Hill,40.68729,-73.99861,Entire home/apt,220,29,0,1,45,0
619558413806140558,2867137,Manhattan,Murray Hill,40.74477,-73.97134,Entire home/apt,320,30,0,73,230,0
619598201001500398,9743617,Manhattan,Harlem,40.81444,-73.94295,Entire home/apt,209,4,4,7,299,4
624515382459873939,458582247,Bronx,Kingsbridge,40.88904,-73.90218,Entire home/apt,99,30,0,1,363,0
619624057337000401,27149964,Brooklyn,Williamsburg,40.71458,-73.95284,Entire home/apt,279,10,0,1,335,0
619628446411089597,456472724,Brooklyn,Bedford-Stuyvesant,40.68488,-73.92095,Private room,92,1,25,3,82,25
624516987727538951,6012629,Manhattan,West Village,40.73634,-74.00267,Entire home/apt,259,7,4,1,259,4
624543869555689716,43452533,Manhattan,Harlem,40.82602850011437,-73.94356885731557,Private room,40,4,0,2,218,0
619641104399090661,48538512,Brooklyn,Clinton Hill,40.68480110461749,-73.9619413887143,Entire home/apt,202,3,2,1,0,2
619670698282022453,15845173,Brooklyn,Williamsburg,40.7135,-73.94762,Entire home/apt,215,70,0,3,362,0
619677465800165765,182363374,Queens,Long Island City,40.75156,-73.94118,Private room,96,6,2,6,342,2
619695251880260383,186679094,Manhattan,Hell's Kitchen,40.7673,-73.98719,Private room,116,4,6,1,86,6
619718624210841777,178265603,Queens,Long Island City,40.754711,-73.918266,Private room,90,5,1,1,0,1
619740302966473594,457356382,Queens,Middle Village,40.70720725834319,-73.87689425118,Entire home/apt,160,1,0,1,331,0
622647238390881096,458139316,Manhattan,Midtown,40.74597,-73.98521,Entire home/apt,995,3,3,1,84,3
622654112769456670,457828432,Brooklyn,Brownsville,40.65688,-73.91109,Private room,38,30,1,9,335,1
622662335084368629,457828432,Brooklyn,Brownsville,40.65567,-73.91081,Private room,38,30,1,9,348,1
622679954169809913,21190402,Staten Island,Stapleton,40.62557,-74.0835,Entire home/apt,200,3,2,1,71,2
622682336643221151,457828432,Brooklyn,Brownsville,40.65742,-73.90899,Private room,38,30,2,9,344,2
622687594514022681,457828432,Brooklyn,Brownsville,40.65544,-73.91048,Private room,38,30,0,9,342,0
622730484481457037,432679409,Manhattan,Chelsea,40.74501,-73.99447,Entire home/apt,2243,1,9,9,305,9
624543917590041116,43452533,Manhattan,Harlem,40.82548,-73.94408,Private room,50,4,2,2,0,2
624545561138818983,458591926,Manhattan,Midtown,40.7507,-73.9711,Entire home/apt,227,1,14,9,99,14
622757295200369033,446511111,Queens,Rosedale,40.66139,-73.72976,Entire home/apt,163,1,8,1,104,8
622816204041595172,452778731,Queens,Jackson Heights,40.74816,-73.88495,Private room,85,1,11,2,351,11
622850161613610477,107434423,Manhattan,Upper West Side,40.7950157,-73.96771319999999,Entire home/apt,437,31,0,453,316,0
622852689794634047,107434423,Manhattan,East Village,40.73017,-73.98246,Entire home/apt,355,31,1,453,337,1
622852964134031818,107434423,Manhattan,East Village,40.7324098,-73.98747879999999,Entire home/apt,563,31,0,453,97,0
622853236242589115,107434423,Manhattan,Upper West Side,40.7775972,-73.9884665,Entire home/apt,476,31,0,453,350,0
622853578857500280,107434423,Manhattan,Upper West Side,40.7775972,-73.9884665,Entire home/apt,306,31,0,453,330,0
622853930405575823,107434423,Manhattan,Upper West Side,40.7776,-73.98847,Entire home/apt,324,31,0,453,261,0
622928213265542885,320538,Brooklyn,Bedford-Stuyvesant,40.68498,-73.93767,Entire home/apt,145,30,0,2,121,0
619762115206375738,457438946,Queens,Hollis,40.70955,-73.76267,Entire home/apt,164,1,24,1,350,24
619815928230035033,3223938,Brooklyn,Bushwick,40.69195,-73.91551,Private room,38,90,0,288,341,0
619968653451288600,107434423,Manhattan,Upper West Side,40.7775972,-73.9884665,Entire home/apt,415,31,0,453,0,0
619969399390514373,333305027,Queens,Jamaica,40.7014,-73.79318,Private room,108,3,4,6,355,4
619981201104908493,333305027,Queens,Woodside,40.745144,-73.89637,Shared room,141,2,3,6,341,3
619996063202461237,105379950,Brooklyn,Sheepshead Bay,40.58534,-73.95164,Entire home/apt,229,2,7,8,141,7
620091110736498694,23772724,Manhattan,Upper East Side,40.78349,-73.9467,Entire home/apt,202,30,0,58,257,0
620125987062233918,105379950,Brooklyn,Sheepshead Bay,40.5869,-73.95139,Private room,86,2,8,8,166,8
620155447706425289,6724578,Brooklyn,Cobble Hill,40.68984,-73.99423,Private room,94,2,17,6,155,17
620157759316364798,105379950,Brooklyn,Sheepshead Bay,40.5866,-73.95325,Private room,75,2,7,8,166,7
620173209993594490,300448271,Queens,Astoria,40.76709,-73.91998,Private room,80,1,17,4,339,17
620193811140349661,24278208,Brooklyn,Bedford-Stuyvesant,40.68816,-73.95627,Entire home/apt,225,21,1,2,0,1
624564459912553577,458598023,Brooklyn,Bedford-Stuyvesant,40.68127,-73.93332,Private room,76,1,12,1,209,12
620206471238900566,121688312,Manhattan,Upper West Side,40.79543,-73.97267,Entire home/apt,620,3,10,1,306,10
620217047471866399,259066380,Manhattan,Two Bridges,40.71235,-73.99642,Entire home/apt,175,70,0,5,281,0
620222748088515914,433696576,Brooklyn,Bedford-Stuyvesant,40.69339,-73.93933,Private room,63,1,6,9,276,6
622964050408357805,20684495,Brooklyn,Carroll Gardens,40.67859,-73.99849,Entire home/apt,250,30,0,1,311,0
622988137782770627,14725504,Brooklyn,Sunset Park,40.66,-73.99654,Private room,90,2,8,1,237,8
623052451160158796,84330585,Brooklyn,Crown Heights,40.66504,-73.95155,Entire home/apt,90,30,0,1,17,0
623056409885518169,440921674,Brooklyn,East New York,40.66715,-73.88696,Private room,145,1,2,13,362,2
623077206572256945,458234215,Bronx,Baychester,40.87535,-73.84827,Entire home/apt,150,30,0,1,287,0
623082106605347836,457157525,Queens,Long Island City,40.754,-73.92507,Private room,65,3,12,3,36,12
623087251740124065,450955146,Brooklyn,Bushwick,40.68542,-73.9112,Private room,96,1,11,3,85,11
623093314568047287,405671301,Bronx,Eastchester,40.88764,-73.81612,Entire home/apt,100,1,19,2,73,19
624570016862441505,9804491,Manhattan,Chelsea,40.74855,-74.00362,Entire home/apt,799,4,1,1,320,1
623094441954701400,95539741,Brooklyn,Williamsburg,40.70521,-73.93784,Private room,80,3,6,2,280,6
623113591460810251,457157525,Queens,Long Island City,40.75177,-73.92489,Entire home/apt,136,3,13,3,63,13
620228228819642772,2381030,Brooklyn,Bedford-Stuyvesant,40.68252,-73.94216,Entire home/apt,700,5,1,1,296,1
620271930498260272,34353017,Staten Island,Tompkinsville,40.62967,-74.08457,Private room,87,1,25,3,66,25
624585985635107552,458591926,Manhattan,Midtown,40.75037,-73.97099,Entire home/apt,251,1,7,9,76,7
624608255734306751,15300025,Manhattan,Financial District,40.704857,-74.011322,Entire home/apt,217,30,0,1,0,0
620278211927558151,119327355,Queens,Corona,40.739,-73.85852,Entire home/apt,65,30,0,1,146,0
623137142536549768,106442885,Brooklyn,East New York,40.66073,-73.8905,Entire home/apt,89,29,1,1,129,1
623140211686720305,15336136,Brooklyn,Bushwick,40.70529,-73.92215,Private room,85,1,9,2,249,9
623179824461824220,447898729,Brooklyn,Mill Basin,40.611294,-73.922157,Entire home/apt,246,2,24,3,71,24
623222466272185741,82392155,Brooklyn,Williamsburg,40.70318,-73.94184,Entire home/apt,131,30,4,1,337,4
623223461788409725,295651410,Manhattan,Theater District,40.76256733783018,-73.98433218286992,Entire home/apt,200,5,0,1,25,0
623231866883089430,458284863,Queens,Richmond Hill,40.6835,-73.83072,Private room,140,1,1,1,246,1
624632015335254608,458591926,Manhattan,Midtown,40.75079,-73.96963,Entire home/apt,257,1,9,9,81,9
624638944080981340,80969066,Brooklyn,Williamsburg,40.71378,-73.95433,Entire home/apt,200,2,2,1,224,2
623251557971392596,55717474,Queens,Rego Park,40.72798,-73.85428,Entire home/apt,207,1,21,1,40,21
623298171228071427,49255756,Brooklyn,Williamsburg,40.70932,-73.94166,Entire home/apt,125,1,5,1,8,5
623311353812146045,4693148,Queens,Flushing,40.77138,-73.81148,Entire home/apt,99,2,3,1,310,3
623312636097789885,238135369,Brooklyn,Bedford-Stuyvesant,40.69026,-73.94271,Private room,50,5,2,1,0,2
623316905566055675,164297725,Brooklyn,Sunset Park,40.66364740156155,-73.99586913512549,Entire home/apt,252,2,1,1,350,1
623334680270867874,51426218,Queens,Richmond Hill,40.70034,-73.82889,Private room,60,14,0,6,359,0
620304354584557749,26953965,Brooklyn,Williamsburg,40.71182,-73.94191,Private room,94,2,24,2,53,24
620338635103290664,12743690,Queens,Ozone Park,40.67771,-73.8377,Entire home/apt,100,15,1,3,76,1
620385164597679213,45656701,Queens,Springfield Gardens,40.66926,-73.76517,Entire home/apt,141,2,12,1,339,12
620419069238162377,156484505,Brooklyn,Bedford-Stuyvesant,40.68535,-73.92022,Private room,80,2,17,3,312,17
624643775819549312,57799,Brooklyn,Park Slope,40.67064,-73.9765,Entire home/apt,140,30,0,1,0,0
620421648972064722,397243580,Brooklyn,Bedford-Stuyvesant,40.68645,-73.92174,Private room,80,2,7,3,338,7
620426481957380411,397243580,Brooklyn,Bedford-Stuyvesant,40.68448,-73.91988,Private room,80,2,17,3,351,17
624652602355764943,458591926,Manhattan,Midtown,40.75262,-73.96951,Entire home/apt,160,1,4,9,103,4
624662381318884072,458591926,Manhattan,Midtown,40.75254,-73.97119,Entire home/apt,160,1,16,9,84,16
624668883011039248,458591926,Manhattan,Midtown,40.75248,-73.97008,Entire home/apt,160,1,11,9,106,11
624678118491722763,458591926,Manhattan,Midtown,40.75239,-73.97001,Entire home/apt,185,1,8,9,108,8
624687753142583669,458591926,Manhattan,Midtown,40.75076,-73.96977,Entire home/apt,160,1,7,9,125,7
624694699394680598,458591926,Manhattan,Midtown,40.75043,-73.96993,Entire home/apt,160,1,13,9,105,13
624695997934785475,1939708,Brooklyn,Bedford-Stuyvesant,40.68328155304583,-73.92312233865295,Entire home/apt,164,6,10,1,193,10
623334854016447805,459837169,Brooklyn,Borough Park,40.62638,-73.97837,Entire home/apt,325,2,6,1,137,6
624739608555526246,153416347,Brooklyn,Flatbush,40.65033604502168,-73.95313048334319,Private room,75,30,0,1,156,0
620454432488507084,286661925,Manhattan,Hell's Kitchen,40.75516,-73.99383,Entire home/apt,199,30,3,1,153,3
620483107526987990,95539741,Brooklyn,Williamsburg,40.70548,-73.93985,Private room,75,3,6,2,251,6
624797844076347778,437113809,Bronx,Van Nest,40.846748,-73.864037,Entire home/apt,845,3,0,2,365,0
624804271494857253,458662896,Brooklyn,East New York,40.65956,-73.89786,Entire home/apt,110,31,0,1,329,0
626201225015078685,134929241,Bronx,Van Nest,40.84594,-73.86508,Entire home/apt,166,3,14,1,166,14
623384899962966853,5515591,Brooklyn,Bedford-Stuyvesant,40.6845,-73.95771,Entire home/apt,189,3,6,1,300,6
624817034465207352,120813796,Brooklyn,Gravesend,40.59701,-73.99471,Entire home/apt,150,30,0,1,0,0
626247347691900150,398164774,Bronx,Edenwald,40.889629,-73.833763,Private room,150,1,2,1,365,2
624822385930210324,458667586,Queens,Ozone Park,40.6755175,-73.85596819999999,Entire home/apt,85,2,9,1,119,9
626248516122551216,456621229,Queens,East Elmhurst,40.759876,-73.870186,Entire home/apt,178,2,19,1,121,19
626261567656225711,283812343,Manhattan,Nolita,40.72456,-73.994049,Entire home/apt,404,3,17,2,277,17
626286350872707360,425647682,Queens,Woodhaven,40.69461,-73.85842,Private room,65,1,20,10,317,20
626290797723066840,425647682,Queens,Woodhaven,40.69442,-73.85831,Private room,67,1,18,10,318,18
623389571116054549,31172289,Brooklyn,Bushwick,40.68927,-73.919548,Private room,50,5,3,1,107,3
624865400217391709,30532557,Brooklyn,Bedford-Stuyvesant,40.68973259818157,-73.92790799821566,Private room,36,30,0,26,242,0
625046332658330014,175696926,Manhattan,Hell's Kitchen,40.76596,-73.98947,Private room,109,4,7,2,83,7
625049848930384229,23624611,Brooklyn,Bedford-Stuyvesant,40.68099729107166,-73.93801040164294,Entire home/apt,174,30,2,1,196,2
626301048389521765,458988168,Queens,Sunnyside,40.73906,-73.92545,Private room,84,1,18,1,21,18
626327629962215199,163329653,Brooklyn,East Flatbush,40.651272,-73.945312,Entire home/apt,150,3,4,3,338,4
626368815819350675,163329653,Brooklyn,East Flatbush,40.651272,-73.945312,Entire home/apt,180,3,2,3,325,2
626513022892838344,456589439,Brooklyn,Midwood,40.612343,-73.949509,Private room,55,90,0,6,365,0
626533815473368429,456589439,Brooklyn,Midwood,40.612343,-73.949509,Private room,52,90,0,6,258,0
626552317292939376,456589439,Brooklyn,Midwood,40.612343,-73.949509,Private room,72,90,0,6,365,0
626596726449421026,61408134,Manhattan,Hell's Kitchen,40.76403987545507,-73.98543220238535,Private room,543,1,0,11,357,0
626671443681217854,200852582,Brooklyn,Bushwick,40.70378,-73.92154,Entire home/apt,109,4,5,1,275,5
626673211098506935,434939029,Brooklyn,Crown Heights,40.67355,-73.95286,Entire home/apt,95,30,1,1,264,1
626673293418675365,174197082,Queens,Rosedale,40.65785,-73.72726,Entire home/apt,48,1,3,3,312,3
625101948280782536,106550420,Bronx,Mott Haven,40.81117965446412,-73.92987687226892,Entire home/apt,139,3,0,1,310,0
623403898036249562,385945193,Manhattan,Upper East Side,40.76168,-73.96052,Entire home/apt,257,1,3,1,131,3
623416908414012434,15845173,Manhattan,Chelsea,40.74236,-73.99438,Entire home/apt,275,70,1,3,272,1
623514517668546155,107434423,Manhattan,Hell's Kitchen,40.76304,-73.98697,Entire home/apt,378,31,0,453,171,0
625122845501621985,448326434,Manhattan,Financial District,40.70823,-74.00879,Entire home/apt,269,30,0,35,290,0
625126031988646123,448326434,Manhattan,Financial District,40.70995,-74.00686,Entire home/apt,194,30,1,35,293,1
625128362017623107,448326434,Manhattan,Financial District,40.71022,-74.00741,Entire home/apt,289,30,0,35,288,0
625130570336583871,448326434,Manhattan,Financial District,40.70953,-74.00678,Entire home/apt,400,30,0,35,311,0
625130804427996264,458726032,Queens,Rosedale,40.65955,-73.73013,Entire home/apt,150,2,12,1,359,12
626742288830983894,459073067,Queens,St. Albans,40.704594,-73.766525,Entire home/apt,99,1,3,1,342,3
625137784525256492,112901574,Brooklyn,Bedford-Stuyvesant,40.69104,-73.93281,Private room,92,3,3,7,339,3
625140743196325876,61950433,Brooklyn,East Flatbush,40.65836,-73.92352,Private room,80,1,12,1,347,12
626767327976025919,459079249,Brooklyn,Boerum Hill,40.6868,-73.9862,Private room,125,3,12,1,92,12
623657977519782139,68296703,Brooklyn,Crown Heights,40.67373,-73.92725,Entire home/apt,125,3,11,1,106,11
623665443038745363,378112960,Manhattan,Harlem,40.80390723669963,-73.95418725291647,Entire home/apt,222,2,3,13,142,3
623690806223057566,105763296,Manhattan,Upper East Side,40.77932,-73.95183,Entire home/apt,517,3,5,1,131,5
623725303372467759,3223938,Brooklyn,Prospect-Lefferts Gardens,40.65832,-73.94889,Private room,38,90,0,288,271,0
623763533917886225,16066061,Brooklyn,Crown Heights,40.67625,-73.91507,Private room,53,30,0,2,55,0
623788954851611432,209832412,Brooklyn,Cypress Hills,40.67774,-73.90476,Entire home/apt,130,2,5,5,325,5
625153363281072354,458728491,Queens,Queens Village,40.70649,-73.73921,Entire home/apt,85,3,4,1,356,4
623812432062401934,297728480,Queens,Astoria,40.75675,-73.92231,Entire home/apt,115,30,0,1,332,0
623828374234662704,13098292,Brooklyn,Bedford-Stuyvesant,40.68836,-73.9223,Entire home/apt,120,5,0,2,9,0
623869990777003378,2867137,Manhattan,Kips Bay,40.74297,-73.97359,Entire home/apt,230,30,0,73,250,0
623879745897131428,428703947,Brooklyn,Canarsie,40.64737,-73.91099,Entire home/apt,160,1,7,2,337,7
626813836065046331,24343427,Queens,Queens Village,40.71218,-73.75003,Private room,71,3,11,2,357,11
626826097456480429,242322561,Queens,East Elmhurst,40.769318,-73.878189,Private room,70,1,47,8,54,47
626840478742456009,242322561,Queens,East Elmhurst,40.7683,-73.87841,Private room,68,1,46,8,74,46
626853405523019927,242322561,Queens,East Elmhurst,40.769318,-73.878189,Private room,65,1,39,8,34,39
625176610236250292,387699039,Brooklyn,Crown Heights,40.67513,-73.91709,Entire home/apt,325,1,0,2,5,0
625178055739753043,354087992,Manhattan,Upper East Side,40.76063,-73.9607,Entire home/apt,434,1,4,17,83,4
626936045818411967,338738466,Brooklyn,Bushwick,40.69307,-73.91998,Private room,115,2,14,1,155,14
626938118995684022,25687903,Queens,Elmhurst,40.74052,-73.8792,Private room,189,14,1,2,77,1
623882710917814272,111158974,Manhattan,West Village,40.73142,-74.00587,Entire home/apt,350,30,0,2,281,0
625188519465435165,3958605,Brooklyn,Park Slope,40.67498,-73.98082,Entire home/apt,400,3,6,1,0,6
625206952539862808,199468878,Queens,Rego Park,40.72763,-73.85692,Private room,47,30,0,1,311,0
623911914751029129,458447508,Staten Island,Prince's Bay,40.52498,-74.21514,Entire home/apt,168,1,10,1,137,10
623922493793823954,16323123,Brooklyn,Bedford-Stuyvesant,40.67978,-73.92734,Entire home/apt,295,5,10,1,318,10
623930544541593281,394602143,Queens,St. Albans,40.6936,-73.75667,Entire home/apt,80,3,13,2,74,13
623932504876929073,393076353,Brooklyn,Brownsville,40.65441,-73.9119,Private room,85,1,2,4,351,2
623939702676372002,384413290,Brooklyn,Sheepshead Bay,40.60967,-73.9536,Entire home/apt,108,2,14,1,275,14
626970393404370012,157258551,Queens,Forest Hills,40.73472,-73.84693,Private room,104,1,4,2,109,4
627005307194527586,6104449,Brooklyn,Greenpoint,40.72468,-73.9532,Entire home/apt,200,5,2,1,67,2
625224034264525767,27828692,Brooklyn,Kensington,40.64008565232135,-73.97091626276786,Entire home/apt,100,7,0,1,29,0
627028314789354917,458777714,Queens,Astoria,40.76959,-73.91861,Entire home/apt,221,2,18,2,177,18
627029656849055501,77063818,Brooklyn,Bay Ridge,40.633621,-74.018234,Entire home/apt,95,1,13,5,68,13
627035474618025380,432811481,Queens,Ditmars Steinway,40.78155,-73.91626,Entire home/apt,299,1,12,2,352,12
627072850752416459,1843216,Manhattan,East Village,40.72369,-73.98862,Entire home/apt,287,5,2,2,15,2
627075354277215363,36881439,Queens,Long Island City,40.75548,-73.91878,Private room,60,30,0,1,364,0
627209317291505870,92561578,Bronx,Port Morris,40.80667,-73.92715,Private room,82,30,1,4,315,1
627209991370408129,92561578,Bronx,Port Morris,40.8046,-73.92654,Private room,75,30,0,4,323,0
627341602602391109,448326434,Manhattan,Financial District,40.70988,-74.00894,Entire home/apt,400,30,0,35,254,0
627345057890636100,448326434,Manhattan,Financial District,40.71044,-74.00751,Entire home/apt,199,30,0,35,269,0
627346966995251656,448326434,Manhattan,Financial District,40.70902,-74.00705,Entire home/apt,277,30,1,35,275,1
623980142133407163,451166893,Manhattan,Lower East Side,40.71766,-73.99135,Entire home/apt,198,5,7,1,83,7
625327900692074881,458783676,Manhattan,SoHo,40.72414,-74.00782,Entire home/apt,1266,2,6,1,312,6
625333202154079021,458785444,Queens,Ozone Park,40.68177,-73.84123,Entire home/apt,115,1,4,3,166,4
625394458762825840,9637585,Manhattan,Hell's Kitchen,40.76441,-73.99101,Entire home/apt,264,7,1,1,342,1
624047347838504550,1709876,Brooklyn,Williamsburg,40.71623163154448,-73.9456765653005,Entire home/apt,385,5,3,2,26,3
627371470100795624,459192204,Manhattan,Lower East Side,40.72235,-73.98797,Entire home/apt,445,5,0,1,353,0
625395041557538907,458802471,Bronx,Bronxdale,40.852989,-73.865257,Entire home/apt,128,2,15,1,354,15
627380994474321106,25968876,Brooklyn,Bushwick,40.69124,-73.90679,Private room,200,1,0,1,249,0
627381785168385941,459136924,Bronx,Mott Haven,40.81175,-73.92155,Private room,66,1,13,3,53,13
627420628930989626,3398280,Brooklyn,Prospect-Lefferts Gardens,40.65796,-73.9616,Private room,95,30,0,2,307,0
627425992576301108,136812761,Brooklyn,Bedford-Stuyvesant,40.69584,-73.93523,Private room,79,1,24,6,126,24
627430327536180331,1286286,Manhattan,Lower East Side,40.71988,-73.99231,Entire home/apt,343,30,0,1,151,0
627463893238442640,433696576,Brooklyn,Bedford-Stuyvesant,40.69296,-73.93844,Private room,63,1,13,9,276,13
624062378954395750,38762515,Manhattan,Chelsea,40.745640440333325,-74.0002412847029,Entire home/apt,104,30,1,1,44,1
624070552799488632,340285441,Queens,Maspeth,40.72023,-73.90163,Private room,65,1,18,1,297,18
625396851096244118,16640515,Brooklyn,Flatlands,40.621193,-73.926361,Private room,54,1,0,2,362,0
625426764847000531,458808694,Manhattan,Upper West Side,40.770191,-73.985382,Entire home/apt,497,2,9,1,7,9
625431858058839119,458810054,Queens,Jamaica,40.67384,-73.780807,Private room,100,2,0,2,365,0
624070672075315987,31902179,Manhattan,Kips Bay,40.73845,-73.98165,Entire home/apt,234,4,3,1,1,3
624137618864873483,458146960,Manhattan,Hell's Kitchen,40.76492,-73.98727,Private room,145,2,8,1,168,8
627466484798255862,25116387,Brooklyn,Bushwick,40.700657,-73.926636,Entire home/apt,128,1,1,1,129,1
627470959561322102,66915031,Manhattan,Washington Heights,40.84783049766185,-73.93644756037348,Private room,85,2,8,2,0,8
625436382311410874,10643230,Queens,Sunnyside,40.74557,-73.92048,Entire home/apt,150,1,1,1,113,1
625449053943374063,194602243,Queens,Astoria,40.77021,-73.92624,Entire home/apt,180,4,1,1,40,1
627501162317223954,436314626,Brooklyn,Bedford-Stuyvesant,40.68628,-73.95325,Entire home/apt,240,2,16,1,219,16
624154761912270863,442956929,Queens,Astoria,40.76835,-73.92409,Private room,68,1,21,2,94,21
625466932553904513,26349246,Brooklyn,Bushwick,40.689358,-73.91954,Entire home/apt,430,1,35,5,51,35
625470772596139920,128879778,Brooklyn,Sunset Park,40.64453,-74.01393,Private room,80,1,20,5,150,20
624156455959498871,59084674,Manhattan,Chelsea,40.75325,-74.00188,Entire home/apt,387,1,1,1,338,1
627522578915758783,4940414,Brooklyn,Williamsburg,40.70935,-73.94023,Entire home/apt,245,30,0,1,77,0
627524844580490540,3106948,Brooklyn,Crown Heights,40.67149,-73.95402,Entire home/apt,91,30,1,1,280,1
625495326652099681,128879778,Brooklyn,Sunset Park,40.64302,-74.01233,Private room,97,1,11,5,328,11
625514533446989685,128879778,Brooklyn,Sunset Park,40.64518,-74.01268,Private room,85,1,10,5,136,10
625519191136597349,128879778,Brooklyn,Sunset Park,40.64356,-74.01369,Private room,87,1,8,5,150,8
625575155202250468,94951531,Brooklyn,Gravesend,40.595551,-73.970978,Entire home/apt,150,3,9,1,291,9
625580919425849062,425647682,Queens,Woodhaven,40.69613,-73.85855,Private room,76,1,19,10,331,19
625605027321967716,425647682,Queens,Woodhaven,40.69413,-73.85814,Private room,65,1,3,10,337,3
625607057280802438,29900881,Brooklyn,Clinton Hill,40.681018860471,-73.96397074701909,Entire home/apt,334,2,0,1,357,0
625621568614679050,458841834,Queens,Briarwood,40.710026,-73.81662,Private room,90,1,2,2,361,2
627550044032942914,353975212,Queens,Long Island City,40.746353,-73.940483,Entire home/apt,178,1,4,1,0,4
627553930119405271,459248803,Brooklyn,Crown Heights,40.666702,-73.938072,Entire home/apt,300,3,3,2,321,3
627583149314138117,453666092,Queens,Jackson Heights,40.75049,-73.87881,Private room,70,2,10,2,308,10
628677894176612092,271282883,Manhattan,East Harlem,40.79235,-73.94378,Private room,142,5,9,1,7,9
628769873559199151,33126358,Brooklyn,Sheepshead Bay,40.605213,-73.953468,Private room,79,1,3,1,335,3
628800238919209247,27181542,Manhattan,Lower East Side,40.7188,-73.98423,Entire home/apt,199,30,0,69,153,0
628804013078255511,3223938,Queens,Ridgewood,40.70114,-73.90354,Private room,41,90,0,288,341,0
628807598573907743,157481445,Manhattan,Washington Heights,40.83758,-73.94778,Private room,120,2,6,2,349,6
628943467087735545,401096854,Brooklyn,Bedford-Stuyvesant,40.68326,-73.91675,Private room,88,30,3,9,219,3
628964595967920159,5945833,Brooklyn,Williamsburg,40.71165,-73.94438,Private room,260,5,5,4,0,5
628969668635934453,437534543,Brooklyn,Bedford-Stuyvesant,40.68604,-73.93069,Private room,86,1,29,3,69,29
628971731550107246,250735,Brooklyn,Prospect-Lefferts Gardens,40.659046,-73.961288,Private room,58,2,9,1,0,9
628976878136971512,403471033,Manhattan,Hell's Kitchen,40.76382,-73.98766,Private room,129,2,0,8,218,0
628986190641439264,64887490,Queens,Flushing,40.759724,-73.792992,Entire home/apt,169,2,11,2,173,11
625731309422899227,354087992,Queens,Long Island City,40.74578,-73.95283,Entire home/apt,829,1,1,17,90,1
625792034614526869,107434423,Manhattan,Theater District,40.7607614,-73.98610550000001,Entire home/apt,450,31,0,453,5,0
625794540207537013,107434423,Manhattan,Upper West Side,40.78023,-73.97614,Entire home/apt,329,31,0,453,180,0
625924887219854517,65976155,Bronx,Kingsbridge,40.87095,-73.90208,Private room,27,30,1,2,153,1
625945264362250739,3223938,Brooklyn,Bay Ridge,40.63008,-74.02416,Private room,33,90,0,288,280,0
625945286123857493,3223938,Brooklyn,Fort Greene,40.69627,-73.97207,Private room,43,90,0,288,270,0
625945305310477544,3223938,Brooklyn,Bushwick,40.69103,-73.91199,Private room,37,90,0,288,243,0
625945324171056840,3223938,Brooklyn,Bedford-Stuyvesant,40.6924,-73.93158,Private room,34,90,0,288,314,0
625949325513875956,400165346,Bronx,Norwood,40.88345,-73.88012,Entire home/apt,203,2,0,1,365,0
627626874539824485,24170873,Brooklyn,Crown Heights,40.67695,-73.92954,Entire home/apt,185,1,13,1,270,13
626031865885617760,5865259,Brooklyn,South Slope,40.664494,-73.990471,Entire home/apt,288,3,1,1,162,1
626071828632462532,9858467,Manhattan,Upper West Side,40.77889,-73.98181,Entire home/apt,165,30,0,1,0,0
626103914555447355,2398258,Manhattan,Chelsea,40.74282,-73.99925,Entire home/apt,230,7,0,1,249,0
626119555061496226,401096854,Brooklyn,Bedford-Stuyvesant,40.68305,-73.91827,Private room,78,30,0,9,280,0
626144951108004470,55450195,Brooklyn,Cypress Hills,40.683,-73.86848,Entire home/apt,82,3,6,3,52,6
627630241535436146,66154865,Manhattan,Upper East Side,40.773643,-73.947212,Entire home/apt,250,4,2,1,0,2
629013934754992607,459605511,Brooklyn,Kensington,40.633794008364944,-73.96761903191188,Entire home/apt,280,1,18,1,342,18
629036001404946530,459609591,Brooklyn,Williamsburg,40.71184,-73.96255,Private room,99,5,1,1,280,1
629040494057779296,459611794,Brooklyn,East New York,40.672791,-73.881798,Entire home/apt,122,3,5,1,326,5
629099709887557109,228962859,Manhattan,Greenwich Village,40.73045,-73.99984,Private room,153,1,1,2,173,1
626165763660878972,68934128,Queens,Astoria,40.767,-73.92686,Entire home/apt,117,3,4,1,118,4
626177015848231393,50028284,Manhattan,Lower East Side,40.72027,-73.99257,Entire home/apt,400,10,0,1,325,0
629123310123379803,459629795,Manhattan,Financial District,40.70427268636241,-74.00766930021594,Entire home/apt,330,5,3,2,318,3
629131372230316527,424577451,Brooklyn,East New York,40.677723,-73.872475,Entire home/apt,96,3,23,2,269,23
627664222854801909,145031076,Brooklyn,Downtown Brooklyn,40.692692,-73.98597,Entire home/apt,150,12,0,1,104,0
626193064757973332,354087992,Queens,Long Island City,40.74589,-73.95223,Private room,900,1,0,17,87,0
629718934914377621,382422149,Queens,Flushing,40.752632,-73.830902,Private room,125,1,21,3,350,21
627694868328776198,75797458,Brooklyn,Crown Heights,40.67802,-73.9587,Entire home/apt,142,30,1,1,126,1
627738730032506851,190501156,Brooklyn,Fort Greene,40.689743,-73.972961,Entire home/apt,177,2,13,1,10,13
627897706345600965,141027957,Queens,Woodhaven,40.68664,-73.86351,Entire home/apt,145,2,17,4,33,17
628023519035883436,15123868,Staten Island,Tompkinsville,40.630226,-74.081734,Private room,92,3,10,3,358,10
628054598742623877,51913277,Brooklyn,Sunset Park,40.65518,-74.00313,Private room,75,1,19,5,37,19
628057628818657075,32922532,Manhattan,East Village,40.73003,-73.9873,Entire home/apt,221,4,11,3,295,11
628087524194168682,128940676,Brooklyn,East Flatbush,40.64918,-73.94999,Private room,102,6,2,2,121,2
629132164877144793,264330387,Brooklyn,Flatbush,40.65018,-73.95966,Private room,135,1,9,1,360,9
629142742364483702,73471210,Manhattan,Kips Bay,40.74349,-73.97903,Entire home/apt,150,3,1,1,38,1
629186934930041957,19303369,Queens,Flushing,40.75485,-73.8333,Private room,43,30,0,175,47,0
629728407828039304,66451125,Queens,Corona,40.73469,-73.86233,Private room,88,1,0,4,350,0
629728707925098234,414406854,Queens,Sunnyside,40.73352,-73.92052,Private room,49,7,1,1,305,1
629196150330969487,459645051,Brooklyn,Bergen Beach,40.625278,-73.9114,Entire home/apt,187,1,5,1,360,5
629201411256962155,3223938,Brooklyn,Fort Greene,40.69644,-73.97411,Private room,47,90,0,288,352,0
629201476816704492,3223938,Brooklyn,Bedford-Stuyvesant,40.6881,-73.94532,Private room,38,90,0,288,39,0
629201523932170811,3223938,Brooklyn,Bushwick,40.68778,-73.91909,Private room,38,90,0,288,256,0
629211160504994365,19303369,Queens,Flushing,40.75656,-73.83507,Private room,39,30,0,175,0,0
629214679279057533,19303369,Queens,Flushing,40.75458,-73.83529,Private room,39,30,0,175,0,0
629215054614977815,26244773,Queens,Kew Gardens,40.70318,-73.83296,Entire home/apt,135,3,8,1,35,8
629218021162074757,19303369,Queens,Flushing,40.7562,-73.83342,Private room,37,30,0,175,0,0
629731708065666939,114667843,Manhattan,East Harlem,40.79693,-73.9489,Entire home/apt,230,1,0,3,22,0
629734935109468154,50293894,Manhattan,Little Italy,40.72003,-73.99734,Entire home/apt,209,1,3,1,220,3
628106817086471074,393390332,Bronx,Throgs Neck,40.809937,-73.802582,Entire home/apt,139,4,5,5,344,5
629738067148149172,81325,Manhattan,Harlem,40.80853,-73.94433,Entire home/apt,270,30,0,1,125,0
628137968518995640,6706615,Brooklyn,Williamsburg,40.71402,-73.96448,Entire home/apt,450,30,0,1,9,0
628138206727405883,435050037,Brooklyn,Flatbush,40.65158,-73.9614,Private room,255,2,2,14,351,2
628175490419691869,458785444,Queens,Ozone Park,40.682945,-73.842178,Entire home/apt,134,2,5,3,168,5
629752533078977616,210287939,Brooklyn,East New York,40.663,-73.89081,Entire home/apt,122,1,12,1,268,12
628190453107307790,459396015,Manhattan,Washington Heights,40.84952,-73.9345,Entire home/apt,160,2,10,1,308,10
629221544437866255,365480479,Manhattan,Hell's Kitchen,40.7545,-73.99543,Entire home/apt,443,1,3,1,194,3
629225308329225732,3223938,Brooklyn,Bedford-Stuyvesant,40.68658,-73.94372,Private room,38,90,0,288,102,0
629225329057476101,3223938,Queens,Long Island City,40.76059,-73.93169,Private room,32,90,0,288,240,0
629240148641887692,97328229,Bronx,Tremont,40.84346,-73.89175,Entire home/apt,175,30,0,6,365,0
629244791139652623,5226800,Manhattan,Chelsea,40.742977,-74.003723,Entire home/apt,108,7,1,1,33,1
629756523411576203,459777900,Manhattan,Hell's Kitchen,40.76206,-73.99754,Entire home/apt,989,2,7,1,303,7
629250904492513227,409965,Manhattan,Kips Bay,40.74128,-73.97863,Private room,73,4,3,1,0,3
628194836281620004,446109905,Manhattan,Civic Center,40.7137,-74.00567,Entire home/apt,920,3,6,1,315,6
628218523531347366,170961574,Brooklyn,Downtown Brooklyn,40.698311,-73.983948,Entire home/apt,350,1,6,1,308,6
628225455845645965,14697084,Manhattan,Hell's Kitchen,40.76057,-73.99807,Entire home/apt,215,30,0,1,263,0
628234264456414929,132559939,Brooklyn,Williamsburg,40.719231,-73.963295,Entire home/apt,250,1,4,1,285,4
628260707546869383,162280872,Manhattan,Financial District,40.70754,-74.00041,Entire home/apt,400,30,0,98,311,0
628262384153527763,128246923,Brooklyn,Bedford-Stuyvesant,40.69461,-73.93902,Entire home/apt,230,3,0,3,352,0
629765462880586808,339556605,Manhattan,Midtown,40.75706,-73.96893,Entire home/apt,354,3,13,4,339,13
629767754382340661,266800860,Manhattan,Murray Hill,40.747478,-73.974541,Entire home/apt,203,1,0,2,322,0
629785812320853020,65031483,Queens,St. Albans,40.69595,-73.76322,Private room,75,1,10,1,359,10
628299230298027712,459432476,Brooklyn,Williamsburg,40.72058,-73.95771,Private room,228,1,8,1,317,8
628311513557072011,60134483,Manhattan,Upper West Side,40.777596,-73.988464,Entire home/apt,700,30,2,1,149,2
629789976957270829,9207152,Brooklyn,Bushwick,40.69934,-73.93879,Entire home/apt,182,30,0,1,108,0
629797035359282768,451356592,Queens,Jamaica,40.68248279386357,-73.7759522985011,Entire home/apt,180,1,9,1,353,9
628333280492085480,51787368,Manhattan,Midtown,40.75309,-73.97807,Shared room,1111,1,0,1,175,0
628375812583337859,335941702,Manhattan,SoHo,40.72472,-74.00258,Entire home/apt,2464,30,0,1,327,0
628375857871186931,459450273,Brooklyn,East Flatbush,40.65888,-73.92638,Entire home/apt,89,3,12,1,263,12
628378524514083184,13284260,Brooklyn,Greenpoint,40.73007828862567,-73.9504998008711,Entire home/apt,250,3,2,1,38,2
629425980554318364,285016445,Manhattan,Hell's Kitchen,40.75489,-73.99344,Entire home/apt,450,1,5,1,171,5
629438804213789659,19303369,Queens,Flushing,40.75613,-73.83489,Private room,34,30,1,175,47,1
629443977042344895,19303369,Queens,Flushing,40.75642,-73.83337,Private room,39,30,0,175,31,0
629447871269889618,19303369,Queens,Flushing,40.75443,-73.83544,Private room,39,30,0,175,0,0
629451890576674227,19303369,Queens,Flushing,40.75588,-73.83317,Private room,37,30,0,175,42,0
629455083096848189,19303369,Queens,Flushing,40.75609,-73.83544,Private room,40,30,0,175,23,0
629457877765846841,19303369,Queens,Flushing,40.75481,-73.83539,Private room,37,30,0,175,55,0
629461307877955269,19303369,Queens,Flushing,40.7543,-73.83498,Private room,37,30,0,175,5,0
629464147569786562,19303369,Queens,Flushing,40.75637,-73.83395,Private room,36,30,0,175,6,0
629466757954163478,19303369,Queens,Flushing,40.75468,-73.83363,Private room,34,30,0,175,55,0
629469532960970139,19303369,Queens,Flushing,40.75491,-73.8351,Private room,39,30,0,175,12,0
629472397958878588,19303369,Queens,Flushing,40.75639,-73.83486,Private room,35,30,1,175,31,1
629802358927619607,115084419,Brooklyn,Borough Park,40.62892,-73.99328,Entire home/apt,90,1,3,1,301,3
629812014859340680,47721954,Manhattan,Upper East Side,40.7771,-73.95564,Private room,88,1,6,5,29,6
629828621166494625,258230385,Brooklyn,Windsor Terrace,40.658329,-73.981972,Entire home/apt,161,30,0,4,334,0
629877321242040295,339556605,Manhattan,Midtown,40.75423,-73.96625,Entire home/apt,356,3,4,4,341,4
629892229908611040,459806934,Queens,Rosedale,40.65865,-73.73462,Entire home/apt,217,2,16,2,65,16
629491634244768492,352220665,Brooklyn,Bedford-Stuyvesant,40.681015,-73.945976,Private room,129,1,8,2,349,8
629506345003800251,204704622,Queens,Flushing,40.75451,-73.8354,Private room,48,30,0,157,47,0
629511614357700914,204704622,Queens,Flushing,40.75632,-73.83515,Private room,38,30,0,157,0,0
628382340509109222,235495133,Manhattan,East Village,40.72889,-73.98642,Entire home/apt,228,3,1,1,0,1
629930011760846304,358903800,Manhattan,Harlem,40.80262,-73.94733,Private room,118,2,5,4,0,5
629937865335706536,459816863,Queens,Jamaica,40.702717,-73.785645,Entire home/apt,117,2,14,1,353,14
629964135068695094,283057520,Manhattan,Lower East Side,40.72209,-73.98593,Entire home/apt,420,14,1,4,266,1
630122572706097291,107434423,Manhattan,Murray Hill,40.7483335,-73.98094040000001,Entire home/apt,982,31,0,453,343,0
630125574170081528,107434423,Manhattan,Murray Hill,40.7483335,-73.98094040000001,Entire home/apt,475,31,0,453,345,0
630125981987539654,107434423,Manhattan,Murray Hill,40.7483335,-73.98094040000001,Entire home/apt,322,31,0,453,294,0
630127601876610614,107434423,Manhattan,Lower East Side,40.71968,-73.98333,Entire home/apt,499,31,0,453,0,0
630134452451645197,435050037,Brooklyn,Flatbush,40.65203993703893,-73.96352922501805,Private room,195,2,4,14,350,4
630137679168876359,107434423,Manhattan,Lower East Side,40.7184301,-73.9926727,Entire home/apt,432,31,0,453,340,0
630149949140915081,435050037,Brooklyn,Flatbush,40.65335696627999,-73.96356571054524,Private room,187,2,1,14,356,1
630254594718959337,459877563,Brooklyn,Flatbush,40.64672,-73.95472,Private room,48,1,6,1,125,6
628418840543291739,24998574,Brooklyn,Williamsburg,40.70458,-73.93843,Entire home/apt,441,1,13,1,230,13
628443493114194239,112005452,Manhattan,Harlem,40.800648,-73.955856,Private room,90,2,13,2,275,13
628487041880715925,447898729,Queens,Richmond Hill,40.70372,-73.819847,Entire home/apt,236,1,18,3,61,18
628492771404057028,459478010,Manhattan,Chelsea,40.75223,-74.0025,Entire home/apt,1143,1,11,1,134,11
628625702670137231,375213763,Manhattan,Hell's Kitchen,40.76438,-73.9939,Entire home/apt,336,30,4,1,160,4
629515771520130617,51607512,Brooklyn,Greenpoint,40.72066,-73.94012,Entire home/apt,85,30,0,1,23,0
629518017935220766,204704622,Queens,Flushing,40.75431,-73.83531,Private room,99,30,0,157,0,0
629521570554652574,204704622,Queens,Flushing,40.75502,-73.83325,Private room,36,30,0,157,47,0
629527356436598360,204704622,Queens,Flushing,40.75488,-73.83509,Private room,36,30,0,157,0,0
629530527468606023,204704622,Queens,Flushing,40.75429,-73.83542,Private room,39,30,0,157,48,0
629539851451635891,204704622,Queens,Flushing,40.75623,-73.83519,Private room,33,30,0,157,11,0
629545795325044454,204704622,Queens,Flushing,40.7566,-73.83353,Private room,39,30,0,157,53,0
629553214644339643,204704622,Queens,Flushing,40.75439,-73.83489,Private room,33,30,0,157,3,0
629563487898203483,204704622,Queens,Flushing,40.75469,-73.83494,Private room,37,30,0,157,0,0
629566753478421585,204704622,Queens,Flushing,40.75471,-73.83372,Private room,36,30,0,157,0,0
629569426296704978,204704622,Queens,Flushing,40.75593,-73.83539,Private room,34,30,0,157,55,0
629572038203706247,204704622,Queens,Flushing,40.75658,-73.83473,Private room,41,30,0,157,0,0
629574457058400167,204704622,Queens,Flushing,40.75473,-73.83357,Private room,36,30,0,157,0,0
629578207446439643,200239515,Queens,Flushing,40.75644,-73.83349,Private room,43,30,0,158,47,0
629582588140640099,200239515,Queens,Flushing,40.75503,-73.83535,Private room,38,30,0,158,0,0
630266945807091881,2818245,Manhattan,Chelsea,40.750534,-74.003014,Entire home/apt,250,3,1,1,14,1
630267340670884083,160940380,Brooklyn,Brownsville,40.65739,-73.91452,Private room,90,1,9,8,337,9
630302954668003411,10844478,Brooklyn,Vinegar Hill,40.702244,-73.98452,Entire home/apt,130,3,0,1,68,0
630318274057013537,249286748,Brooklyn,Gowanus,40.67677723107422,-73.99524335600984,Entire home/apt,235,2,11,1,264,11
629589304707139908,114048818,Manhattan,Hell's Kitchen,40.76662,-73.98751,Private room,229,1,3,1,71,3
629589757658933748,200239515,Queens,Flushing,40.7566,-73.83491,Private room,38,30,0,158,0,0
629595484262591382,200239515,Queens,Flushing,40.75643,-73.83518,Private room,35,30,0,158,47,0
629598168399561862,200239515,Queens,Flushing,40.75451,-73.83537,Private room,38,30,0,158,0,0
629600858408447250,200239515,Queens,Flushing,40.75435,-73.8354,Private room,38,30,0,158,0,0
629603065773189120,200239515,Queens,Flushing,40.75604,-73.83513,Private room,36,30,1,158,42,1
629605539937305537,200239515,Queens,Flushing,40.75425,-73.83402,Private room,40,30,0,158,53,0
631342899636326190,24857221,Queens,Richmond Hill,40.6846,-73.82669,Entire home/apt,120,1,15,2,332,15
630337719111556566,3440653,Brooklyn,Bedford-Stuyvesant,40.6929213162101,-73.93414889924097,Entire home/apt,155,2,7,2,67,7
630383399703268082,459915744,Bronx,Mount Hope,40.846657,-73.911018,Entire home/apt,140,1,3,2,295,3
631372167434218245,8325020,Manhattan,Lower East Side,40.71172,-73.98721,Private room,160,4,2,1,0,2
631376834576348498,458810054,Queens,Jamaica,40.67277,-73.78186,Private room,80,2,3,2,365,3
629608042637648455,459733546,Queens,Far Rockaway,40.593807,-73.757896,Entire home/apt,155,5,2,1,89,2
629608462165298732,200239515,Queens,Flushing,40.75657,-73.83512,Private room,36,30,0,158,55,0
629611192816407927,200239515,Queens,Flushing,40.75623,-73.83471,Private room,34,30,0,158,0,0
629613549217949564,200239515,Queens,Flushing,40.75648,-73.83367,Private room,39,30,0,158,0,0
629616322363654468,200239515,Queens,Flushing,40.75633,-73.83477,Private room,35,30,0,158,14,0
629619024467752288,200239515,Queens,Flushing,40.75439,-73.83475,Private room,39,30,0,158,43,0
629622149018334971,200239515,Queens,Flushing,40.75441,-73.83484,Private room,43,30,1,158,48,1
630424920231712059,397598833,Brooklyn,Bedford-Stuyvesant,40.6833,-73.95808,Private room,54,30,0,8,100,0
630435012648497796,393852246,Manhattan,Upper West Side,40.79772,-73.96103,Private room,120,3,6,3,75,6
629663355074558569,66959637,Queens,Glendale,40.70503,-73.88245,Private room,69,7,0,1,331,0
631378049959349099,345162226,Manhattan,Hell's Kitchen,40.76282,-73.99035,Entire home/apt,320,1,3,1,160,3
631410769451035402,267272502,Bronx,Claremont Village,40.84176,-73.90548,Private room,80,4,0,28,218,0
631493743804771448,182363374,Queens,Long Island City,40.752,-73.93671,Private room,125,12,2,6,344,2
631668195960569135,393897747,Manhattan,East Harlem,40.786601614289225,-73.95052122734894,Entire home/apt,359,3,9,19,26,9
631670800654167357,77063818,Brooklyn,Bay Ridge,40.63451,-74.0174,Private room,75,1,7,5,67,7
631710909070172116,77063818,Brooklyn,Bay Ridge,40.63311,-74.01901,Private room,73,1,7,5,57,7
631719694603808069,450161902,Manhattan,East Harlem,40.8063,-73.94208,Entire home/apt,219,3,0,4,0,0
630457543628889239,397598833,Brooklyn,Clinton Hill,40.68163,-73.95885,Private room,55,30,1,8,99,1
630460133855930293,28783279,Manhattan,West Village,40.737335,-73.997246,Entire home/apt,917,1,2,2,0,2
630475330839889651,384307416,Queens,Ditmars Steinway,40.77399,-73.91342,Entire home/apt,165,3,9,4,310,9
630494641216712852,1461441,Brooklyn,Crown Heights,40.67846,-73.95295,Entire home/apt,411,4,6,1,2,6
631733065053660325,460132111,Bronx,Fordham,40.86731,-73.89521,Entire home/apt,122,2,3,2,176,3
630499749987945658,459946669,Brooklyn,Greenpoint,40.72063,-73.94765,Entire home/apt,215,30,2,1,340,2
631782880451117310,460207014,Brooklyn,Bushwick,40.703144,-73.923859,Entire home/apt,366,3,3,1,348,3
630501366273607717,68934594,Queens,Rego Park,40.71736,-73.8597,Entire home/apt,203,2,9,1,5,9
630501828250730546,233434420,Bronx,Mount Eden,40.8381,-73.91485,Entire home/apt,165,1,33,1,251,33
630539037367901963,459954763,Brooklyn,Flatlands,40.61672,-73.92516,Entire home/apt,130,2,10,1,330,10
631814036536779115,64033956,Brooklyn,Greenpoint,40.72566,-73.94807,Private room,133,7,1,1,0,1
629684107080760738,459757317,Queens,Astoria,40.76787,-73.93183,Entire home/apt,163,2,5,1,294,5
629691112332353210,46559411,Brooklyn,Bedford-Stuyvesant,40.69184,-73.94036,Entire home/apt,100,30,1,1,129,1
629710305461083934,384295125,Manhattan,Midtown,40.76294,-73.97717,Entire home/apt,545,1,5,11,338,5
629717049143515143,383229403,Manhattan,Upper East Side,40.76479,-73.96233,Entire home/apt,195,30,1,5,294,1
633498135863569609,5945833,Brooklyn,Williamsburg,40.7131,-73.94388,Private room,388,5,4,4,39,4
630550882860410542,399865453,Manhattan,Nolita,40.722832,-73.996246,Entire home/apt,216,30,1,10,278,1
630578284866850074,459962476,Queens,East Elmhurst,40.763516192654166,-73.88988386153937,Entire home/apt,100,14,0,1,354,0
633498562362035270,452848966,Brooklyn,East New York,40.66828789758844,-73.87940500786924,Entire home/apt,87,2,2,1,291,2
633504861419335782,61712615,Brooklyn,East Flatbush,40.64526,-73.94246,Entire home/apt,95,30,1,1,339,1
630609076899075160,397984016,Brooklyn,Fort Greene,40.6937,-73.98182,Entire home/apt,250,30,1,1,0,1
633522447871551161,460624166,Brooklyn,Williamsburg,40.713097,-73.942886,Entire home/apt,359,2,11,1,269,11
633522992375587564,286228252,Manhattan,Hell's Kitchen,40.75363,-73.99482,Entire home/apt,681,1,4,1,87,4
631823229287186669,43237704,Brooklyn,Carroll Gardens,40.68465,-73.99113,Private room,196,2,14,1,295,14
630629455952020211,67826911,Queens,Sunnyside,40.745914,-73.918182,Entire home/apt,183,2,0,1,222,0
631838483322074518,284231888,Brooklyn,Bay Ridge,40.631763,-74.026642,Entire home/apt,320,3,1,1,36,1
631852906933494902,400158761,Manhattan,East Village,40.73007971053074,-73.98753292495502,Entire home/apt,142,2,7,1,40,7
631869038931868233,53041792,Brooklyn,South Slope,40.6613,-73.98493,Entire home/apt,165,30,1,1,364,1
631889901355547794,60532076,Manhattan,East Village,40.72365,-73.98323,Entire home/apt,124,6,10,2,3,10
631940481660435023,350252704,Manhattan,Midtown,40.75381282655602,-73.97200115160616,Entire home/apt,360,30,0,8,364,0
633575232394929797,351325108,Bronx,Throgs Neck,40.8151,-73.82554,Entire home/apt,95,3,7,1,53,7
633713635109468483,401709949,Brooklyn,Bedford-Stuyvesant,40.69783620615912,-73.93881505193666,Private room,59,30,1,20,157,1
633725815124281338,401709949,Brooklyn,Bushwick,40.69964797754618,-73.93902095503007,Private room,69,30,0,20,90,0
633730370924509931,401709949,Brooklyn,Bedford-Stuyvesant,40.69951651243473,-73.94066796984566,Private room,59,30,1,20,123,1
633741921038906371,107434423,Queens,Long Island City,40.7448909,-73.9568403,Entire home/apt,535,31,0,453,340,0
633744747894356563,407479321,Bronx,Belmont,40.85383,-73.88658,Private room,118,1,3,11,358,3
633754014339342273,70164346,Manhattan,Lower East Side,40.71799,-73.98383,Private room,139,7,1,3,39,1
633754262467662235,70164346,Manhattan,East Village,40.7279,-73.97769,Entire home/apt,204,7,5,3,72,5
633798346178313548,207562173,Manhattan,Upper West Side,40.77968,-73.98008,Shared room,50,1,7,1,0,7
633821009078400018,306024152,Queens,South Ozone Park,40.67262,-73.79684,Private room,64,1,8,5,2,8
630681106769931163,11612677,Brooklyn,Fort Greene,40.685268,-73.977608,Entire home/apt,900,5,1,1,6,1
631955168592828753,15518271,Brooklyn,Bedford-Stuyvesant,40.68607,-73.95727,Entire home/apt,255,2,5,1,156,5
631967774281367970,16480700,Manhattan,Harlem,40.82041,-73.93958,Entire home/apt,375,30,0,12,358,0
630705247467893405,458841834,Queens,Briarwood,40.70883,-73.81767,Private room,70,1,11,2,346,11
630716154663321395,314568608,Manhattan,Chelsea,40.74662,-74.00216,Entire home/apt,372,3,3,1,45,3
630782288962640020,15835028,Manhattan,Harlem,40.81545,-73.94686,Private room,121,5,3,3,310,3
630863953200294159,107434423,Manhattan,Midtown,40.75465899999999,-73.9721295,Entire home/apt,529,31,0,453,277,0
630864416509205724,107434423,Manhattan,Midtown,40.7514705,-73.9714149,Entire home/apt,551,31,0,453,275,0
630866621074508493,14859827,Brooklyn,Bedford-Stuyvesant,40.68452,-73.92248,Entire home/apt,150,2,5,1,300,5
633825923475576089,459355490,Manhattan,East Village,40.72656574968921,-73.98320293696379,Entire home/apt,564,2,0,1,140,0
630921135487536795,30219814,Bronx,Mott Haven,40.81141,-73.92722,Entire home/apt,129,4,3,1,4,3
633827826592670727,453781302,Manhattan,Harlem,40.81225,-73.95167,Private room,84,1,9,1,284,9
633835046032395216,5962328,Queens,Flushing,40.7611,-73.82308,Entire home/apt,110,30,2,7,210,2
632000288120848639,365141716,Queens,Ozone Park,40.681899150941945,-73.84286804088366,Entire home/apt,115,1,2,2,168,2
630953807670082930,414068298,Manhattan,Upper West Side,40.779,-73.97672,Entire home/apt,182,30,1,15,258,1
630962489899690048,417022775,Brooklyn,Bedford-Stuyvesant,40.68536516891316,-73.92707849879193,Private room,156,7,1,2,353,1
630964914219254297,417839501,Manhattan,Upper West Side,40.80043,-73.96308,Private room,135,5,3,5,67,3
630976216171500258,414068298,Manhattan,Upper West Side,40.77964,-73.97878,Entire home/apt,225,30,1,15,107,1
630983226240682784,414068298,Manhattan,Upper West Side,40.7808,-73.97863,Entire home/apt,203,30,1,15,232,1
630988343816913041,397598833,Brooklyn,Bedford-Stuyvesant,40.68194,-73.95655,Private room,66,30,3,8,72,3
630989961001713877,414068298,Manhattan,Upper West Side,40.78105,-73.97774,Entire home/apt,203,30,1,15,209,1
631001937068887791,224733902,Manhattan,Upper East Side,40.77115,-73.9576,Entire home/apt,117,30,2,7,339,2
631003489191594733,414068298,Manhattan,Upper West Side,40.78102,-73.97796,Entire home/apt,203,30,0,15,232,0
631011954824378732,414068298,Manhattan,Upper West Side,40.77929,-73.97695,Entire home/apt,203,30,1,15,217,1
631016762129156020,24425582,Brooklyn,Williamsburg,40.70709,-73.95407,Entire home/apt,200,30,1,2,127,1
631022018867254235,6621587,Brooklyn,Bedford-Stuyvesant,40.6849,-73.92193,Entire home/apt,175,3,4,1,308,4
631065358268037637,426183306,Queens,Jackson Heights,40.752605367831535,-73.8706026174455,Entire home/apt,110,4,1,1,344,1
632002464125020727,314978616,Staten Island,St. George,40.64358,-74.08285,Entire home/apt,81,1,16,1,319,16
632026335033158202,61408134,Manhattan,Theater District,40.762036666566935,-73.98547940385352,Private room,343,1,1,11,346,1
632032875822277950,130316720,Brooklyn,Bedford-Stuyvesant,40.68507,-73.95717,Entire home/apt,150,4,1,1,2,1
632152834747528079,458777714,Queens,Astoria,40.77184,-73.91988,Entire home/apt,209,2,16,2,88,16
632187667038904733,224532641,Brooklyn,Prospect-Lefferts Gardens,40.65933,-73.94991,Private room,50,1,3,11,0,3
632238458317141450,365141716,Queens,Ozone Park,40.684,-73.84136,Entire home/apt,120,1,5,2,168,5
633850314598335943,85758068,Brooklyn,Greenpoint,40.73488,-73.95405,Entire home/apt,189,1,1,1,130,1
633865331237132437,473624,Brooklyn,Williamsburg,40.71406,-73.94847,Private room,235,2,7,1,212,7
633886936995534951,398159989,Brooklyn,East New York,40.665298,-73.878052,Entire home/apt,115,1,3,2,363,3
631097874868219629,110858930,Brooklyn,Flatbush,40.63394,-73.96677,Entire home/apt,148,2,16,2,347,16
631117573914514515,52135038,Queens,Jamaica,40.68415401417364,-73.77651217694569,Private room,63,1,22,3,281,22
631137335233459685,397598833,Brooklyn,Clinton Hill,40.68111,-73.95862,Private room,60,30,1,8,8,1
631142763346689700,259066380,Manhattan,Financial District,40.70786360997569,-74.00653270429062,Entire home/apt,172,70,0,5,257,0
631149892014601626,113723310,Manhattan,Upper East Side,40.78488,-73.94926,Entire home/apt,350,30,0,60,327,0
631152406663459330,460084452,Brooklyn,Canarsie,40.638792823466105,-73.88056628998098,Entire home/apt,120,1,8,1,170,8
633898171886341459,460706094,Manhattan,Battery Park City,40.70899,-74.01545,Private room,125,14,1,1,120,1
633930221689532784,336581747,Manhattan,Midtown,40.75476,-73.96383,Entire home/apt,200,30,2,8,313,2
633931739289902878,5325134,Queens,Flushing,40.76011920116463,-73.8192643394529,Entire home/apt,229,2,2,2,346,2
633935436618995821,384532776,Manhattan,Harlem,40.82727,-73.94468,Entire home/apt,180,30,0,44,365,0
632401579534732859,50401229,Manhattan,Civic Center,40.7147,-74.00566,Entire home/apt,225,4,1,1,74,1
631182947774410832,457171756,Brooklyn,Midwood,40.62707,-73.96057,Private room,45,28,0,4,321,0
631184793444318131,113565208,Manhattan,Hell's Kitchen,40.76087129721007,-73.99490835313095,Entire home/apt,375,1,0,1,364,0
631198590075610916,457171756,Brooklyn,Midwood,40.62764,-73.96183,Private room,48,28,0,4,343,0
631205297641261217,457171756,Brooklyn,Midwood,40.62708,-73.96035,Private room,50,28,0,4,342,0
631217383391666589,156505456,Brooklyn,East New York,40.66107,-73.88748,Private room,80,3,1,32,354,1
631268068896317856,77063818,Brooklyn,Bay Ridge,40.633621,-74.018234,Private room,74,1,9,5,67,9
631297971412473276,2323652,Brooklyn,Park Slope,40.678982,-73.981056,Entire home/apt,200,2,7,1,271,7
631304780473207689,391622090,Brooklyn,Flatlands,40.62727630582729,-73.92134608022131,Entire home/apt,140,1,3,1,355,3
632411385259957492,245375801,Brooklyn,East New York,40.67015,-73.8619,Private room,83,1,8,1,360,8
632432316040464615,207195903,Brooklyn,Bay Ridge,40.62956307550075,-74.0239123303715,Private room,108,1,1,5,18,1
633956160953215663,460725217,Manhattan,East Harlem,40.78856,-73.94775,Entire home/apt,425,20,0,1,365,0
633968806284955396,451866608,Brooklyn,Greenpoint,40.73763,-73.95416,Entire home/apt,158,30,0,2,333,0
633975838388452496,442956929,Queens,Astoria,40.76832,-73.9245,Private room,97,1,12,2,297,12
633977351927953398,460436304,Brooklyn,Brighton Beach,40.58293,-73.96314,Private room,89,1,11,2,316,11
633986809547076584,231281049,Manhattan,Midtown,40.76469,-73.981224,Entire home/apt,489,1,4,5,297,4
633992567009176976,48872790,Brooklyn,Bushwick,40.69143,-73.92411,Private room,147,1,8,2,351,8
634029855673067925,162396597,Brooklyn,Greenpoint,40.71968,-73.9541,Entire home/apt,523,7,2,1,23,2
631340358676804359,156505456,Brooklyn,East New York,40.66292,-73.88831,Private room,110,2,1,32,358,1
634943210887270572,460419777,Brooklyn,Bensonhurst,40.6193,-74.00131,Private room,114,1,8,6,356,8
634033315397058152,460750980,Manhattan,Harlem,40.80814665491939,-73.94637763339283,Entire home/apt,251,3,5,1,136,5
634035217889553523,455017,Manhattan,Washington Heights,40.83623,-73.93913,Private room,100,2,0,2,221,0
634969493118002076,18333085,Manhattan,Harlem,40.8067,-73.95171,Entire home/apt,325,2,4,1,23,4
634035515694587483,459778513,Manhattan,Harlem,40.82196,-73.9566,Private room,95,3,10,3,64,10
634036107181436317,339556605,Manhattan,Midtown,40.75812,-73.96952,Entire home/apt,307,3,12,4,318,12
634053763616155625,1033970,Brooklyn,Bedford-Stuyvesant,40.68953,-73.93496,Entire home/apt,219,2,7,5,242,7
634079132980276901,267591172,Brooklyn,Crown Heights,40.67184,-73.92301,Entire home/apt,200,2,11,1,343,11
632462257096349577,460348862,Bronx,North Riverdale,40.90366,-73.906738,Entire home/apt,139,2,5,1,346,5
632463430772968847,252643530,Brooklyn,Bushwick,40.70038,-73.92355,Entire home/apt,219,1,21,1,311,21
634970434472370748,460737968,Queens,Richmond Hill,40.69246292114258,-73.81806945800781,Entire home/apt,55,31,0,1,284,0
635028907488877440,243267345,Brooklyn,Crown Heights,40.6756,-73.91673,Entire home/apt,249,3,7,3,338,7
635052437508177386,460419777,Brooklyn,Bensonhurst,40.6207,-73.99952,Private room,125,1,7,6,340,7
635054162055961473,243267345,Brooklyn,Crown Heights,40.6756,-73.91672,Entire home/apt,250,3,6,3,347,6
635057394274438824,3223938,Brooklyn,Park Slope,40.671,-73.98134,Private room,39,90,0,288,249,0
635057417657354347,3223938,Brooklyn,Bay Ridge,40.62817,-74.02514,Private room,33,90,0,288,341,0
635125760914245990,437113809,Queens,Sunnyside,40.73726,-73.92412,Entire home/apt,289,1,12,2,0,12
635240490268093116,17838718,Brooklyn,South Slope,40.667461,-73.984772,Entire home/apt,289,5,2,1,14,2
634101292506949550,55815112,Manhattan,Hell's Kitchen,40.761799,-73.993645,Entire home/apt,279,2,2,1,102,2
634132187592199388,411079992,Queens,Richmond Hill,40.7029,-73.83116,Private room,75,1,11,8,339,11
634135002448254125,39371435,Manhattan,Tribeca,40.72241,-74.01032,Entire home/apt,2700,3,2,6,352,2
634135982753670399,187311340,Brooklyn,Bedford-Stuyvesant,40.68066,-73.95419,Private room,240,3,4,2,66,4
634164795923289281,413827534,Bronx,Baychester,40.8765,-73.84424,Private room,62,5,2,3,66,2
634212556985006893,242152267,Manhattan,Hell's Kitchen,40.75657,-73.99746,Entire home/apt,199,30,2,9,280,2
634221576598890867,299058804,Brooklyn,Park Slope,40.66654,-73.97658,Entire home/apt,2200,3,2,1,310,2
634231714994159268,242152267,Manhattan,Lower East Side,40.71984,-73.99175,Entire home/apt,149,30,2,9,326,2
634249791334310964,242152267,Manhattan,Midtown,40.76445,-73.97769,Entire home/apt,169,30,1,9,344,1
634259010762882711,242152267,Manhattan,Gramercy,40.73539,-73.98149,Entire home/apt,159,30,1,9,309,1
634276902012072709,460436304,Brooklyn,Brighton Beach,40.583878,-73.962097,Private room,84,2,5,2,310,5
635258123577507395,460051201,Manhattan,Lower East Side,40.7192,-73.99229,Entire home/apt,323,15,7,3,99,7
634280314623963810,164176914,Brooklyn,Downtown Brooklyn,40.69184808903201,-73.9870563554835,Entire home/apt,130,30,4,1,44,4
634287012048217211,432679409,Manhattan,Tribeca,40.72313,-74.0094,Entire home/apt,1529,2,3,9,335,3
634295833293367468,432679409,Manhattan,West Village,40.73665,-74.01055,Entire home/apt,2043,1,3,9,309,3
634345238203851228,15860096,Manhattan,Flatiron District,40.74193,-73.99094,Entire home/apt,449,2,5,1,26,5
634354972876604844,1163227,Queens,Elmhurst,40.733624,-73.872879,Entire home/apt,260,2,8,1,38,8
634368270482663573,16480700,Manhattan,Hell's Kitchen,40.760597,-73.990692,Private room,429,1,1,12,341,1
634506087516166647,124702572,Brooklyn,Bedford-Stuyvesant,40.68037,-73.92027,Entire home/apt,146,2,12,2,31,12
634543701516019054,107434423,Manhattan,Theater District,40.7607614,-73.98610550000001,Entire home/apt,398,31,0,453,87,0
634581402167759077,281199191,Queens,Elmhurst,40.7469156,-73.8750019,Private room,99,1,5,1,23,5
634609163193731506,84464154,Brooklyn,Prospect Heights,40.678,-73.96385,Entire home/apt,250,1,3,1,16,3
632479741560432353,460354604,Manhattan,Washington Heights,40.84128,-73.93814,Private room,47,1,9,1,0,9
632521805483291229,460368490,Bronx,Morrisania,40.82436,-73.91307,Private room,144,1,16,3,163,16
632551534039863241,6786361,Brooklyn,Williamsburg,40.708946,-73.941032,Private room,60,30,2,2,265,2
632571437628450446,258628314,Manhattan,Upper West Side,40.80003,-73.96605,Entire home/apt,448,5,7,1,17,7
632585401566098788,425007642,Manhattan,Harlem,40.80237,-73.95833,Private room,120,1,1,2,0,1
632586631810442130,6786361,Brooklyn,Williamsburg,40.70809,-73.94,Private room,50,30,1,2,273,1
632589096014329534,393852246,Manhattan,Upper West Side,40.79978,-73.96106,Private room,118,3,6,3,50,6
632604733217748350,305387117,Queens,Long Island City,40.75255164485284,-73.94027618442121,Private room,150,14,0,6,335,0
635285129812445143,4644513,Brooklyn,Williamsburg,40.71750608733539,-73.9632706022229,Entire home/apt,400,30,1,1,125,1
634629307905555256,266264211,Brooklyn,Fort Greene,40.69294,-73.98208,Private room,60,70,0,1,38,0
635298983989442168,460870216,Queens,Flushing,40.76255,-73.82363,Entire home/apt,130,30,0,1,360,0
632608899902231779,421601513,Manhattan,Washington Heights,40.84629,-73.94351,Private room,74,5,8,2,259,8
635301868080561725,424685230,Brooklyn,Bushwick,40.688692980060345,-73.91683855837555,Entire home/apt,298,3,2,3,151,2
635322560515730135,352857062,Brooklyn,Bedford-Stuyvesant,40.678398,-73.909744,Entire home/apt,86,2,3,2,336,3
632636512506891776,206401800,Brooklyn,Williamsburg,40.70652,-73.95255,Entire home/apt,450,3,3,1,8,3
634650432149311043,372716614,Manhattan,Midtown,40.744247,-73.984146,Entire home/apt,464,3,3,1,11,3
634658660548431898,341908723,Brooklyn,Canarsie,40.638229,-73.883415,Entire home/apt,89,90,0,53,365,0
634674620597541646,831185,Brooklyn,Crown Heights,40.67811,-73.96291,Entire home/apt,338,30,1,3,338,1
635345960647488653,343381111,Manhattan,Midtown,40.74605,-73.98844,Entire home/apt,304,1,3,3,28,3
635349981223517857,62165573,Staten Island,Tompkinsville,40.6359,-74.07963,Entire home/apt,188,3,13,1,127,13
634681573727136300,87339569,Brooklyn,Williamsburg,40.708385,-73.949692,Private room,120,4,1,1,0,1
634696594171846190,243288727,Manhattan,Midtown,40.75501,-73.96229,Entire home/apt,200,30,0,14,356,0
632641178027245326,22630406,Brooklyn,Red Hook,40.678547,-74.010139,Entire home/apt,250,2,2,1,0,2
632658360763274204,72415862,Queens,Forest Hills,40.71526,-73.83799,Entire home/apt,50,244,0,1,82,0
632690998847059396,460419777,Brooklyn,Bensonhurst,40.62061,-74.00091,Private room,116,1,11,6,357,11
632694124102986233,4471600,Brooklyn,Greenpoint,40.72059,-73.94968,Entire home/apt,311,25,4,2,152,4
635350674625977113,19235293,Brooklyn,Williamsburg,40.70661,-73.96059,Entire home/apt,370,1,3,1,272,3
634697357178727807,452323240,Brooklyn,Williamsburg,40.70915,-73.95624,Entire home/apt,240,3,0,1,330,0
634708315220699677,451866547,Queens,Long Island City,40.75403,-73.91919,Entire home/apt,110,6,0,1,307,0
634723560211520342,110968699,Brooklyn,Greenpoint,40.733112966314806,-73.95759946842311,Private room,151,1,1,1,131,1
634724215081251527,4587045,Manhattan,Midtown,40.752655,-73.972481,Entire home/apt,563,2,1,2,0,1
635364157647802505,5325134,Queens,Flushing,40.76021,-73.81911,Entire home/apt,249,2,5,2,348,5
635366331991787315,460419777,Brooklyn,Bensonhurst,40.61874,-73.9994,Private room,173,1,8,6,354,8
635383523425875590,9293730,Manhattan,Upper East Side,40.77066,-73.95549,Entire home/apt,125,30,1,37,266,1
635390310293445835,460419777,Brooklyn,Bensonhurst,40.6206,-74.00134,Private room,108,1,9,6,348,9
635404813971304250,132524631,Brooklyn,Fort Greene,40.68759,-73.97748,Entire home/apt,242,5,9,1,105,9
634737185619080084,19304890,Queens,Arverne,40.58659,-73.79869,Entire home/apt,575,3,3,1,277,3
632696915953279459,460421451,Queens,Arverne,40.59258,-73.7992,Entire home/apt,177,1,14,2,176,14
632717293862386905,32441059,Queens,Astoria,40.76717,-73.91754,Entire home/apt,90,1,1,2,20,1
632726981512238069,13920011,Brooklyn,Greenpoint,40.7276,-73.95177,Entire home/apt,450,4,3,1,94,3
632733689308980234,460428960,Brooklyn,Flatbush,40.63042,-73.96521,Private room,118,1,17,1,29,17
632747220180779802,225515482,Bronx,Wakefield,40.89087,-73.85069,Entire home/apt,106,1,17,1,352,17
635406284291901953,111293940,Brooklyn,Bedford-Stuyvesant,40.68433,-73.95196,Private room,137,1,5,3,70,5
635410678813199898,40339422,Manhattan,Harlem,40.80302,-73.95061,Private room,323,1,4,3,109,4
635415129769831308,460419777,Brooklyn,Bensonhurst,40.62099,-73.99915,Private room,121,1,15,6,352,15
635439633631544916,459087314,Queens,Woodside,40.74399940581828,-73.91205893142417,Private room,99,1,3,1,351,3
635446393352142475,57885474,Bronx,Wakefield,40.89712,-73.85904,Entire home/apt,248,2,6,5,354,6
635454293983433941,50243945,Brooklyn,Gowanus,40.6666,-73.99396,Private room,57,2,6,1,315,6
634743259855202791,440233245,Queens,Cambria Heights,40.68494,-73.73105,Entire home/apt,111,7,11,2,333,11
635474429874721360,23341466,Manhattan,Upper West Side,40.77823,-73.97998,Private room,123,4,6,1,71,6
635484369090867609,393283611,Brooklyn,East New York,40.674915,-73.878418,Entire home/apt,130,1,30,2,258,30
635488675998262840,165615843,Bronx,Edenwald,40.889805,-73.839363,Private room,74,2,5,1,362,5
635494783850320801,384295125,Manhattan,Midtown,40.76583,-73.98216,Entire home/apt,545,1,8,11,319,8
635501023218881740,459778513,Manhattan,Harlem,40.82211,-73.95665,Private room,92,3,9,3,62,9
635531827756587824,398633876,Queens,St. Albans,40.701603,-73.76561,Entire home/apt,190,1,15,1,355,15
634745287411534607,460919458,Manhattan,East Harlem,40.79455,-73.94551,Entire home/apt,125,30,1,18,347,1
632752608177110815,117598640,Queens,Long Island City,40.757114,-73.929756,Private room,120,7,1,3,342,1
635575126985465488,2867137,Manhattan,Upper East Side,40.77148,-73.9544,Entire home/apt,165,30,1,73,342,1
635661497716345476,461132126,Brooklyn,Prospect-Lefferts Gardens,40.66188,-73.9413,Entire home/apt,220,2,8,1,156,8
635691858194918500,45694156,Brooklyn,Red Hook,40.67699,-74.01463,Entire home/apt,100,62,0,2,68,0
635697764042953233,132336233,Manhattan,Financial District,40.70897,-74.00915,Entire home/apt,345,1,2,1,2,2
635716236658829581,209334556,Manhattan,Hell's Kitchen,40.76309,-73.99915,Entire home/apt,521,3,15,1,130,15
632752890970285574,326327271,Manhattan,Washington Heights,40.85512779568531,-73.93127611413806,Entire home/apt,120,1,6,1,188,6
632816649003569675,119301523,Queens,South Ozone Park,40.66845,-73.80628,Private room,65,1,6,4,0,6
632870944684990368,196650659,Brooklyn,Bedford-Stuyvesant,40.688366,-73.9366,Entire home/apt,275,3,7,1,306,7
634762187171654189,396362260,Queens,St. Albans,40.70694,-73.76131,Entire home/apt,104,3,13,1,85,13
635740071205766463,352021160,Manhattan,Chinatown,40.71691,-73.991,Private room,66,30,2,1,179,2
634768593276510686,9905386,Manhattan,Hell's Kitchen,40.76262328719311,-73.99783097545608,Entire home/apt,375,30,0,1,89,0
635830769986628721,461162172,Queens,Ridgewood,40.70689,-73.91183,Entire home/apt,290,28,0,1,14,0
634782127866180490,457152913,Manhattan,Midtown,40.75149,-73.97215,Entire home/apt,382,2,0,4,86,0
634786222106330399,457152913,Manhattan,Midtown,40.752,-73.97373,Entire home/apt,382,2,2,4,82,2
634848367620090610,48819761,Manhattan,Upper East Side,40.77334,-73.9516,Private room,150,3,2,1,249,2
632885930545592737,119447491,Brooklyn,Kensington,40.64263,-73.98142,Private room,59,3,1,1,0,1
632993183115320648,333305027,Queens,Woodside,40.74549,-73.89534,Private room,141,3,2,6,341,2
633106557103278202,48880473,Brooklyn,Vinegar Hill,40.70381,-73.97983,Entire home/apt,134,2,2,1,69,2
635840098829073925,46410542,Manhattan,Murray Hill,40.74642,-73.97266,Entire home/apt,220,6,1,1,286,1
633113362893109950,3416353,Brooklyn,Park Slope,40.66972,-73.97427,Entire home/apt,2400,3,1,1,341,1
633114777738202849,107434423,Manhattan,Upper East Side,40.7751289,-73.96470569999997,Entire home/apt,495,31,0,453,337,0
633115105120193759,107434423,Manhattan,Hell's Kitchen,40.760596,-73.99628,Entire home/apt,454,31,0,453,321,0
633146168446073367,65747874,Brooklyn,Crown Heights,40.67536,-73.94105,Entire home/apt,216,2,11,1,313,11
633168575271694958,6324250,Queens,Flushing,40.75036,-73.80607,Entire home/apt,69,30,1,1,66,1
633211932800852040,14524586,Brooklyn,Williamsburg,40.71047,-73.95346,Entire home/apt,450,4,5,1,316,5
634867145735495157,437531027,Bronx,University Heights,40.86277,-73.90512,Private room,73,1,6,2,344,6
635955022314782955,176850650,Queens,Cambria Heights,40.69952,-73.74128,Entire home/apt,140,1,16,1,10,16
634868907150900897,114891780,Brooklyn,Prospect-Lefferts Gardens,40.66305,-73.94435,Entire home/apt,180,2,1,1,320,1
634873109612876378,225118276,Queens,Astoria,40.76754,-73.92738,Private room,75,1,18,2,332,18
634896028024109972,437531027,Bronx,Kingsbridge,40.86306995216852,-73.90511602073802,Private room,73,1,0,2,346,0
636019195581310719,93567450,Brooklyn,Gowanus,40.6682,-73.99303,Entire home/apt,282,3,8,2,111,8
636027704467896179,117598640,Queens,Long Island City,40.757114,-73.929756,Private room,78,3,9,3,350,9
636050836574642531,401202937,Manhattan,Midtown,40.74638,-73.98884,Private room,118,1,0,51,69,0
636051632523341934,107434423,Manhattan,Midtown,40.75465899999999,-73.9721295,Entire home/apt,406,31,0,453,285,0
636090984334971127,456652626,Manhattan,Financial District,40.70266,-74.01116,Entire home/apt,585,4,6,1,262,6
634898625226634059,52725589,Manhattan,Hell's Kitchen,40.75764,-73.99722,Entire home/apt,465,4,3,1,9,3
634936824891612018,44605035,Brooklyn,Williamsburg,40.70918,-73.95594,Entire home/apt,300,3,11,1,34,11
633229707857788850,4039873,Manhattan,Harlem,40.80891,-73.95095,Private room,113,2,1,1,66,1
633235349252188576,70164346,Manhattan,Lower East Side,40.71761,-73.98191,Private room,98,5,5,3,19,5
633247730440238021,271275048,Manhattan,Chelsea,40.74763,-73.99098,Entire home/apt,115,30,1,15,306,1
633257201851901800,278985545,Brooklyn,Bedford-Stuyvesant,40.68491,-73.92989,Entire home/apt,121,30,0,3,0,0
633287620224734220,140276044,Queens,Jamaica,40.68247209011676,-73.77284198705777,Private room,70,2,4,5,346,4
633306119519283589,4970027,Queens,Briarwood,40.70715,-73.81451,Entire home/apt,195,30,0,2,87,0
636102680963588163,355258878,Staten Island,Mariners Harbor,40.63708,-74.16759,Private room,70,2,3,4,312,3
636127153623723704,17103966,Brooklyn,Canarsie,40.64369,-73.89513,Private room,89,2,0,1,178,0
636167593975534277,81640632,Brooklyn,Bushwick,40.69933,-73.92178,Entire home/apt,193,5,5,1,1,5
633318450007507030,231048960,Brooklyn,Bedford-Stuyvesant,40.68056,-73.93894,Entire home/apt,269,1,0,1,358,0
636174012533915373,461236294,Queens,Astoria,40.772438,-73.923569,Entire home/apt,428,2,17,1,105,17
634937231178401689,61924400,Manhattan,Upper West Side,40.80198,-73.9636,Entire home/apt,499,5,6,1,24,6
637048553062478988,443863057,Brooklyn,Crown Heights,40.67139,-73.92934,Private room,89,2,5,2,352,5
636242839030318825,364506884,Queens,Cambria Heights,40.69756,-73.73113,Entire home/apt,289,2,5,2,360,5
636249406490154947,461257467,Queens,Forest Hills,40.7289,-73.85178,Entire home/apt,89,5,4,2,93,4
637076452012032978,46888261,Brooklyn,Williamsburg,40.70973,-73.96811,Entire home/apt,446,4,3,1,0,3
633321495378275269,371490719,Bronx,Edenwald,40.89213,-73.84204,Private room,45,2,3,2,325,3
633325241599587850,140276044,Queens,Jamaica,40.68391,-73.77241,Private room,77,2,9,5,361,9
636257948146355223,45436240,Manhattan,Hell's Kitchen,40.76013848172225,-73.99808144254975,Entire home/apt,500,15,0,1,173,0
636259194924261523,22214626,Brooklyn,Clinton Hill,40.68583,-73.96443,Entire home/apt,513,14,2,1,22,2
633332823092765337,63119251,Manhattan,Upper East Side,40.76836,-73.95827,Entire home/apt,290,6,3,1,15,3
637103708187106081,5551314,Manhattan,Hell's Kitchen,40.76226,-73.98972,Private room,133,1,11,2,44,11
637194775376471696,20154754,Manhattan,Midtown,40.752655,-73.972481,Private room,400,1,0,1,5,0
636262868130380492,38473130,Queens,Rockaway Beach,40.5897,-73.81164,Entire home/apt,215,2,16,1,163,16
637462678771470678,36156492,Queens,Arverne,40.58931628675165,-73.79774629265565,Entire home/apt,250,2,3,1,347,3
637478582940681740,19303369,Queens,Sunnyside,40.73965,-73.91991,Private room,42,30,0,175,0,0
637493347211635054,19303369,Queens,Sunnyside,40.73828,-73.92182,Private room,39,30,0,175,12,0
637500375209808073,200239515,Queens,Sunnyside,40.73772,-73.92101,Private room,42,30,0,158,11,0
637505576684770516,200239515,Queens,Sunnyside,40.73958,-73.91977,Private room,39,30,0,158,0,0
637510579402318016,204704622,Queens,Sunnyside,40.73856,-73.92186,Private room,41,30,0,157,0,0
637518053786282035,204704622,Queens,Sunnyside,40.73969,-73.92145,Private room,38,30,0,157,0,0
633406785201787250,22125548,Brooklyn,Williamsburg,40.71198,-73.95334,Entire home/apt,650,30,0,1,257,0
636278597309164130,24343427,Queens,Queens Village,40.71343,-73.75178,Private room,62,2,10,2,344,10
636284976466179012,451776967,Manhattan,Greenwich Village,40.72819,-74.00106,Entire home/apt,262,2,11,1,332,11
633423660483484050,8504385,Brooklyn,Greenpoint,40.7337,-73.95201,Private room,110,30,0,1,59,0
633426670632924814,18057505,Brooklyn,East Flatbush,40.66070537575939,-73.9271376587637,Entire home/apt,100,2,1,3,319,1
637524390360273018,453777289,Queens,Queens Village,40.71394,-73.73203,Entire home/apt,230,2,7,1,339,7
637580093389327962,139027618,Brooklyn,Flatbush,40.648102,-73.95433,Private room,77,1,7,1,351,7
636310218314961171,162280872,Brooklyn,Greenpoint,40.7349,-73.95452,Entire home/apt,320,30,1,98,310,1
636316961258673498,354087992,Manhattan,Hell's Kitchen,40.7635,-73.98551,Private room,699,1,0,17,90,0
636324470274748994,459778513,Manhattan,Harlem,40.82188,-73.9545,Private room,66,3,13,3,60,13
636329923597403617,455691328,Manhattan,East Harlem,40.78857,-73.94487,Entire home/apt,175,2,1,3,135,1
636384010903074720,459136924,Bronx,Mott Haven,40.80999,-73.91997,Private room,81,1,11,3,336,11
636394134074222695,274278847,Queens,East Elmhurst,40.76619831003899,-73.88956634656168,Entire home/apt,149,2,5,2,334,5
636536273421895710,461308098,Manhattan,Upper West Side,40.78536985035451,-73.97073543286389,Private room,180,4,5,1,34,5
633459934007928882,297633318,Bronx,Throgs Neck,40.81710642758539,-73.8210395459422,Entire home/apt,140,2,0,1,335,0
633460491855293928,358801617,Queens,Astoria,40.76579,-73.90982,Private room,90,1,1,2,354,1
633463094326693676,215488365,Brooklyn,Crown Heights,40.67622,-73.93112,Private room,71,1,0,5,125,0
636626156005838939,95679382,Manhattan,Midtown,40.74158,-73.98325,Entire home/apt,400,5,1,2,0,1
636645465431278802,459578759,Brooklyn,Crown Heights,40.6761,-73.91722,Entire home/apt,393,1,1,1,358,1
633492364636824182,1270026,Brooklyn,Crown Heights,40.67610367798331,-73.94912976973296,Entire home/apt,150,7,1,1,64,1
637596748495650305,1712643,Manhattan,Chelsea,40.73855,-73.99665,Entire home/apt,230,2,3,1,0,3
636684907723189364,180380,Manhattan,Harlem,40.82889387775853,-73.94375481756039,Entire home/apt,250,5,0,1,340,0
637609387866765992,288193483,Queens,Arverne,40.59462,-73.79116,Entire home/apt,232,1,10,1,179,10
639385976123780599,30805991,Brooklyn,Bushwick,40.70024,-73.91678,Entire home/apt,304,1,19,4,6,19
636733997268048811,461340832,Queens,Forest Hills,40.73539,-73.855247,Entire home/apt,144,2,10,2,339,10
639402947365116095,385859541,Brooklyn,Bedford-Stuyvesant,40.67977,-73.90954,Entire home/apt,200,1,9,1,89,9
639540429317887373,248665016,Manhattan,Harlem,40.816826505197454,-73.94227791249008,Entire home/apt,135,3,4,2,2,4
639549197073947929,107434423,Manhattan,East Village,40.7324098,-73.98747879999999,Entire home/apt,535,31,0,453,13,0
637610088506176576,54794210,Queens,Jackson Heights,40.75452,-73.88131,Entire home/apt,300,30,0,1,256,0
637620087085191223,461489789,Manhattan,East Village,40.72182,-73.98462,Entire home/apt,725,2,5,1,315,5
636750580304250017,169800089,Brooklyn,Brownsville,40.66367,-73.90989,Private room,75,1,8,2,84,8
636790306406975044,450580547,Manhattan,Midtown,40.76423,-73.98197,Entire home/apt,170,30,0,30,242,0
636801605735543805,1339545,Brooklyn,Park Slope,40.66986610529042,-73.97987355534487,Entire home/apt,173,2,0,8,55,0
636824768981796278,445395972,Bronx,Wakefield,40.88629,-73.86345,Private room,71,1,4,5,273,4
636850142417950851,293393162,Manhattan,Midtown,40.75286,-73.97365,Entire home/apt,695,3,0,1,358,0
636899249866787920,50881897,Brooklyn,Vinegar Hill,40.69937,-73.98253,Entire home/apt,531,2,16,1,45,16
637623837832142035,141701068,Brooklyn,Bay Ridge,40.638954,-74.026955,Private room,55,2,8,1,1,8
637634357376846351,459248803,Brooklyn,Crown Heights,40.66554,-73.93704,Entire home/apt,300,3,4,2,331,4
637660091350480104,1795207,Brooklyn,DUMBO,40.70383,-73.98628,Entire home/apt,524,1,1,2,365,1
637682857782165510,25602048,Brooklyn,Bedford-Stuyvesant,40.68798,-73.94847,Private room,125,3,5,1,43,5
637743162515403000,461574206,Brooklyn,Williamsburg,40.71076688695491,-73.95088920420558,Private room,88,2,6,1,25,6
639589832225377962,461959453,Queens,Rosedale,40.65274061117807,-73.72956630045884,Entire home/apt,150,2,0,1,342,0
639660807952111649,20336287,Brooklyn,Bushwick,40.69956,-73.91798,Entire home/apt,209,1,27,1,331,27
639663736314709254,359638834,Manhattan,Chelsea,40.74807,-73.99361,Private room,900,1,1,11,90,1
639664591087069915,74103802,Bronx,Morris Park,40.85054,-73.86482,Entire home/apt,125,30,0,1,365,0
639667499986245473,2653479,Manhattan,Upper West Side,40.803265,-73.966263,Private room,110,3,7,41,71,7
639674240655374476,104946561,Queens,Astoria,40.766,-73.90763,Private room,75,2,6,1,77,6
639694558611399338,435273407,Manhattan,East Harlem,40.78988,-73.94155,Private room,143,1,6,3,339,6
639705836870039306,461252637,Manhattan,Midtown,40.74762,-73.98893,Entire home/apt,369,1,3,1,140,3
636917493580897059,68153861,Brooklyn,Bushwick,40.69104,-73.91231,Private room,73,2,4,1,48,4
639758986408193588,160432866,Brooklyn,Kensington,40.6301274248469,-73.97186221622248,Private room,76,10,0,1,340,0
639772463912396637,11071605,Brooklyn,Greenpoint,40.72547,-73.94816,Entire home/apt,259,4,1,1,22,1
637744816439999158,81320394,Queens,Cambria Heights,40.69543,-73.72882,Entire home/apt,113,1,9,2,361,9
637759148111859782,105379950,Brooklyn,Sheepshead Bay,40.58549,-73.95115,Private room,65,2,8,8,141,8
637834430758310495,440233245,Queens,Laurelton,40.68495,-73.73226,Private room,53,2,18,2,262,18
636925406572845237,345230568,Manhattan,Upper East Side,40.772161562983065,-73.95374932471825,Entire home/apt,386,3,3,2,80,3
636944681866019204,88326292,Queens,Rockaway Beach,40.58769,-73.81316,Entire home/apt,114,2,14,5,82,14
636944733339084818,355258878,Staten Island,Mariners Harbor,40.63799,-74.16949,Private room,100,2,6,4,342,6
636959724917638564,461399954,Brooklyn,East New York,40.6559,-73.87044,Entire home/apt,220,2,4,1,352,4
637848065939782433,461595125,Brooklyn,Canarsie,40.631,-73.89703,Entire home/apt,154,1,25,1,359,25
637874196102402211,37694131,Queens,Long Island City,40.744859228091,-73.95620005761073,Entire home/apt,230,30,1,4,119,1
637926235700520984,455691328,Manhattan,Midtown,40.754787,-73.990471,Entire home/apt,202,3,2,3,317,2
639781537591654028,67258884,Brooklyn,Bushwick,40.70199,-73.92242,Entire home/apt,115,1,1,1,17,1
639813359571942202,417201324,Manhattan,Morningside Heights,40.81142870222809,-73.95731834227573,Entire home/apt,102,2,9,1,90,9
636974759066296574,88326292,Queens,Rockaway Beach,40.58828,-73.81187,Entire home/apt,107,2,12,5,85,12
636982135524593603,123527938,Brooklyn,Williamsburg,40.70454,-73.93621,Private room,89,30,5,5,258,5
637041914856524482,420297717,Queens,Rockaway Beach,40.58809,-73.81383,Entire home/apt,109,2,9,5,90,9
641200733773310692,1436482,Brooklyn,Bedford-Stuyvesant,40.69104,-73.92523,Private room,134,3,1,2,319,1
639817662997292211,462068289,Queens,Flushing,40.72928395253609,-73.81212822336774,Entire home/apt,132,2,10,1,322,10
639857593156700083,2258330,Brooklyn,Bedford-Stuyvesant,40.68542,-73.92307,Entire home/apt,280,3,1,1,0,1
639885792983162225,462089617,Brooklyn,Carroll Gardens,40.6824525,-73.9931498,Entire home/apt,200,30,1,2,310,1
638044371366059533,461629715,Manhattan,Hell's Kitchen,40.75815,-73.99848,Entire home/apt,256,30,0,1,145,0
638186208000099445,107434423,Manhattan,West Village,40.73732,-74.00424,Entire home/apt,482,31,0,453,322,0
638186562751522999,107434423,Manhattan,Upper West Side,40.7775972,-73.9884665,Entire home/apt,485,31,0,453,340,0
638208932898066716,401202937,Manhattan,Midtown,40.74797,-73.98673,Private room,177,1,0,51,48,0
638274411802977958,461685356,Brooklyn,Bay Ridge,40.630341,-74.025009,Private room,100,30,0,1,90,0
638304493745432787,50411791,Manhattan,Harlem,40.82223,-73.9441,Private room,120,2,8,3,220,8
638356688178697321,461710687,Manhattan,Washington Heights,40.84696,-73.94072,Entire home/apt,190,3,4,1,337,4
638375695955118228,50299658,Brooklyn,Sunset Park,40.6614585399732,-73.98834220992401,Entire home/apt,178,3,1,1,273,1
638404496657149559,81320394,Queens,Cambria Heights,40.69578,-73.73006,Entire home/apt,40,1,1,2,363,1
641209854002197271,6874611,Brooklyn,Fort Greene,40.69030073668738,-73.97854125435497,Entire home/apt,350,2,2,1,103,2
639898201872820540,200950980,Queens,Arverne,40.5952702022121,-73.79330333045804,Entire home/apt,149,1,9,1,214,9
639899386746380552,462089617,Brooklyn,Carroll Gardens,40.6824525,-73.9931498,Entire home/apt,225,30,1,2,295,1
639918901461376573,461340832,Queens,Forest Hills,40.7353912,-73.8552462,Private room,92,1,8,2,329,8
639920141110609277,198871095,Bronx,Williamsbridge,40.87977,-73.85488,Entire home/apt,153,1,14,2,83,14
641210071788082023,83492144,Queens,Bayswater,40.60846,-73.75451,Entire home/apt,148,2,4,1,355,4
639930784199884076,445581518,Manhattan,Harlem,40.82241,-73.95016,Private room,90,2,2,1,1,2
639943977146307117,61278683,Queens,Long Island City,40.7535263,-73.9358622,Private room,89,2,4,3,167,4
639951636744198318,11792774,Manhattan,Kips Bay,40.74353,-73.98156,Entire home/apt,321,6,2,1,280,2
639958512250519518,74885349,Brooklyn,Crown Heights,40.67637,-73.95215,Entire home/apt,230,4,11,6,284,11
639987961838040881,411034737,Brooklyn,Cypress Hills,40.689484,-73.870471,Private room,75,2,8,7,342,8
639991069697648692,50173892,Queens,Astoria,40.75689,-73.91671,Private room,90,2,4,1,263,4
640003106989657947,42523215,Queens,Queens Village,40.71943,-73.73776,Private room,60,2,4,2,335,4
640023893060950210,62785237,Brooklyn,Bedford-Stuyvesant,40.68497,-73.94751,Entire home/apt,450,13,0,2,0,0
638405806968345946,211823412,Queens,Arverne,40.59671,-73.7949,Entire home/apt,165,2,6,1,358,6
638412872710785326,898412,Queens,Long Island City,40.74422,-73.9494,Entire home/apt,100,55,0,2,200,0
638415705402083979,50411791,Manhattan,Harlem,40.82282,-73.9458,Private room,90,2,11,3,201,11
641216454200397822,460273604,Queens,Middle Village,40.72459997808178,-73.87295769648544,Private room,76,1,10,3,331,10
641216456949932781,460273604,Queens,Middle Village,40.72584087750584,-73.87109884591372,Private room,74,1,16,3,326,16
641216690218286102,50819013,Manhattan,Lower East Side,40.71973,-73.98759,Entire home/apt,280,4,1,1,279,1
638451573988709495,49123334,Brooklyn,Boerum Hill,40.68805,-73.98438,Entire home/apt,257,30,0,1,95,0
638454791738509873,388603242,Manhattan,Midtown,40.74671,-73.98691,Entire home/apt,482,1,0,12,161,0
641224498504852621,462391525,Manhattan,Upper East Side,40.77725,-73.94781,Entire home/apt,610,30,1,1,156,1
638461765613099585,14482395,Brooklyn,Bushwick,40.68327,-73.909157,Entire home/apt,300,1,3,1,140,3
638516474333354599,348034609,Bronx,Soundview,40.827957,-73.879745,Private room,171,1,2,6,365,2
638519274751510169,38289111,Brooklyn,Red Hook,40.677925,-74.013374,Entire home/apt,250,3,0,1,249,0
641229102165739248,462385248,Brooklyn,Bushwick,40.6885,-73.91814,Private room,107,5,4,3,78,4
640028812820854472,68810900,Manhattan,West Village,40.73454401860116,-73.99964934408698,Entire home/apt,300,1,3,1,0,3
640055424267198742,11381675,Brooklyn,Crown Heights,40.67106,-73.94156,Private room,125,1,1,3,15,1
640072873723501843,157649863,Bronx,Wakefield,40.90263042865945,-73.84182732243482,Entire home/apt,97,1,5,1,20,5
640076159281018152,92714156,Brooklyn,Bedford-Stuyvesant,40.68519,-73.94408,Private room,77,3,9,4,67,9
640089851278758381,224936570,Manhattan,Chelsea,40.73762,-73.99708,Entire home/apt,600,5,2,1,348,2
640119143069555335,456589439,Manhattan,Murray Hill,40.74532844000605,-73.97542416574164,Private room,66,90,0,6,281,0
640148680845711037,10149317,Queens,Rego Park,40.73235237820083,-73.85518669296286,Entire home/apt,142,7,3,12,315,3
640150684112563874,30805991,Brooklyn,Bushwick,40.70435731794763,-73.92001983698388,Entire home/apt,170,1,6,4,343,6
640159275260186822,2065971,Brooklyn,Crown Heights,40.67935,-73.96355,Entire home/apt,250,3,7,2,0,7
640270260790083804,20912691,Queens,Jamaica,40.71059,-73.78221,Entire home/apt,720,3,1,5,0,1
640366504429539829,6486737,Brooklyn,Greenpoint,40.7344,-73.95353,Entire home/apt,145,30,1,1,76,1
640418652230852663,156047478,Manhattan,Harlem,40.81545,-73.94048,Entire home/apt,80,30,2,7,164,2
640429959969609856,325451328,Manhattan,Harlem,40.8248483,-73.9510782,Entire home/apt,259,5,5,5,102,5
640436833654251067,401709949,Brooklyn,Bedford-Stuyvesant,40.69967219112572,-73.94036893334128,Private room,67,30,3,20,157,3
640443472855597440,24278208,Brooklyn,Bedford-Stuyvesant,40.6874,-73.95497,Private room,194,30,0,2,235,0
640468978359481706,74585102,Manhattan,Upper East Side,40.77198055216687,-73.94887878529413,Entire home/apt,697,2,2,1,54,2
641245853594789335,460919458,Manhattan,East Harlem,40.79597,-73.94407,Entire home/apt,120,30,0,18,339,0
641248349987127812,239844232,Brooklyn,Canarsie,40.6394716,-73.8980679,Private room,80,3,1,3,77,1
640469396837877098,462218955,Brooklyn,Bedford-Stuyvesant,40.68726975760569,-73.94647546112539,Entire home/apt,700,1,3,1,361,3
640476155541307345,195034008,Queens,Rockaway Beach,40.58522,-73.81554,Entire home/apt,364,31,16,3,326,16
638527782654033620,6580883,Brooklyn,Bedford-Stuyvesant,40.68291223610069,-73.92352299358583,Entire home/apt,350,4,0,1,152,0
641254567287395624,462385248,Brooklyn,Bedford-Stuyvesant,40.68717,-73.91829,Private room,107,5,2,3,82,2
641269265183224762,408801405,Queens,Ridgewood,40.70669,-73.91189,Entire home/apt,295,28,0,3,180,0
641269555325432713,37266055,Brooklyn,Williamsburg,40.71402,-73.96114,Entire home/apt,325,2,4,1,159,4
638559732123688987,461769511,Bronx,Fordham,40.854424,-73.898941,Private room,71,2,3,3,164,3
640487280816273199,338529971,Queens,Ozone Park,40.67056984324494,-73.84109073831465,Entire home/apt,119,2,13,1,327,13
641277299773154251,462385248,Brooklyn,Bushwick,40.68847,-73.91646,Private room,107,5,6,3,80,6
641277606757881292,460919458,Manhattan,East Harlem,40.796,-73.94573,Entire home/apt,120,30,1,18,338,1
641284760538108480,462407543,Brooklyn,Williamsburg,40.7164234,-73.9587363,Entire home/apt,525,2,4,1,7,4
638561936471394622,378378800,Queens,Long Island City,40.743053,-73.957161,Entire home/apt,130,30,1,1,93,1
641305780810575825,460919458,Manhattan,East Harlem,40.79465,-73.94389,Entire home/apt,120,30,0,18,327,0
641305850362045918,460919458,Manhattan,East Harlem,40.79434,-73.94383,Entire home/apt,125,30,0,18,351,0
641344346822959128,81585173,Manhattan,Murray Hill,40.75029,-73.97517,Private room,173,2,6,8,52,6
641376017147695867,34193373,Manhattan,Greenwich Village,40.733804381293545,-73.99155426521219,Entire home/apt,295,10,0,1,195,0
638584142421485145,85156888,Manhattan,Financial District,40.70569,-74.00669,Entire home/apt,314,2,2,1,6,2
640491755706250778,462225990,Manhattan,Harlem,40.80342,-73.94832,Entire home/apt,160,2,2,1,0,2
641399131141265773,81585173,Manhattan,Murray Hill,40.75042414067477,-73.9757489767511,Private room,230,2,2,8,332,2
641407498918275357,350254795,Brooklyn,Bedford-Stuyvesant,40.68364,-73.93956,Private room,82,1,17,4,135,17
641443656520012132,137358866,Queens,Jackson Heights,40.75078289435701,-73.87963751939274,Private room,67,30,1,111,318,1
641455559332938486,462025910,Queens,Woodside,40.75135,-73.90341,Shared room,140,30,2,1,322,2
640506046655863097,56470374,Brooklyn,Williamsburg,40.7181,-73.9628,Entire home/apt,196,30,0,1,301,0
640508290069155758,2867137,Manhattan,Upper East Side,40.77135,-73.9559,Entire home/apt,185,30,0,73,324,0
640546114975692688,2867137,Manhattan,Murray Hill,40.74468,-73.97231,Entire home/apt,295,30,0,73,6,0
638593187408318846,461777806,Brooklyn,Brighton Beach,40.58084,-73.9541,Entire home/apt,135,3,5,1,83,5
638640570599662603,97328229,Bronx,Tremont,40.84292,-73.89103,Private room,48,30,1,6,107,1
638837637980356537,122649770,Bronx,Concourse,40.829361,-73.92363,Private room,105,1,13,3,348,13
638872696673313564,332212831,Manhattan,Upper West Side,40.80003,-73.96451,Private room,149,4,2,3,247,2
641503239935717251,460368490,Bronx,Melrose,40.82297,-73.91454,Private room,106,1,15,3,105,15
641503565693174262,460368490,Bronx,Morrisania,40.82469,-73.91286,Private room,147,1,8,3,311,8
641570020989398910,20539689,Manhattan,Washington Heights,40.8561129,-73.9273102,Private room,78,30,1,1,357,1
638907637372622550,461838653,Manhattan,West Village,40.73729,-74.00637,Entire home/apt,750,1,5,1,275,5
641753911937668445,51438025,Brooklyn,Kensington,40.63718676748144,-73.9741168945532,Entire home/apt,122,3,0,1,7,0
640549645467425490,56031043,Manhattan,Upper East Side,40.77538,-73.95319,Entire home/apt,415,3,4,1,162,4
640550903674715854,35477424,Bronx,Claremont Village,40.83642,-73.90973,Entire home/apt,191,1,10,1,311,10
640554016638649750,6271572,Brooklyn,Flatbush,40.65232,-73.95352,Entire home/apt,200,14,1,1,84,1
640561258602352259,265524694,Bronx,Claremont Village,40.83532,-73.90805,Private room,71,3,3,3,359,3
640563031447363952,162109689,Manhattan,Chinatown,40.71552,-73.99002,Entire home/apt,525,4,16,4,289,16
640577546507007342,447621395,Manhattan,Harlem,40.80587351675263,-73.94670944503471,Private room,119,2,5,1,33,5
641769135039670535,20565780,Manhattan,Hell's Kitchen,40.76647,-73.99159,Entire home/apt,264,14,2,1,41,2
641848466671672805,462515782,Brooklyn,East Flatbush,40.63352649999999,-73.9445468,Private room,84,1,17,1,95,17
640591423652129884,444732174,Manhattan,Midtown,40.7516,-73.97275,Entire home/apt,268,2,0,6,95,0
640594356794505499,31205165,Brooklyn,Prospect-Lefferts Gardens,40.65726690619697,-73.95808151237185,Entire home/apt,260,4,7,1,95,7
638943669371529428,461848161,Manhattan,Murray Hill,40.74853,-73.97904,Entire home/apt,184,4,3,3,281,3
641852518442102238,2374010,Brooklyn,Williamsburg,40.71328,-73.96381,Entire home/apt,299,30,1,1,64,1
638952269160723825,65375828,Manhattan,Kips Bay,40.74168,-73.97953,Entire home/apt,328,2,2,1,260,2
640603732789794999,447250856,Manhattan,Chelsea,40.7507993,-73.99748149999999,Entire home/apt,364,14,0,1,90,0
640612171111039003,32162495,Staten Island,Tompkinsville,40.63166,-74.09488,Entire home/apt,146,2,2,3,178,2
640629990855220048,404940500,Brooklyn,Williamsburg,40.71783,-73.9516,Entire home/apt,469,30,1,12,177,1
640642120843598207,381698920,Manhattan,Hell's Kitchen,40.756211567221214,-73.99784133286279,Entire home/apt,564,2,0,19,322,0
640658348674867448,408979935,Manhattan,Gramercy,40.73553,-73.98787,Private room,106,5,8,17,63,8
640665953927218274,23944868,Manhattan,East Village,40.7264005,-73.97834619999999,Entire home/apt,193,1,2,1,64,2
640689080256603340,48005494,Manhattan,Kips Bay,40.74327,-73.97351,Entire home/apt,181,30,0,38,329,0
640691197108755286,48005494,Manhattan,Murray Hill,40.74465,-73.97355,Entire home/apt,392,30,0,38,291,0
640698584228535894,195047045,Brooklyn,East Flatbush,40.65037766338025,-73.93994845569111,Private room,50,30,0,1,106,0
641863227870851745,355258878,Staten Island,Mariners Harbor,40.6382,-74.16913,Private room,83,1,7,4,361,7
641872103353666335,3218639,Brooklyn,Williamsburg,40.71341,-73.96715,Entire home/apt,703,3,2,1,0,2
640708965149455742,24291027,Manhattan,Chelsea,40.74263,-74.00468,Private room,150,5,0,1,11,0
640737309540499472,449316539,Brooklyn,Bedford-Stuyvesant,40.68092,-73.9583,Entire home/apt,600,1,0,2,365,0
640801236656094345,43220907,Manhattan,Harlem,40.81465,-73.93881,Entire home/apt,130,2,7,1,252,7
638956918289691353,386245057,Brooklyn,Bedford-Stuyvesant,40.68867661149915,-73.92803715642029,Private room,107,2,7,1,352,7
638959722709087366,461850710,Brooklyn,Williamsburg,40.7100686131198,-73.94307814341022,Entire home/apt,320,1,1,1,344,1
641885468101065572,368998469,Bronx,Norwood,40.8776307,-73.8746407,Entire home/apt,89,2,10,1,9,10
638965000463155963,461852348,Queens,Sunnyside,40.746815,-73.923378,Private room,91,1,8,1,351,8
638988775448422426,2664763,Brooklyn,Williamsburg,40.711994,-73.963814,Entire home/apt,689,7,1,2,2,1
638989268025275559,401202937,Manhattan,Midtown,40.74802,-73.98714,Private room,113,1,2,51,60,2
638990296543110131,51913277,Brooklyn,Sunset Park,40.65535,-74.00298,Private room,87,1,17,5,39,17
639026296868551853,210385312,Queens,Rego Park,40.725033,-73.858727,Entire home/apt,116,7,6,1,264,6
639038485645896375,284337887,Brooklyn,Bushwick,40.70068,-73.93897,Private room,36,30,1,14,99,1
639044574294988805,183178516,Queens,Rego Park,40.72631,-73.86128,Entire home/apt,482,1,4,6,173,4
639057764033862705,24599552,Manhattan,Harlem,40.80283791125537,-73.95309956341251,Entire home/apt,356,2,1,3,305,1
640803678803535962,462303111,Manhattan,Midtown,40.74841,-73.9879,Private room,197,1,4,1,4,4
641920407878770284,90643,Brooklyn,Greenpoint,40.7211838,-73.94667520000002,Entire home/apt,233,30,2,1,171,2
641926339661538750,439763939,Bronx,Wakefield,40.9029511,-73.84316989999999,Private room,80,2,3,1,180,3
640848875877094352,461591006,Queens,Flushing,40.763351756792304,-73.79146057540387,Entire home/apt,111,2,2,1,348,2
640866185777952726,193318776,Manhattan,Gramercy,40.7334,-73.98513,Entire home/apt,120,30,0,1,261,0
641023456836449367,251772611,Queens,Jamaica,40.66958,-73.77127,Entire home/apt,95,1,17,1,349,17
641072234133563797,107434423,Manhattan,East Village,40.730657,-73.988651,Entire home/apt,405,31,0,453,265,0
639085516650644969,7856140,Brooklyn,Greenpoint,40.72872,-73.95185,Entire home/apt,407,3,3,1,0,3
641928038476344706,71009894,Brooklyn,Cypress Hills,40.67672,-73.89816,Entire home/apt,124,1,10,4,164,10
641930068984421251,4483467,Brooklyn,Greenpoint,40.7326,-73.9555,Entire home/apt,314,5,1,5,321,1
641954466880072609,8819541,Manhattan,East Village,40.72904,-73.98057,Private room,399,3,0,2,182,0
641966849143161975,300095703,Queens,Flushing,40.75745,-73.80784,Entire home/apt,152,1,9,1,171,9
639126325014112594,461905319,Queens,Jamaica,40.68428,-73.77525,Entire home/apt,120,30,1,1,364,1
641128802903031792,462364312,Brooklyn,Bushwick,40.6915011,-73.9156479,Entire home/apt,115,30,0,1,267,0
641994197229919065,225118276,Queens,Astoria,40.76588,-73.92616,Private room,60,1,18,2,315,18
642004894846322446,462558289,Manhattan,East Harlem,40.80002,-73.94409,Private room,97,1,31,1,25,31
641133419232295136,2567488,Brooklyn,Boerum Hill,40.6868714,-73.98781110000002,Entire home/apt,718,6,2,1,5,2
641140217512613023,24107131,Manhattan,Hell's Kitchen,40.76717805003537,-73.9849081429791,Entire home/apt,350,18,1,1,18,1
641158076171707390,566660,Bronx,Longwood,40.82661,-73.90245,Private room,45,30,1,2,56,1
642060325365353277,105596615,Brooklyn,Fort Greene,40.6885286,-73.9707512,Entire home/apt,250,7,0,1,35,0
641195737727189437,5588820,Manhattan,East Village,40.72955,-73.98168,Entire home/apt,195,3,1,1,0,1
639137691820228233,458231575,Queens,Jamaica,40.686928,-73.783752,Entire home/apt,106,2,11,1,355,11
639158036679510987,213181307,Queens,Ridgewood,40.70338,-73.90566,Entire home/apt,133,2,13,2,148,13
639192994725248908,393897747,Manhattan,Upper East Side,40.78160212818732,-73.95246364563606,Entire home/apt,331,3,7,19,351,7
639196452156053296,393897747,Manhattan,Upper West Side,40.78344265281737,-73.97748022593453,Entire home/apt,329,3,5,19,358,5
642114689727881014,462582919,Queens,Cambria Heights,40.6860695,-73.731949,Private room,54,2,14,1,311,14
639204955627770664,460931396,Queens,Astoria,40.77107,-73.92708,Entire home/apt,185,4,5,1,124,5
639210579018468646,34110353,Queens,Forest Hills,40.71901,-73.85207,Entire home/apt,482,3,7,1,301,7
639247662490823776,460417033,Queens,Jamaica,40.68983,-73.80521,Entire home/apt,193,2,9,1,357,9
639259145023364485,460627420,Queens,Elmhurst,40.73957,-73.86953,Private room,109,2,9,2,299,9
642131152604808434,140276044,Queens,Jamaica,40.68221196277935,-73.77089240730395,Private room,80,3,6,5,327,6
642135549176408044,462587028,Queens,Forest Hills,40.73283241474026,-73.85204323181678,Private room,70,1,5,1,346,5
642162405870706933,3259724,Brooklyn,Williamsburg,40.7156062196677,-73.95229152465402,Entire home/apt,250,1,4,1,11,4
642178340242517102,378759597,Queens,Sunnyside,40.74261,-73.92548,Private room,98,1,14,4,345,14
642182688626338940,462595553,Queens,Woodside,40.74449214088821,-73.90197880704446,Entire home/apt,180,2,4,1,148,4
642195234094767957,4265630,Brooklyn,Flatbush,40.6473152,-73.9539607,Entire home/apt,120,5,2,3,314,2
642204005625892887,247900596,Manhattan,Harlem,40.80626,-73.94668,Entire home/apt,295,1,14,3,298,14
642319400914853080,381486556,Brooklyn,Bay Ridge,40.63298,-74.0295,Private room,60,5,0,4,249,0
642454186211881020,462640737,Manhattan,East Village,40.72454,-73.98335,Entire home/apt,310,4,9,1,29,9
642993837032438254,462786490,Brooklyn,Bay Ridge,40.63567170365883,-74.033472597262,Private room,69,28,3,1,364,3
642579300038294299,85298075,Brooklyn,Williamsburg,40.71882662637663,-73.9466630045435,Entire home/apt,260,5,4,1,132,4
639264438411286969,461933717,Brooklyn,East New York,40.67360002946316,-73.89375242589745,Entire home/apt,185,5,3,1,188,3
642588299179510949,462673845,Manhattan,Harlem,40.81698,-73.93999,Entire home/apt,200,30,0,1,263,0
642597484532841028,458818439,Manhattan,Chelsea,40.74859,-73.99544,Entire home/apt,1200,3,9,1,298,9
642605680145512759,131103701,Brooklyn,East Flatbush,40.64331,-73.9407,Private room,100,1,5,2,352,5
642617234993807538,11651884,Brooklyn,Crown Heights,40.67636,-73.95116,Entire home/apt,350,3,7,1,155,7
639271386284858648,12637244,Manhattan,Tribeca,40.71942,-74.00949,Entire home/apt,600,1,0,1,0,0
643033322160599166,415705092,Queens,St. Albans,40.69099,-73.75434,Private room,50,30,0,1,266,0
643036839521359188,273792273,Brooklyn,Park Slope,40.66977604576693,-73.98258578193992,Entire home/apt,322,1,15,1,46,15
643088073407552149,3004407,Manhattan,Upper West Side,40.7862473664864,-73.97930959402643,Entire home/apt,199,30,0,1,344,0
642627621184898100,4715188,Queens,Long Island City,40.766646312153,-73.9344571530819,Entire home/apt,109,30,0,1,156,0
643213217810358418,132682406,Bronx,Claremont Village,40.836105,-73.901197,Entire home/apt,175,2,2,1,66,2
643292338531013503,107434423,Queens,Long Island City,40.74997,-73.94017,Entire home/apt,355,60,0,453,78,0
643299386260381142,107434423,Queens,Long Island City,40.74997,-73.94017,Entire home/apt,370,60,0,453,312,0
643309952273240997,107434423,Queens,Long Island City,40.7448909,-73.9568403,Entire home/apt,454,31,1,453,217,1
643313089554204547,10789331,Brooklyn,Clinton Hill,40.69375,-73.96619,Private room,90,3,4,2,5,4
643319222792682565,2351242,Brooklyn,Bushwick,40.6958,-73.9311,Private room,129,2,3,1,322,3
639317233046143765,278790486,Queens,East Elmhurst,40.7568116921765,-73.89757485501708,Entire home/apt,264,2,4,1,347,4
642634653928211894,12882345,Manhattan,Chelsea,40.74319,-74.00535,Entire home/apt,350,5,0,1,8,0
639320984780015248,6807894,Brooklyn,Prospect Heights,40.67525,-73.96514,Entire home/apt,200,30,1,1,192,1
639333129047840947,304541267,Manhattan,Washington Heights,40.84171,-73.93577,Private room,90,30,1,3,351,1
639362208253267592,36078605,Brooklyn,Crown Heights,40.67434767077073,-73.94125424044292,Entire home/apt,110,31,0,1,41,0
639366310139461827,30805991,Brooklyn,Bushwick,40.699203,-73.917465,Entire home/apt,323,1,16,4,11,16
639375848801087010,20778884,Manhattan,East Village,40.72472682837691,-73.98459010331638,Entire home/apt,175,30,1,1,278,1
639379602252801888,461694282,Brooklyn,Bushwick,40.7076,-73.92306,Entire home/apt,220,3,5,1,57,5
644893239131306705,448326434,Brooklyn,Park Slope,40.67604,-73.97857,Entire home/apt,200,30,2,35,258,2
644896106695868703,339950390,Manhattan,Midtown,40.75564,-73.96944,Entire home/apt,381,3,14,4,332,14
644911481466202080,130350884,Brooklyn,Fort Greene,40.68667943693109,-73.9774842697427,Entire home/apt,268,5,1,1,317,1
642639503370235908,65283625,Queens,Ridgewood,40.7074145,-73.9079433,Entire home/apt,140,1,20,1,284,20
643319522538575044,87326432,Queens,Little Neck,40.77365,-73.74303,Shared room,169,1,20,1,52,20
643325816869819114,352220665,Brooklyn,Bedford-Stuyvesant,40.681710679915774,-73.946803390985,Private room,129,1,5,2,346,5
643336847472953463,341752262,Manhattan,Chelsea,40.74836,-73.98899,Entire home/apt,493,1,15,13,153,15
642646193979422514,432406423,Manhattan,Upper East Side,40.77505,-73.9605,Private room,200,1,0,1,335,0
643338127889711341,267647386,Manhattan,Upper West Side,40.78801,-73.97279,Entire home/apt,668,5,10,1,8,10
643353860338522012,436303062,Manhattan,Morningside Heights,40.80417,-73.96484,Private room,89,1,3,6,27,3
643406530097775941,17984804,Manhattan,Hell's Kitchen,40.7614804,-73.9986128,Entire home/apt,375,6,2,1,9,2
643420063748562514,268644876,Manhattan,Hell's Kitchen,40.76236,-73.98798,Entire home/apt,160,90,1,1,254,1
643420360435877780,100809424,Manhattan,Upper East Side,40.76451,-73.95867,Private room,141,1,8,1,333,8
643432304055185121,462896752,Queens,Bellerose,40.730187,-73.724667,Entire home/apt,180,2,9,1,62,9
643451273566591138,70859746,Queens,Jamaica,40.67463,-73.79699,Entire home/apt,175,2,2,1,363,2
643468329339124241,219517861,Brooklyn,Park Slope,40.67686,-73.98291,Private room,187,2,9,71,335,9
643471736626808139,219517861,Brooklyn,Gowanus,40.67873,-73.98386,Private room,155,2,4,71,324,4
643473669546971313,219517861,Brooklyn,Gowanus,40.67814,-73.98442,Private room,185,2,8,71,351,8
643478753128785623,219517861,Brooklyn,Park Slope,40.67744,-73.9825,Private room,306,2,1,71,330,1
643479175182355349,219517861,Brooklyn,Gowanus,40.67678,-73.98423,Private room,253,2,2,71,306,2
643480894766880296,219517861,Brooklyn,Gowanus,40.67683,-73.9842,Private room,230,2,75,71,361,75
644914125634962372,345785110,Manhattan,Chelsea,40.73764,-73.99474,Entire home/apt,170,30,0,1,158,0
644915300326738918,2413969,Manhattan,Kips Bay,40.743933567065966,-73.97918407366608,Entire home/apt,359,6,0,1,123,0
642658096006228819,3223938,Brooklyn,Bedford-Stuyvesant,40.68636,-73.9454,Private room,38,90,0,288,264,0
642669072868604361,3901166,Brooklyn,Fort Hamilton,40.61586118956591,-74.0302640091191,Entire home/apt,189,5,1,1,317,1
644940552640814865,463267338,Manhattan,Chelsea,40.74098,-74.00056,Entire home/apt,135,30,1,1,83,1
644956726925833338,463271174,Brooklyn,Borough Park,40.64492,-73.99507,Private room,106,1,0,1,341,0
642683606925102061,431782752,Queens,Woodhaven,40.69218,-73.85517,Entire home/apt,165,2,3,1,162,3
644960069324573869,161369795,Manhattan,Washington Heights,40.85225,-73.93764,Private room,90,1,13,1,0,13
642693769449691921,128899955,Manhattan,Midtown,40.75783,-73.97656,Private room,350,3,0,1,209,0
642712303331619172,25962671,Brooklyn,Williamsburg,40.7192,-73.9565,Entire home/apt,475,7,0,2,77,0
642755693102173459,91565089,Manhattan,Upper West Side,40.77779,-73.98547,Entire home/apt,186,4,2,1,5,2
643502797166407491,14895284,Brooklyn,Bedford-Stuyvesant,40.68858,-73.95016,Entire home/apt,225,1,5,1,41,5
643527683871504352,369285985,Brooklyn,Crown Heights,40.67202,-73.93343,Shared room,15,10,0,1,68,0
642767846378335345,139311,Brooklyn,Williamsburg,40.71453,-73.95042,Entire home/apt,140,3,6,1,98,6
642769749511886116,461544669,Brooklyn,Canarsie,40.63611,-73.90976,Private room,59,3,5,2,356,5
644976346505862114,55557006,Brooklyn,Williamsburg,40.71238,-73.94269,Entire home/apt,300,2,6,1,273,6
642774596869493738,354087992,Manhattan,Upper East Side,40.76128,-73.96072,Entire home/apt,505,1,4,17,87,4
642778580946457478,106634512,Queens,Ridgewood,40.69795,-73.89835,Entire home/apt,115,4,4,3,74,4
642779491628382351,9121728,Brooklyn,Bedford-Stuyvesant,40.68011,-73.9425,Entire home/apt,300,6,2,1,0,2
642837998535160338,138359800,Brooklyn,Bushwick,40.69724,-73.92107,Private room,150,2,0,2,280,0
642867548370290691,175142050,Brooklyn,Bedford-Stuyvesant,40.69151,-73.93973,Private room,45,31,1,2,261,1
642874449710966973,470012658,Bronx,Williamsbridge,40.8716,-73.85919,Private room,85,1,22,1,345,22
644978810466462369,83908657,Manhattan,East Village,40.72958295814139,-73.98733159321003,Entire home/apt,350,3,1,1,214,1
644983706165736194,136812761,Brooklyn,Bedford-Stuyvesant,40.69523,-73.93449,Private room,83,1,13,6,141,13
644996126447510028,26080800,Manhattan,Little Italy,40.72054,-73.99785,Entire home/apt,360,2,4,2,133,4
645001136176513214,136812761,Brooklyn,Bedford-Stuyvesant,40.69398,-73.93648,Private room,75,1,9,6,44,9
645004934346576368,21345577,Manhattan,Hell's Kitchen,40.76206435833712,-73.99349009339,Entire home/apt,979,2,0,1,349,0
643601974694430885,454216204,Queens,Queens Village,40.722,-73.74072,Entire home/apt,1250,1,0,2,364,0
643603500585643289,444792557,Queens,Richmond Hill,40.7027,-73.82685,Private room,60,30,2,2,254,2
642879449419186999,12388999,Manhattan,Financial District,40.70528970371512,-74.01053326071472,Entire home/apt,153,5,5,1,86,5
643604624599871313,462947000,Brooklyn,Fort Greene,40.68774289456744,-73.97666161013693,Entire home/apt,320,10,0,1,0,0
642882282666809517,462733314,Queens,Long Island City,40.75297,-73.9347,Private room,119,2,2,1,255,2
643616030337712828,72493368,Queens,Ditmars Steinway,40.77115,-73.89458,Entire home/apt,95,2,8,1,146,8
643638558822211193,354087992,Queens,Long Island City,40.75506,-73.94268,Private room,483,1,3,17,90,3
643665371748314089,137358866,Queens,Jackson Heights,40.75032,-73.88053,Private room,62,30,1,111,346,1
643668354213109787,462961904,Queens,Elmhurst,40.74449511897247,-73.88927601277828,Entire home/apt,149,3,2,5,53,2
643688077755583695,302150591,Brooklyn,Bedford-Stuyvesant,40.69146,-73.94038,Entire home/apt,152,2,2,1,8,2
643742020629068988,91567854,Queens,Flushing,40.72985737793883,-73.8088195793396,Entire home/apt,153,5,2,1,23,2
643751687258267958,14072923,Manhattan,Theater District,40.75785,-73.98502,Entire home/apt,273,3,1,2,63,1
643878224920282752,107434423,Brooklyn,Williamsburg,40.7123644,-73.9488925,Entire home/apt,449,31,0,453,292,0
643914426920717647,454216204,Queens,Queens Village,40.72317,-73.73969,Entire home/apt,325,2,0,2,341,0
645056913089000891,7958923,Brooklyn,Gowanus,40.68092,-73.99097,Entire home/apt,439,3,1,1,336,1
645066999703067236,393270710,Bronx,Fordham,40.86258,-73.89878,Private room,93,2,3,1,166,3
642890868570189961,19536409,Queens,East Elmhurst,40.75776,-73.89939,Entire home/apt,97,1,13,1,27,13
642927787371494355,92714156,Brooklyn,Bedford-Stuyvesant,40.68441948008289,-73.9432754119739,Private room,43,1,0,4,37,0
642929203652842061,92714156,Brooklyn,Bedford-Stuyvesant,40.68626,-73.94465,Private room,82,1,10,4,64,10
642948543237637972,51913277,Brooklyn,Sunset Park,40.65494,-74.00379,Private room,75,1,15,5,42,15
642954875557338322,446908191,Brooklyn,Cypress Hills,40.68618,-73.87722,Entire home/apt,120,2,9,2,234,9
645067802724119686,270309706,Manhattan,Midtown,40.74882,-73.98318,Entire home/apt,442,5,7,1,103,7
645096335240771835,452903553,Manhattan,Harlem,40.80996,-73.94252,Private room,95,2,8,1,275,8
645118192525959501,81108811,Brooklyn,Vinegar Hill,40.70416,-73.98397,Entire home/apt,564,3,8,1,56,8
643932593579403911,451917420,Manhattan,Hell's Kitchen,40.75758,-73.99427,Entire home/apt,232,1,1,1,179,1
642955741043159937,245464213,Manhattan,Hell's Kitchen,40.76581,-73.99542,Private room,119,1,2,2,120,2
643975067258502855,429055682,Brooklyn,East Flatbush,40.64329266159299,-73.93956748998623,Entire home/apt,74,7,0,1,323,0
645120081701424101,43823149,Manhattan,Kips Bay,40.74252,-73.98232,Entire home/apt,299,3,4,1,219,4
642989980338037359,454029808,Bronx,Baychester,40.86948,-73.838,Entire home/apt,171,2,14,3,111,14
645145710182366541,6376913,Brooklyn,Bedford-Stuyvesant,40.68731,-73.94119,Entire home/apt,160,7,1,1,111,1
645162470599423783,5588970,Manhattan,Upper East Side,40.78094457804019,-73.9594117552042,Entire home/apt,655,3,1,1,112,1
645172140026199388,36711390,Brooklyn,Williamsburg,40.72034,-73.9599,Private room,200,3,5,2,130,5
645187361458455249,460051201,Manhattan,Stuyvesant Town,40.73077,-73.97994,Entire home/apt,500,5,10,3,126,10
647125962319558621,40523974,Manhattan,Upper East Side,40.78069,-73.9532,Entire home/apt,220,30,0,10,346,0
647142881824370304,411034737,Brooklyn,Cypress Hills,40.69067250343608,-73.86953042085648,Private room,75,2,4,7,356,4
647170410579568842,264024635,Manhattan,Inwood,40.86689673089961,-73.920022174716,Private room,92,1,2,1,341,2
645216921818778480,328725862,Manhattan,Hell's Kitchen,40.76113,-73.99313,Entire home/apt,979,2,2,1,348,2
645315165254782741,107434423,Manhattan,Kips Bay,40.73959,-73.98152,Entire home/apt,248,31,0,453,264,0
645386858522010865,228415932,Queens,Rosedale,40.65535,-73.74118,Private room,49,1,15,6,352,15
645426662953840812,302503899,Bronx,Morris Park,40.84969,-73.86009,Entire home/apt,105,2,9,1,356,9
645446410837726780,9553670,Brooklyn,Flatbush,40.64312,-73.95258,Entire home/apt,250,3,5,2,123,5
647175001302142864,44457353,Manhattan,Upper East Side,40.78229,-73.95156,Entire home/apt,190,5,0,1,28,0
645452818015403976,172287997,Manhattan,East Harlem,40.8131697,-73.93705539999999,Entire home/apt,250,2,0,1,357,0
643977153118865095,463020910,Queens,Bayswater,40.6056333,-73.75879479999999,Private room,40,1,9,1,353,9
647196813060495589,463759573,Manhattan,Midtown,40.75374,-73.9905,Entire home/apt,198,1,12,1,110,12
643986478337448040,51672812,Brooklyn,Brownsville,40.67235,-73.91209,Private room,550,1,0,1,88,0
644004911171065966,463027921,Manhattan,East Harlem,40.7894305,-73.9499311,Private room,125,1,2,4,349,2
644029186590596846,85336401,Manhattan,Hell's Kitchen,40.76559,-73.99234,Entire home/apt,309,5,2,2,0,2
644029441568437552,284525920,Manhattan,Morningside Heights,40.80255,-73.96262,Entire home/apt,418,5,3,1,16,3
644041742143067991,21130089,Queens,Queens Village,40.71684,-73.75333,Entire home/apt,397,2,9,2,355,9
644053798396895113,399865453,Manhattan,Nolita,40.7214556,-73.9944242,Entire home/apt,189,30,0,10,305,0
647199031644551175,227081166,Brooklyn,Crown Heights,40.67251,-73.91982,Entire home/apt,296,3,4,5,91,4
647221355173490472,460627420,Queens,Elmhurst,40.740733,-73.87068099999999,Private room,88,2,8,2,283,8
647231548594461115,242152267,Manhattan,Upper East Side,40.77668,-73.95923,Entire home/apt,149,30,1,9,306,1
647232256871639802,463765262,Queens,Springfield Gardens,40.658656653861165,-73.758947865358,Private room,96,1,13,1,360,13
644084990266055467,463052370,Manhattan,Harlem,40.8246781,-73.9527667,Private room,90,3,2,1,308,2
644111410061518547,137358866,Queens,Jackson Heights,40.7506101215615,-73.88000262507869,Private room,77,30,0,111,359,0
644156882646200864,88326292,Queens,Rockaway Beach,40.58776,-73.81359,Entire home/apt,109,2,12,5,84,12
645570950259581346,87794273,Staten Island,Concord,40.60205,-74.07389,Private room,103,2,10,1,50,10
647264173221741198,430854617,Queens,East Elmhurst,40.75827447762505,-73.86841177940369,Private room,41,1,29,2,302,29
647266787507443295,159541257,Queens,Springfield Gardens,40.67773,-73.76238,Private room,120,2,3,4,364,3
647377860427252380,463792653,Queens,St. Albans,40.70576,-73.75703,Entire home/apt,84,2,17,1,321,17
645589858646705763,172103271,Brooklyn,Gravesend,40.60625,-73.9884,Private room,76,1,9,1,128,9
645615045587314926,139572572,Queens,South Ozone Park,40.66681,-73.81551,Entire home/apt,202,2,15,4,193,15
647611959277466112,305760033,Queens,Briarwood,40.7125827830718,-73.81383234996896,Entire home/apt,120,365,0,1,365,0
645666659875635272,71325123,Brooklyn,Bushwick,40.69856,-73.93021,Private room,100,4,7,1,345,7
645670635245416455,30115627,Manhattan,SoHo,40.72540730794617,-74.00291691268012,Entire home/apt,200,7,0,1,69,0
645672351250915439,263243483,Manhattan,Midtown,40.75374576048977,-73.9720009751793,Entire home/apt,600,3,0,2,4,0
645682187326920542,316839533,Brooklyn,Bushwick,40.68823,-73.91772,Entire home/apt,244,3,13,3,158,13
645690521480158883,6689650,Queens,East Elmhurst,40.76456,-73.86619,Entire home/apt,190,1,1,2,0,1
644181329660316365,383615076,Queens,Springfield Gardens,40.68982,-73.75188,Entire home/apt,172,1,11,2,351,11
644202319559232710,428639770,Manhattan,Upper West Side,40.77953,-73.97878,Entire home/apt,150,30,2,5,302,2
647623852337935394,239103551,Brooklyn,Brownsville,40.6641821,-73.9129914,Entire home/apt,130,4,7,1,334,7
644214769362515961,2020958,Brooklyn,Williamsburg,40.72097,-73.96299,Entire home/apt,150,30,1,1,34,1
644228411368183732,382471468,Manhattan,Hell's Kitchen,40.76635,-73.98966,Entire home/apt,275,2,4,2,306,4
644229610092847277,71478600,Queens,Kew Gardens Hills,40.72402,-73.8252,Entire home/apt,202,1,8,1,77,8
645693072833066916,414619902,Queens,Cambria Heights,40.69965,-73.74154,Entire home/apt,112,2,11,1,358,11
645730142033290871,27181542,Manhattan,Lower East Side,40.71875,-73.98581,Entire home/apt,165,30,0,69,326,0
645755972905902755,459806934,Queens,Rosedale,40.65866,-73.73658,Entire home/apt,150,2,6,2,68,6
645784917816443372,403471033,Manhattan,Upper East Side,40.77901,-73.94685,Shared room,87,2,1,8,249,1
645798452556710309,382572424,Brooklyn,Greenpoint,40.73398,-73.95472,Private room,90,6,2,1,98,2
645819491297280194,132485563,Manhattan,Upper East Side,40.76907,-73.95158,Private room,170,7,6,1,83,6
645842123277866022,81585173,Manhattan,Midtown,40.75619,-73.98192,Entire home/apt,240,2,3,8,273,3
647641326333983506,9790252,Brooklyn,Williamsburg,40.71882,-73.9431,Entire home/apt,110,6,3,1,104,3
647643258563398389,444248960,Queens,Long Island City,40.75391,-73.93847,Private room,68,2,11,1,324,11
645843947016841866,349078564,Brooklyn,Crown Heights,40.671149293445566,-73.92176891898546,Entire home/apt,170,1,5,1,10,5
647653334812788416,190764593,Brooklyn,Williamsburg,40.7191,-73.94182,Private room,236,3,1,1,341,1
644247293106382801,1218837,Brooklyn,Bedford-Stuyvesant,40.68308,-73.93172,Entire home/apt,270,3,3,1,108,3
647670913385420699,463852482,Queens,South Ozone Park,40.67481,-73.80961,Entire home/apt,105,1,12,1,211,12
644288061379383363,3817362,Manhattan,Hell's Kitchen,40.75739,-73.99361,Entire home/apt,320,1,0,1,14,0
644311938371273827,7028046,Brooklyn,Clinton Hill,40.68613,-73.9643,Entire home/apt,366,3,2,1,219,2
644340076385760174,183589836,Brooklyn,Bedford-Stuyvesant,40.69209086140079,-73.92765770347175,Entire home/apt,206,2,8,1,287,8
644359545574742129,401904837,Brooklyn,Bushwick,40.68803,-73.91433,Private room,80,1,0,4,249,0
644365316106799161,404575129,Manhattan,East Harlem,40.7984413,-73.9385309,Private room,75,1,9,1,295,9
645919514804556108,374910517,Brooklyn,East New York,40.654133695500335,-73.87561306482891,Private room,53,1,4,1,166,4
647671601562918210,289687083,Brooklyn,Bushwick,40.68789,-73.90715,Private room,73,2,5,1,71,5
647700637443491530,24446277,Brooklyn,Boerum Hill,40.68597,-73.98124,Entire home/apt,119,4,2,1,77,2
645930627488937701,70249788,Queens,Ridgewood,40.695210503081455,-73.90377905219793,Private room,135,2,5,1,351,5
645944049677657114,8997485,Brooklyn,Midwood,40.62244,-73.96048,Entire home/apt,237,2,1,5,127,1
645990231462317941,463235374,Brooklyn,Bushwick,40.69707,-73.92735,Private room,87,1,10,4,69,10
646023794839467213,463235374,Brooklyn,Bushwick,40.69501,-73.9269,Private room,99,1,8,4,323,8
646115947890871926,107434423,Manhattan,Lower East Side,40.71968,-73.98333,Entire home/apt,384,31,0,453,5,0
646116286313431627,107434423,Manhattan,Nolita,40.7233685,-73.99467229999999,Entire home/apt,306,31,0,453,289,0
646234869189160847,50939513,Manhattan,Hell's Kitchen,40.76137,-73.99391,Entire home/apt,280,3,2,1,37,2
644371190094658863,415329624,Brooklyn,East Flatbush,40.66025148964408,-73.93872018811679,Entire home/apt,275,3,1,1,355,1
644392332483289322,329941458,Brooklyn,Sunset Park,40.665617292848246,-73.99427812546492,Entire home/apt,311,4,11,3,340,11
644408999215474165,449377263,Manhattan,Hell's Kitchen,40.76568,-73.98893,Entire home/apt,548,5,10,4,69,10
644415992611469597,69399723,Queens,Sunnyside,40.74252120196174,-73.91739574603271,Entire home/apt,254,1,15,1,99,15
644592832830560792,137358866,Queens,Jackson Heights,40.74868,-73.88013,Private room,67,30,0,111,340,0
644608008451518771,107434423,Manhattan,Kips Bay,40.74013,-73.98152,Entire home/apt,281,31,0,453,290,0
647705805867409740,463860904,Manhattan,Upper East Side,40.77974,-73.95013,Entire home/apt,198,30,1,1,228,1
644660384714426164,392813993,Manhattan,Upper West Side,40.78385,-73.97394,Entire home/apt,292,1,1,1,93,1
644674228612577366,445395972,Bronx,Wakefield,40.88812,-73.86433,Private room,76,1,0,5,306,0
644730418038385515,351236426,Queens,Springfield Gardens,40.68743,-73.74925,Entire home/apt,98,2,11,2,175,11
644734029952924659,448326434,Manhattan,Midtown,40.7445,-73.98326,Entire home/apt,252,30,1,35,297,1
644755921284741861,177174475,Manhattan,Midtown,40.74597,-73.98888,Entire home/apt,376,1,1,8,42,1
644810537336214630,51312690,Bronx,Morrisania,40.82545,-73.91289,Entire home/apt,70,30,0,1,341,0
644818373615039359,53877127,Brooklyn,Gravesend,40.6051,-73.97906,Private room,93,1,6,2,358,6
644828159829814355,463235374,Brooklyn,Bushwick,40.69513,-73.92564,Private room,116,1,12,4,64,12
644845156231451666,380601266,Manhattan,East Village,40.72594,-73.98794,Entire home/apt,145,90,0,25,309,0
646238458032862897,6802796,Manhattan,Harlem,40.80434,-73.95505,Entire home/apt,350,5,2,1,93,2
646246931568589723,359638834,Manhattan,Murray Hill,40.74883,-73.97657,Private room,1100,1,0,11,365,0
646255693260505603,401202937,Manhattan,Midtown,40.74834,-73.98744,Private room,88,1,1,51,57,1
646258324909440669,94048062,Queens,Howard Beach,40.6556073,-73.8289375,Entire home/apt,249,1,9,2,338,9
646290906877998095,435938215,Manhattan,Chelsea,40.7542,-73.99852,Private room,280,1,2,22,139,2
646300820050158341,265907664,Brooklyn,Bushwick,40.694689251055294,-73.92093056150883,Private room,100,1,2,2,361,2
647754438721915924,447546305,Manhattan,Financial District,40.70544,-74.00973,Entire home/apt,799,7,1,1,365,1
646309888139057994,163094301,Queens,Ditmars Steinway,40.77506,-73.91337,Private room,116,1,9,2,329,9
646325822391260382,2453666,Brooklyn,Williamsburg,40.71157,-73.96254,Private room,231,3,1,3,9,1
646336852095673032,187487947,Brooklyn,Greenpoint,40.72855185368526,-73.95411178478146,Entire home/apt,182,2,8,3,304,8
647754533158386594,98301321,Bronx,Port Morris,40.80844,-73.92948,Entire home/apt,545,2,4,1,356,4
647758544368440462,19331883,Brooklyn,Prospect-Lefferts Gardens,40.65721832166968,-73.95616913614533,Entire home/apt,137,1,0,1,102,0
644848237004670634,117710097,Manhattan,Financial District,40.70824,-74.00625,Entire home/apt,500,30,0,1,341,0
644879864869000798,463235374,Brooklyn,Bushwick,40.69501,-73.92748,Private room,91,1,9,4,72,9
644882232742912023,45728073,Brooklyn,Greenpoint,40.72982170808353,-73.95224148164876,Private room,132,1,5,1,10,5
648587804094088553,415840703,Manhattan,Financial District,40.70568945522721,-74.00978972449886,Entire home/apt,234,30,1,15,188,1
648591321740101421,4808450,Manhattan,East Village,40.72374,-73.98778,Private room,246,3,1,1,361,1
647797577220134956,44853219,Manhattan,Little Italy,40.71996803426882,-73.99698078632355,Entire home/apt,220,30,0,1,103,0
648592683552031495,464102537,Queens,East Elmhurst,40.76763,-73.87584,Entire home/apt,100,1,32,1,278,32
648603295661693605,85117137,Queens,Kew Gardens,40.70673399599587,-73.8309725488993,Private room,60,2,1,1,251,1
648612556966047511,433494440,Manhattan,East Harlem,40.79057,-73.94446,Private room,118,28,3,3,161,3
648612872660003922,464108336,Brooklyn,Greenpoint,40.728983465059386,-73.95498775502058,Private room,399,4,0,1,159,0
648624892795898509,464111297,Brooklyn,East New York,40.66321,-73.86764,Entire home/apt,129,2,5,1,160,5
648626938629605757,42273,Brooklyn,South Slope,40.66855,-73.98929,Entire home/apt,216,90,0,3,249,0
648632021145048227,148725429,Queens,Ozone Park,40.68124239520258,-73.85179282599982,Entire home/apt,228,2,11,3,350,11
648652940000095341,13305438,Brooklyn,Gowanus,40.68177937662091,-73.98042956183122,Entire home/apt,180,7,0,1,68,0
646344908727784125,1121064,Brooklyn,Brighton Beach,40.57724,-73.9646,Entire home/apt,285,1,15,1,346,15
646354716651315154,32708211,Brooklyn,Kensington,40.64749,-73.97763,Private room,55,30,0,7,269,0
646371982877063378,250376883,Brooklyn,Cypress Hills,40.68138,-73.86484,Private room,41,30,1,2,362,1
646397294912944159,41464891,Queens,Flushing,40.76374506460783,-73.80755162982878,Private room,64,30,0,5,262,0
646402159868657827,461415377,Brooklyn,Bedford-Stuyvesant,40.6873479,-73.9262229,Entire home/apt,190,2,7,1,22,7
647819212597781442,158799692,Bronx,Edenwald,40.88946,-73.83773,Entire home/apt,90,2,1,2,299,1
647823574954643571,376426580,Brooklyn,Bushwick,40.69363,-73.90857,Private room,70,1,8,4,261,8
647827764669965037,188362851,Queens,Flushing,40.7586023,-73.8127627,Private room,68,1,8,5,347,8
647838187195786705,63311662,Manhattan,Upper East Side,40.7659324,-73.955058,Entire home/apt,215,1,1,1,0,1
646419242705328494,16649525,Manhattan,Midtown,40.75615519999999,-73.9663633,Entire home/apt,450,5,0,1,116,0
646422444789464175,2867137,Manhattan,Upper East Side,40.7697,-73.95429,Entire home/apt,150,30,0,73,346,0
646478058350729334,421622371,Brooklyn,Bedford-Stuyvesant,40.6949022,-73.9450979,Entire home/apt,595,2,3,1,357,3
646570137072812166,122649770,Bronx,Concourse,40.8293611,-73.9236281,Private room,96,1,2,3,359,2
646599060652787158,140241933,Queens,Astoria,40.75494,-73.91409,Private room,120,1,1,2,90,1
647861847025672446,463917614,Queens,Flushing,40.76658,-73.81738,Entire home/apt,414,1,9,3,82,9
648669342179626610,462316797,Manhattan,East Village,40.72413568316644,-73.98466144196412,Entire home/apt,763,2,5,1,305,5
648672013257685279,429776033,Queens,Jamaica,40.68812857379152,-73.80402343851279,Entire home/apt,164,2,0,2,263,0
647864302363848929,14747290,Queens,Arverne,40.59615,-73.79789,Entire home/apt,336,2,7,1,365,7
648686501635596386,458389211,Brooklyn,Bedford-Stuyvesant,40.67985,-73.90589,Entire home/apt,145,2,6,1,342,6
646663033628393608,451952055,Manhattan,East Village,40.72952,-73.98971,Entire home/apt,410,2,6,1,320,6
646665510489708708,340681289,Queens,Flushing,40.748,-73.82811,Private room,120,1,1,1,359,1
646777521386345259,86847270,Manhattan,Harlem,40.81929,-73.95539,Private room,90,5,1,2,315,1
647870055226791780,198653429,Manhattan,Midtown,40.75066,-73.98412,Private room,1098,1,0,1,111,0
646834727486680441,38250510,Queens,Elmhurst,40.72535,-73.8782,Entire home/apt,205,2,15,1,133,15
646918408545107449,123066627,Manhattan,Upper East Side,40.78238034717379,-73.95359100536518,Entire home/apt,143,3,4,1,254,4
646953985544020335,25322281,Queens,Jackson Heights,40.75104,-73.87088,Private room,203,1,0,1,364,0
646978351491038128,163474911,Brooklyn,Greenpoint,40.72046,-73.93933,Private room,98,1,2,2,129,2
646982191237619856,463027921,Manhattan,East Harlem,40.78823424504738,-73.9490799033369,Private room,125,1,4,4,296,4
646982884326196199,463027921,Manhattan,East Harlem,40.78954302994513,-73.94975412636995,Private room,125,1,6,4,297,6
647003560441614043,78461503,Brooklyn,Williamsburg,40.70904,-73.94741,Entire home/apt,150,40,1,1,27,1
647022457334639078,97328229,Bronx,Tremont,40.84283,-73.89312,Private room,46,30,0,6,36,0
647103115258222776,143882962,Manhattan,East Village,40.72999,-73.98794,Entire home/apt,229,30,1,6,335,1
649880048973005506,29497388,Manhattan,West Village,40.7332373791529,-74.00143725585697,Entire home/apt,316,3,3,1,5,3
648698261064381869,17594508,Brooklyn,Williamsburg,40.71893,-73.95518,Entire home/apt,250,30,0,1,222,0
648723273739790577,1565828,Queens,Laurelton,40.68307,-73.73397,Entire home/apt,175,1,3,1,359,3
647871354162872118,35331837,Brooklyn,Crown Heights,40.66607,-73.95036,Private room,140,1,1,2,294,1
647871864272863224,358288637,Manhattan,Chelsea,40.75041,-73.99823,Entire home/apt,481,2,6,1,294,6
647875601297252814,3173002,Brooklyn,Crown Heights,40.67201,-73.94916,Entire home/apt,195,30,1,2,0,1
647876419980006161,4264065,Brooklyn,Crown Heights,40.67308876253077,-73.9581066221711,Entire home/apt,220,3,1,1,108,1
647898891374727957,37079635,Manhattan,Chelsea,40.75166,-73.99548,Entire home/apt,350,30,1,1,87,1
648732550651285115,300100179,Manhattan,Harlem,40.81814,-73.9512,Entire home/apt,157,2,8,1,277,8
649900405599945791,464389822,Manhattan,Midtown,40.76384,-73.98096,Private room,112,1,0,6,276,0
649903423252035918,464389822,Manhattan,Midtown,40.76406,-73.97863,Private room,92,1,1,6,287,1
649904945697397610,464389822,Manhattan,Midtown,40.76432,-73.97873,Private room,89,1,0,6,268,0
649905929833715362,464389822,Manhattan,Midtown,40.76322,-73.97885,Private room,94,1,0,6,262,0
649906944540990885,464389822,Manhattan,Midtown,40.76393,-73.97884,Private room,94,1,0,6,275,0
649907953015247281,464389822,Manhattan,Midtown,40.76295,-73.97901,Private room,91,1,0,6,282,0
647903708295530204,273411799,Queens,Laurelton,40.67601,-73.74839,Private room,90,1,17,5,353,17
647964545003683403,310870051,Manhattan,Upper West Side,40.79938,-73.96251,Entire home/apt,150,4,2,1,17,2
649907962236132573,68578384,Brooklyn,Flatbush,40.6369,-73.95437,Private room,70,20,0,1,89,0
648733914773975406,265263410,Manhattan,Gramercy,40.73442394445197,-73.98622608981334,Private room,115,1,11,1,106,11
648748737372312657,64630560,Brooklyn,Greenpoint,40.72315,-73.94157,Entire home/apt,210,3,3,1,68,3
648763791159253169,157258551,Queens,Forest Hills,40.73296,-73.84722,Entire home/apt,175,1,7,2,109,7
648767260782957609,73511705,Queens,Forest Hills,40.71412,-73.83614,Entire home/apt,200,30,0,2,109,0
648775559661516156,53375167,Brooklyn,Crown Heights,40.67770242140898,-73.937547394914,Entire home/apt,251,2,6,1,324,6
648857359350164301,136812761,Brooklyn,Bedford-Stuyvesant,40.69389,-73.93456,Private room,83,1,10,6,149,10
648908101004994524,20170845,Manhattan,East Village,40.72269,-73.97959,Private room,93,1,12,3,33,12
648959903503485501,365589126,Manhattan,Hell's Kitchen,40.75363,-73.99573,Entire home/apt,199,30,3,1,59,3
647985532783880779,463947623,Queens,Richmond Hill,40.70366,-73.81987,Entire home/apt,220,1,15,1,45,15
649929352278591728,464411617,Brooklyn,Park Slope,40.68073797530936,-73.97899663611773,Entire home/apt,252,2,10,1,135,10
649930539132835017,219517861,Queens,Long Island City,40.75246,-73.9359,Private room,224,2,12,71,289,12
647993418307148836,3777978,Manhattan,Harlem,40.80849,-73.95171,Entire home/apt,288,3,7,5,0,7
647995381932475686,232747773,Manhattan,Harlem,40.81228356098077,-73.94154934460937,Entire home/apt,188,30,0,2,249,0
647997237954609900,159541257,Queens,Springfield Gardens,40.67902,-73.76093,Private room,120,2,1,4,363,1
648002347981302350,150141586,Brooklyn,Crown Heights,40.672052549700375,-73.92843980096212,Entire home/apt,300,2,3,1,340,3
649072066761453357,268920555,Manhattan,Hell's Kitchen,40.76675,-73.98386,Entire home/apt,369,1,3,1,171,3
649075074887124641,23772724,Manhattan,Upper East Side,40.77326,-73.95465,Entire home/apt,155,30,0,58,289,0
648002907473694489,265524694,Bronx,Claremont Village,40.83634,-73.90862,Private room,61,3,3,3,357,3
648030958567177305,2315692,Queens,Ridgewood,40.70207,-73.90246,Entire home/apt,133,2,1,1,295,1
648033676238017128,421601513,Bronx,Kingsbridge,40.86394,-73.90312,Private room,50,5,4,2,334,4
648061121390765536,378759597,Queens,Sunnyside,40.74285,-73.92368,Private room,96,1,18,4,339,18
648082882636178121,1525033,Manhattan,Upper West Side,40.79073,-73.97764,Entire home/apt,150,14,2,1,79,2
648127691151251409,354087992,Manhattan,Upper East Side,40.76076,-73.96195,Private room,281,1,0,17,89,0
648275844064315287,430327041,Manhattan,East Village,40.72862,-73.97833,Entire home/apt,450,7,9,2,250,9
648339852314068317,51319747,Brooklyn,Bushwick,40.69727,-73.90903,Private room,100,1,0,1,338,0
649081767387878979,464206217,Brooklyn,Bedford-Stuyvesant,40.68324,-73.94191,Entire home/apt,264,6,0,1,10,0
649098572529240318,394707471,Manhattan,Chinatown,40.71727,-73.99967,Entire home/apt,309,2,2,1,249,2
649107665318683109,464214747,Queens,Elmhurst,40.7330334,-73.8804763,Private room,79,1,5,1,58,5
649110754016519016,261594932,Brooklyn,Bedford-Stuyvesant,40.6775892982232,-73.91320421358459,Entire home/apt,180,2,9,1,331,9
649129686097497520,9750462,Manhattan,Financial District,40.70427,-74.00845,Entire home/apt,364,2,2,1,335,2
649151177143239280,384295125,Manhattan,Midtown,40.76488,-73.97889,Entire home/apt,475,1,2,11,354,2
649935588690630611,1908606,Queens,Sunnyside,40.74292340800623,-73.92047727058306,Private room,100,3,2,1,334,2
649952179707636731,219517861,Queens,Long Island City,40.75245,-73.93719,Private room,288,2,24,71,300,24
649956072253106271,136812761,Brooklyn,Bedford-Stuyvesant,40.69397,-73.93622,Private room,73,1,11,6,52,11
649958810437390374,219517861,Queens,Long Island City,40.75235,-73.93694,Private room,271,2,35,71,305,35
648367821797968350,1709876,Brooklyn,Williamsburg,40.71568917441308,-73.94712136795822,Private room,370,5,3,2,27,3
648377407209324860,365347511,Manhattan,Harlem,40.80133,-73.95772,Private room,150,2,13,3,334,13
649963048680187581,92647951,Manhattan,East Harlem,40.79565,-73.94383,Entire home/apt,185,3,5,1,0,5
649965690762945524,219517861,Queens,Long Island City,40.7526,-73.93603,Private room,322,2,3,71,301,3
649151246743619970,535632,Brooklyn,Bedford-Stuyvesant,40.6913,-73.93297,Entire home/apt,215,3,4,2,63,4
649151763894140930,19805631,Manhattan,East Harlem,40.7992,-73.93986,Private room,52,30,1,4,317,1
649166518797530763,443550954,Brooklyn,Flatbush,40.64508,-73.95459,Entire home/apt,135,2,4,2,341,4
648399169210506457,110138572,Manhattan,Midtown,40.75433,-73.99062,Entire home/apt,449,30,0,7,338,0
648400812273201240,464037043,Brooklyn,Carroll Gardens,40.68013759999999,-73.993138,Entire home/apt,240,2,5,1,286,5
649171234457483387,464234569,Manhattan,Harlem,40.81747,-73.94556,Entire home/apt,749,4,4,2,109,4
649968161200990873,441365757,Bronx,Mott Haven,40.81154,-73.91819,Entire home/apt,350,1,7,1,304,7
649968169559996381,219517861,Queens,Long Island City,40.75223,-73.93586,Private room,310,2,7,71,273,7
649981575461513389,48005494,Manhattan,Murray Hill,40.744478864726965,-73.97186764826792,Entire home/apt,460,30,0,38,0,0
650002553959901906,2352570,Queens,Astoria,40.76649019697102,-73.91712905251539,Entire home/apt,147,5,1,1,313,1
650062329789354511,166820127,Brooklyn,Crown Heights,40.673256564296665,-73.92350837618854,Entire home/apt,229,2,6,1,249,6
648415349853084453,215922529,Manhattan,Hell's Kitchen,40.76107914646544,-73.99909373491819,Entire home/apt,200,30,0,1,242,0
650064306633247824,464453278,Queens,Astoria,40.76639566247245,-73.92450008821378,Entire home/apt,219,2,7,1,312,7
649185211357475650,73541172,Manhattan,Harlem,40.80127,-73.9561,Entire home/apt,250,15,0,1,262,0
649188496353748763,6365660,Brooklyn,Park Slope,40.6690285,-73.9749412,Entire home/apt,295,7,2,1,267,2
648441534455633395,377032450,Manhattan,Lower East Side,40.7142,-73.97952,Entire home/apt,230,2,4,2,0,4
648444442324261537,179596678,Queens,Jamaica,40.69996,-73.78634,Entire home/apt,220,3,2,1,358,2
649190591709451813,462247494,Brooklyn,Williamsburg,40.71828,-73.95765,Private room,404,3,1,1,43,1
649191662278775891,136812761,Brooklyn,Bedford-Stuyvesant,40.69428,-73.93467,Private room,81,1,13,6,158,13
649192796335835527,464234569,Manhattan,Harlem,40.81617,-73.9437,Entire home/apt,329,4,4,2,148,4
649198315322593483,128879778,Brooklyn,Sunset Park,40.64391,-74.01392,Private room,86,1,10,5,161,10
649207925115972536,415840703,Manhattan,Financial District,40.70346327236501,-74.00838155367062,Entire home/apt,267,30,0,15,211,0
649211720318305287,415840703,Manhattan,Financial District,40.70405244403799,-74.00800143359375,Entire home/apt,243,30,0,15,196,0
649219823299860971,359903354,Manhattan,Financial District,40.70593,-74.00658,Entire home/apt,500,30,0,12,365,0
648450399648741904,174792040,Manhattan,Theater District,40.76049,-73.98299,Private room,562,1,0,42,268,0
648450421519395691,174792040,Manhattan,Theater District,40.76054,-73.98262,Private room,562,1,0,42,268,0
648450444939479529,174792040,Manhattan,Theater District,40.75988,-73.98452,Private room,523,1,0,42,268,0
648450547709458589,174792040,Manhattan,Theater District,40.75877,-73.98258,Private room,789,1,0,42,274,0
648450582550297633,174792040,Manhattan,Theater District,40.75884,-73.9846,Private room,789,1,0,42,274,0
648450607154238169,174792040,Manhattan,Theater District,40.75893,-73.98416,Private room,734,1,0,42,274,0
648452537951315311,5742887,Manhattan,West Village,40.73385,-74.00377,Entire home/apt,800,3,3,1,41,3
649237129456635036,287165101,Manhattan,Chelsea,40.74372,-73.99942,Entire home/apt,270,1,5,1,316,5
649239582021639044,26643252,Queens,Jamaica,40.67683,-73.79904,Entire home/apt,500,30,0,2,364,0
650091090835962950,375501529,Brooklyn,Sheepshead Bay,40.5834987,-73.9527785,Private room,109,30,0,1,365,0
648456199259951130,174792040,Manhattan,Theater District,40.76053,-73.98407,Private room,741,1,0,42,275,0
648456236424455335,174792040,Manhattan,Theater District,40.75877,-73.98451,Private room,741,1,0,42,275,0
648456276648354956,174792040,Manhattan,Theater District,40.75919,-73.98446,Private room,690,1,0,42,273,0
648456451393665182,174792040,Manhattan,Theater District,40.76072,-73.98246,Private room,536,1,0,42,279,0
648456478460364416,174792040,Manhattan,Theater District,40.76082,-73.98368,Private room,536,1,0,42,279,0
648456536963069581,174792040,Manhattan,Theater District,40.75915,-73.98267,Private room,499,1,0,42,279,0
648476774453117368,59381723,Manhattan,Washington Heights,40.85247,-73.93938,Entire home/apt,200,8,1,1,341,1
648487968072894005,464060867,Manhattan,Hell's Kitchen,40.76449224111315,-73.99094259419155,Entire home/apt,886,3,8,2,160,8
650139894928176912,139871943,Manhattan,SoHo,40.721,-73.99805,Entire home/apt,309,1,11,1,304,11
650151130553715142,305387117,Manhattan,Midtown,40.7648254438458,-73.97867192522678,Shared room,170,7,0,6,342,0
650156553358311474,33320745,Queens,Long Island City,40.75169750520549,-73.93475685665312,Entire home/apt,150,30,0,7,320,0
650177311561189097,394880853,Queens,Jamaica,40.69811,-73.80598,Entire home/apt,126,1,5,3,271,5
648494683232276510,464060867,Manhattan,Hell's Kitchen,40.76301107773816,-73.99031428657862,Entire home/apt,1176,3,10,2,142,10
648501530742752063,451169544,Queens,East Elmhurst,40.7558563,-73.887591,Private room,40,30,0,2,277,0
648501998683415621,16883036,Brooklyn,Bushwick,40.70083,-73.9139,Private room,46,2,6,2,257,6
648509648378562401,3603284,Brooklyn,East New York,40.67487939999999,-73.90174329999999,Entire home/apt,173,1,0,8,339,0
648526008035647446,5650847,Manhattan,Murray Hill,40.74777,-73.98155,Entire home/apt,175,4,1,1,190,1
650187658808515107,464479595,Queens,Forest Hills,40.73562226971475,-73.84582380964774,Entire home/apt,300,3,1,1,362,1
650204531120073459,3011180,Brooklyn,Bedford-Stuyvesant,40.69179,-73.94406,Entire home/apt,117,30,0,1,98,0
650210409472012449,36008682,Manhattan,Midtown,40.75285356633095,-73.973134452897,Entire home/apt,220,2,1,1,297,1
650247113599345882,463917614,Queens,Flushing,40.76842,-73.81729,Private room,119,3,0,3,82,0
650251247664751836,212850786,Brooklyn,Bushwick,40.69929645133811,-73.9252449935672,Entire home/apt,226,1,14,1,121,14
650330687928418169,393897747,Manhattan,Hell's Kitchen,40.76489171865497,-73.9895311667795,Entire home/apt,337,3,3,19,349,3
650345353803781128,354087992,Manhattan,Upper East Side,40.76275601521792,-73.96362928582403,Private room,266,2,0,17,79,0
649243480456322528,25261935,Staten Island,South Beach,40.58692037381656,-74.08887917690643,Entire home/apt,120,3,6,1,311,6
648535399500286337,141204792,Manhattan,Harlem,40.82022,-73.95648,Entire home/apt,110,2,3,1,35,3
650439989020257052,345305364,Manhattan,Hell's Kitchen,40.75548888618935,-73.99395290350496,Entire home/apt,313,30,8,1,171,8
650472346765608535,339950390,Manhattan,Midtown,40.75607,-73.96891,Entire home/apt,375,3,12,4,324,12
648543338159103074,243288727,Manhattan,Midtown,40.75459,-73.96276,Entire home/apt,300,30,0,14,356,0
648552533965336949,243288727,Manhattan,Midtown,40.75496,-73.96233,Entire home/apt,350,30,0,14,339,0
648565900460944216,1658363,Manhattan,Chelsea,40.7446879,-74.00043,Entire home/apt,296,1,3,1,328,3
651582873857287598,37700204,Queens,Long Island City,40.74994656581232,-73.93883315231943,Entire home/apt,209,4,5,1,41,5
651593916026998398,136812643,Brooklyn,Flatlands,40.62476222065987,-73.93555971654934,Private room,97,1,0,1,362,0
650481967750264191,356453447,Brooklyn,Clinton Hill,40.68726902056439,-73.96857255791652,Entire home/apt,475,30,1,1,235,1
651609977576996497,24528756,Manhattan,Hell's Kitchen,40.76144,-73.9921,Entire home/apt,389,6,0,1,344,0
650494137473244378,464534746,Brooklyn,Bedford-Stuyvesant,40.68170681427524,-73.91911037398668,Entire home/apt,192,2,1,1,121,1
649246512788760355,464258563,Brooklyn,Bedford-Stuyvesant,40.67909275262959,-73.94403781974724,Entire home/apt,448,1,0,1,302,0
649265769107676530,415840703,Manhattan,Financial District,40.70345094700131,-74.00954108897992,Entire home/apt,284,30,0,15,252,0
649265807138349981,415840703,Manhattan,Financial District,40.70433,-74.00972,Entire home/apt,288,30,0,15,233,0
649267754730612723,34595916,Brooklyn,Prospect-Lefferts Gardens,40.6581484246504,-73.95127336465552,Entire home/apt,125,5,4,1,285,4
651629086666838151,50618720,Brooklyn,East Flatbush,40.6551386,-73.9190927,Entire home/apt,130,2,10,3,330,10
651634314032635229,190915917,Bronx,Fieldston,40.8945493893544,-73.89652222907212,Private room,87,1,4,3,81,4
651729832349920816,414068298,Manhattan,Upper West Side,40.78087,-73.97662,Entire home/apt,203,30,1,15,225,1
651908038576153134,6337952,Staten Island,Dongan Hills,40.58379188991727,-74.10699461705279,Entire home/apt,108,1,6,1,330,6
650518709792376005,211115242,Queens,Astoria,40.76297171826245,-73.91997101867723,Entire home/apt,140,1,5,1,319,5
651962426671536039,11939794,Queens,Ridgewood,40.70043528843972,-73.90104990416897,Private room,55,30,1,1,249,1
649268987350251433,431208540,Queens,Kew Gardens Hills,40.71876432336647,-73.81162865462811,Private room,87,1,2,1,362,2
652109192758689821,263243483,Manhattan,Midtown,40.752200620413184,-73.97353868545171,Entire home/apt,457,3,0,2,290,0
652120549941639165,3603284,Brooklyn,East New York,40.67386246335954,-73.90077207351297,Entire home/apt,165,1,6,8,301,6
652120810999507703,292644471,Manhattan,East Harlem,40.79714805506991,-73.94861421370928,Private room,95,1,4,1,3,4
649294695151248698,68672896,Brooklyn,Greenpoint,40.73599,-73.95383,Entire home/apt,300,2,2,1,239,2
650555919587787332,464549543,Queens,Ditmars Steinway,40.77732,-73.90957,Private room,89,2,6,1,0,6
652133397126883554,179622857,Queens,Jamaica,40.68457865180531,-73.76196049374556,Entire home/apt,129,1,16,1,346,16
652148994573037396,26766504,Brooklyn,Prospect-Lefferts Gardens,40.65618840474433,-73.95224689942941,Private room,60,2,1,1,313,1
652151546027017284,354087992,Manhattan,Upper East Side,40.7636095198725,-73.96576745505705,Entire home/apt,693,1,1,17,86,1
652172745279262844,450161902,Manhattan,Hell's Kitchen,40.760940609268566,-73.99318570069738,Entire home/apt,280,7,11,4,2,11
652209616641745176,59982224,Brooklyn,Bedford-Stuyvesant,40.67640522998659,-73.91069070122126,Entire home/apt,120,1,0,1,71,0
650560582036875332,184769460,Manhattan,Upper West Side,40.79988,-73.96335,Entire home/apt,220,2,15,1,8,15
652253952259013810,215512685,Brooklyn,Crown Heights,40.677255,-73.9361936,Private room,276,1,2,2,4,2
652263206145865757,45247838,Brooklyn,Bedford-Stuyvesant,40.68204168304984,-73.90944396003945,Private room,53,2,4,1,158,4
650620596278052453,235719,Manhattan,East Village,40.73074327650069,-73.98286846679072,Entire home/apt,276,60,0,1,310,0
649304996787581239,385501350,Manhattan,Lower East Side,40.7199,-73.98906,Private room,158,2,7,1,144,7
649312397859851284,31895696,Brooklyn,Bath Beach,40.6032312,-74.0036398,Entire home/apt,81,1,4,1,328,4
649314086113530897,14103991,Queens,Hollis,40.7113,-73.77819,Private room,52,2,1,8,52,1
649314401060114870,123634626,Brooklyn,Bensonhurst,40.6178324,-73.9996457,Entire home/apt,135,1,2,2,354,2
652275726851956258,404940500,Manhattan,Upper West Side,40.79922938820295,-73.96246258322222,Entire home/apt,929,30,1,12,278,1
652279676468280165,73597409,Brooklyn,Bedford-Stuyvesant,40.68059164207768,-73.9109631493531,Entire home/apt,150,2,7,1,315,7
650648165126867054,464578626,Bronx,Tremont,40.84335,-73.88717,Entire home/apt,72,1,9,1,300,9
652282737437759685,48671504,Queens,Cambria Heights,40.68732331089116,-73.73660191087711,Entire home/apt,104,3,0,2,361,0
652310534246973645,209832412,Brooklyn,East Flatbush,40.6511041,-73.9523724,Entire home/apt,143,2,4,5,251,4
652427719093337069,459821572,Brooklyn,Canarsie,40.6365148059365,-73.91711016272446,Private room,75,3,3,1,171,3
650649307422756789,3920910,Brooklyn,Fort Greene,40.69749090942763,-73.97083868372978,Entire home/apt,285,3,0,1,79,0
650657373008534596,258230385,Manhattan,Midtown,40.74389,-73.98495,Entire home/apt,290,30,1,4,310,1
649339309433224655,464278055,Manhattan,East Village,40.7286021782401,-73.98250765130187,Private room,127,1,4,1,183,4
649344196401364433,423459702,Brooklyn,East Flatbush,40.65224,-73.95074,Private room,56,2,7,2,341,7
649361804801721027,415840703,Manhattan,Financial District,40.70561852543307,-74.00811439550306,Entire home/apt,211,30,0,15,241,0
649363164796505280,415840703,Manhattan,Financial District,40.704370391106856,-74.00978557143627,Entire home/apt,205,30,0,15,214,0
649370859426615327,463917614,Queens,Flushing,40.7686,-73.81622,Private room,142,1,3,3,86,3
652434458892299045,464933442,Manhattan,Hell's Kitchen,40.7605613,-73.996185,Private room,79,7,0,1,250,0
649402929692648832,357325811,Brooklyn,Columbia St,40.68874,-73.99978,Entire home/apt,149,30,0,1,293,0
650682583711603866,366431108,Queens,East Elmhurst,40.7684619,-73.8775476,Entire home/apt,131,2,3,1,349,3
652479620794192875,178075169,Bronx,Longwood,40.81506720903394,-73.90948303728238,Private room,49,1,4,3,0,4
652494151174298506,408016532,Brooklyn,Bedford-Stuyvesant,40.68765,-73.95338,Private room,71,1,9,4,338,9
652512981578744130,408016532,Brooklyn,Bedford-Stuyvesant,40.68737343754484,-73.95488957109768,Private room,80,1,5,4,337,5
652602679378672297,452957673,Manhattan,Lower East Side,40.721850546221226,-73.98633940564929,Entire home/apt,778,1,5,1,309,5
650712432517285683,52538564,Brooklyn,Williamsburg,40.71689503368682,-73.96337203681469,Entire home/apt,240,5,0,1,218,0
650724811621888072,438014463,Queens,Jamaica,40.69330991302475,-73.79698177891034,Entire home/apt,429,1,3,4,364,3
650774468041968834,200047329,Queens,Richmond Hill,40.70311168657728,-73.82999554353395,Private room,150,2,5,3,354,5
650781806893384881,200047329,Queens,Richmond Hill,40.70112,-73.83002,Private room,120,2,0,3,362,0
650859693969297989,10327335,Brooklyn,Bedford-Stuyvesant,40.68459,-73.92024,Entire home/apt,200,3,10,1,303,10
649418071637165545,71759218,Brooklyn,Bedford-Stuyvesant,40.69103,-73.92615,Private room,140,1,4,1,358,4
649449861383385574,244438661,Brooklyn,Crown Heights,40.67644,-73.95248,Entire home/apt,110,2,0,2,275,0
649452488233027183,377032450,Brooklyn,Bedford-Stuyvesant,40.69290154676036,-73.96058795935878,Entire home/apt,142,3,0,2,338,0
649456938798001296,146960913,Manhattan,Midtown,40.75019,-73.98537,Private room,244,2,0,1,36,0
649464742761309572,81585173,Manhattan,Murray Hill,40.75086414581116,-73.97530345412633,Private room,283,2,0,8,336,0
649465676890920545,81585173,Manhattan,Murray Hill,40.75027104260335,-73.9773806542825,Entire home/apt,319,2,4,8,315,4
649466242773474490,81585173,Manhattan,Murray Hill,40.74875,-73.97521,Private room,169,2,3,8,80,3
652728420275457154,137358866,Queens,Elmhurst,40.74378,-73.87953,Private room,98,30,0,111,182,0
652799770913807611,49095662,Manhattan,Battery Park City,40.71265,-74.01645,Entire home/apt,495,30,1,1,93,1
649470584792583345,440143258,Brooklyn,East Flatbush,40.63428385910292,-73.94914937858483,Entire home/apt,165,1,0,1,357,0
649470625539259369,50411791,Manhattan,Harlem,40.82247,-73.94576,Entire home/apt,220,2,3,3,297,3
649490661045617066,454029808,Bronx,Baychester,40.86933,-73.83843,Entire home/apt,194,2,13,3,358,13
649493072234819209,188362851,Queens,Flushing,40.7586023,-73.8127627,Private room,56,1,5,5,334,5
649494449607912597,141135638,Brooklyn,Cypress Hills,40.68603,-73.87167,Entire home/apt,90,3,5,1,347,5
652820372549988244,261072969,Manhattan,Midtown,40.75211691402443,-73.97151767609134,Private room,369,2,0,1,0,0
649522948140887617,443115422,Brooklyn,Bedford-Stuyvesant,40.69297051322627,-73.93901947533327,Entire home/apt,419,1,6,1,156,6
649545116803421001,192729578,Brooklyn,Bedford-Stuyvesant,40.68746710614903,-73.95144383157026,Entire home/apt,249,2,2,2,19,2
650885214260025427,464637798,Brooklyn,Bath Beach,40.60028191250549,-74.00287743832025,Entire home/apt,130,3,5,1,0,5
652821337452156857,27181542,Manhattan,Lower East Side,40.72013833219691,-73.98458810434101,Entire home/apt,199,30,0,69,320,0
652828947809278899,72585248,Brooklyn,Cobble Hill,40.68932270000001,-73.992801,Entire home/apt,240,2,0,1,26,0
652933659890614930,39092270,Brooklyn,Williamsburg,40.714058363258445,-73.95927296001807,Entire home/apt,686,1,2,1,10,2
652940041355758149,357114684,Queens,St. Albans,40.696457494527856,-73.77990690447571,Entire home/apt,180,1,2,1,365,2
650930416689865344,87950268,Brooklyn,Park Slope,40.67903967211632,-73.97836611903845,Entire home/apt,194,30,1,1,303,1
650956611349081780,399865453,Manhattan,Lower East Side,40.72087,-73.99332,Entire home/apt,191,30,0,10,226,0
650958121051903189,97328229,Bronx,Tremont,40.84327096656852,-73.89287799796104,Private room,47,30,0,6,61,0
649701695006936118,464320122,Bronx,Mount Eden,40.84209854751148,-73.92052844166756,Private room,87,2,2,2,361,2
649767398388341879,384532776,Manhattan,Harlem,40.82645,-73.94432,Entire home/apt,180,30,0,44,266,0
649802744226038832,224402698,Queens,East Elmhurst,40.76002,-73.85643,Entire home/apt,120,2,8,2,80,8
652943524305648321,465072967,Brooklyn,Canarsie,40.64813,-73.90955,Entire home/apt,197,2,10,1,331,10
650969850624566810,8978169,Manhattan,Chelsea,40.74441633150858,-73.99412141022603,Private room,148,2,5,1,3,5
651085802541699684,464669038,Brooklyn,Borough Park,40.629471,-73.9911523,Private room,148,1,0,1,89,0
651141070866801705,107434423,Manhattan,Chinatown,40.717139,-73.993163,Entire home/apt,283,31,0,453,0,0
651202386019260891,47657014,Queens,Astoria,40.77572098794265,-73.92848230206042,Entire home/apt,250,5,2,2,281,2
651217453070716995,3223938,Brooklyn,Fort Greene,40.69612,-73.97222,Private room,45,90,0,288,250,0
651248495902905478,359638834,Manhattan,Upper West Side,40.78339,-73.978,Private room,1100,1,0,11,365,0
651315208890296394,371421385,Brooklyn,Cypress Hills,40.68349025358105,-73.87377351834502,Private room,60,1,18,5,335,18
652953602558769098,21507811,Brooklyn,Williamsburg,40.71358758219577,-73.94263755530119,Entire home/apt,226,3,5,1,127,5
651328310081108222,464552066,Manhattan,Midtown,40.74947827834816,-73.98775175311127,Private room,144,1,0,3,332,0
651329290846507920,163872997,Brooklyn,Flatbush,40.64864192331572,-73.95912653630747,Entire home/apt,120,2,8,1,21,8
651331329723330052,464552066,Manhattan,Midtown,40.751411487753785,-73.98573297702005,Private room,131,1,0,3,316,0
649814577876399920,187326900,Queens,Forest Hills,40.717496805540925,-73.83443097647235,Private room,83,30,0,2,359,0
649846968394377422,179801302,Manhattan,Greenwich Village,40.73349,-73.99144,Entire home/apt,576,30,0,1,342,0
649854631930421567,3961158,Brooklyn,Downtown Brooklyn,40.69583,-73.98331,Entire home/apt,350,1,1,2,0,1
653708023596029990,58225649,Brooklyn,Greenpoint,40.71963987546072,-73.9537899045091,Entire home/apt,380,5,1,1,233,1
653712396686659906,30660336,Manhattan,East Village,40.72271952628815,-73.98314193795902,Private room,199,1,2,1,259,2
652958406499140295,26451427,Manhattan,Upper East Side,40.7665351783019,-73.95393818132463,Entire home/apt,185,30,0,1,323,0
653714732160288528,406193264,Manhattan,Hell's Kitchen,40.76335006400457,-73.99209309111897,Private room,166,1,11,7,65,11
653723361452107575,720864,Brooklyn,Greenpoint,40.73260276078358,-73.95324298431542,Entire home/apt,1200,3,0,1,132,0
653744673496571767,454031557,Manhattan,East Village,40.72639280340336,-73.98151893485428,Private room,244,1,1,3,72,1
653746064400470900,3636827,Brooklyn,Crown Heights,40.67578859614486,-73.95796609974143,Entire home/apt,138,7,3,1,98,3
653816134235884424,393196534,Bronx,Clason Point,40.81138740000001,-73.8550696,Private room,37,10,2,5,250,2
653824342335096991,368465567,Queens,Jamaica,40.67351803683872,-73.78041055247992,Private room,130,1,10,6,357,10
653829453430291522,393196534,Bronx,Clason Point,40.81138740000001,-73.8550696,Private room,52,14,1,5,343,1
653874168535824589,422624029,Manhattan,Washington Heights,40.85186,-73.92989,Private room,160,3,2,4,304,2
653909555821012638,28642235,Staten Island,St. George,40.64615091606886,-74.08182946149103,Entire home/apt,218,1,0,1,354,0
653910638122366801,137358866,Queens,Elmhurst,40.74591582424384,-73.8777917532399,Private room,84,30,1,111,311,1
654030106559187690,107434423,Manhattan,Upper West Side,40.7911888,-73.9737101,Entire home/apt,333,31,0,453,287,0
654070544673387108,23822553,Manhattan,Harlem,40.80920757161289,-73.95469643175602,Private room,150,1,1,4,358,1
652986069370196264,4138139,Brooklyn,Prospect Heights,40.67979,-73.97294,Entire home/apt,210,6,0,1,28,0
652993992835732991,546370,Brooklyn,Bedford-Stuyvesant,40.68912364303124,-73.94360977677498,Private room,62,30,1,16,265,1
653015092633711688,20217469,Brooklyn,Midwood,40.61764413453696,-73.95780637626869,Private room,77,30,0,1,177,0
654073673847797610,465330263,Brooklyn,Bushwick,40.6830804,-73.9093146,Private room,110,1,0,3,250,0
651331700144350980,102585425,Manhattan,Tribeca,40.71488748121523,-74.01033918863581,Entire home/apt,285,2,2,1,0,2
653032844402630246,465092276,Queens,Jackson Heights,40.75130755300064,-73.85983142372932,Entire home/apt,332,5,6,1,342,6
651338556174245862,344672881,Brooklyn,Bedford-Stuyvesant,40.683738026741736,-73.93222293475351,Entire home/apt,680,5,0,1,72,0
651338879822386317,464552066,Manhattan,Midtown,40.74964,-73.98733,Private room,129,1,0,3,324,0
654142667155717554,295556329,Queens,Astoria,40.76379,-73.92277,Private room,88,3,0,1,131,0
653046538658437989,334611519,Queens,Elmhurst,40.7368628714773,-73.87077413630593,Entire home/apt,156,1,16,14,130,16
653049977317737328,414068298,Manhattan,Upper West Side,40.77950154164761,-73.97862611650386,Entire home/apt,203,30,1,15,257,1
653115959913997889,65212,Brooklyn,Bushwick,40.70466092754735,-73.92002356514095,Private room,76,3,3,3,313,3
653121162678902764,414068298,Manhattan,Upper West Side,40.7806960540828,-73.976720204774,Entire home/apt,182,30,1,15,244,1
653121626548977499,386678438,Manhattan,Upper West Side,40.79878180748297,-73.96113123509282,Private room,159,1,0,3,256,0
653180708435531274,417275418,Brooklyn,Williamsburg,40.71245,-73.96135,Private room,124,1,9,5,348,9
653258474247952642,272775635,Manhattan,Hell's Kitchen,40.76445178952262,-73.98467566333295,Private room,130,5,4,6,98,4
653261449256633043,137358866,Queens,Elmhurst,40.74385346941427,-73.87762815299666,Private room,89,30,2,111,249,2
653269535028155930,250828434,Manhattan,Harlem,40.81014016105965,-73.94594824914223,Entire home/apt,140,3,7,1,176,7
654180942710292456,463822729,Manhattan,East Village,40.72212228211002,-73.9782295633273,Entire home/apt,630,2,1,1,72,1
654181601377554422,355450429,Manhattan,Midtown,40.7644035,-73.9779596,Entire home/apt,309,3,2,3,20,2
651340447082779539,169150553,Staten Island,Arrochar,40.59224,-74.06806,Entire home/apt,95,1,20,1,89,20
651369405766784227,464736846,Manhattan,Harlem,40.802831277872286,-73.95458120419116,Private room,81,1,1,6,64,1
651379369974834329,428639770,Manhattan,Upper West Side,40.78026042059692,-73.97887248556546,Entire home/apt,169,30,2,5,298,2
653295261335760706,107434423,Manhattan,Upper West Side,40.7815735,-73.9820628,Entire home/apt,663,31,0,453,340,0
653295592214768980,107434423,Brooklyn,Carroll Gardens,40.6804,-73.99803,Entire home/apt,625,31,0,453,351,0
653330346068738982,411079992,Queens,Kew Gardens,40.70455216820694,-73.8298109719521,Private room,76,1,10,8,353,10
653331491008788135,204704622,Queens,Elmhurst,40.73858352736564,-73.87628828508112,Entire home/apt,198,1,0,157,137,0
653386295050286843,464197653,Manhattan,Upper West Side,40.80015,-73.96433,Entire home/apt,409,5,5,1,16,5
651383983309519498,5376008,Manhattan,Harlem,40.8138,-73.94536,Entire home/apt,181,4,6,1,277,6
651387268011903825,354087992,Queens,Long Island City,40.756326010596105,-73.94492954729938,Private room,1000,1,0,17,90,0
651391352651734717,354087992,Queens,Long Island City,40.74471,-73.95632,Private room,196,1,0,17,80,0
651395840892288221,354087992,Manhattan,Upper East Side,40.76122,-73.96493,Entire home/apt,429,1,0,17,84,0
651402148639709626,6319849,Brooklyn,Downtown Brooklyn,40.6970965,-73.98421859999999,Entire home/apt,188,30,0,1,300,0
651405001634350671,464746313,Brooklyn,Bushwick,40.70726345607333,-73.92353393539325,Entire home/apt,399,2,1,2,363,1
651447474664912144,20170845,Manhattan,East Village,40.72228311527005,-73.9800408403954,Private room,74,5,5,3,2,5
651474937733497223,44992001,Brooklyn,Bedford-Stuyvesant,40.69707922666046,-73.93780874523365,Private room,49,20,1,2,0,1
651480627290740472,251455701,Queens,Sunnyside,40.742139558141744,-73.91099971664347,Entire home/apt,625,1,0,7,334,0
654181673653127784,62736996,Brooklyn,Cobble Hill,40.68732278979956,-73.99861002055385,Entire home/apt,207,7,1,1,120,1
654205729897122323,383615076,Queens,St. Albans,40.6902959,-73.75282,Entire home/apt,169,2,4,2,351,4
654206843986971609,23722110,Brooklyn,Williamsburg,40.71354963853813,-73.96317985954416,Entire home/apt,230,31,0,1,278,0
653408208721590027,242289962,Queens,South Ozone Park,40.67248,-73.81648,Private room,70,2,0,1,72,0
654207683472710649,465353472,Bronx,Highbridge,40.8422,-73.92602,Private room,90,1,20,2,340,20
654209180079853275,26299995,Manhattan,East Harlem,40.7975448,-73.9398168,Private room,75,15,5,1,35,5
654213698930297417,415840703,Manhattan,Chelsea,40.74121,-73.9956,Entire home/apt,283,30,1,15,163,1
654214989345314512,176587606,Manhattan,East Village,40.726370607074585,-73.98307397143427,Private room,110,1,3,1,75,3
654236313383460335,408016532,Brooklyn,Bedford-Stuyvesant,40.68857,-73.95325,Private room,85,1,8,4,342,8
651495086718522145,464738071,Brooklyn,Clinton Hill,40.69044550512629,-73.96062774730868,Private room,140,1,2,1,256,2
651497507012443462,6902927,Queens,Maspeth,40.72558,-73.9024,Private room,57,3,2,2,149,2
651501785568139544,418867492,Manhattan,Upper East Side,40.76564,-73.95902,Entire home/apt,288,1,3,5,203,3
651562218202790555,200239515,Queens,Woodside,40.74125,-73.89283,Private room,211,1,0,158,27,0
651564440114113277,140348326,Manhattan,Harlem,40.81741816267871,-73.94238903026107,Private room,94,5,6,1,345,6
653419508239910893,1761578,Queens,Corona,40.73705979498072,-73.86031766567359,Private room,114,1,2,3,346,2
653420986663554669,9260925,Manhattan,Civic Center,40.711808141272485,-74.0067184880609,Entire home/apt,447,3,2,1,17,2
655155221993894189,58410241,Brooklyn,Bushwick,40.69837588578369,-73.92314736284943,Private room,71,30,0,2,331,0
654236650153476579,465374352,Brooklyn,East Flatbush,40.63453,-73.94715,Entire home/apt,200,4,2,1,354,2
654244807190401144,454164649,Bronx,Concourse Village,40.8345404294049,-73.91154917836127,Private room,74,3,1,3,343,1
654251208186874956,360085637,Queens,Bayside,40.74934,-73.77681,Entire home/apt,100,1,1,1,242,1
654268892732713151,457152913,Manhattan,Midtown,40.75385991463383,-73.97271390026371,Entire home/apt,2500,2,0,4,115,0
654272694167633113,415840703,Manhattan,Flatiron District,40.74122,-73.99389,Entire home/apt,335,30,1,15,168,1
654274540781636364,415840703,Manhattan,Chelsea,40.743023448324045,-73.99535596216248,Entire home/apt,274,30,1,15,217,1
654297267478126116,47576131,Brooklyn,Prospect-Lefferts Gardens,40.6554563681085,-73.95335708676271,Entire home/apt,119,5,0,1,198,0
654315336240889449,366413815,Manhattan,Upper East Side,40.771020697472345,-73.95220236842958,Entire home/apt,427,3,0,2,355,0
653436475529853186,185224678,Brooklyn,Canarsie,40.63721039704773,-73.8915476009539,Private room,80,1,5,1,348,5
654333554593235262,17498682,Brooklyn,Crown Heights,40.67545132739977,-73.90831340490023,Entire home/apt,71,2,7,1,108,7
655169058314644158,173125581,Queens,Sunnyside,40.7417257900662,-73.9258586615324,Private room,120,2,2,1,70,2
655220695710237136,414068298,Manhattan,Upper West Side,40.78112142899142,-73.97861513573339,Entire home/apt,205,30,2,15,282,2
655241486161179082,1624498,Brooklyn,Greenpoint,40.72805,-73.95642,Entire home/apt,455,4,2,1,110,2
655244206955404591,19303369,Queens,Elmhurst,40.73878292529754,-73.87721091685744,Private room,48,30,0,175,56,0
655247214306219719,188362851,Queens,Flushing,40.7586023,-73.8127627,Private room,56,1,7,5,337,7
655264235480555254,200239515,Queens,Elmhurst,40.738372923747015,-73.87733359499813,Private room,45,30,0,158,26,0
655266118586870004,199578818,Queens,Ozone Park,40.67595,-73.84498,Entire home/apt,106,2,13,5,339,13
655267152918256107,784291,Manhattan,Upper West Side,40.781230315532696,-73.985525179408,Entire home/apt,350,3,0,1,355,0
655271728037650252,429826037,Brooklyn,East New York,40.67514721151562,-73.89437827129466,Private room,40,30,0,12,341,0
655339007497638499,171168334,Brooklyn,Flatlands,40.627760087503546,-73.91912982181428,Entire home/apt,220,1,11,1,340,11
655344158993649044,272775635,Manhattan,Hell's Kitchen,40.76634832846972,-73.9843262555067,Private room,113,5,9,6,85,9
655397482694220278,448326434,Manhattan,Chelsea,40.745439746227866,-73.99377515316539,Entire home/apt,379,30,2,35,238,2
655420632727539073,448326434,Manhattan,West Village,40.7320198710865,-74.00081237195208,Entire home/apt,299,5,2,35,240,2
653449381677669032,17737894,Brooklyn,Greenpoint,40.7203933148369,-73.95426421080853,Entire home/apt,280,5,2,1,0,2
655455535756907128,194540,Manhattan,Gramercy,40.73623569999999,-73.9860217,Entire home/apt,301,30,0,1,0,0
655512365661237702,107434423,Manhattan,Lower East Side,40.7184301,-73.9926727,Entire home/apt,254,31,0,453,265,0
654337225041126036,464911964,Brooklyn,Cypress Hills,40.6832989,-73.894235,Entire home/apt,180,3,5,1,0,5
654345916710898110,52722718,Bronx,Baychester,40.86882574395485,-73.8381989998401,Entire home/apt,247,3,3,1,157,3
653459776023797511,63544396,Queens,Forest Hills,40.72357238174692,-73.85425226779223,Entire home/apt,130,6,2,1,57,2
653462989981755151,124142417,Brooklyn,Bushwick,40.68714065489048,-73.915089472962,Private room,90,3,4,4,147,4
653464512424458956,365347511,Manhattan,Harlem,40.80168167673399,-73.95891923457384,Entire home/apt,486,3,2,3,335,2
653483360414653528,29790457,Queens,Bayside,40.77010257153516,-73.77181738899087,Entire home/apt,250,3,1,1,361,1
654352127095037181,146634198,Manhattan,Midtown,40.76709840046864,-73.9796399571475,Entire home/apt,450,1,3,1,85,3
654361482306091105,406193264,Manhattan,Hell's Kitchen,40.76480016843408,-73.99224900137212,Private room,149,1,15,7,72,15
654369142722453169,446908191,Brooklyn,Cypress Hills,40.6873576,-73.8722172,Entire home/apt,102,2,2,2,353,2
654374746298580477,406193264,Manhattan,Hell's Kitchen,40.76338430984393,-73.99174359262335,Private room,165,1,24,7,60,24
654377345922164448,464320122,Bronx,Mount Eden,40.84146432341882,-73.91944712735985,Private room,87,2,0,2,276,0
654390748938051680,183187600,Brooklyn,Flatbush,40.64006,-73.95859,Entire home/apt,115,2,2,1,48,2
653501994645970308,458901830,Brooklyn,East New York,40.65978,-73.89236,Entire home/apt,80,29,0,1,335,0
654399855909001706,22963233,Brooklyn,Flatbush,40.64870014804001,-73.95509201039278,Entire home/apt,124,2,5,1,30,5
654403670398653419,408979935,Manhattan,Gramercy,40.73360200830589,-73.98767003034322,Private room,133,30,5,17,71,5
654412686701270062,227328676,Brooklyn,Crown Heights,40.6721157,-73.91988979999999,Entire home/apt,125,2,6,1,56,6
655565090602020122,253238139,Manhattan,Midtown,40.75844133068462,-73.96283389181734,Entire home/apt,300,30,0,1,362,0
653507297797336134,7207866,Queens,Glendale,40.7041309,-73.871612,Private room,65,30,0,1,365,0
655584355247194106,305884143,Manhattan,Harlem,40.80245805850001,-73.95455995539398,Entire home/apt,125,30,0,1,291,0
655606853429815213,206305295,Queens,Ozone Park,40.66976548912423,-73.83653164031077,Private room,80,5,0,1,297,0
655623560507622084,204704622,Queens,Jackson Heights,40.74894551177906,-73.878098929215,Private room,48,30,1,157,26,1
655625802852780600,22298266,Manhattan,East Village,40.7226733017122,-73.97706905122844,Entire home/apt,1500,3,2,1,69,2
655639829261307791,6119933,Brooklyn,Williamsburg,40.7151743303312,-73.96173751220851,Entire home/apt,450,2,1,2,159,1
655651182020642613,4612212,Brooklyn,Bushwick,40.69360570952736,-73.92061371006996,Private room,33,5,1,2,190,1
655655590735199413,9293730,Manhattan,Harlem,40.80040129007119,-73.95451633915663,Entire home/apt,233,30,0,37,353,0
655676319349364515,88174473,Manhattan,Upper East Side,40.76969214117247,-73.95943009403537,Entire home/apt,150,30,0,4,274,0
654422366880624023,145262656,Brooklyn,Clinton Hill,40.68355815830016,-73.96667187516177,Entire home/apt,126,1,5,1,0,5
654429810861492069,41733161,Queens,Astoria,40.77244,-73.93051,Entire home/apt,152,4,7,1,153,7
654470154099824456,814747,Brooklyn,Fort Greene,40.6864805746131,-73.9701475354471,Entire home/apt,325,5,4,2,8,4
654504125880452254,465450585,Brooklyn,Flatbush,40.64682,-73.96423,Private room,76,2,0,1,355,0
654508528815045267,51426218,Queens,Richmond Hill,40.70015061681184,-73.8271298123909,Private room,80,10,0,6,281,0
654510070388903918,68907781,Queens,Astoria,40.7694385,-73.9284883,Private room,89,1,2,2,334,2
653521234296197971,5004109,Manhattan,Chinatown,40.71723,-73.99322,Private room,188,1,6,1,346,6
654523475441652210,46495186,Manhattan,Harlem,40.80701965531343,-73.94904791902796,Entire home/apt,320,4,2,1,0,2
655677192002375123,263453123,Brooklyn,Williamsburg,40.705116563604754,-73.9425085235798,Entire home/apt,332,3,2,1,11,2
655727428780790885,401202937,Manhattan,Midtown,40.74766348692243,-73.98884721392665,Private room,117,1,4,51,59,4
653521720885521468,64678522,Brooklyn,Bedford-Stuyvesant,40.69272337060069,-73.94668682445766,Entire home/apt,70,30,0,1,205,0
653525485708988386,6476178,Brooklyn,Fort Greene,40.686901386007776,-73.9716667914111,Entire home/apt,207,2,2,1,4,2
653534466197553419,8040003,Manhattan,Upper East Side,40.77151,-73.94936,Entire home/apt,199,21,0,1,11,0
655733624096905947,409693867,Queens,Maspeth,40.719662546357576,-73.9018497460935,Private room,80,1,8,1,315,8
654536756212797950,58773808,Manhattan,Chelsea,40.7522589,-73.99901489999999,Entire home/apt,400,1,3,1,26,3
654544771425247916,465459400,Brooklyn,Flatlands,40.6235779029337,-73.9181355430965,Private room,89,3,1,1,342,1
654558158981000200,12639098,Brooklyn,Prospect Heights,40.68102289474368,-73.97094940384586,Entire home/apt,450,7,1,4,334,1
653536694333017814,27181542,Manhattan,Kips Bay,40.73858,-73.982,Entire home/apt,199,30,0,69,79,0
653538289455674361,27181542,Manhattan,Upper East Side,40.77009110218139,-73.95645161060403,Entire home/apt,300,30,0,69,303,0
653548862475355240,308578179,Manhattan,Midtown,40.75332980468063,-73.97360565593421,Private room,399,2,0,4,7,0
653592224666782434,465221351,Queens,Springfield Gardens,40.66644650517949,-73.75096713304755,Private room,80,2,5,1,360,5
655757649786694921,465736664,Manhattan,Financial District,40.705723552002695,-74.00954052749363,Private room,100,24,1,2,334,1
655788123278001986,30985759,Manhattan,Hell's Kitchen,40.75799188110289,-73.99183339769702,Private room,148,1,8,5,17,8
655812702168202294,30985759,Manhattan,Theater District,40.7569613900988,-73.98952569355376,Private room,136,1,6,5,52,6
655814933389558644,30985759,Manhattan,Hell's Kitchen,40.75826693192892,-73.989817699659,Private room,135,1,5,5,0,5
653607125944399593,464746313,Brooklyn,Bushwick,40.70527988897807,-73.92205311156519,Entire home/apt,399,2,0,2,357,0
653612147203221404,444007547,Manhattan,Flatiron District,40.74283739856309,-73.9870891848094,Private room,79,30,0,56,260,0
653612940490299787,384861601,Bronx,Morrisania,40.832147,-73.9004679,Private room,40,4,4,3,320,4
653645669646983071,23720407,Brooklyn,Prospect-Lefferts Gardens,40.65629688796381,-73.96104222044714,Entire home/apt,85,2,2,1,2,2
653677679519755438,458785444,Queens,Ozone Park,40.684076347118925,-73.84246044361748,Entire home/apt,130,2,0,3,78,0
653688020628660646,37083908,Manhattan,East Harlem,40.79978014008796,-73.9352298343875,Entire home/apt,149,2,6,2,312,6
653695927053014532,422624029,Manhattan,Washington Heights,40.85341,-73.92992,Entire home/apt,294,3,6,4,300,6
653706852101984577,408121620,Manhattan,Financial District,40.70768283497471,-74.0097953386659,Entire home/apt,209,3,3,1,269,3
657073657212700945,414121196,Manhattan,East Harlem,40.79248920781512,-73.940480724894,Entire home/apt,278,3,0,4,73,0
657094187493660368,862047,Brooklyn,Crown Heights,40.66914410553672,-73.94999679373112,Entire home/apt,65,30,0,1,37,0
657104610281818251,19139463,Manhattan,Harlem,40.8066460302732,-73.95065593766255,Entire home/apt,350,4,5,1,11,5
654625640417543306,259616851,Brooklyn,Bedford-Stuyvesant,40.678802264607874,-73.9082640302194,Entire home/apt,217,1,14,1,253,14
654651626284712560,465479887,Brooklyn,East Flatbush,40.65116151498699,-73.93553550563074,Entire home/apt,263,4,3,3,355,3
654656118712741578,162280872,Manhattan,East Village,40.7302813,-73.9884091,Entire home/apt,599,30,0,98,335,0
657114792493776062,272856249,Manhattan,Little Italy,40.7176074,-73.9980848,Entire home/apt,450,1,1,1,283,1
654726207711039975,94689282,Manhattan,Tribeca,40.71968929520102,-74.00610108565893,Private room,549,1,0,1,365,0
654758596406698376,63731117,Brooklyn,Flatbush,40.65262730000001,-73.9639206,Entire home/apt,140,1,3,2,137,3
655831626668406321,13854638,Brooklyn,Brooklyn Heights,40.691054205003816,-73.9924321394974,Private room,399,3,1,1,192,1
655840755400936097,465764425,Brooklyn,Crown Heights,40.67031844474582,-73.92014486989093,Private room,106,1,1,1,171,1
655844880979808377,424334293,Manhattan,Hell's Kitchen,40.7625689190668,-73.99979420156875,Entire home/apt,300,3,0,1,286,0
655869836930824177,52174978,Queens,Long Island City,40.75154710871452,-73.93378350963789,Private room,52,5,0,1,326,0
657120600337527351,434444118,Brooklyn,Bay Ridge,40.623695483521125,-74.02367647737265,Entire home/apt,110,3,1,2,0,1
657125083842330352,205760,Manhattan,Hell's Kitchen,40.76281887219638,-73.99493565255405,Entire home/apt,210,30,0,5,313,0
657148208532648393,466035025,Manhattan,East Village,40.72996333468002,-73.98374037881203,Private room,80,30,0,1,74,0
655985883678195946,135225096,Queens,Flushing,40.739317413095485,-73.81867828927798,Entire home/apt,347,2,7,1,60,7
656012196224522033,7022287,Manhattan,Chelsea,40.74352,-74.00061,Entire home/apt,800,30,0,1,325,0
654783704090972958,388024070,Manhattan,Upper East Side,40.76322229000186,-73.95965730927226,Entire home/apt,225,5,3,2,21,3
654893457973171654,171857037,Manhattan,Financial District,40.7047955,-74.0076151,Entire home/apt,165,3,2,1,173,2
654901560459084482,42154612,Manhattan,SoHo,40.72759251813259,-74.00131823479977,Entire home/apt,185,30,0,1,217,0
657160196365765351,399865453,Brooklyn,Williamsburg,40.71238181474578,-73.96197173531472,Entire home/apt,202,30,0,10,260,0
657161625137901422,7271048,Brooklyn,DUMBO,40.70365945201407,-73.98710708926066,Entire home/apt,1000,30,0,1,275,0
654907196460266345,465533545,Brooklyn,Fort Hamilton,40.615587097802575,-74.0295987803405,Private room,80,1,2,1,336,2
655007617693912484,224687317,Queens,East Elmhurst,40.76076833547017,-73.8787617534399,Entire home/apt,350,3,6,4,326,6
655009567991217686,224532641,Brooklyn,Bedford-Stuyvesant,40.6906146,-73.9434606,Entire home/apt,265,1,0,11,140,0
655017849156632731,224532641,Brooklyn,Bedford-Stuyvesant,40.69061461602806,-73.94346065819263,Private room,69,1,0,11,7,0
655018062328699947,224532641,Brooklyn,Bedford-Stuyvesant,40.69061461602806,-73.94346065819263,Private room,115,2,0,11,18,0
655038654878508560,384559808,Manhattan,Gramercy,40.73413012108356,-73.98737532276165,Entire home/apt,84,30,0,24,337,0
655039072592405981,461769511,Bronx,Fordham,40.85327135869793,-73.89860300844695,Private room,66,2,6,3,151,6
655041886586403548,224687317,Queens,East Elmhurst,40.75953817816301,-73.8789635032507,Entire home/apt,140,3,9,4,313,9
655051584198400856,10790242,Manhattan,Upper East Side,40.77756362132735,-73.95334148612757,Entire home/apt,200,30,1,1,86,1
656025287300127516,216140317,Brooklyn,Canarsie,40.63516873750095,-73.89820023662811,Entire home/apt,875,1,0,1,364,0
657217865590019808,465891299,Manhattan,SoHo,40.725350151907314,-74.00126989152017,Entire home/apt,2243,1,4,9,321,4
656048217942976411,416654796,Queens,Flushing,40.75849,-73.80178,Private room,88,1,0,1,359,0
656061093200134683,24517667,Brooklyn,Williamsburg,40.710007290929234,-73.9466688289657,Entire home/apt,237,4,2,1,0,2
656078300823074281,456853993,Brooklyn,Prospect-Lefferts Gardens,40.65509873800217,-73.95704872906208,Private room,52,120,0,2,69,0
656129248270856093,177722060,Queens,Ozone Park,40.6714861,-73.84214759999999,Entire home/apt,180,1,5,2,17,5
656151781192651139,177722060,Queens,Ozone Park,40.67231291344135,-73.841689502646,Entire home/apt,151,1,10,2,14,10
656179615851780913,372755385,Manhattan,Midtown,40.747211,-73.9878074,Entire home/apt,229,4,5,3,301,5
656289993889198021,107434423,Manhattan,Midtown,40.7547826,-73.9668932,Entire home/apt,306,31,0,453,339,0
656290328418228490,107434423,Manhattan,Upper East Side,40.7751289,-73.96470569999997,Entire home/apt,534,31,0,453,266,0
656292512767358715,107434423,Manhattan,Chinatown,40.717139,-73.993163,Entire home/apt,326,31,0,453,67,0
656347331919595443,383632478,Brooklyn,Crown Heights,40.6760353,-73.93154559999999,Entire home/apt,184,3,1,1,341,1
656367050072219148,26349246,Brooklyn,Bushwick,40.69135440153986,-73.91809199005365,Entire home/apt,550,1,5,5,77,5
656379870243790990,257895306,Manhattan,Morningside Heights,40.80400035163156,-73.96595775300399,Entire home/apt,466,5,7,1,26,7
656388033574218797,284776109,Brooklyn,Prospect-Lefferts Gardens,40.65933899399524,-73.94985974877856,Entire home/apt,140,5,5,1,306,5
656394974994716619,8830191,Brooklyn,Flatbush,40.64136,-73.95559,Entire home/apt,309,2,5,1,193,5
656397999425509672,28576665,Brooklyn,Bedford-Stuyvesant,40.69167,-73.93537,Entire home/apt,162,4,7,4,51,7
656406111284801780,339950390,Manhattan,Midtown,40.75675771032352,-73.96724423529288,Entire home/apt,420,3,9,4,331,9
656418876163642889,448129815,Brooklyn,Bedford-Stuyvesant,40.68110212042912,-73.94042609253246,Entire home/apt,175,1,3,1,125,3
656439552095891153,384532776,Manhattan,Hell's Kitchen,40.75943,-73.98929,Entire home/apt,124,30,1,44,281,1
655057865614543377,465579714,Brooklyn,Greenpoint,40.72566264429368,-73.95137981128248,Entire home/apt,3600,1,0,4,365,0
655061924755781969,253526523,Brooklyn,Bedford-Stuyvesant,40.68252,-73.95045,Entire home/apt,199,2,19,2,337,19
657241935470471253,26176366,Manhattan,Tribeca,40.71955989872447,-74.01023133597229,Entire home/apt,448,3,6,1,30,6
655069897550766206,159583033,Queens,Long Island City,40.7608424,-73.9312748,Entire home/apt,75,1,2,1,159,2
655084915447823076,219517861,Manhattan,Battery Park City,40.706,-74.01668,Entire home/apt,556,2,2,71,315,2
656451874487995716,465891299,Manhattan,SoHo,40.72331567910734,-74.00120939057273,Entire home/apt,2307,1,5,9,347,5
657243570850189197,16886983,Manhattan,Midtown,40.74830301718391,-73.98371741553375,Private room,194,1,6,3,1,6
657273855596813235,433972903,Bronx,Mott Haven,40.810195985757815,-73.91998932905116,Private room,73,2,3,10,95,3
657279727196348457,446568807,Queens,Kew Gardens Hills,40.72778331257461,-73.81566576929816,Private room,122,1,12,1,81,12
656473359374418626,161473951,Brooklyn,Bedford-Stuyvesant,40.69437710102852,-73.94434926853273,Private room,111,1,2,2,352,2
655101226464744005,6382046,Brooklyn,Williamsburg,40.705546596465055,-73.93667701631784,Entire home/apt,294,4,4,1,151,4
657285744822909718,32596049,Brooklyn,Williamsburg,40.71934632829966,-73.95467431075754,Entire home/apt,190,1,1,1,0,1
655114573270966127,465597368,Queens,Richmond Hill,40.694469436320034,-73.83279210311031,Entire home/apt,190,1,5,1,359,5
656480577099546545,37918574,Brooklyn,Williamsburg,40.714574909876646,-73.95592639794187,Private room,140,5,1,3,262,1
656542401937235958,45400201,Queens,Flushing,40.7598190823664,-73.81639563181383,Private room,178,1,9,4,14,9
656542894328906322,4351695,Brooklyn,Bedford-Stuyvesant,40.68450871246904,-73.9442862350551,Private room,120,3,4,1,2,4
657322728627801418,114799004,Manhattan,Upper East Side,40.7723353,-73.950981,Entire home/apt,363,2,2,1,171,2
656551778818164770,340302711,Manhattan,NoHo,40.72984532750964,-73.99195402394888,Entire home/apt,180,30,0,1,271,0
655119049254518736,132586703,Bronx,Eastchester,40.87840008601181,-73.8405719474801,Entire home/apt,76,3,1,1,341,1
655133439562431150,5152671,Brooklyn,Park Slope,40.66796249253521,-73.9819854271129,Entire home/apt,115,30,0,1,32,0
655136103348782329,1103131,Brooklyn,Williamsburg,40.7115068536172,-73.95304761397547,Entire home/apt,382,1,2,2,0,2
655144931255799849,465605016,Manhattan,Upper East Side,40.77610722925842,-73.9579924800912,Private room,180,2,2,1,28,2
657369677248770398,466087223,Queens,Astoria,40.7623964,-73.9065937,Entire home/apt,341,2,13,1,264,13
657371072209259860,12711131,Manhattan,Financial District,40.70793707191454,-74.00671427745247,Entire home/apt,150,30,0,2,117,0
657401598504860283,466092668,Brooklyn,Mill Basin,40.61146824818614,-73.9138936216436,Entire home/apt,115,3,0,1,143,0
655155218206639303,163841098,Bronx,Port Morris,40.80506936707507,-73.92622634429001,Entire home/apt,156,1,12,1,300,12
656554386468168511,465919505,Manhattan,Murray Hill,40.747768233349206,-73.98260218049845,Entire home/apt,1100,2,8,1,333,8
656571870851532866,24273714,Brooklyn,East Flatbush,40.6344708458803,-73.94889196437813,Entire home/apt,99,5,0,8,190,0
656572443194920483,24273714,Brooklyn,Flatbush,40.63308,-73.95073,Private room,65,5,1,8,272,1
656573162222554006,465924008,Brooklyn,Brownsville,40.658066140103465,-73.913869,Entire home/apt,107,2,3,1,337,3
657410695022504842,95284964,Bronx,Allerton,40.86822870325673,-73.86219573005302,Entire home/apt,149,1,10,1,330,10
657441930493975647,10457092,Brooklyn,Williamsburg,40.70319386081746,-73.94476754575881,Entire home/apt,250,30,1,2,354,1
658753069006658560,88791860,Manhattan,Upper East Side,40.7677399,-73.95828709999999,Entire home/apt,184,2,4,1,0,4
657450415752189395,2867137,Manhattan,Upper East Side,40.7695708827802,-73.95595782280789,Entire home/apt,170,30,0,73,248,0
657523629277457584,29358602,Manhattan,Harlem,40.80727103496108,-73.94989622424956,Entire home/apt,150,1,0,4,352,0
657555187986109241,354087992,Manhattan,Upper East Side,40.76136738813667,-73.96390699408555,Private room,281,1,1,17,76,1
657596452292274305,286007249,Manhattan,Upper East Side,40.76203080094681,-73.96051435707658,Entire home/apt,298,1,4,1,173,4
656592225916247557,381060830,Manhattan,Upper West Side,40.799070221054855,-73.96724507342708,Entire home/apt,453,2,2,1,165,2
656606578226858748,309819602,Brooklyn,Flatlands,40.62502686515102,-73.94381978462087,Entire home/apt,150,5,7,1,307,7
656613711417727477,220305458,Queens,Bayside,40.75481363262394,-73.77331437697238,Private room,50,15,0,3,161,0
656619145059845047,220305458,Queens,Bayside,40.75302480754527,-73.77336493105652,Private room,58,15,0,3,175,0
656642874471658660,10320658,Brooklyn,Brooklyn Heights,40.69296097218426,-73.99358506632264,Entire home/apt,275,30,0,1,310,0
656670206888476126,272775635,Manhattan,Hell's Kitchen,40.76651970843786,-73.98487632316363,Private room,120,5,3,6,97,3
657810539501729998,100112994,Manhattan,Harlem,40.82602618808903,-73.94912542199312,Private room,92,4,7,2,148,7
657831597044910300,8011670,Brooklyn,Bedford-Stuyvesant,40.68783383011635,-73.93205387660583,Entire home/apt,192,30,0,1,303,0
656699059330808961,328697622,Brooklyn,Flatbush,40.63034,-73.96151,Private room,75,30,0,1,280,0
656702493943581404,42523215,Queens,Queens Village,40.72073094176958,-73.7358502037435,Private room,100,1,1,2,365,1
656711012999123201,2590006,Brooklyn,Bedford-Stuyvesant,40.684140550395085,-73.93915577568364,Entire home/apt,244,1,5,1,326,5
656751124427951169,3603284,Brooklyn,East New York,40.67456398035647,-73.90070937082082,Entire home/apt,181,1,6,8,336,6
656780410188594306,3603284,Brooklyn,East New York,40.67487939999999,-73.90174329999999,Entire home/apt,159,1,2,8,341,2
656786592772732637,465736664,Manhattan,Financial District,40.705799445593065,-74.00921649972636,Private room,180,8,0,2,356,0
658759247761391534,330679892,Brooklyn,Manhattan Beach,40.57863619642651,-73.93727143446644,Entire home/apt,823,1,0,1,365,0
657834772027735978,88381792,Brooklyn,South Slope,40.6629182,-73.98618239999999,Entire home/apt,300,1,9,1,294,9
658760978030704860,465621581,Manhattan,Murray Hill,40.74752412088162,-73.97795291897582,Entire home/apt,294,2,0,1,330,0
658768047545801274,399396467,Brooklyn,Bushwick,40.70664248866302,-73.91988511166855,Entire home/apt,206,2,3,1,347,3
656829901362370393,302801473,Manhattan,SoHo,40.72690640040058,-74.00399084699245,Entire home/apt,373,6,5,1,268,5
656900510068337946,396005614,Queens,South Ozone Park,40.67019432055332,-73.79837683199158,Entire home/apt,115,2,11,1,69,11
656984227698035180,98047,Manhattan,Harlem,40.807116608529455,-73.94822635838078,Entire home/apt,257,2,1,1,136,1
657836649849238363,288162140,Queens,Springfield Gardens,40.66369486584708,-73.75057533172323,Entire home/apt,443,2,5,2,353,5
657876582722613732,184619260,Brooklyn,Greenpoint,40.724331199275696,-73.94676333518639,Private room,81,1,14,5,2,14
657878384573950128,458349523,Bronx,Parkchester,40.83962956018016,-73.86584859341383,Private room,99,1,3,1,108,3
658772827164292906,410595519,Manhattan,Hell's Kitchen,40.76090293054309,-73.99039407823308,Private room,124,2,1,1,14,1
657902322110561292,449055086,Manhattan,Harlem,40.82203168696238,-73.95434394560279,Private room,83,2,0,1,341,0
658778407325963223,466434714,Queens,Astoria,40.76460667260636,-73.92301996695119,Entire home/apt,200,2,8,1,148,8
657000280156845270,465997760,Manhattan,East Harlem,40.79628754027589,-73.94654452800751,Private room,130,1,0,1,365,0
657909805694500957,31650939,Manhattan,Upper East Side,40.7834301,-73.94794499999999,Entire home/apt,294,1,4,1,167,4
657007491901880680,465997520,Brooklyn,Bedford-Stuyvesant,40.68293978910383,-73.91906384412421,Entire home/apt,161,3,6,1,284,6
660042195395876548,449796815,Brooklyn,Williamsburg,40.71184917432707,-73.96213330536979,Private room,150,2,1,1,163,1
660051621488370741,6867259,Bronx,Highbridge,40.83194,-73.92927,Entire home/apt,106,3,2,1,351,2
658797762075613569,465132998,Manhattan,Hell's Kitchen,40.7694005925054,-73.99101228537513,Private room,84,5,8,1,83,8
657917648691296082,465723013,Manhattan,Hell's Kitchen,40.76142187312617,-73.99596341561734,Entire home/apt,238,16,0,1,280,0
660052120631955356,299354435,Queens,Rego Park,40.727449,-73.857118,Entire home/apt,104,60,0,1,365,0
660059752908742621,162280872,Manhattan,Lower East Side,40.72027250171499,-73.98618307466901,Entire home/apt,199,30,1,98,326,1
660066753959188521,442517492,Brooklyn,Williamsburg,40.71360966770476,-73.95341405496595,Entire home/apt,595,1,2,2,91,2
660067047419660845,88174473,Manhattan,Upper East Side,40.76950609215154,-73.95933083455355,Entire home/apt,150,30,0,4,330,0
660067658184115017,442517492,Brooklyn,Williamsburg,40.71277920367888,-73.95340901475667,Entire home/apt,382,1,2,2,89,2
660074215293210918,376426580,Brooklyn,Bushwick,40.69306728808081,-73.91037259250879,Private room,67,1,8,4,337,8
657944430602535924,16631545,Manhattan,Upper East Side,40.77665820673803,-73.9491322226406,Entire home/apt,121,30,0,1,271,0
660075349965802081,20952876,Manhattan,East Village,40.7241837,-73.9912212,Entire home/apt,190,30,0,1,102,0
660082095537116529,466759693,Brooklyn,Bushwick,40.694365,-73.9288407,Shared room,72,1,7,1,312,7
660088945328835826,430890809,Bronx,Kingsbridge,40.8728882,-73.8995438,Private room,52,1,10,2,353,10
658799041958565264,466440040,Brooklyn,East Flatbush,40.64694,-73.92549,Private room,55,3,3,5,306,3
658807510004608692,163848078,Manhattan,Financial District,40.70569685392002,-74.00670151048737,Entire home/apt,325,7,0,1,351,0
658823690126144942,466440040,Brooklyn,East Flatbush,40.64850353725544,-73.92557077981387,Private room,51,3,3,5,327,3
658823746785457272,435891723,Bronx,Concourse Village,40.818716402700936,-73.92660591606779,Private room,90,5,0,3,333,0
658840248450586454,436048247,Queens,Queens Village,40.703952,-73.7282713,Entire home/apt,156,1,8,2,84,8
658848884017539502,461085634,Brooklyn,Bedford-Stuyvesant,40.69450891849304,-73.9442511969121,Private room,131,3,4,1,157,4
658852188801289401,20090450,Brooklyn,Bergen Beach,40.6270978,-73.91303549999999,Entire home/apt,289,2,2,1,345,2
658859025878375702,466454290,Brooklyn,Crown Heights,40.670259638106536,-73.92974755776581,Entire home/apt,356,2,11,2,150,11
658859205616485877,466440040,Brooklyn,East Flatbush,40.648279106830245,-73.92531165217079,Private room,57,3,4,5,328,4
658868727440497411,262685334,Queens,Flushing,40.77636,-73.82204,Private room,70,1,6,3,344,6
658871711450780526,88174473,Manhattan,Upper East Side,40.77146425045448,-73.95758870487165,Entire home/apt,150,30,0,4,285,0
658872910949576878,11757212,Brooklyn,Crown Heights,40.66479197732593,-73.93530851481933,Private room,70,2,13,3,248,13
658892870219038525,200239515,Queens,Astoria,40.76210805386327,-73.91834206784964,Private room,48,30,0,158,0,0
658894130729923638,23913296,Manhattan,Midtown,40.75211974332126,-73.9689290907016,Entire home/apt,800,30,0,1,365,0
658912955699416386,1309418,Brooklyn,Carroll Gardens,40.67592093622429,-74.00052626332104,Private room,100,4,1,1,126,1
658925305215675910,451138689,Brooklyn,Crown Heights,40.67184420335917,-73.95754332309345,Private room,94,3,6,2,65,6
657945772316259432,5117939,Brooklyn,Crown Heights,40.673172333110976,-73.91994416049481,Private room,69,10,4,2,3,4
657950950184821882,30101336,Queens,Long Island City,40.74570322787599,-73.95590127525335,Private room,100,60,0,1,311,0
657962221012628823,353345790,Brooklyn,Greenpoint,40.72519908569141,-73.95045897636679,Entire home/apt,599,7,1,1,335,1
657985069638694860,72023980,Brooklyn,Prospect-Lefferts Gardens,40.65955859850641,-73.95948245955425,Entire home/apt,92,30,1,1,68,1
658011271854983395,208955651,Manhattan,Upper West Side,40.78413827449219,-73.97298420379475,Entire home/apt,199,2,4,1,42,4
658038137610452673,37483411,Brooklyn,Crown Heights,40.67632316776304,-73.94121249406513,Entire home/apt,151,2,4,1,100,4
658074690563378679,144490686,Manhattan,Upper West Side,40.795993868857465,-73.97026338674577,Entire home/apt,99,7,1,1,0,1
658977687388635830,267046022,Manhattan,Harlem,40.81635439957196,-73.9437742786645,Entire home/apt,285,4,3,1,139,3
658982022069901918,204855081,Manhattan,East Harlem,40.79967096325326,-73.94226491021544,Entire home/apt,220,1,7,2,320,7
660094903003473499,338765465,Bronx,Wakefield,40.90393923567311,-73.8491744705716,Entire home/apt,103,3,2,2,326,2
660106212193169153,466762506,Manhattan,Washington Heights,40.8587105,-73.9313322,Entire home/apt,95,3,3,1,355,3
660123838015150805,40905570,Brooklyn,Bedford-Stuyvesant,40.6849004018743,-73.95635203736667,Private room,85,7,1,2,55,1
660143703289707879,2097828,Brooklyn,Bedford-Stuyvesant,40.68265849254672,-73.95396597334341,Private room,108,5,2,2,300,2
658141949318201465,466269799,Brooklyn,Bedford-Stuyvesant,40.68661178986975,-73.95704947723102,Entire home/apt,480,5,0,1,249,0
660143787527382049,10419649,Manhattan,Greenwich Village,40.72785283861632,-73.99938028302716,Entire home/apt,2000,1,1,1,69,1
660174448896885591,466789203,Manhattan,Murray Hill,40.747181063750006,-73.9779961981538,Entire home/apt,1493,5,5,1,347,5
659137872073428867,20056779,Queens,Rego Park,40.72409074646964,-73.8565319633449,Entire home/apt,148,2,5,1,154,5
659139831841951546,204704622,Queens,Sunnyside,40.73654328557818,-73.92427876924825,Private room,48,30,0,157,0,0
658199394625575429,440162236,Queens,Astoria,40.766138,-73.92235099999999,Entire home/apt,243,1,3,2,52,3
658248944889963957,354087992,Manhattan,Upper East Side,40.76282469480488,-73.96229628197224,Private room,281,1,0,17,82,0
658273048022814825,2035021,Brooklyn,Crown Heights,40.6678839,-73.9588152,Entire home/apt,275,1,6,4,328,6
658467871334019195,107434423,Manhattan,Upper East Side,40.761182,-73.96527259999999,Entire home/apt,580,31,0,453,341,0
658473651880117447,112909067,Brooklyn,Crown Heights,40.6698108,-73.9564788,Entire home/apt,250,7,1,2,0,1
658476893753152665,107434423,Manhattan,Nolita,40.7223006,-73.9954205,Entire home/apt,283,31,0,453,337,0
658503812592195974,363776653,Manhattan,East Harlem,40.7862249,-73.9428384,Entire home/apt,15000,21,0,1,0,0
659151226526826775,4445616,Manhattan,Hell's Kitchen,40.75593909846866,-73.9981201459839,Entire home/apt,299,7,0,1,0,0
659230581060047271,401202937,Manhattan,Midtown,40.74811138627447,-73.98750945498126,Private room,223,1,2,51,57,2
659250359274334398,196770644,Staten Island,Stapleton,40.6367341,-74.0766671,Entire home/apt,87,2,10,2,281,10
659251938589581896,408059360,Brooklyn,Sunset Park,40.6408204892019,-74.02350376087777,Private room,103,3,1,2,356,1
659260971295206222,462939017,Brooklyn,Prospect-Lefferts Gardens,40.66082352557223,-73.94607237751605,Entire home/apt,218,2,4,1,212,4
659272696529273244,242152267,Manhattan,Hell's Kitchen,40.76660087967332,-73.98710814761398,Entire home/apt,149,30,1,9,322,1
659299895612737116,464551168,Manhattan,Midtown,40.753673776888434,-73.97179733652867,Entire home/apt,920,2,0,1,108,0
659310625338344733,74338125,Manhattan,East Village,40.72873098574511,-73.98674427837084,Private room,129,1,3,9,9,3
659312809290309591,401202937,Manhattan,Midtown,40.74616089041125,-73.98669133018696,Private room,89,1,2,51,54,2
659317229646634106,466560816,Brooklyn,Bedford-Stuyvesant,40.680300199637074,-73.91861601286446,Private room,101,2,3,1,76,3
659318499793428434,466561806,Brooklyn,Brighton Beach,40.57786231633478,-73.96144788047678,Private room,60,1,1,1,207,1
659322704631262798,359903354,Manhattan,Upper East Side,40.77826012944609,-73.95052116839143,Entire home/apt,202,30,0,12,365,0
659341556619965499,26953965,Brooklyn,Williamsburg,40.710378984735534,-73.94361329523895,Private room,95,10,0,2,0,0
659384989823729386,454393,Brooklyn,Windsor Terrace,40.65308643494582,-73.98105593822143,Entire home/apt,600,8,1,1,0,1
660208226472032263,35998113,Manhattan,Upper East Side,40.78121513937853,-73.9467591658866,Shared room,81,2,2,24,171,2
660227166140470759,79923089,Brooklyn,Williamsburg,40.7122565,-73.96625019999999,Entire home/apt,394,3,2,4,295,2
660233033303921932,35998113,Manhattan,Upper East Side,40.7797862132328,-73.94656909627814,Shared room,81,2,1,24,361,1
660239098410047661,35998113,Manhattan,Upper East Side,40.77923352290504,-73.9481087496033,Shared room,80,2,2,24,360,2
660249422858976398,27848,Queens,Jamaica,40.671030035471546,-73.76584729954462,Private room,60,2,3,4,357,3
658519199329026877,417172495,Manhattan,SoHo,40.7237889,-74.0032322,Entire home/apt,1650,1,2,1,66,2
659393656436144881,4372467,Brooklyn,Kensington,40.64570872859788,-73.9780835072582,Entire home/apt,950,6,0,1,101,0
659420459502596346,347502164,Brooklyn,Bushwick,40.7053701,-73.9196092,Entire home/apt,201,10,1,2,314,1
658519253754675353,22541573,Manhattan,Gramercy,40.736247935981424,-73.9876167039554,Entire home/apt,287,30,0,131,233,0
658529788664772401,67895225,Manhattan,Upper East Side,40.76503980979064,-73.97175318783842,Entire home/apt,2800,30,0,1,365,0
659436902579848389,195366524,Brooklyn,Bushwick,40.69945082086232,-73.92702799819718,Entire home/apt,180,2,0,1,190,0
659440385564697083,348328077,Queens,Jamaica,40.7054029,-73.8042602,Entire home/apt,178,2,0,3,236,0
658545811833091501,40482521,Manhattan,Washington Heights,40.838501864573225,-73.94607292935723,Entire home/apt,315,3,10,1,235,10
658562000097439421,243656503,Queens,Queens Village,40.71229467957521,-73.74422470277848,Private room,80,2,1,4,358,1
659476661056857071,21420343,Manhattan,Hell's Kitchen,40.76317255743548,-73.99136166099007,Entire home/apt,350,4,0,1,0,0
658569615081993529,257623201,Brooklyn,Sheepshead Bay,40.60824786209201,-73.95498049925631,Entire home/apt,150,2,3,1,363,3
660284398239867281,342692777,Queens,Astoria,40.76780991565648,-73.92702237042776,Private room,22,1,1,1,69,1
658593485867330859,423873487,Manhattan,Midtown,40.76330526914392,-73.9773757090935,Entire home/apt,193,1,2,44,0,2
658593619913286406,423873487,Manhattan,Midtown,40.76131641096343,-73.97715505278784,Entire home/apt,413,1,5,44,3,5
658608855933833725,243656503,Queens,Queens Village,40.71217848235225,-73.74281897008335,Private room,80,2,2,4,358,2
658610332895310691,466380076,Queens,Briarwood,40.71332503868075,-73.82237557904661,Entire home/apt,380,3,0,1,365,0
658611602028151120,50309871,Brooklyn,Greenpoint,40.72481578089095,-73.94986613105623,Entire home/apt,203,2,9,2,40,9
658612288262009410,243656503,Queens,Queens Village,40.71354026355737,-73.74287131751525,Private room,80,2,4,4,358,4
658613277456312861,445739897,Brooklyn,Crown Heights,40.6725726664849,-73.93353403545724,Entire home/apt,320,3,7,1,289,7
658614686672962952,243656503,Queens,Queens Village,40.71387019293215,-73.74396080424131,Private room,120,2,0,4,344,0
658627186598514911,2653479,Manhattan,Upper West Side,40.803627446849234,-73.96652850214777,Private room,80,2,5,41,65,5
658627538548771993,6097348,Brooklyn,Red Hook,40.68033,-74.00926,Entire home/apt,300,30,0,1,65,0
658637491428335598,2653479,Manhattan,Morningside Heights,40.803861362242586,-73.96424901765872,Private room,80,2,4,41,71,4
658646199502367670,2653479,Manhattan,Morningside Heights,40.80413445209629,-73.96649357558425,Private room,80,3,0,41,27,0
658650661558343649,39371435,Manhattan,Kips Bay,40.73953793076891,-73.98070655460471,Entire home/apt,1550,3,0,6,325,0
658652034156317401,143833762,Manhattan,Financial District,40.70516120392119,-74.00869449287298,Entire home/apt,289,31,0,1,172,0
660299931863349952,10496,Manhattan,Flatiron District,40.74429308230692,-73.99121478653345,Entire home/apt,165,30,0,1,331,0
660299946944611779,5445371,Brooklyn,Flatbush,40.64525,-73.95488,Entire home/apt,187,2,3,1,318,3
659481326380108584,33078570,Manhattan,East Village,40.72890157356661,-73.98277588717845,Entire home/apt,195,30,2,1,120,2
659483103190871635,270372514,Brooklyn,Park Slope,40.6749856716963,-73.9810905468382,Entire home/apt,173,30,0,2,212,0
659501574502888373,52135038,Queens,Jamaica,40.684637910159125,-73.77514116581509,Private room,52,1,8,3,280,8
659524468137662241,466626021,Queens,Maspeth,40.7364632,-73.9021099,Entire home/apt,130,7,0,1,356,0
659528166968284441,2742629,Manhattan,Harlem,40.82920886034034,-73.94135940217315,Private room,82,1,6,2,257,6
659546496785553770,47657014,Queens,Ditmars Steinway,40.77748785389066,-73.9266043431854,Private room,125,3,0,2,285,0
659559070567029472,54122907,Queens,Maspeth,40.72272340069046,-73.89293233031637,Entire home/apt,192,1,0,2,305,0
659582804247950776,18096636,Manhattan,Hell's Kitchen,40.7614804,-73.9986128,Entire home/apt,163,29,0,1,192,0
658653076096158164,2653479,Manhattan,Upper West Side,40.80064231590506,-73.96228798638859,Private room,80,2,3,41,68,3
658655279681508740,446631571,Brooklyn,Bedford-Stuyvesant,40.69969549125344,-73.94019600425793,Entire home/apt,399,1,1,1,63,1
658658419167402439,37808742,Brooklyn,Bushwick,40.69558942298934,-73.92442301076862,Entire home/apt,118,30,1,3,276,1
658666981798220749,2653479,Manhattan,Upper West Side,40.80254653565105,-73.9635804740365,Private room,63,2,1,41,77,1
658671945705674635,2653479,Manhattan,Upper West Side,40.80159610068743,-73.96566215663687,Private room,75,3,0,41,75,0
658675347754865598,2653479,Manhattan,Upper West Side,40.80136712725488,-73.9656882687761,Private room,75,3,0,41,73,0
658677852635965558,2653479,Manhattan,Upper West Side,40.80002428084632,-73.96533622818244,Private room,71,3,0,41,76,0
658680445829252719,162280872,Brooklyn,Greenpoint,40.73475,-73.95616,Entire home/apt,180,30,0,98,311,0
658698666358924862,224047081,Brooklyn,Sea Gate,40.57595868404248,-74.00665090737748,Entire home/apt,145,30,1,12,347,1
658709560659841863,393897747,Manhattan,Upper West Side,40.77895027147928,-73.98299782363756,Entire home/apt,345,3,7,19,353,7
658714517169253069,301194419,Brooklyn,Bedford-Stuyvesant,40.67701,-73.92181,Entire home/apt,229,1,1,4,338,1
661431759690768695,120632955,Queens,Astoria,40.756,-73.91468,Private room,100,3,0,1,177,0
659593160297868153,180128206,Queens,Jamaica,40.69206020652911,-73.80880278413086,Private room,234,1,0,4,104,0
659604683113528369,339083618,Queens,Ditmars Steinway,40.7711,-73.91387,Entire home/apt,185,30,0,3,351,0
659631472910843766,54122907,Queens,Maspeth,40.72301976040845,-73.89205443966911,Entire home/apt,192,2,5,2,335,5
659635520419915942,466440040,Brooklyn,East Flatbush,40.64828681998421,-73.92727623132869,Private room,54,3,3,5,326,3
659639639175633400,396495101,Queens,Jamaica,40.6911237226678,-73.80698198355181,Entire home/apt,66,5,1,2,251,1
659652062491699481,422624029,Manhattan,Washington Heights,40.85278349341844,-73.93203217116618,Private room,120,3,0,4,301,0
659685073878972360,35998113,Manhattan,Upper West Side,40.77826910750191,-73.97603615157134,Shared room,87,2,4,24,14,4
659697111056392622,35998113,Manhattan,Upper West Side,40.77818,-73.97523,Shared room,81,2,6,24,46,6
659701394021127519,35998113,Manhattan,Upper West Side,40.77800606586027,-73.9759584096173,Private room,148,3,6,24,228,6
659710131749152823,35998113,Manhattan,Hell's Kitchen,40.76562971709509,-73.98891753334684,Private room,159,2,1,24,48,1
660310667265628435,8916358,Queens,Ridgewood,40.7088436,-73.9106532,Private room,96,3,2,1,346,2
660325478398193360,204704622,Queens,Woodside,40.7460499784726,-73.89954029227894,Private room,35,30,0,157,0,0
661448870217296346,2955296,Brooklyn,Fort Greene,40.685938215277545,-73.97176755027537,Entire home/apt,154,30,0,1,0,0
659710353698374118,143144982,Brooklyn,Williamsburg,40.71377797027474,-73.955460758061,Entire home/apt,200,2,4,1,190,4
659813590472610860,204704622,Queens,Sunnyside,40.73775,-73.92396,Private room,43,30,0,157,1,0
659830629004758023,204704622,Queens,Sunnyside,40.73638369225486,-73.92543438847557,Private room,39,30,0,157,3,0
661461238891418339,467087651,Brooklyn,Gravesend,40.59601593913341,-73.99484149095052,Entire home/apt,164,1,9,1,349,9
659886517656040548,466700068,Brooklyn,Greenpoint,40.73556562282178,-73.95415966740303,Entire home/apt,136,30,1,1,310,1
659895773898892978,107434423,Brooklyn,Boerum Hill,40.6895315,-73.9910957,Entire home/apt,335,31,0,453,314,0
659898288536040542,107434423,Manhattan,Upper West Side,40.8009069,-73.96954989999999,Entire home/apt,488,31,0,453,308,0
659898672803776629,107434423,Brooklyn,Cobble Hill,40.6880284,-73.99298879999999,Entire home/apt,396,31,0,453,289,0
659898991484098598,107434423,Manhattan,East Village,40.7229867,-73.9830588,Entire home/apt,266,31,0,453,0,0
659925253163610143,466709964,Brooklyn,Bath Beach,40.6039168,-74.0032497,Private room,48,1,17,1,274,17
659962127827331285,264240981,Brooklyn,Cypress Hills,40.681722144140295,-73.88444176583685,Private room,169,5,2,3,337,2
659969149413779138,134370506,Manhattan,Morningside Heights,40.81199028027694,-73.96026695810191,Private room,80,1,2,2,7,2
659981791353395952,397243580,Brooklyn,Bedford-Stuyvesant,40.68403142397288,-73.92098186793602,Private room,76,2,4,3,342,4
660334615512372627,466828661,Manhattan,Kips Bay,40.7420626,-73.981481,Entire home/apt,207,3,1,1,0,1
660348429997264887,200239515,Queens,Woodside,40.74139,-73.8978,Private room,39,30,0,158,0,0
660439600344856604,200239515,Queens,Woodside,40.74097151514022,-73.89639787716268,Private room,37,30,0,158,31,0
660449497312289132,324429663,Manhattan,Upper West Side,40.79820295902224,-73.9624744299964,Entire home/apt,399,2,7,1,320,7
660468074010524274,37918574,Brooklyn,Williamsburg,40.71514264464402,-73.95670386395206,Entire home/apt,400,2,4,3,241,4
660554727223970407,461544669,Brooklyn,Canarsie,40.6356972668889,-73.90985575325726,Private room,48,2,3,2,359,3
660621871798289009,444425761,Manhattan,Upper West Side,40.7829214783294,-73.97784523665905,Entire home/apt,216,1,3,2,323,3
660640792226824250,460051201,Manhattan,Upper East Side,40.7838,-73.95413,Entire home/apt,460,10,8,3,143,8
661463333589257546,182363374,Queens,Long Island City,40.750383133409365,-73.94375782084447,Private room,116,5,0,6,274,0
661472516762908119,359903354,Brooklyn,Bedford-Stuyvesant,40.68001,-73.94326,Entire home/apt,1343,2,1,12,346,1
661479822799553764,177038905,Brooklyn,Bedford-Stuyvesant,40.68456144969959,-73.92009843916175,Entire home/apt,250,5,0,5,314,0
661484846516558905,366584539,Manhattan,Harlem,40.8174149540932,-73.94015756495149,Shared room,53,30,0,2,70,0
661488416308352282,359903354,Manhattan,Theater District,40.75790743683134,-73.98788487982661,Entire home/apt,1893,2,4,12,320,4
661488819706796795,359903354,Manhattan,Greenwich Village,40.73315710594008,-73.99326351073957,Entire home/apt,1586,2,4,12,313,4
661503191422196747,359903354,Manhattan,Kips Bay,40.74311806616632,-73.98177695765283,Entire home/apt,1586,2,6,12,320,6
661507166274157667,467100540,Queens,St. Albans,40.700329,-73.751537,Entire home/apt,299,2,6,2,348,6
660645047444775206,466889396,Brooklyn,East New York,40.6616572280879,-73.88776306028481,Entire home/apt,191,1,4,1,365,4
660679787049260741,364844663,Brooklyn,Clinton Hill,40.68574103914053,-73.96040551364422,Entire home/apt,315,7,1,5,266,1
659996379083766084,466637341,Manhattan,Chelsea,40.74179,-74.00053,Entire home/apt,588,2,6,1,324,6
659997673906063358,371008926,Brooklyn,East New York,40.6721342,-73.8926364,Entire home/apt,85,30,1,6,362,1
659999529265205408,9420221,Manhattan,Upper East Side,40.76933872730245,-73.95839706681812,Entire home/apt,350,30,0,2,364,0
661515710845419720,27074021,Brooklyn,Brooklyn Heights,40.7001854,-73.992897,Entire home/apt,450,14,0,1,0,0
660001821937508996,68832194,Manhattan,Lower East Side,40.72015610656925,-73.98149895165082,Entire home/apt,315,3,3,1,0,3
660684606663775766,177199785,Queens,Jamaica,40.7054029,-73.8042602,Entire home/apt,141,2,1,1,249,1
660699647343971293,365342297,Brooklyn,Sunset Park,40.642215153991664,-74.00706712796394,Shared room,39,3,3,6,78,3
661531039963136417,465891299,Manhattan,SoHo,40.72085684485042,-74.00263107178763,Entire home/apt,2386,3,0,9,357,0
661534450754921941,262570325,Manhattan,Hell's Kitchen,40.75860951796518,-73.99175599220656,Entire home/apt,351,3,1,5,313,1
661548038504969448,467100540,Queens,St. Albans,40.6993226516474,-73.75109597960959,Entire home/apt,120,2,5,2,351,5
661552460178932280,162280872,Brooklyn,Greenpoint,40.732687742025874,-73.95513217040867,Entire home/apt,170,30,0,98,297,0
661565637855258027,466728046,Manhattan,Harlem,40.80533430907715,-73.95573156932555,Entire home/apt,140,16,0,1,191,0
661570164344824007,414121196,Manhattan,Upper East Side,40.77013846035641,-73.95243392897764,Entire home/apt,272,3,0,4,32,0
661571589480416747,162280872,Brooklyn,Greenpoint,40.7332954357775,-73.95680121740227,Entire home/apt,300,30,0,98,335,0
661581052243118096,435772116,Brooklyn,East Flatbush,40.65312524324282,-73.93778600024592,Private room,69,2,0,2,345,0
661582521798525657,416756899,Manhattan,Upper East Side,40.78260310997535,-73.94806597267947,Entire home/apt,88,30,0,1,313,0
660770333689907889,466927026,Brooklyn,Bushwick,40.6993731,-73.9203442,Private room,125,1,0,1,330,0
660801366565819095,6143272,Brooklyn,Williamsburg,40.7154879,-73.9403313,Private room,125,1,5,1,143,5
660806119289637869,31147377,Manhattan,East Village,40.72812779724866,-73.98410769976503,Entire home/apt,100,4,1,1,26,1
660817027795540122,347719349,Bronx,Van Nest,40.84800432388659,-73.86349998414516,Entire home/apt,282,1,0,4,66,0
660004630732222303,466726792,Brooklyn,Williamsburg,40.7089797,-73.9604353,Entire home/apt,155,6,1,1,0,1
660036745649185287,466743476,Manhattan,Upper East Side,40.76724100000001,-73.9530472,Entire home/apt,150,30,2,1,346,2
660041386479947620,454029808,Bronx,Baychester,40.87027519999999,-73.8386786,Entire home/apt,110,1,8,3,360,8
661628314206109043,407479321,Manhattan,Upper West Side,40.7771454427406,-73.97875862303668,Entire home/apt,974,2,0,11,362,0
661630205577243354,356380817,Queens,Ditmars Steinway,40.780958033337896,-73.91841854900122,Entire home/apt,198,1,6,2,316,6
661642014106955446,407479321,Manhattan,Upper West Side,40.776731654758365,-73.98059322034652,Entire home/apt,1073,2,0,11,303,0
661644541337706654,463406573,Manhattan,Financial District,40.70837429057395,-74.00536752312337,Entire home/apt,180,7,1,1,13,1
661654644870337577,1214161,Brooklyn,Bedford-Stuyvesant,40.68081987818339,-73.95251088830798,Private room,120,2,6,1,119,6
661672581305036764,386813366,Queens,Springfield Gardens,40.687211817707656,-73.75702806071662,Entire home/apt,350,2,5,1,359,5
662874197209992534,363152304,Brooklyn,Bushwick,40.69912630147594,-73.93066670272292,Entire home/apt,175,3,0,1,151,0
660832731555176270,454171282,Manhattan,Harlem,40.82814372964995,-73.94656690138311,Entire home/apt,82,2,3,1,256,3
661706684975350438,52339704,Queens,Ditmars Steinway,40.77170793660406,-73.90373139796891,Entire home/apt,195,5,5,1,285,5
660860461255630595,136729912,Manhattan,East Village,40.72428799083953,-73.97916354238987,Entire home/apt,1000,3,0,1,79,0
660878177372429228,1609077,Queens,Forest Hills,40.71772799945638,-73.85358864008069,Private room,238,1,1,5,365,1
660919697449350628,437907616,Bronx,Tremont,40.84329028386168,-73.89188879660298,Entire home/apt,171,1,1,2,23,1
662885171324701891,200587972,Brooklyn,Flatlands,40.61942683685661,-73.92695628102281,Entire home/apt,90,2,8,1,362,8
662898627131024459,8110430,Brooklyn,Bedford-Stuyvesant,40.68603272248712,-73.92828694909929,Entire home/apt,125,2,3,1,179,3
661714979788325740,277844755,Manhattan,Upper East Side,40.783317201436944,-73.95264742864056,Entire home/apt,399,30,3,1,142,3
662908139346389329,47729727,Manhattan,Harlem,40.80018271035337,-73.95244900599505,Private room,254,2,0,1,365,0
662918883547539852,102367981,Queens,Jamaica,40.70044417010254,-73.78359896725922,Private room,46,21,0,2,90,0
660931789151505829,466975236,Brooklyn,Gowanus,40.66941079347178,-73.99084655282095,Entire home/apt,325,3,2,3,365,2
660936593174318686,4660258,Brooklyn,Bedford-Stuyvesant,40.68999685996505,-73.94238795160125,Private room,110,3,1,1,38,1
661730417858478185,191552674,Queens,Long Island City,40.75306,-73.93447,Private room,100,3,1,1,221,1
660940560060861896,466978296,Manhattan,East Village,40.72499,-73.98485,Entire home/apt,498,1,1,1,289,1
660946157543758102,35998113,Manhattan,Upper East Side,40.78133,-73.9473,Shared room,82,2,5,24,361,5
660966929981594936,35998113,Manhattan,Upper West Side,40.80165427036631,-73.96452786596468,Shared room,76,2,2,24,81,2
660980268359466194,76816045,Manhattan,Washington Heights,40.84971978661057,-73.93895924091339,Entire home/apt,275,2,6,1,135,6
660983764605365495,29278028,Manhattan,Upper East Side,40.77749000367266,-73.95713916380213,Private room,235,1,0,5,273,0
660991391508977613,466989452,Bronx,Longwood,40.815813092365794,-73.898879823147,Entire home/apt,223,1,6,3,339,6
660997457696863495,435081213,Queens,Astoria,40.76887076482475,-73.93207868622252,Entire home/apt,399,4,1,4,361,1
660999142050701430,94503617,Manhattan,Financial District,40.710212149871765,-74.00539965240793,Entire home/apt,296,1,1,1,351,1
661008051144135919,196247979,Brooklyn,Brooklyn Heights,40.6931707,-73.9987297,Entire home/apt,226,2,15,1,193,15
661021555110724066,35998113,Manhattan,Upper West Side,40.802226406063085,-73.96626843961893,Shared room,79,2,3,24,358,3
661043700795919960,465891299,Manhattan,Chelsea,40.74339302990712,-74.00651194052828,Entire home/apt,2000,1,1,9,335,1
662933351126303572,61064792,Queens,Forest Hills,40.72104,-73.84298,Entire home/apt,145,7,0,1,334,0
662976577233008949,243267345,Brooklyn,Bedford-Stuyvesant,40.67684611305894,-73.91672231566643,Entire home/apt,360,3,0,3,337,0
661760129458252508,137280131,Manhattan,Upper West Side,40.7827625528368,-73.97400987895855,Entire home/apt,424,30,1,1,67,1
661761693245194085,45400201,Queens,Flushing,40.75971971046343,-73.81527018887778,Private room,145,1,6,4,26,6
661781799902754847,467169085,Brooklyn,Bedford-Stuyvesant,40.68477,-73.95486,Entire home/apt,221,9,0,1,203,0
661047626577487909,97575855,Brooklyn,Bushwick,40.70032302023328,-73.92989710108859,Entire home/apt,250,30,1,1,362,1
661051689303484701,215759678,Queens,Jamaica Estates,40.72186988725483,-73.79827391534424,Private room,49,30,1,12,340,1
661054433108011663,298533088,Queens,Richmond Hill,40.690219,-73.832112,Private room,75,3,1,1,338,1
661071262799520193,328859297,Brooklyn,Flatbush,40.644487713543725,-73.96468526780788,Entire home/apt,183,1,0,2,218,0
661072300808739106,215759678,Queens,Jamaica Estates,40.72052133193342,-73.79848270152432,Private room,49,30,0,12,356,0
661082174673264411,215759678,Queens,Jamaica Estates,40.72247877253404,-73.79756335457442,Private room,49,30,0,12,289,0
661108005096488847,35998113,Manhattan,Upper West Side,40.80238554354802,-73.96460308198009,Shared room,79,2,3,24,348,3
661782930987139565,467168751,Brooklyn,East Flatbush,40.66189164861113,-73.92147890250133,Entire home/apt,160,3,4,1,364,4
661826445485244545,4028286,Brooklyn,Bath Beach,40.60113107539752,-73.99602786703855,Entire home/apt,77,1,11,1,232,11
661847236783361254,6725061,Brooklyn,Crown Heights,40.67769720801322,-73.95139697276151,Entire home/apt,201,3,1,2,57,1
661896428734666790,396973673,Brooklyn,Bedford-Stuyvesant,40.68014490979918,-73.91211446685118,Private room,61,1,2,5,318,2
661916848763475970,396973673,Brooklyn,Bedford-Stuyvesant,40.680111541074766,-73.91251785490128,Private room,49,1,4,5,302,4
661924783522303099,396973673,Brooklyn,Bedford-Stuyvesant,40.67987,-73.91387,Private room,45,1,7,5,340,7
662063327484232228,111158974,Manhattan,Greenwich Village,40.7325053574185,-73.99756238902927,Entire home/apt,850,30,0,2,365,0
662115976205142521,257541,Brooklyn,Bedford-Stuyvesant,40.6917819864188,-73.96025832742453,Private room,110,1,0,2,2,0
662152571212047107,238730320,Brooklyn,South Slope,40.6606056,-73.9843229,Entire home/apt,700,3,2,1,109,2
662153051563479907,33254962,Brooklyn,Bushwick,40.6919105,-73.90770410000002,Entire home/apt,500,6,0,1,32,0
662159384812823422,199419170,Brooklyn,Sunset Park,40.6631858,-73.9938611,Private room,99,1,1,2,68,1
661124761175705523,11135038,Manhattan,Greenwich Village,40.7348638,-73.99839469999999,Entire home/apt,696,30,1,1,233,1
663003584660190701,467452423,Brooklyn,Crown Heights,40.67339885812642,-73.93738363138488,Private room,90,30,0,1,354,0
662159421041301665,130350276,Manhattan,Hell's Kitchen,40.76176,-74.00036,Entire home/apt,250,5,1,1,67,1
663012019729616582,244831991,Brooklyn,Williamsburg,40.71122975075083,-73.95668086137697,Private room,135,2,0,1,284,0
663051010733596682,269311516,Manhattan,Washington Heights,40.8360441,-73.94502899999999,Entire home/apt,199,30,1,2,311,1
663058544226787579,63162150,Queens,Rosedale,40.66260015067156,-73.74634406318701,Entire home/apt,230,2,5,1,170,5
663062527918487613,429826037,Brooklyn,East New York,40.67540344144444,-73.89301298348539,Private room,40,30,1,12,295,1
663085220369453529,242152267,Manhattan,Midtown,40.75559160133634,-73.98227279229667,Entire home/apt,256,5,2,9,129,2
663097048382917998,467482767,Queens,Astoria,40.763812,-73.920878,Private room,67,1,7,1,35,7
661147139425587430,467008899,Queens,Jamaica,40.6818969,-73.7998724,Entire home/apt,109,1,21,1,330,21
661149465260974604,200239515,Queens,Woodside,40.74461034668917,-73.89203684529753,Private room,32,30,0,158,0,0
661179690388954660,35998113,Manhattan,Morningside Heights,40.803796188395566,-73.96531230319678,Shared room,84,2,0,24,79,0
661181596167140366,467026948,Manhattan,East Harlem,40.7954076826486,-73.94896404028508,Private room,129,1,24,5,330,24
661181826586737714,454333811,Brooklyn,Williamsburg,40.71796057883575,-73.95720079010206,Entire home/apt,332,5,3,6,2,3
661187202843081234,35998113,Manhattan,Upper West Side,40.802060518032135,-73.96461055313164,Shared room,79,2,2,24,130,2
661201503010462641,35998113,Manhattan,Upper West Side,40.80360246532041,-73.96588945774413,Shared room,82,2,1,24,98,1
661211648095234006,35998113,Manhattan,Upper East Side,40.780758552616646,-73.9468124678971,Shared room,82,2,4,24,136,4
662169111240753946,3223938,Brooklyn,Bedford-Stuyvesant,40.68666326580141,-73.95426248247215,Private room,38,90,0,288,311,0
662173490477282703,56517700,Queens,Rockaway Beach,40.588136821613055,-73.81643903494471,Entire home/apt,275,3,9,2,352,9
661259653792401862,186931154,Manhattan,Battery Park City,40.7112473,-74.0176642,Entire home/apt,249,1,5,1,5,5
661294771272530916,61042,Manhattan,East Harlem,40.7991,-73.94309,Private room,52,5,6,7,0,6
661350056879699159,16480700,Manhattan,Harlem,40.8194404460138,-73.95390216261148,Entire home/apt,261,1,4,12,334,4
661366250067210320,465353472,Bronx,Highbridge,40.84301508072764,-73.92533323691535,Private room,75,1,0,2,361,0
661370083140258669,393897747,Manhattan,Upper East Side,40.78010616973926,-73.95217504361021,Entire home/apt,321,3,7,19,348,7
661377678173654568,196507406,Queens,Kew Gardens Hills,40.7342516,-73.8228314,Private room,98,1,0,2,363,0
661404047684581697,121578156,Staten Island,Tottenville,40.50031443485432,-74.23913564532995,Entire home/apt,105,2,11,1,345,11
661414349506912943,134230136,Bronx,Soundview,40.822338608200425,-73.87698546020071,Entire home/apt,115,3,4,1,351,4
664426437599786593,88174473,Manhattan,Upper East Side,40.77102756906679,-73.95912372407632,Entire home/apt,150,30,0,4,302,0
664442892778039907,81954660,Manhattan,Tribeca,40.71611214148099,-74.00489397349988,Entire home/apt,250,5,0,1,186,0
662177228550869387,56517700,Queens,Rockaway Beach,40.588053918421465,-73.81502898397149,Entire home/apt,279,3,5,2,355,5
662178050237014306,305387117,Manhattan,Midtown,40.764656694065664,-73.9749713170379,Shared room,165,7,0,6,350,0
662194644295415176,10149317,Queens,Kew Gardens,40.71020956563424,-73.82873989641666,Private room,72,7,4,12,327,4
662214912684522596,16190490,Queens,Forest Hills,40.709725,-73.848867,Private room,99,1,1,1,0,1
664474319702427128,78953413,Queens,Forest Hills,40.73047,-73.8520283,Entire home/apt,124,5,2,1,46,2
664475916141315459,10789331,Brooklyn,Clinton Hill,40.69190514469982,-73.96563637648265,Private room,86,4,3,2,8,3
664481349127060780,370170848,Manhattan,West Village,40.73700403554283,-74.0022893344198,Entire home/apt,300,1,4,1,253,4
664497748383780160,335920793,Queens,Sunnyside,40.7374033400132,-73.92535034484756,Private room,100,1,2,2,355,2
664550060520452589,110127852,Queens,Springfield Gardens,40.6640786,-73.75406029999999,Private room,53,30,0,2,340,0
663098653530866398,56138849,Manhattan,Chelsea,40.74430975474133,-74.00486374661273,Private room,150,2,9,1,245,9
663102965249551216,499232,Manhattan,Chelsea,40.73824749569832,-73.99165114981126,Entire home/apt,600,30,0,1,346,0
662225821326078046,467249780,Queens,Richmond Hill,40.681421141127664,-73.82324996261124,Entire home/apt,137,1,13,1,299,13
662228376629339144,6754000,Brooklyn,Fort Greene,40.68855278255789,-73.96980872451903,Entire home/apt,150,1,3,1,0,3
662241419537327911,36530979,Manhattan,Upper East Side,40.76252,-73.95909,Entire home/apt,200,30,2,1,159,2
662294145410750636,467284117,Manhattan,Hell's Kitchen,40.76468954948274,-73.99064723089126,Entire home/apt,736,2,5,3,110,5
663185874925783688,133544264,Manhattan,Hell's Kitchen,40.76794882830516,-73.98772188973308,Private room,120,3,6,1,295,6
663187799694348640,467502816,Brooklyn,Kensington,40.63186567046451,-73.97203382036864,Entire home/apt,149,2,8,1,307,8
663211121850494840,414121196,Manhattan,East Harlem,40.79263,-73.94518,Entire home/apt,275,3,2,4,76,2
663228880421774069,414121196,Manhattan,Upper East Side,40.76813965086862,-73.95121859215482,Entire home/apt,269,3,0,4,304,0
664559158567139161,467855405,Queens,College Point,40.7857207,-73.8381617,Private room,71,1,14,2,79,14
664572843276859586,60181417,Manhattan,Washington Heights,40.850975113045,-73.93966100252017,Entire home/apt,76,30,0,1,218,0
664579373936408809,114178652,Brooklyn,Bedford-Stuyvesant,40.68482,-73.94549,Entire home/apt,110,30,0,3,332,0
664588338355075720,463254178,Manhattan,Tribeca,40.71575890891105,-74.00705127982722,Entire home/apt,900,3,1,1,331,1
662309846474865634,331185230,Manhattan,Upper East Side,40.77564445834241,-73.95508419192142,Entire home/apt,286,30,3,10,1,3
662310643333251881,467284117,Manhattan,Hell's Kitchen,40.763567654619806,-73.98879726976145,Entire home/apt,534,2,7,3,107,7
662322788447968968,467292475,Manhattan,Hell's Kitchen,40.75967377910595,-73.99404722478079,Entire home/apt,436,4,6,2,238,6
663235803215803802,321519461,Manhattan,Washington Heights,40.8532205,-73.9349259,Entire home/apt,1800,30,0,1,365,0
662322807381323149,365869902,Brooklyn,Sunset Park,40.646354,-74.01739599999999,Private room,80,1,7,1,355,7
663250765472713573,467516236,Brooklyn,Bushwick,40.6898477,-73.9090739,Private room,75,2,0,1,90,0
663325718823816450,189105696,Queens,Arverne,40.5983558,-73.80028700000001,Private room,60,1,6,1,337,6
664597145686522665,13956097,Brooklyn,Williamsburg,40.7067887,-73.9599764,Entire home/apt,160,3,1,1,0,1
664613694451249773,28576665,Brooklyn,Bedford-Stuyvesant,40.69310251760501,-73.93608156861849,Private room,92,2,4,4,0,4
664633132220977386,24580977,Staten Island,Tompkinsville,40.63438946827837,-74.08924284780458,Entire home/apt,125,1,7,2,351,7
664636470226614123,61869813,Manhattan,Lower East Side,40.7193331,-73.98946289999999,Entire home/apt,1100,3,4,1,58,4
662322989507205700,467284117,Manhattan,Hell's Kitchen,40.76318501756544,-73.99010666519864,Entire home/apt,363,2,5,3,86,5
662332468079082739,354087992,Manhattan,Midtown,40.76273534704913,-73.97484833837228,Private room,257,1,0,17,76,0
662333562981472345,461257467,Queens,Forest Hills,40.72936954245111,-73.85137075690177,Entire home/apt,170,5,1,2,0,1
662347282607980158,103907184,Queens,Astoria,40.7710508886621,-73.92265038570557,Private room,65,1,10,2,312,10
663421531773539484,127203228,Queens,Long Island City,40.7452652,-73.95234219999999,Private room,657,1,0,3,212,0
663437294770164180,127203228,Queens,Long Island City,40.7450333752172,-73.95242393016815,Private room,243,1,1,3,178,1
663462486265273915,11263163,Manhattan,Little Italy,40.7179112,-73.99886529999999,Entire home/apt,499,2,0,1,0,0
663466518096851722,127203228,Queens,Long Island City,40.74502270669454,-73.95230256021023,Entire home/apt,1500,1,0,3,210,0
662389887490839031,467308846,Bronx,Belmont,40.852895495928,-73.88303611802903,Private room,150,1,0,1,365,0
663541730932599514,467573655,Queens,Rosedale,40.661059441620246,-73.74625357543886,Entire home/apt,310,30,0,1,365,0
663564780844104633,359638834,Manhattan,Chelsea,40.74767952129017,-73.99139068309887,Private room,1000,1,0,11,365,0
664636711297826137,71381787,Brooklyn,Bedford-Stuyvesant,40.68346,-73.93952,Entire home/apt,486,2,6,1,296,6
664653135380399111,34389449,Brooklyn,Williamsburg,40.707685347013424,-73.94876003265381,Entire home/apt,250,30,0,1,89,0
664663042420665528,50002645,Manhattan,Harlem,40.823468062336765,-73.95088171653391,Private room,74,1,0,1,255,0
664694591822392295,431183293,Queens,Astoria,40.76461816477623,-73.91424575800193,Private room,86,1,0,4,239,0
664715283231329590,84607966,Queens,East Elmhurst,40.75849128329937,-73.90002951113935,Private room,85,30,1,4,158,1
664846201351021106,180712863,Brooklyn,Flatbush,40.63616966223192,-73.95197307484112,Private room,140,1,1,4,355,1
664855226303857957,180712863,Brooklyn,Flatbush,40.63625378144853,-73.95183685392813,Private room,132,1,1,4,322,1
662407501503265042,37918574,Brooklyn,Williamsburg,40.7143024836372,-73.95486753129673,Private room,140,6,1,3,268,1
662411295510300164,157870939,Brooklyn,Bushwick,40.68936780863478,-73.91763758041317,Private room,55,3,3,5,342,3
662415250844085811,35998113,Manhattan,Hell's Kitchen,40.763814190016255,-73.9893227730865,Shared room,86,2,3,24,73,3
662436131383770265,315952485,Manhattan,Upper East Side,40.77311022684268,-73.94859621678651,Entire home/apt,217,1,1,1,0,1
664918277781902061,256610276,Queens,St. Albans,40.69335397718877,-73.76481283262831,Entire home/apt,295,2,1,4,362,1
665014343720866498,359638834,Manhattan,Chelsea,40.7499235953368,-73.99763098656565,Private room,1000,1,0,11,365,0
665019468547006640,220629418,Brooklyn,Sheepshead Bay,40.60751,-73.9526,Entire home/apt,625,1,3,5,365,3
662443298524474080,35998113,Manhattan,Hell's Kitchen,40.76534922871441,-73.98949624694299,Shared room,81,2,5,24,31,5
662464819454651335,3116219,Brooklyn,Bedford-Stuyvesant,40.69344175910029,-73.94393270658158,Private room,155,5,1,1,68,1
662467545468550130,467323957,Manhattan,Harlem,40.80080736055319,-73.95226980506519,Entire home/apt,200,2,7,1,304,7
665062600290394224,247713791,Brooklyn,Flatbush,40.65140529576405,-73.96041169602641,Entire home/apt,250,6,2,1,157,2
662468221101298052,32309813,Queens,Long Island City,40.76028011724064,-73.93270567106823,Private room,91,1,10,1,334,10
662476563593526428,465891299,Manhattan,Nolita,40.7227270406982,-73.99487719600769,Entire home/apt,2257,1,2,9,350,2
662541248772588802,467026948,Manhattan,East Harlem,40.79514,-73.94864,Private room,126,1,15,5,339,15
662600150405199984,388024070,Manhattan,Upper East Side,40.78136122725727,-73.95117004088338,Entire home/apt,299,30,1,2,173,1
662651883061633593,359638834,Manhattan,Theater District,40.757496251809926,-73.98447666993754,Private room,1000,1,0,11,361,0
662719849289901468,10428298,Manhattan,Chelsea,40.73789191869589,-73.99533822287887,Entire home/apt,215,14,0,2,268,0
662721343804302750,184653310,Manhattan,Midtown,40.75836842951734,-73.97903019391346,Entire home/apt,600,30,0,1,365,0
662764428912825071,394849063,Queens,Richmond Hill,40.69604960175861,-73.81519593796648,Private room,88,1,1,1,365,1
665068467650935738,374993676,Staten Island,New Dorp Beach,40.56384902051308,-74.09874350097706,Entire home/apt,236,3,5,1,328,5
663577471708115971,466163768,Queens,Astoria,40.75814550017605,-73.92728311908488,Entire home/apt,315,4,0,1,338,0
663584013023328935,1495584,Brooklyn,Gowanus,40.681286208243016,-73.98251137438658,Private room,78,2,0,1,0,0
662847725223620732,404355372,Queens,East Elmhurst,40.76625943383471,-73.87291650788669,Private room,80,7,1,4,69,1
662854742004200367,79260308,Manhattan,West Village,40.7310514998668,-74.00242192974945,Entire home/apt,289,2,4,1,0,4
663587487608376694,436204978,Brooklyn,Bedford-Stuyvesant,40.69594,-73.94049,Entire home/apt,187,7,3,1,250,3
662862067102397085,18511925,Queens,Jamaica,40.6799581766715,-73.78966806860299,Entire home/apt,165,1,9,1,333,9
663594539018776115,467230246,Manhattan,Midtown,40.75273687460948,-73.97263060370483,Entire home/apt,350,3,0,1,3,0
663613316604002233,3223938,Brooklyn,Bay Ridge,40.62764,-74.02502,Private room,36,90,0,288,264,0
663619511043068535,467596753,Manhattan,Chelsea,40.74925887794622,-73.99521030892708,Entire home/apt,215,1,1,1,230,1
663621928284719005,3223938,Brooklyn,Bushwick,40.68958158462711,-73.91897104163493,Private room,35,90,0,288,252,0
663649634317192434,2867137,Manhattan,Upper East Side,40.76961392824978,-73.95441003121681,Entire home/apt,159,30,0,73,260,0
663661046898264149,461769511,Bronx,Fordham,40.853756221739125,-73.8997542388851,Private room,75,2,5,3,66,5
663680453153692816,461848161,Manhattan,Murray Hill,40.74891,-73.97637,Entire home/apt,171,10,1,3,281,1
663680530591259987,390939824,Queens,Queens Village,40.705287774072886,-73.74925816581529,Private room,56,1,15,3,350,15
665074659334493390,467975030,Brooklyn,Canarsie,40.6406686,-73.894198,Entire home/apt,140,2,2,1,77,2
662873794951983808,424060182,Brooklyn,Bedford-Stuyvesant,40.68057262319504,-73.92886027446667,Entire home/apt,168,3,2,1,314,2
665096684159385562,26901061,Brooklyn,East Flatbush,40.65063731479617,-73.94858208629113,Entire home/apt,159,1,3,1,116,3
665104871735166087,180128206,Queens,Jamaica,40.69267071953824,-73.80835060847023,Private room,270,1,0,4,112,0
665131106883849814,16851857,Bronx,Wakefield,40.89658639383914,-73.85085544119833,Entire home/apt,75,3,4,10,358,4
665138527790480004,467996701,Queens,Ridgewood,40.71131949999999,-73.9082014,Private room,109,1,5,5,351,5
665970005790373754,177076807,Queens,Astoria,40.75809635544853,-73.91126171999953,Private room,99,1,1,1,344,1
665155739264522696,96589640,Manhattan,Inwood,40.86515995138548,-73.92883696190022,Entire home/apt,93,1,3,3,298,3
665156020477225426,385129361,Manhattan,Upper West Side,40.79572,-73.96186,Entire home/apt,86,30,0,48,335,0
665163726232622938,179805068,Manhattan,Midtown,40.76380418654672,-73.98189411469372,Private room,850,1,0,1,365,0
663680646364920666,467605159,Manhattan,Financial District,40.71109260000001,-74.0056438,Entire home/apt,549,3,1,1,358,1
663681166412033349,433972903,Bronx,Mott Haven,40.81054,-73.92069,Private room,59,7,3,10,111,3
663687259492919305,5735865,Manhattan,Upper East Side,40.77773202341398,-73.95169357958456,Entire home/apt,500,7,1,2,15,1
663697610236716834,464797341,Bronx,Claremont Village,40.84466555442954,-73.90599029202683,Private room,54,3,3,2,355,3
663717093270435604,4140255,Brooklyn,Williamsburg,40.71929062870625,-73.95519799491437,Entire home/apt,248,30,0,1,188,0
663718440837696429,467600659,Manhattan,Harlem,40.818076722465456,-73.95352416673903,Private room,92,1,5,2,326,5
665980631217887084,468168420,Manhattan,Harlem,40.79950955340844,-73.95266942616482,Private room,235,1,3,5,298,3
663745860969758545,457594429,Queens,East Elmhurst,40.76243626406135,-73.88517137743078,Entire home/apt,201,1,12,2,112,12
663748681839344930,67859646,Manhattan,Morningside Heights,40.80803968834226,-73.95798411598624,Private room,135,2,10,2,42,10
663770714305992349,188362851,Queens,Flushing,40.7586023,-73.8127627,Private room,70,1,0,5,300,0
663774622861765379,134599908,Queens,Kew Gardens Hills,40.7224820083844,-73.81372003400506,Entire home/apt,119,1,8,1,343,8
663774998089647664,334376746,Manhattan,Morningside Heights,40.804427354370695,-73.95826825854333,Private room,88,90,0,3,256,0
663799465551424555,303133969,Manhattan,Harlem,40.80452910412712,-73.95783633929528,Private room,89,30,0,3,256,0
663802664162665250,17249370,Brooklyn,Bushwick,40.69422119009646,-73.90932063000962,Private room,188,2,0,2,78,0
663806808523781101,16677326,Manhattan,Chelsea,40.74900146183344,-73.99679037022909,Private room,97,1,9,22,342,9
663812250075043786,371490719,Bronx,Edenwald,40.89267925565124,-73.84132608510033,Private room,53,2,1,2,310,1
663822219256199873,5416971,Brooklyn,Bushwick,40.69660447204144,-73.92993898736744,Entire home/apt,149,2,2,3,127,2
665181323509587015,468011490,Bronx,Allerton,40.86763596300238,-73.85626392430555,Entire home/apt,185,4,2,1,358,2
665184124104252551,178075169,Bronx,Mott Haven,40.81333,-73.91052,Shared room,36,1,1,3,361,1
665194268205617883,426490985,Manhattan,Midtown,40.749663512488304,-73.98656903184806,Entire home/apt,279,1,0,1,108,0
666022943667475224,402187116,Brooklyn,Bedford-Stuyvesant,40.68119037083204,-73.94130435435115,Entire home/apt,155,1,7,6,97,7
665213702896175088,178075169,Bronx,Longwood,40.8138429405868,-73.9097731764161,Private room,49,1,7,3,133,7
665213751339836135,46087238,Queens,Jamaica,40.68812748709143,-73.78800030451067,Private room,60,1,0,2,362,0
665216186202601911,5607925,Bronx,Wakefield,40.8921055,-73.85613339999999,Entire home/apt,111,3,1,1,298,1
665228826022202043,180712863,Brooklyn,East Flatbush,40.637410035790815,-73.94995781512966,Private room,125,2,0,4,320,0
665248840135433297,4667705,Brooklyn,Bushwick,40.69815,-73.92911,Entire home/apt,400,1,0,6,353,0
665261673918293920,219517861,Queens,Long Island City,40.75233668150148,-73.93584895555365,Private room,168,2,3,71,299,3
665267474057394783,804713,Queens,Flushing,40.7566585,-73.8243684,Entire home/apt,130,2,4,1,151,4
665310251744550317,200228248,Brooklyn,Brownsville,40.67277894915892,-73.91066562384367,Private room,66,1,7,1,70,7
665314923670645241,446490301,Manhattan,Harlem,40.813218778032734,-73.95122238983325,Private room,90,3,5,2,62,5
665386470233908924,148993903,Brooklyn,Dyker Heights,40.6245509719612,-74.0080267193519,Entire home/apt,261,3,3,2,355,3
665404376363855660,466989452,Bronx,Longwood,40.81587022591657,-73.9005229855053,Entire home/apt,181,1,1,3,339,1
665409290103351494,467064305,Manhattan,Upper West Side,40.77705712628239,-73.9800463244319,Entire home/apt,186,1,0,2,356,0
665420180500999071,467064305,Manhattan,Upper West Side,40.77633304270683,-73.9789341446308,Entire home/apt,221,1,0,2,336,0
665445242397088302,94048062,Queens,Howard Beach,40.6556073,-73.8289375,Private room,99,2,2,2,316,2
663833807049084185,25906862,Brooklyn,Greenpoint,40.72486,-73.95385,Entire home/apt,200,28,0,1,280,0
663833979768493524,447394100,Brooklyn,Cypress Hills,40.68363931118712,-73.88170478829228,Entire home/apt,159,1,8,1,321,8
663861814756494268,467676796,Brooklyn,Flatlands,40.62476633253021,-73.93870031729467,Entire home/apt,193,2,0,1,79,0
666039859586324230,401937392,Queens,Elmhurst,40.74312215045455,-73.87479543685913,Private room,92,1,0,10,339,0
666061682716722412,460421451,Queens,Arverne,40.59445553168442,-73.80088906169716,Entire home/apt,234,1,2,2,174,2
666083625726162884,6058163,Manhattan,Chelsea,40.745723744899,-74.00315823020337,Entire home/apt,295,3,1,3,317,1
666145625061991141,2039385,Brooklyn,Bushwick,40.70642631755855,-73.92153996772568,Entire home/apt,380,7,0,2,136,0
666145877017266170,391579286,Brooklyn,Crown Heights,40.6728733,-73.9305456,Entire home/apt,367,1,12,1,326,12
666176953190523132,14038931,Queens,Ridgewood,40.70378682966518,-73.90696406482789,Entire home/apt,210,2,5,2,342,5
666211588862291966,348034609,Bronx,Wakefield,40.90110759958864,-73.85836690081464,Private room,186,1,2,6,365,2
666219377240201280,35998113,Manhattan,Hell's Kitchen,40.76408716472529,-73.98963907691396,Shared room,87,2,3,24,33,3
666226475116677145,35998113,Manhattan,Hell's Kitchen,40.7635334624208,-73.98794921988019,Shared room,85,2,2,24,45,2
666240636654933578,467903463,Brooklyn,Crown Heights,40.6794739098213,-73.96006853824001,Entire home/apt,225,1,5,1,346,5
665467630797949607,25020605,Brooklyn,Bushwick,40.68691757061071,-73.91433443528967,Private room,125,2,1,1,87,1
665477078070462717,426952784,Brooklyn,Crown Heights,40.6730628693167,-73.92368984045348,Private room,70,1,5,5,356,5
665477316287882287,90154348,Manhattan,Hell's Kitchen,40.75810076198532,-73.99575169017385,Entire home/apt,999,1,3,1,312,3
665484872133183896,426952784,Brooklyn,Crown Heights,40.67173390390233,-73.92176734553362,Private room,87,1,8,5,341,8
665547789005951718,70055156,Manhattan,Upper East Side,40.76920157981392,-73.94995678921941,Entire home/apt,550,4,0,1,262,0
666452158465930957,27741331,Brooklyn,East Flatbush,40.65757620544069,-73.9208524497984,Private room,40,30,0,6,326,0
666463298776810238,294428595,Brooklyn,Sunset Park,40.64525078562543,-74.00662332131746,Private room,70,1,3,7,333,3
666473632976054468,183178516,Queens,Forest Hills,40.73211920119199,-73.84948548087884,Entire home/apt,174,1,2,6,178,2
666545500293964587,306394,Brooklyn,Bedford-Stuyvesant,40.68213520466604,-73.92012753495405,Entire home/apt,250,4,6,1,94,6
665578275287918016,451612407,Bronx,Claremont Village,40.83763353808413,-73.90215480741954,Entire home/apt,117,1,2,1,361,2
663869599249170505,467679128,Brooklyn,Flatbush,40.65070691480759,-73.95594875836446,Entire home/apt,139,1,1,1,180,1
666546073287471564,455073660,Brooklyn,Greenpoint,40.72312361546888,-73.95201858825214,Entire home/apt,499,6,6,1,258,6
663890705660819270,69413578,Brooklyn,Williamsburg,40.70849738585257,-73.94771313690389,Private room,109,1,8,1,8,8
663895123401330599,77596684,Manhattan,Chelsea,40.75167771870522,-74.00133814006384,Entire home/apt,400,4,2,1,317,2
663960582040303024,23384737,Manhattan,East Village,40.726739470928095,-73.98526024596342,Entire home/apt,197,2,1,1,38,1
665625928128596408,466611558,Queens,Fresh Meadows,40.731633,-73.7840743,Shared room,115,1,0,1,364,0
665646655834815561,107434423,Manhattan,East Village,40.726579,-73.988059,Entire home/apt,301,31,0,453,39,0
665671949504373650,32133182,Brooklyn,Bedford-Stuyvesant,40.6879752636167,-73.94069247847526,Entire home/apt,199,5,1,1,0,1
665683449975313297,215759678,Queens,Jamaica Estates,40.721691,-73.798231,Entire home/apt,69,30,0,12,68,0
665712013136617160,113986628,Brooklyn,Brighton Beach,40.57971,-73.96578,Private room,78,1,3,4,347,3
665725530258522789,466989452,Bronx,Longwood,40.81376356009394,-73.89934823897191,Entire home/apt,136,1,2,3,360,2
666546732549662205,410669633,Brooklyn,East Flatbush,40.6587967376471,-73.92840427413985,Private room,50,25,0,2,258,0
666547785826971806,468346332,Brooklyn,Fort Greene,40.6865967,-73.9722819,Entire home/apt,170,3,1,1,53,1
665776395339192167,42195043,Brooklyn,Williamsburg,40.70966699101734,-73.94039651011228,Entire home/apt,249,4,0,1,8,0
664025086276861220,76035768,Manhattan,Upper East Side,40.76212643156571,-73.96255675041449,Entire home/apt,225,2,1,1,0,1
664054106321011849,87889145,Brooklyn,Canarsie,40.64612671029497,-73.90395212393727,Entire home/apt,134,2,0,2,280,0
666553660571847932,3223938,Queens,Ridgewood,40.70335,-73.90587,Private room,38,90,0,288,365,0
666560642861140834,445356945,Manhattan,Inwood,40.86741138601486,-73.92380269099084,Entire home/apt,150,1,5,1,357,5
664069026786529219,467718253,Brooklyn,Flatbush,40.653165586765695,-73.96123916309452,Entire home/apt,140,1,0,1,356,0
664131650504538216,107434423,Manhattan,Upper West Side,40.7815735,-73.9820628,Entire home/apt,338,31,0,453,217,0
664239200417356163,180277260,Queens,Ozone Park,40.68272943318139,-73.83691615408642,Entire home/apt,100,3,4,4,354,4
664239917270744127,466100091,Brooklyn,East New York,40.67545075170317,-73.87761007553922,Entire home/apt,139,6,5,1,7,5
664255702585134531,412998473,Brooklyn,Fort Greene,40.68626,-73.97586,Entire home/apt,200,2,1,2,76,1
664259217702172797,91138542,Manhattan,Midtown,40.7615027116386,-73.97154252626343,Entire home/apt,550,3,3,1,330,3
664274069003353854,75009670,Bronx,Wakefield,40.89479642420832,-73.85126307606697,Entire home/apt,279,2,3,1,352,3
664296796498884804,467766688,Manhattan,East Harlem,40.7887535,-73.9473969,Entire home/apt,257,3,1,1,266,1
664315034159342817,5615582,Manhattan,Theater District,40.75899125388487,-73.98443203918599,Private room,474,1,0,51,279,0
664332854421803669,12895206,Brooklyn,Greenpoint,40.7376294,-73.9559189,Private room,90,30,0,1,35,0
664333401366689944,465731333,Manhattan,Midtown,40.75407599454628,-73.96978374033193,Entire home/apt,900,2,0,1,67,0
664349231720465362,466152528,Manhattan,East Village,40.72172894988066,-73.97765296734904,Entire home/apt,850,2,0,1,274,0
664357173915207634,215759678,Queens,Jamaica Estates,40.72055369424319,-73.79800993804403,Private room,49,30,0,12,207,0
664360592794137978,157870939,Brooklyn,Bushwick,40.6895006778544,-73.91590111450948,Private room,45,3,2,5,329,2
664375845830898773,335920793,Queens,Sunnyside,40.73909533361878,-73.92482448555286,Private room,150,1,1,2,341,1
664376248847953534,390696881,Brooklyn,Midwood,40.62736663496326,-73.97127040879477,Entire home/apt,209,2,1,1,356,1
664390826805768659,113723310,Manhattan,Upper West Side,40.78506850593363,-73.97444481268252,Entire home/apt,270,30,0,60,310,0
664394089130849883,14368288,Queens,Forest Hills,40.71013,-73.84592,Entire home/apt,200,1,20,1,340,20
664406908114557010,138086216,Brooklyn,Bergen Beach,40.62799737290646,-73.91404653100139,Entire home/apt,125,3,3,5,352,3
665821541040767116,74338412,Brooklyn,Williamsburg,40.71039712581122,-73.95786780864,Private room,114,1,10,1,246,10
665824099468566235,468168420,Manhattan,Harlem,40.8006983580065,-73.95325802508279,Private room,183,1,1,5,334,1
665831705899483796,467237645,Manhattan,Hell's Kitchen,40.75973403011758,-73.99800011648318,Entire home/apt,300,1,5,1,319,5
665834791120281618,468146584,Queens,Flushing,40.7273527,-73.8106833,Entire home/apt,88,1,6,1,98,6
665857667645966460,468168420,Manhattan,Harlem,40.80078663954115,-73.95476382175013,Private room,193,1,4,5,301,4
665870774599511863,305161808,Brooklyn,Bedford-Stuyvesant,40.68762179981663,-73.95630168410008,Private room,80,7,0,11,350,0
665880453779233005,30001439,Brooklyn,Midwood,40.6131281,-73.9445698,Entire home/apt,120,1,5,1,1,5
665881240261196973,468168420,Manhattan,Harlem,40.79996159437516,-73.954801997476,Private room,201,1,6,5,316,6
665884612439914141,305161808,Brooklyn,Bedford-Stuyvesant,40.68546407406013,-73.95644899736388,Private room,85,7,0,11,354,0
665884830841607087,345812978,Brooklyn,Coney Island,40.57708220704093,-74.00269683211151,Entire home/apt,159,1,6,2,362,6
665887203833475575,305161808,Brooklyn,Bedford-Stuyvesant,40.685280448139366,-73.95583663231476,Private room,85,7,0,11,350,0
665901091215990722,468195039,Queens,Glendale,40.70685525553326,-73.87429397399367,Entire home/apt,172,2,1,1,359,1
665901916538011932,392567584,Brooklyn,Clinton Hill,40.68949516296826,-73.96094645342457,Private room,90,7,0,12,346,0
665928263769244265,199339682,Manhattan,West Village,40.73460048124804,-74.00205820601008,Entire home/apt,542,7,1,1,67,1
666604518209434741,267112113,Manhattan,Upper West Side,40.798405751995055,-73.96821610112397,Private room,88,1,11,1,34,11
664418470710681998,14364040,Manhattan,Midtown,40.75759775614693,-73.96990677706471,Entire home/apt,125,30,0,1,2,0
667996491911316200,19688038,Queens,Jackson Heights,40.75414,-73.88246,Entire home/apt,90,1,0,1,108,0
668033346648286684,262685334,Queens,Flushing,40.77647416654919,-73.8217343392375,Private room,130,1,5,3,357,5
666638857784583710,468373885,Brooklyn,Bushwick,40.69193470879644,-73.92519028884335,Entire home/apt,428,4,3,3,46,3
666647240323900209,8288419,Brooklyn,Bay Ridge,40.6366974454279,-74.0253807063692,Private room,43,30,0,3,268,0
666687689202133264,19758179,Brooklyn,Bushwick,40.70070377165276,-73.91441219228706,Entire home/apt,105,30,0,6,335,0
666705065274020115,19758179,Brooklyn,Bushwick,40.70070607735133,-73.91286808097544,Entire home/apt,101,30,0,6,335,0
666710213882459211,6583272,Manhattan,East Village,40.7298946830615,-73.97950189361977,Entire home/apt,235,31,0,3,337,0
666720978502253554,19758179,Brooklyn,Bushwick,40.6990167724596,-73.9138661482007,Entire home/apt,102,30,0,6,342,0
666727779403197328,468394768,Manhattan,Washington Heights,40.85595423387166,-73.93410291759233,Private room,55,1,12,1,73,12
668048211103497353,97707761,Manhattan,Hell's Kitchen,40.757563488428126,-73.99372909118625,Private room,230,1,3,2,0,3
668053326349371094,468373885,Brooklyn,Bedford-Stuyvesant,40.69027130169819,-73.92450772604803,Entire home/apt,442,4,0,3,67,0
668070140358639680,216664991,Brooklyn,Crown Heights,40.67488,-73.94914,Private room,142,7,5,2,308,5
668072542591926094,44002343,Brooklyn,Crown Heights,40.67427747084948,-73.92565445365932,Entire home/apt,200,3,2,1,290,2
668073532542576775,82390466,Queens,College Point,40.78046,-73.84276,Private room,38,1,2,2,267,2
665937856862413383,346197555,Brooklyn,Clinton Hill,40.6890671,-73.9687861,Entire home/apt,299,3,3,1,225,3
665940355853174403,431476577,Brooklyn,Bushwick,40.68865032668523,-73.91862594472425,Shared room,42,90,0,9,359,0
665950577085237220,2653479,Manhattan,Upper West Side,40.80010405445981,-73.96098761688911,Private room,60,30,0,41,65,0
666757974043019449,40511252,Brooklyn,Bedford-Stuyvesant,40.677839,-73.9249896,Private room,130,4,1,3,159,1
666851184773991718,32772480,Queens,Rosedale,40.65627239430034,-73.7292307133326,Entire home/apt,130,5,4,3,151,4
666901236921586557,24576989,Brooklyn,Greenpoint,40.72604223005971,-73.94599873062877,Entire home/apt,215,30,1,1,341,1
665957060402579185,92841026,Brooklyn,Bedford-Stuyvesant,40.68256599590309,-73.9274398893805,Private room,86,3,3,1,151,3
665969160178614841,431476577,Brooklyn,Bedford-Stuyvesant,40.68703072813943,-73.91851949457255,Shared room,42,90,0,9,360,0
669502218484087768,469097275,Queens,Woodside,40.7423,-73.89974,Entire home/apt,145,3,6,1,333,6
666928089924200608,208955740,Bronx,Belmont,40.85420926636627,-73.8940516863742,Entire home/apt,120,30,0,1,365,0
667008795694370811,344320464,Manhattan,Washington Heights,40.84064774074722,-73.94230980817396,Entire home/apt,242,3,5,2,313,5
667070287508491340,137358866,Queens,Woodside,40.74264381381287,-73.9103817526526,Private room,74,30,0,111,311,0
667179817231433913,468288828,Manhattan,West Village,40.73934246779727,-74.00425974892114,Private room,239,16,0,1,317,0
669503915464105190,135295349,Manhattan,Financial District,40.70841,-74.01209,Entire home/apt,321,3,3,1,24,3
669508680185397039,429454632,Brooklyn,Prospect-Lefferts Gardens,40.66220808725473,-73.94233871041494,Private room,72,1,1,17,363,1
669514968467200932,162280872,Manhattan,Hell's Kitchen,40.76156312952056,-73.99248289040207,Entire home/apt,185,30,0,98,290,0
669519510476876049,469102619,Brooklyn,Bushwick,40.688357445282776,-73.91567935536172,Entire home/apt,145,2,4,3,346,4
668101258461944919,468722308,Queens,Sunnyside,40.7445414672143,-73.92038840785013,Entire home/apt,75,30,0,1,311,0
668101492405958388,435821587,Queens,Jamaica,40.68413197789624,-73.7964163248839,Entire home/apt,90,1,2,1,151,2
668103419286991899,73619926,Manhattan,Gramercy,40.73424243370265,-73.98364028684337,Entire home/apt,142,90,0,1,229,0
667180160437617758,468288859,Manhattan,Theater District,40.76098,-73.98686,Entire home/apt,256,16,0,1,365,0
667186154795875476,468117149,Manhattan,Harlem,40.807139504093264,-73.95173413026606,Entire home/apt,212,16,0,1,365,0
668108131605975124,271782977,Manhattan,Lower East Side,40.71853219619685,-73.98536337371362,Entire home/apt,190,2,0,1,68,0
668116367958257757,156316563,Manhattan,Chelsea,40.73759673492045,-73.99519599120659,Entire home/apt,282,1,3,1,263,3
668118771675363706,104655540,Brooklyn,Crown Heights,40.6736092,-73.9396331,Private room,111,1,2,6,72,2
668144560978973072,26734176,Queens,Forest Hills,40.71180322067148,-73.8501503768244,Entire home/apt,140,3,8,1,59,8
669521438432074530,469103084,Brooklyn,Williamsburg,40.70691039140208,-73.95692622781428,Entire home/apt,343,3,0,1,92,0
669528091207981461,460132111,Bronx,Wakefield,40.887570991899246,-73.86437775585068,Entire home/apt,150,1,8,2,349,8
669540391418426932,469110412,Queens,Arverne,40.597020992586174,-73.79650607672119,Entire home/apt,125,1,8,1,278,8
669545181672648148,13788158,Brooklyn,Clinton Hill,40.693960394966574,-73.96975905264533,Entire home/apt,250,30,0,1,156,0
667193462423431721,417548106,Queens,Rockaway Beach,40.58812216183321,-73.81382567375682,Entire home/apt,143,2,4,2,365,4
667197978947029267,468129119,Manhattan,Harlem,40.80461500307091,-73.9480441274227,Entire home/apt,260,16,0,1,365,0
667198707300081803,468129348,Manhattan,Harlem,40.80353369508352,-73.949910001229,Entire home/apt,277,16,0,1,365,0
669557881102346224,17786640,Brooklyn,Bedford-Stuyvesant,40.6899481,-73.9260383,Entire home/apt,200,30,0,1,164,0
668184500955261231,468749236,Queens,Howard Beach,40.66859822072148,-73.85129642712981,Private room,60,1,6,1,43,6
668205245067674442,459136924,Bronx,Mott Haven,40.811997441923474,-73.92178063991453,Private room,60,1,13,3,122,13
667207533562876833,98008,Brooklyn,Williamsburg,40.7090336,-73.9615428,Private room,100,1,4,1,137,4
667222084241289870,468498098,Brooklyn,Bay Ridge,40.63969993614465,-74.03148173660789,Entire home/apt,170,3,0,1,331,0
668222688796842871,21885710,Manhattan,SoHo,40.72531003777493,-74.00900647301636,Entire home/apt,597,3,0,1,298,0
669567528424806086,348962683,Bronx,Allerton,40.858528,-73.86907599999999,Private room,85,2,1,1,333,1
669570364355477841,200287753,Manhattan,Upper West Side,40.787499290419866,-73.97348207990187,Entire home/apt,649,2,2,1,4,2
669583197342625671,131092784,Manhattan,Hell's Kitchen,40.76244828630419,-73.99959889120744,Entire home/apt,715,30,0,1,90,0
669586810357581963,159541257,Queens,Springfield Gardens,40.67942818166259,-73.7608661713962,Entire home/apt,190,2,1,4,364,1
667224474653047894,468273516,Manhattan,Lower East Side,40.71849142187674,-73.97765400101513,Entire home/apt,255,16,0,1,348,0
667240682606691729,422439171,Manhattan,Upper West Side,40.77660449942628,-73.98220183231645,Entire home/apt,419,10,0,1,102,0
669589316075643630,7602098,Manhattan,Nolita,40.72123947362874,-73.99533045297939,Entire home/apt,457,2,3,1,306,3
667254362878307993,331185230,Manhattan,Harlem,40.804306403062334,-73.95716195174283,Private room,104,3,2,10,286,2
667260564999109254,308917048,Staten Island,Arden Heights,40.549946000713526,-74.16788571182833,Entire home/apt,133,2,2,1,313,2
669640922791886057,469141309,Queens,Hollis,40.7112676,-73.7814209,Private room,40,30,0,1,77,0
669641524922502639,44452747,Manhattan,Hell's Kitchen,40.760726702126895,-73.99515439181911,Entire home/apt,225,28,0,1,294,0
668239191485955761,102274565,Brooklyn,Bushwick,40.693166552406815,-73.91637772886929,Entire home/apt,206,8,0,1,99,0
667265678786746287,16677326,Manhattan,Chelsea,40.74826498672733,-73.99446612190488,Private room,91,1,11,22,329,11
667266914137248347,7342104,Brooklyn,Williamsburg,40.7171238,-73.9518307,Entire home/apt,207,30,1,1,195,1
668246733213442620,188839178,Brooklyn,Bedford-Stuyvesant,40.69546961473681,-73.94169257152755,Entire home/apt,176,2,0,1,318,0
667283866988877566,468316207,Manhattan,Upper West Side,40.787058322495646,-73.97411650245334,Entire home/apt,188,16,0,1,346,0
667297110949024048,403045928,Queens,South Ozone Park,40.66777277019675,-73.79704862595743,Entire home/apt,751,1,0,1,365,0
667300848428547721,814594,Brooklyn,South Slope,40.66898649631209,-73.98948278923908,Entire home/apt,550,2,1,1,229,1
668265663179820153,468769212,Queens,Bayside,40.76166840902886,-73.77375593479044,Private room,115,1,9,1,15,9
669654755609064601,54898333,Manhattan,Lower East Side,40.71406,-73.9876398,Entire home/apt,230,7,0,1,1,0
667300987707113732,440447377,Brooklyn,Crown Heights,40.67385,-73.96082,Entire home/apt,200,1,2,1,321,2
667316357375615620,468527022,Manhattan,Chinatown,40.71758635777517,-74.00020124943018,Private room,329,1,32,8,132,32
669700563351618493,63916481,Manhattan,Hell's Kitchen,40.76071715176115,-73.99665349859117,Entire home/apt,150,31,0,1,71,0
668280062400901462,468772723,Brooklyn,East Flatbush,40.65310027188798,-73.91839931530222,Entire home/apt,333,1,0,1,354,0
668291169950403708,36884151,Manhattan,Inwood,40.8635774042822,-73.92842617488719,Entire home/apt,100,14,1,1,249,1
667322847280708223,14495913,Manhattan,East Village,40.72578533674107,-73.99015087634325,Entire home/apt,200,30,1,1,124,1
668295323006622918,446278592,Brooklyn,East Flatbush,40.64136622969131,-73.94396265491253,Entire home/apt,250,30,1,1,180,1
668306085348412545,20318406,Manhattan,Hell's Kitchen,40.76009031018646,-73.99073980734727,Entire home/apt,444,5,2,1,37,2
669708267377194528,469158046,Brooklyn,Bedford-Stuyvesant,40.6838061,-73.92417309999999,Entire home/apt,130,5,6,1,9,6
667327515893076222,374188925,Brooklyn,Bedford-Stuyvesant,40.6936243,-73.9467052,Entire home/apt,270,7,0,1,357,0
669726309815956918,12246186,Bronx,Belmont,40.8537734434943,-73.88361549692824,Private room,100,1,5,4,59,5
669749769406528465,3464148,Brooklyn,Williamsburg,40.71940665186956,-73.9420327277897,Entire home/apt,225,3,6,1,43,6
669815320800223490,449377263,Manhattan,Hell's Kitchen,40.75758,-73.99409,Entire home/apt,611,7,0,4,103,0
669816268738070658,449377263,Manhattan,Hell's Kitchen,40.76397624269712,-73.98706659628914,Entire home/apt,326,5,0,4,76,0
668307222584748827,17085996,Manhattan,Greenwich Village,40.73279435802981,-73.99550501317916,Entire home/apt,248,2,3,1,19,3
668323259840670983,467292475,Manhattan,East Village,40.72617237572855,-73.98658902881563,Entire home/apt,376,4,4,2,218,4
668333813645993242,140623121,Manhattan,East Harlem,40.80783535882855,-73.94038866200219,Private room,200,1,2,3,283,2
668337174613120224,258072,Brooklyn,Bushwick,40.688326599142655,-73.90707045793533,Entire home/apt,126,4,0,3,65,0
668342601996080833,141204556,Brooklyn,Williamsburg,40.71163032583976,-73.96559535050197,Private room,105,2,2,6,316,2
668364704805260416,132356199,Brooklyn,East Flatbush,40.65470789885251,-73.91330696553102,Entire home/apt,160,7,0,2,360,0
668442803344717918,215488365,Brooklyn,Crown Heights,40.67488808694228,-73.93125849289282,Private room,73,1,2,5,27,2
668445080106955968,465330263,Brooklyn,Bushwick,40.68394837535937,-73.908879943192,Private room,107,1,2,3,253,2
668452439101380262,465330263,Brooklyn,Bushwick,40.68502837919949,-73.90929489515204,Private room,110,1,2,3,251,2
668603485799112950,468502696,Manhattan,Upper East Side,40.78309588000008,-73.95223015182282,Entire home/apt,240,16,0,1,349,0
667341502055503795,86396141,Manhattan,Hell's Kitchen,40.76458639157056,-73.98822232094643,Entire home/apt,220,1,4,1,81,4
668644789906973025,2655287,Brooklyn,Greenpoint,40.71931182652212,-73.94844276820001,Entire home/apt,123,30,0,1,71,0
667347787528220620,18586628,Manhattan,East Harlem,40.81309831662041,-73.93610392597492,Private room,83,7,0,2,70,0
669839206458628802,347652020,Manhattan,Harlem,40.8117811437164,-73.95269153732407,Private room,65,5,1,1,249,1
667357956287114991,346903753,Queens,East Elmhurst,40.765501680143565,-73.8770774846222,Private room,93,1,29,3,364,29
667369911760676834,3207348,Brooklyn,Boerum Hill,40.68358,-73.98166,Entire home/apt,395,3,2,1,33,2
669857128942326923,371501812,Manhattan,Murray Hill,40.74835838140177,-73.9727902517092,Private room,119,5,2,1,337,2
668652828869834709,468508223,Manhattan,Hell's Kitchen,40.76143603590419,-73.98936315201476,Entire home/apt,255,16,0,1,365,0
667433473066123029,354087992,Manhattan,Upper East Side,40.76215667873768,-73.96178232530677,Private room,281,1,0,17,90,0
667445959216742310,461848161,Queens,Long Island City,40.753381535692064,-73.93960153356565,Private room,95,13,4,3,327,4
667446376283843236,66383919,Manhattan,Harlem,40.80552,-73.95421,Private room,103,3,10,1,56,10
668657290950343972,303320919,Brooklyn,Bedford-Stuyvesant,40.6839659615591,-73.9490783708961,Entire home/apt,312,1,0,9,365,0
668658891097158051,303320919,Brooklyn,Bedford-Stuyvesant,40.68381429496716,-73.95034285595266,Entire home/apt,438,1,2,9,364,2
668664705735837936,10795069,Manhattan,Upper West Side,40.794871,-73.97081100000001,Private room,140,1,8,2,36,8
668683865066124331,170568130,Manhattan,Upper West Side,40.7920348,-73.96620949999999,Entire home/apt,160,1,1,15,53,1
668701039156616445,28576665,Brooklyn,Bedford-Stuyvesant,40.69144140869283,-73.93563625359906,Entire home/apt,233,4,4,4,51,4
667447596124969035,26438408,Brooklyn,Clinton Hill,40.681283162528565,-73.96450780081385,Entire home/apt,140,3,1,1,36,1
668703261620647257,436188365,Queens,Bayside,40.77821303577807,-73.77265437864892,Entire home/apt,1869,1,0,2,362,0
668717518462688530,170568130,Manhattan,Upper West Side,40.793052581490194,-73.96670813004772,Entire home/apt,110,1,0,15,41,0
668720193573393052,170568130,Manhattan,Upper West Side,40.7920348,-73.96620949999999,Entire home/apt,105,1,0,15,48,0
668723602952446092,102754726,Brooklyn,Bedford-Stuyvesant,40.67789196171128,-73.92672845975677,Entire home/apt,314,5,0,2,361,0
669876320729711452,387205589,Brooklyn,East New York,40.6639,-73.90024,Private room,52,1,5,1,266,5
667453423847673515,466908468,Brooklyn,Sheepshead Bay,40.584661516612286,-73.95250020083654,Private room,82,4,0,2,4,0
669881612090048281,392591606,Queens,Far Rockaway,40.59339832002222,-73.75765737749786,Entire home/apt,495,1,3,1,364,3
669975220433811036,107434423,Manhattan,Upper West Side,40.79364,-73.97303,Entire home/apt,346,31,0,453,324,0
669975637538940388,107434423,Brooklyn,Carroll Gardens,40.680404,-73.9980267,Entire home/apt,454,31,0,453,339,0
667494001484151978,11084962,Manhattan,Chelsea,40.7447233875957,-73.99695910624384,Entire home/apt,327,180,0,1,365,0
670018578099452558,469221076,Brooklyn,Williamsburg,40.70641,-73.95506,Private room,78,1,1,5,311,1
670038205957710726,303481918,Bronx,Longwood,40.81983218124581,-73.91009523753456,Entire home/apt,158,2,1,1,361,1
670053040386844584,469221076,Brooklyn,Williamsburg,40.70831196238806,-73.95448029237487,Private room,80,1,4,5,320,4
668749945704652145,9708443,Brooklyn,Greenpoint,40.73065606397344,-73.95369212943747,Private room,154,2,2,1,341,2
667497792973518030,377566735,Manhattan,Inwood,40.860880308386726,-73.92633140087128,Entire home/apt,150,2,4,1,318,4
667503501751137216,468574952,Queens,Far Rockaway,40.59252755747173,-73.7587200090543,Private room,91,2,3,1,150,3
668770673721153121,368084012,Queens,Astoria,40.768457410966505,-73.92073732319739,Entire home/apt,130,3,6,1,298,6
668782753074319290,402187116,Brooklyn,Bedford-Stuyvesant,40.68167531956678,-73.94169975073413,Entire home/apt,147,1,8,6,83,8
668784032759232580,464797341,Bronx,Mount Hope,40.8449810074406,-73.90559013854838,Private room,51,1,5,2,345,5
668790285163282826,6075999,Brooklyn,Crown Heights,40.67015,-73.94673,Entire home/apt,200,30,1,1,44,1
668811671195022653,154624283,Queens,Rockaway Beach,40.5875727,-73.814377,Entire home/apt,240,3,6,1,321,6
670068426104677872,191528717,Brooklyn,Kensington,40.63119427102863,-73.97225909547994,Entire home/apt,60,14,0,1,70,0
670070992283686879,469221076,Brooklyn,Williamsburg,40.708,-73.95286,Private room,95,1,1,5,351,1
670075626563892235,469221076,Brooklyn,Williamsburg,40.708725401365925,-73.95275789261085,Private room,63,1,6,5,334,6
670080665858458931,470952143,Brooklyn,Williamsburg,40.70849961452528,-73.95476872875568,Private room,99,1,2,2,330,2
667522395496375487,259463629,Brooklyn,Prospect Heights,40.68005997498346,-73.96911713153963,Private room,299,1,0,1,360,0
667532032936314042,402187116,Brooklyn,Bedford-Stuyvesant,40.68322,-73.93996,Entire home/apt,149,1,7,6,90,7
667539668193564442,402187116,Brooklyn,Bedford-Stuyvesant,40.6827670091678,-73.94141315890613,Entire home/apt,182,1,3,6,102,3
667586446305176763,104924792,Brooklyn,Bushwick,40.699350384913934,-73.93023360797189,Private room,99,15,2,2,40,2
667653384643465553,180128206,Queens,Jamaica,40.69293761287363,-73.80876932147268,Private room,196,1,0,4,116,0
667658233335353488,448326434,Brooklyn,Park Slope,40.6759,-73.97687,Entire home/apt,162,30,0,35,238,0
667674181005499544,366154108,Queens,Jamaica,40.67739017682312,-73.78985231130032,Private room,136,1,0,1,365,0
668835988521585854,188425827,Queens,Bayside,40.76414399999999,-73.77096379999999,Entire home/apt,215,2,8,2,361,8
668839122283259316,103907184,Queens,Astoria,40.77166,-73.92406,Private room,64,1,1,2,344,1
668853333634332283,401202937,Manhattan,Midtown,40.74635266512514,-73.98719916012108,Private room,200,1,2,51,42,2
668857152098089537,204780303,Brooklyn,Bushwick,40.69553589107099,-73.9229853451252,Private room,99,2,5,2,346,5
668902255426418000,230947125,Brooklyn,Bedford-Stuyvesant,40.68882692370909,-73.93398077704282,Private room,141,1,3,5,322,3
667681707929418857,1436482,Brooklyn,Bedford-Stuyvesant,40.690507723091,-73.92491229067473,Entire home/apt,253,30,0,2,218,0
667752414115857961,468618141,Queens,Far Rockaway,40.5993334,-73.7617021,Private room,60,3,0,1,342,0
668923003408958623,468948948,Brooklyn,Midwood,40.61939539301925,-73.95640089981342,Entire home/apt,90,3,5,2,99,5
668924398417015489,22305520,Manhattan,East Village,40.72742342830629,-73.98206105432061,Entire home/apt,180,2,6,2,246,6
668934945181265366,162280872,Manhattan,Lower East Side,40.71885062421895,-73.98608583150337,Entire home/apt,180,30,0,98,341,0
668951926791048948,183178516,Queens,Forest Hills,40.7339855325633,-73.84888828646584,Entire home/apt,374,1,1,6,177,1
668991592927183099,457594429,Queens,East Elmhurst,40.76050848103885,-73.88559682355525,Entire home/apt,141,2,7,2,132,7
668997136902817788,465479887,Brooklyn,East Flatbush,40.65699,-73.91659,Private room,149,2,3,3,357,3
669001588708987874,52189306,Manhattan,Midtown,40.75566034331404,-73.96540296031874,Private room,86,4,1,1,249,1
669013901412045372,465479887,Brooklyn,East Flatbush,40.6515513208885,-73.93400039949783,Private room,99,2,3,3,360,3
669037953556271270,468978479,Queens,Richmond Hill,40.68236998458772,-73.82746272766713,Entire home/apt,182,2,10,1,159,10
669057605920157597,217834192,Queens,Howard Beach,40.6697181,-73.85065829999999,Entire home/apt,203,1,13,1,359,13
669064816219867515,28260018,Manhattan,Morningside Heights,40.80503142523924,-73.95853300951272,Private room,123,3,1,9,66,1
669124977887839244,459046645,Brooklyn,Bergen Beach,40.6222384,-73.9117096,Entire home/apt,225,1,2,1,180,2
669171692399794424,298205971,Queens,Corona,40.73613014999598,-73.86000104724505,Private room,70,30,0,5,64,0
669189939379425467,298205971,Queens,Corona,40.73633255660178,-73.85946271784188,Private room,90,30,0,5,90,0
669305594749936462,402187116,Brooklyn,Bedford-Stuyvesant,40.681253092231415,-73.93932297427581,Entire home/apt,167,1,4,6,90,4
670083252987549859,57550727,Brooklyn,Bedford-Stuyvesant,40.6800733,-73.9394052,Entire home/apt,250,3,0,1,44,0
670086733361115272,470952143,Brooklyn,Williamsburg,40.70685563483457,-73.9549236848381,Private room,99,1,5,2,333,5
670089602572994831,18824314,Queens,Long Island City,40.75375120272536,-73.9164966665613,Entire home/apt,125,2,1,1,20,1
670092375040761716,469221076,Brooklyn,Williamsburg,40.70672761940666,-73.95422423697124,Private room,90,1,2,5,325,2
667916598314031097,88895712,Brooklyn,Williamsburg,40.71675165934811,-73.94483916964188,Entire home/apt,180,7,5,2,298,5
667917886326272931,401787094,Manhattan,Hell's Kitchen,40.7596894499458,-73.99554434047997,Entire home/apt,225,2,3,1,195,3
670102190016233630,339137391,Manhattan,Lower East Side,40.71979885019925,-73.99007434722965,Entire home/apt,231,3,2,1,290,2
670113209169345300,459915744,Bronx,Mount Hope,40.846555389129335,-73.91098111867905,Entire home/apt,124,365,0,2,365,0
670121646312525465,469247081,Brooklyn,Williamsburg,40.7147536213444,-73.94442336336327,Private room,103,1,1,1,336,1
669316857301312566,456184344,Brooklyn,Canarsie,40.63938211347404,-73.90191411069327,Entire home/apt,199,2,5,1,350,5
669324295296310834,61408134,Manhattan,Upper East Side,40.7609888,-73.9618588,Entire home/apt,409,1,2,11,361,2
669377058279298143,469054694,Queens,Jamaica,40.70452701884439,-73.80372718060123,Entire home/apt,123,1,9,1,356,9
669402908509195940,262570325,Manhattan,Upper East Side,40.76882763468959,-73.95285170965504,Entire home/apt,360,3,0,5,354,0
669429576238222406,104655540,Brooklyn,Crown Heights,40.6736092,-73.9396331,Private room,110,1,3,6,71,3
667961901189104852,251455701,Queens,Sunnyside,40.747390427161385,-73.91329910823272,Entire home/apt,305,1,1,7,349,1
667962689671524076,451720279,Manhattan,Lower East Side,40.71167917643255,-73.99163118401901,Entire home/apt,133,14,2,1,49,2
669434958503706800,331296136,Bronx,Fordham,40.85410359906915,-73.90023957925027,Private room,100,1,2,1,361,2
669457707121365011,469080688,Queens,Maspeth,40.7381201397742,-73.90156629195671,Entire home/apt,338,2,6,2,138,6
669462162306456780,200239515,Queens,Woodside,40.74457983505613,-73.89153953188679,Private room,37,30,0,158,0,0
670136363897419890,25133954,Brooklyn,Williamsburg,40.70761711604438,-73.95564493752276,Entire home/apt,275,4,0,1,313,0
670146755140991237,11554405,Queens,Astoria,40.76501662980511,-73.92084692983791,Entire home/apt,115,7,2,1,277,2
670148898838752660,469258676,Queens,Jamaica,40.6821714,-73.7718946,Entire home/apt,175,2,5,1,354,5
670161879935215256,396629729,Manhattan,Chelsea,40.75035295125317,-73.99381897976563,Private room,116,2,1,16,269,1
667964908017833713,467887955,Manhattan,Hell's Kitchen,40.76677426317295,-73.99565607435353,Private room,125,30,0,1,44,0
667973139138543190,140276044,Queens,Jamaica,40.68249484910192,-73.77168135886885,Private room,75,2,3,5,360,3
670760245146901007,162280872,Manhattan,Lower East Side,40.718296796475634,-73.9847197150587,Entire home/apt,185,30,0,98,349,0
670760283066420217,27181542,Manhattan,Lower East Side,40.71849,-73.98474,Entire home/apt,199,30,0,69,294,0
670783006675700484,143865128,Manhattan,Midtown,40.75469552307469,-73.96735068780968,Private room,240,3,2,1,14,2
670165785509109009,464125343,Brooklyn,Canarsie,40.63048251013514,-73.90264310594434,Entire home/apt,199,1,1,1,358,1
670169972540021448,188425827,Queens,Bayside,40.76457369339518,-73.76982602489943,Entire home/apt,137,2,10,2,352,10
669466334596483654,448641533,Queens,Long Island City,40.7458,-73.94445,Entire home/apt,250,1,0,1,165,0
669468281508352503,27244727,Manhattan,Tribeca,40.72232,-74.00854,Entire home/apt,2571,3,3,5,337,3
669476345758516853,88922378,Brooklyn,Greenpoint,40.72181792324306,-73.94791134995631,Entire home/apt,195,3,1,1,73,1
670797178397299587,371098672,Bronx,Pelham Gardens,40.86208090292229,-73.83511667454502,Entire home/apt,185,2,19,1,292,19
669486222749419955,446255925,Brooklyn,Sheepshead Bay,40.60859952414894,-73.96153211010558,Entire home/apt,99,31,0,2,59,0
669491267862682923,162280872,Manhattan,Upper East Side,40.77406122583836,-73.94931725875004,Entire home/apt,155,30,0,98,307,0
672462997977694483,266793360,Manhattan,Harlem,40.805590881668735,-73.95385665788388,Private room,175,1,0,4,339,0
672467119577884382,220629418,Brooklyn,Sheepshead Bay,40.60751,-73.9526,Private room,200,1,1,5,365,1
672486378317990261,469847031,Queens,Cambria Heights,40.69623326961575,-73.74205403340342,Entire home/apt,165,2,6,1,348,6
672522014124319806,30065089,Manhattan,Flatiron District,40.742802450927954,-73.98963186409875,Private room,242,1,1,4,314,1
672527145784967504,30065089,Manhattan,Flatiron District,40.74199778952231,-73.99167341813524,Private room,254,1,2,4,295,2
672540493099912883,456863915,Manhattan,Chelsea,40.7486419384129,-73.99657103377365,Entire home/apt,358,2,3,1,339,3
672584509447841012,9808458,Bronx,Kingsbridge,40.87241078782004,-73.89983122756719,Private room,86,30,0,1,365,0
670190198886292958,469272984,Queens,Richmond Hill,40.69279597005385,-73.82747117866498,Entire home/apt,92,1,9,1,307,9
670206212874219994,35998113,Manhattan,Upper West Side,40.80233666295407,-73.96450693113385,Shared room,89,2,2,24,170,2
670219801330956724,272538658,Queens,Rego Park,40.72464949558035,-73.85787716816951,Private room,48,30,0,1,255,0
670869996943190290,61391963,Manhattan,Kips Bay,40.74193253782054,-73.9783339513197,Entire home/apt,239,30,0,116,98,0
670870838934272298,395470384,Queens,Rosedale,40.65776729157464,-73.74048867620797,Entire home/apt,178,2,6,1,359,6
670230932798136651,62017774,Manhattan,East Village,40.72977153170696,-73.98165135886092,Entire home/apt,220,30,0,1,154,0
672613495332855898,2756032,Manhattan,Upper East Side,40.77477766165698,-73.94677922906968,Entire home/apt,230,3,0,1,37,0
672645927846880898,35998113,Manhattan,Upper East Side,40.779440464980176,-73.94879242598292,Private room,239,2,2,24,18,2
670875547166135883,184619260,Brooklyn,Greenpoint,40.72417,-73.94711,Private room,275,1,1,5,84,1
670900301646559536,11381675,Brooklyn,Crown Heights,40.6718012,-73.9405056,Entire home/apt,162,1,6,3,13,6
670935545121631494,47119244,Manhattan,East Harlem,40.795567499195165,-73.95002257937621,Private room,105,7,0,2,68,0
670948105037268791,24020783,Bronx,Mott Haven,40.8071415,-73.92267509999999,Entire home/apt,132,2,7,1,213,7
672648667595187703,2873679,Manhattan,Upper West Side,40.79142909999999,-73.96578149999999,Entire home/apt,400,30,0,1,240,0
672654744307443332,469822760,Manhattan,Harlem,40.80733245691448,-73.94216925032589,Entire home/apt,436,2,6,1,201,6
672679520595641012,30065089,Manhattan,Flatiron District,40.7421705636063,-73.99105289070079,Private room,263,1,5,4,309,5
672690174914163920,270318441,Manhattan,Harlem,40.8233,-73.95209,Private room,125,5,0,2,349,0
672794036667337163,20161085,Queens,Laurelton,40.6780199,-73.753114,Private room,65,6,0,4,321,0
670239788354887215,415537080,Queens,Jamaica,40.702736834346126,-73.77944075183224,Entire home/apt,150,1,14,1,332,14
670254108069545584,396629729,Manhattan,Chelsea,40.75074634714616,-73.99546311075576,Private room,105,2,0,16,289,0
670968490739416651,468905576,Manhattan,Harlem,40.81235042246514,-73.94779364791073,Entire home/apt,170,16,0,1,365,0
670258225097904745,11798551,Brooklyn,Bushwick,40.690073913835526,-73.91534645425047,Entire home/apt,185,3,0,1,342,0
670268665505062473,366627542,Brooklyn,East Flatbush,40.6427657571495,-73.94603594690358,Entire home/apt,100,2,1,1,10,1
670290353475271101,140623121,Manhattan,Harlem,40.80974166125395,-73.94097334181326,Private room,170,1,1,3,262,1
670291854273683571,402187116,Brooklyn,Bedford-Stuyvesant,40.68343024363806,-73.9410290096619,Entire home/apt,161,1,6,6,84,6
670976526979214657,464736846,Manhattan,Harlem,40.80318920659919,-73.95476333645043,Private room,93,3,2,6,72,2
670983861402385953,140214780,Manhattan,SoHo,40.722134752044006,-73.99732740273495,Entire home/apt,250,30,0,1,175,0
670989302114442100,268502,Brooklyn,Prospect Heights,40.67216940801651,-73.96379247307777,Entire home/apt,264,2,4,1,301,4
671004533665277437,283836642,Brooklyn,Williamsburg,40.70409099846306,-73.94340266935119,Private room,80,2,6,2,286,6
671008085374600344,407479321,Manhattan,Upper West Side,40.78356425037447,-73.97300752993361,Entire home/apt,559,1,6,11,312,6
671012782684365374,5551314,Manhattan,Hell's Kitchen,40.76256022906307,-73.98846681550218,Private room,87,1,3,2,20,3
671019499077342540,469262035,Brooklyn,Bedford-Stuyvesant,40.6873918,-73.92571769999999,Private room,111,2,0,1,338,0
671034927249204257,8259529,Brooklyn,Sunset Park,40.64980728069534,-74.00383705699352,Entire home/apt,250,1,3,2,318,3
671046542151781915,464736846,Manhattan,Harlem,40.80481100917981,-73.95298921251519,Private room,83,1,2,6,66,2
671053676457324655,469499561,Brooklyn,Crown Heights,40.676519,-73.9552005,Entire home/apt,200,2,0,1,249,0
670294489555303282,466572177,Queens,Queens Village,40.7236444,-73.7335006,Entire home/apt,90,2,9,1,169,9
670319491465859171,432488510,Queens,Ridgewood,40.71242208245333,-73.9127321577362,Private room,50,1,0,1,182,0
670324961588167587,214691837,Brooklyn,DUMBO,40.70283837779809,-73.98763411618988,Private room,379,2,0,2,18,0
670325129117711026,45400201,Queens,Flushing,40.75801598737271,-73.81633916706396,Entire home/apt,435,1,4,4,30,4
672988368883894155,103999478,Manhattan,Financial District,40.70597031552743,-74.00737186817882,Entire home/apt,303,1,4,1,5,4
671061880674009523,464736846,Manhattan,Harlem,40.80299957454974,-73.95305938619738,Private room,84,1,3,6,69,3
671063205530316338,464736846,Manhattan,Harlem,40.80341899730913,-73.95279138220084,Private room,84,1,2,6,78,2
671068421694467231,441039059,Brooklyn,Bushwick,40.68908407911929,-73.91709115550086,Shared room,42,90,0,3,360,0
671087817183743131,15980538,Manhattan,Upper East Side,40.7688437,-73.9549084,Entire home/apt,181,1,3,1,212,3
671093035569281358,2867137,Manhattan,Midtown,40.76546254822336,-73.98349867641457,Entire home/apt,375,30,0,73,339,0
671108019030327318,441039059,Brooklyn,Bedford-Stuyvesant,40.68683003671968,-73.91885843373328,Shared room,42,90,0,3,329,0
671123801706291795,467996701,Queens,Ridgewood,40.71131949999999,-73.9082014,Private room,85,1,4,5,349,4
671131151614019585,466794336,Manhattan,Lower East Side,40.71064,-73.99018,Private room,109,14,0,1,42,0
673002503467098642,66464301,Manhattan,Lower East Side,40.72106822631029,-73.98576267652034,Entire home/apt,156,1,0,1,96,0
671147423210893909,466778613,Manhattan,East Harlem,40.7896018,-73.9473529,Entire home/apt,161,2,7,1,190,7
670329573323739442,469317996,Queens,Long Island City,40.75224509151212,-73.93689118680503,Private room,82,3,4,1,339,4
670343762862892910,427184,Bronx,Mott Haven,40.808085588170776,-73.92656611829294,Private room,150,1,1,2,56,1
670347356576318038,31601716,Manhattan,Nolita,40.72336245289535,-73.99526602444682,Entire home/apt,425,31,0,2,342,0
670367116869289910,33906660,Manhattan,Harlem,40.82359968141205,-73.9440768957138,Private room,91,2,1,2,330,1
671192324959771221,10795069,Manhattan,Upper West Side,40.79376062925155,-73.96972060106324,Private room,140,4,1,2,51,1
671197809028227677,469539619,Queens,Astoria,40.75521102214712,-73.91540031997138,Entire home/apt,225,1,7,1,341,7
670375952726446648,469253894,Staten Island,Randall Manor,40.63496667960433,-74.11394818858345,Private room,65,6,0,3,359,0
670381152919644805,415883533,Queens,Astoria,40.76296243920713,-73.91590925706778,Entire home/apt,671,1,0,1,365,0
670387229374437527,438367600,Manhattan,Hell's Kitchen,40.75719640367825,-73.99817138591746,Private room,230,2,0,1,0,0
670401205229303119,469253894,Staten Island,West Brighton,40.63436488827763,-74.1155018019064,Private room,65,6,0,3,348,0
673018119159335007,469960398,Brooklyn,Greenpoint,40.731320750010624,-73.95330907182328,Private room,128,10,5,1,342,5
673024209881913150,64072101,Brooklyn,Williamsburg,40.713376429069626,-73.95655752698364,Entire home/apt,300,30,0,2,185,0
673030579195553455,15300402,Manhattan,Washington Heights,40.8448506217817,-73.94309031159929,Entire home/apt,190,31,0,1,108,0
673036111561916930,468527022,Manhattan,SoHo,40.71971229534409,-74.00135859129645,Private room,288,1,3,8,125,3
673038589832674138,468527022,Manhattan,Chinatown,40.71826121275766,-74.00141249486083,Private room,303,1,13,8,128,13
673041199817841336,197677939,Brooklyn,Bushwick,40.68907344305401,-73.91394846963568,Entire home/apt,188,2,1,2,94,1
671197986220963754,436579802,Bronx,Williamsbridge,40.87410095513812,-73.85765333956584,Entire home/apt,134,1,8,1,65,8
673044901174934298,469970638,Manhattan,Hell's Kitchen,40.7590363165354,-73.98982651518547,Entire home/apt,266,1,5,1,80,5
673049180434259056,289684726,Bronx,Van Nest,40.8419297216702,-73.8721874768986,Entire home/apt,155,2,6,1,309,6
671249264686530547,142528184,Bronx,Wakefield,40.8857908,-73.8510244,Private room,55,1,4,1,356,4
671255699061488538,140276044,Queens,Jamaica,40.68326041312068,-73.76989986955917,Private room,75,2,3,5,360,3
671312765088319489,107903069,Brooklyn,Bushwick,40.700339340491,-73.92392641595492,Private room,1000,1,0,1,365,0
673065403718989924,469605721,Manhattan,East Harlem,40.78692109777716,-73.9433610394873,Entire home/apt,146,16,0,1,335,0
673065475758232341,400939608,Queens,Astoria,40.7663416,-73.9221469,Entire home/apt,95,30,1,1,35,1
670427555738253124,248391069,Brooklyn,Bensonhurst,40.62110286734896,-73.9999859069573,Private room,99,1,0,1,354,0
670485919418371708,248078997,Queens,Long Island City,40.74610027007322,-73.939573441038,Entire home/apt,686,2,7,1,276,7
671332672509961789,50760546,Manhattan,Murray Hill,40.74559141121966,-73.97631672139804,Entire home/apt,150,30,0,31,127,0
671363338792356030,393897747,Manhattan,Hell's Kitchen,40.7646930095633,-73.98490240280213,Entire home/apt,345,3,0,19,12,0
671368013373988134,364767523,Manhattan,Upper East Side,40.77102259999999,-73.9620769,Entire home/apt,112,4,1,1,12,1
670508782333755778,462877490,Brooklyn,Cypress Hills,40.68886,-73.87038,Private room,50,1,0,3,354,0
670512711067541985,469364136,Queens,Arverne,40.59596409181268,-73.7971467678933,Private room,79,1,10,1,80,10
670528666075637080,398614581,Brooklyn,Fort Greene,40.68550117802562,-73.97483042313455,Entire home/apt,129,1,1,3,324,1
670544177683975359,50603437,Manhattan,NoHo,40.72543697718321,-73.99323742836714,Entire home/apt,293,4,1,1,17,1
670549816690736403,307197943,Manhattan,Hell's Kitchen,40.76253310912713,-73.9973859437789,Entire home/apt,1128,1,3,6,335,3
673065585750527297,234145891,Manhattan,East Village,40.7270309,-73.9770656,Entire home/apt,350,2,1,1,1,1
673086762624971642,100288,Manhattan,East Village,40.72862761946464,-73.9855673903401,Private room,165,5,0,2,67,0
673102765757221060,57896215,Brooklyn,Williamsburg,40.70953030858556,-73.9622147867889,Private room,100,30,0,1,314,0
673121119774186322,469992346,Manhattan,Washington Heights,40.85514089999999,-73.9316369,Entire home/apt,100,10,0,1,162,0
673163106350363848,23822553,Manhattan,Harlem,40.810293727996246,-73.95385900260526,Private room,90,1,3,4,344,3
673171576876246023,470005375,Bronx,Longwood,40.8221938,-73.89514129999999,Entire home/apt,93,2,0,1,359,0
673172817158003837,27244727,Manhattan,Gramercy,40.73556260688965,-73.98359590895869,Entire home/apt,1643,2,0,5,288,0
671371354019994384,125323558,Brooklyn,Bushwick,40.699930465697854,-73.91591930602667,Private room,73,3,8,3,143,8
671472359730417869,406570749,Brooklyn,Brighton Beach,40.58118423594529,-73.96506406850787,Private room,80,1,0,3,352,0
673176632286537613,46301997,Brooklyn,Bedford-Stuyvesant,40.683447756273466,-73.94365857249146,Private room,110,1,2,1,35,2
673207004451296345,470027223,Manhattan,Hell's Kitchen,40.7599788350642,-73.99733207200059,Entire home/apt,1049,7,0,1,365,0
673210863604939633,15270760,Brooklyn,Bedford-Stuyvesant,40.6946276685752,-73.93899972963149,Entire home/apt,450,3,0,3,158,0
673213798306719028,2373740,Brooklyn,East Flatbush,40.6482666,-73.9442024,Private room,90,2,1,1,171,1
673226974130763896,132371684,Brooklyn,Bedford-Stuyvesant,40.68052839046729,-73.95410915225867,Private room,100,3,2,2,104,2
673228381701758658,452436662,Queens,South Ozone Park,40.67930892289055,-73.81238402934359,Entire home/apt,299,2,2,2,199,2
670578061835591281,4276251,Brooklyn,Bushwick,40.70064879076851,-73.91943352824286,Entire home/apt,180,14,0,1,292,0
670694655154444903,200239515,Queens,Jackson Heights,40.752292224427165,-73.87841834069324,Private room,37,30,0,158,8,0
670720610245769928,68787921,Brooklyn,Bedford-Stuyvesant,40.6885688,-73.9223191,Private room,75,4,2,3,356,2
670722355656947986,106011468,Brooklyn,East Flatbush,40.64253618431896,-73.93464639778274,Entire home/apt,110,1,10,1,326,10
670759844588805735,27181542,Manhattan,Upper East Side,40.77123775972807,-73.95828343913183,Entire home/apt,150,30,0,69,330,0
673874846826602871,23772724,Manhattan,Upper East Side,40.78152,-73.94749,Entire home/apt,202,30,0,58,259,0
673890209998186040,440060338,Brooklyn,East Flatbush,40.6466005,-73.9493658,Private room,82,3,1,2,251,1
671525381875536248,107434423,Manhattan,Midtown,40.759685,-73.963495,Entire home/apt,301,31,0,453,324,0
671543939578637805,289948179,Manhattan,Upper East Side,40.77247414695239,-73.96312441624947,Entire home/apt,220,30,1,4,280,1
671560649842393797,446255925,Brooklyn,Sheepshead Bay,40.607115053972734,-73.95926933541546,Entire home/apt,116,31,0,2,61,0
671564039133288645,236607813,Queens,Arverne,40.59116176050279,-73.79759448106255,Private room,70,3,6,2,278,6
671573845459790734,406570749,Brooklyn,Brighton Beach,40.58101398056545,-73.96436048531879,Private room,78,1,2,3,345,2
671578385781860950,406570749,Brooklyn,Brighton Beach,40.58085380276131,-73.96362214847082,Private room,78,1,2,3,347,2
671618736280570038,146005201,Manhattan,Midtown,40.76539539850457,-73.9834028057134,Entire home/apt,375,30,0,5,339,0
671650608187114753,12246186,Bronx,Belmont,40.85547338379368,-73.88539889830508,Private room,70,3,1,4,62,1
671658213452240171,276414944,Brooklyn,Bedford-Stuyvesant,40.6824674579386,-73.95452586254555,Entire home/apt,499,5,0,1,176,0
671662843387016628,456589439,Brooklyn,East Flatbush,40.655381709135256,-73.91424430501387,Private room,52,90,0,6,365,0
671686858420403945,35108207,Brooklyn,Canarsie,40.63875141878631,-73.91493814762042,Entire home/apt,91,3,4,1,172,4
673891949409493355,470173109,Manhattan,East Harlem,40.80834956962997,-73.93862074953584,Private room,197,1,0,6,297,0
673909760814866325,92703158,Brooklyn,Prospect-Lefferts Gardens,40.6587916,-73.96050389999999,Entire home/apt,125,3,4,1,323,4
673915370538837344,376426580,Brooklyn,Bushwick,40.6946339,-73.9090456,Private room,56,1,6,4,346,6
673230495217095830,14278450,Manhattan,Nolita,40.720781738555935,-73.9972885698224,Entire home/apt,382,7,0,2,38,0
671717284247808828,336581747,Manhattan,Midtown,40.756128616547,-73.96440007447717,Entire home/apt,313,30,0,8,358,0
671719926157001801,240594389,Queens,Glendale,40.69266919103295,-73.89628227800131,Entire home/apt,125,30,0,3,258,0
671722495736764978,12246186,Bronx,Belmont,40.85393985413892,-73.8853813903259,Private room,80,3,0,4,62,0
671732447545454504,336581747,Manhattan,Midtown,40.754586125590926,-73.96375592329542,Entire home/apt,210,30,0,8,356,0
671745578734344543,469518763,Brooklyn,Sheepshead Bay,40.5917858,-73.948278,Entire home/apt,250,2,3,1,161,3
673273564728019172,148080076,Brooklyn,Crown Heights,40.67631102425222,-73.96017121871868,Entire home/apt,145,3,5,1,130,5
673928559792190347,1539848,Manhattan,SoHo,40.72010353768136,-74.0000523617145,Entire home/apt,175,30,0,1,332,0
673929604573610362,162280872,Manhattan,East Village,40.7297929939616,-73.98487932744442,Entire home/apt,175,30,0,98,328,0
673938368952234893,162280872,Manhattan,East Village,40.72979414712148,-73.98278870147149,Entire home/apt,165,30,0,98,339,0
671752201993199546,417740213,Brooklyn,Bedford-Stuyvesant,40.684902269967886,-73.92092645286888,Entire home/apt,138,2,6,3,314,6
671753380150380241,460273604,Queens,Middle Village,40.72462117612204,-73.87288681801313,Private room,84,1,1,3,191,1
671757203904977852,162280872,Brooklyn,Greenpoint,40.734476248224354,-73.95642181804381,Entire home/apt,175,30,0,98,301,0
671768140492881595,469680566,Manhattan,Inwood,40.866629,-73.9262146,Entire home/apt,125,5,0,1,251,0
673939301868467853,468884755,Manhattan,Upper East Side,40.76959814273924,-73.95313115029424,Entire home/apt,246,1,0,1,250,0
673945070295033994,162280872,Manhattan,Upper East Side,40.77169,-73.9564,Entire home/apt,180,30,0,98,309,0
673277150722059112,22250498,Brooklyn,Bedford-Stuyvesant,40.68236364709306,-73.91905077526923,Entire home/apt,165,3,4,1,286,4
673302194338130414,67252331,Brooklyn,Windsor Terrace,40.65264335861754,-73.97521504971536,Entire home/apt,225,2,3,2,285,3
673326995379814353,332905063,Bronx,Edenwald,40.8820132,-73.8495215,Entire home/apt,145,2,4,2,120,4
673329467133555238,470061687,Queens,Laurelton,40.67511051298512,-73.7423971706371,Entire home/apt,107,4,4,1,191,4
673332497647144860,470063132,Brooklyn,Columbia St,40.68441018712869,-74.00378135598123,Entire home/apt,330,1,3,1,53,3
673339628005219034,470064540,Brooklyn,Canarsie,40.63867407958799,-73.90780275086843,Entire home/apt,194,2,4,1,351,4
671831802785282113,467996701,Queens,Ridgewood,40.71131949999999,-73.9082014,Private room,79,1,2,5,342,2
671835588245312613,97328229,Bronx,Tremont,40.84287182210361,-73.89110437733643,Private room,43,30,0,6,10,0
671846330181263752,1140882,Brooklyn,Fort Greene,40.688178654852585,-73.97713404792643,Private room,48,14,0,5,99,0
671852433528637182,469253894,Staten Island,Randall Manor,40.634860792609885,-74.11427005781908,Entire home/apt,120,3,4,3,334,4
671888811322378033,113113202,Queens,Arverne,40.58901057125576,-73.79008968918659,Private room,88,3,0,1,365,0
671897840167942514,248747404,Brooklyn,Williamsburg,40.715632325674186,-73.96605017616588,Entire home/apt,175,30,1,1,44,1
671900378304577311,447085439,Brooklyn,Fort Hamilton,40.6179515,-74.023895,Private room,89,1,1,1,304,1
671904924954937418,195205358,Brooklyn,Canarsie,40.64671269999999,-73.9033791,Private room,133,3,0,1,88,0
673364204022498285,470071170,Queens,Astoria,40.75808533742907,-73.92136979253071,Private room,46,1,7,1,249,7
673371494715317188,118905457,Brooklyn,Cypress Hills,40.67573360606528,-73.86380200906319,Entire home/apt,130,3,5,1,346,5
671932282320298266,440438563,Brooklyn,Bedford-Stuyvesant,40.69552,-73.9387,Entire home/apt,147,5,3,1,61,3
673959639997654250,326534125,Manhattan,Financial District,40.70666592188366,-74.01554772798319,Entire home/apt,457,3,1,1,72,1
673978775729099603,37280441,Manhattan,Morningside Heights,40.80564728647556,-73.96408395847145,Private room,85,2,7,1,7,7
672223001002061250,76846398,Manhattan,Financial District,40.71095052202311,-74.00829541771617,Entire home/apt,146,1,2,1,68,2
673994297671610624,351182976,Brooklyn,Midwood,40.611914099328615,-73.9556337218108,Entire home/apt,170,1,1,1,357,1
674000890781448536,3656008,Queens,Flushing,40.75382263398601,-73.819688607646,Entire home/apt,650,3,0,5,97,0
674009411610783803,52577963,Queens,Ozone Park,40.67680339236375,-73.83852393298817,Entire home/apt,109,5,1,5,228,1
674009507588431659,6781477,Brooklyn,Bedford-Stuyvesant,40.693503215664485,-73.93232749500139,Entire home/apt,188,1,11,2,331,11
673388677296100084,435241924,Brooklyn,Bedford-Stuyvesant,40.688192927241225,-73.9555414360812,Private room,131,1,1,2,356,1
672289464526690179,441345245,Manhattan,Midtown,40.7526556,-73.9724804,Entire home/apt,850,3,0,2,3,0
673412947873299187,222116193,Manhattan,Hell's Kitchen,40.75972807165571,-73.99683729341702,Entire home/apt,397,2,8,1,285,8
674031063910202401,39288710,Brooklyn,Bedford-Stuyvesant,40.684067578897,-73.93236185416667,Entire home/apt,171,3,2,1,326,2
674040603017953502,292434893,Manhattan,East Harlem,40.78969,-73.94691,Private room,84,5,1,3,296,1
674043655320352871,447895924,Brooklyn,Crown Heights,40.67211174244531,-73.91641187073506,Private room,120,1,1,3,356,1
674058648012375512,102482048,Brooklyn,Bushwick,40.68274299999999,-73.9078895,Private room,50,4,0,6,221,0
674061538194800929,452436662,Queens,South Ozone Park,40.67910858319874,-73.81176181362387,Entire home/apt,299,2,0,2,365,0
672291117149229775,1339545,Brooklyn,Park Slope,40.66998900772787,-73.9805810074519,Entire home/apt,173,2,0,8,57,0
672296045721096288,394096977,Manhattan,Midtown,40.75418937556014,-73.97341347308951,Entire home/apt,300,5,0,1,327,0
674066518921631852,112412321,Brooklyn,Brownsville,40.66934688800856,-73.91824802641197,Entire home/apt,111,1,1,1,288,1
674116330483157397,180128206,Queens,Jamaica,40.69102263232103,-73.80869628906491,Private room,183,1,1,4,116,1
674117411689401093,27181542,Manhattan,Upper East Side,40.7707911,-73.95750079999999,Entire home/apt,225,30,0,69,265,0
674130162281885492,468527022,Manhattan,SoHo,40.71925,-74.00122,Private room,287,1,15,8,125,15
673429087859447521,470086709,Queens,Woodside,40.75569,-73.9,Entire home/apt,340,30,0,1,365,0
673528504700098825,325451328,Manhattan,Washington Heights,40.83611785878772,-73.94418144236137,Private room,91,3,2,5,41,2
673560115779034079,325451328,Manhattan,Washington Heights,40.83628802079408,-73.94418621578724,Private room,71,1,4,5,63,4
672336289100833334,469802403,Manhattan,Hell's Kitchen,40.762741947450415,-73.99274862608539,Private room,165,1,3,1,1,3
672353064431200630,441345245,Manhattan,Midtown,40.75242051118938,-73.97130020152028,Entire home/apt,850,3,0,2,3,0
672391054056804006,3890075,Manhattan,Chelsea,40.743342730367154,-74.00092402585639,Entire home/apt,185,30,1,1,60,1
672391750619248908,41399494,Manhattan,West Village,40.7334188,-74.00525209999999,Entire home/apt,165,30,0,1,341,0
672400360130642629,469822428,Manhattan,Lower East Side,40.71792285912756,-73.9868891978209,Entire home/apt,324,7,1,1,62,1
672404317926139494,131649335,Queens,Long Island City,40.7500159438909,-73.93886538957688,Entire home/apt,520,7,0,3,341,0
672407776890945385,221447,Brooklyn,Flatbush,40.65374646970911,-73.95391244760083,Entire home/apt,240,30,0,1,180,0
673666846383699131,121705027,Brooklyn,Bedford-Stuyvesant,40.69283152773313,-73.93977190513533,Private room,75,2,1,1,132,1
674131522860786939,15356183,Manhattan,West Village,40.73262533586288,-74.00506177564404,Entire home/apt,344,4,0,1,70,0
674132554446836653,468527022,Manhattan,Chinatown,40.717676821061936,-74.00119982499038,Private room,294,1,14,8,133,14
674139992322639208,468527022,Manhattan,Chinatown,40.71771173276248,-74.0009424406374,Private room,324,1,1,8,130,1
674142134370314168,468527022,Manhattan,SoHo,40.71986,-74.00088,Private room,319,1,5,8,132,5
674143230391846181,468527022,Manhattan,Chinatown,40.71781896246704,-73.9999197597919,Private room,312,1,2,8,129,2
674162382843623802,93070950,Manhattan,Harlem,40.8235468,-73.95003539999999,Private room,75,2,7,2,48,7
672445090969217802,16677326,Manhattan,Chelsea,40.74965257893599,-73.99511206043621,Private room,91,1,12,22,329,12
672456652603229353,220629418,Brooklyn,Sheepshead Bay,40.606824076836006,-73.95147138276613,Private room,200,1,1,5,365,1
672459717259106879,252633425,Queens,Woodhaven,40.69584581585112,-73.852760302506,Private room,90,1,5,2,342,5
672460024477202786,220629418,Brooklyn,Sheepshead Bay,40.60751,-73.9526,Private room,200,1,4,5,365,4
675047061910408524,234755971,Manhattan,Upper East Side,40.76288962555535,-73.96885654598884,Entire home/apt,634,1,5,1,343,5
674180663240627852,470283396,Manhattan,Upper West Side,40.77321819962768,-73.98745878397004,Entire home/apt,399,3,2,1,4,2
674239949375554231,469005887,Manhattan,Midtown,40.75594542655922,-73.96874809019765,Entire home/apt,220,16,0,1,219,0
674275115650543280,61324573,Brooklyn,Crown Heights,40.67339797724498,-73.92154844000272,Private room,70,2,4,3,121,4
674310139325715679,469006057,Manhattan,Hell's Kitchen,40.75902,-73.99039,Entire home/apt,223,16,1,1,250,1
674341509795531856,87639559,Brooklyn,Brownsville,40.65723224639449,-73.91391166272676,Shared room,200,7,0,11,347,0
674355754303389463,87639559,Brooklyn,Brownsville,40.6568996,-73.9130071,Shared room,185,7,1,11,358,1
674355796588359846,87639559,Brooklyn,Brownsville,40.6568996,-73.9130071,Shared room,160,7,0,11,355,0
674365343495481266,2196224,Manhattan,Theater District,40.761245614231775,-73.98032258721751,Entire home/apt,200,30,0,5,365,0
673722620349844470,52270141,Brooklyn,DUMBO,40.7020349,-73.9899069,Private room,179,2,1,1,214,1
673736096419739864,2348603,Brooklyn,Bedford-Stuyvesant,40.68330958146485,-73.92521750447979,Entire home/apt,149,30,0,2,310,0
673751750427607223,27244727,Brooklyn,Bedford-Stuyvesant,40.6791377,-73.9433925,Entire home/apt,1286,3,0,5,328,0
673759129204949693,47430022,Brooklyn,Bay Ridge,40.629268164177695,-74.02358440122174,Private room,89,7,1,7,103,1
673763196022491865,107434423,Queens,Long Island City,40.7448909,-73.9568403,Entire home/apt,289,31,0,453,296,0
673765667567431243,107434423,Manhattan,Kips Bay,40.7395869,-73.9815163,Entire home/apt,242,31,0,453,315,0
675147298695151692,107434423,Manhattan,East Village,40.722094,-73.984874,Entire home/apt,451,31,0,453,0,0
675213534287960672,47430022,Brooklyn,Bay Ridge,40.63337000634948,-74.02308407181484,Private room,81,7,1,7,113,1
675275078107425728,470526779,Manhattan,Upper East Side,40.76411746983625,-73.96616277843778,Entire home/apt,634,1,4,1,346,4
673774770873329896,160592811,Queens,Bayside,40.76416295451546,-73.76133800457765,Private room,96,1,9,1,345,9
673784924326195986,470173109,Manhattan,East Harlem,40.8079812,-73.9376207,Private room,195,1,0,6,301,0
673786603652497562,47430022,Brooklyn,Bay Ridge,40.63233362302199,-74.02145317091251,Private room,79,7,2,7,110,2
674374783140111370,456864171,Manhattan,Chelsea,40.7497700232984,-73.99607384181013,Entire home/apt,484,1,4,1,302,4
674382225614590298,456864421,Manhattan,Chelsea,40.74835,-73.99666,Entire home/apt,212,2,5,1,303,5
675276400222912464,425200701,Manhattan,East Harlem,40.79183,-73.94795,Entire home/apt,306,1,4,1,142,4
674401700255668607,466229940,Manhattan,Midtown,40.75482423024945,-73.96915750894186,Entire home/apt,900,2,0,1,63,0
674452404212273069,74338125,Manhattan,East Village,40.72787,-73.98621,Private room,110,1,4,9,348,4
674453320258242975,74338125,Manhattan,East Village,40.72652743377662,-73.9870170779584,Private room,116,1,1,9,10,1
674453665017868057,74338125,Manhattan,East Village,40.72695449678,-73.98625303564764,Private room,420,1,0,9,332,0
674461512861324116,470358442,Brooklyn,Bedford-Stuyvesant,40.69120799397942,-73.95970816931154,Entire home/apt,240,3,2,1,278,2
674487574508444725,12707744,Manhattan,Greenwich Village,40.72828062153806,-74.00178077318398,Private room,364,2,5,1,2,5
674517342976937911,470378445,Manhattan,Hell's Kitchen,40.770271934582574,-73.99173907799332,Entire home/apt,187,1,2,1,103,2
674518264546971497,464736846,Manhattan,Harlem,40.80286574065291,-73.95482196905199,Private room,96,1,0,6,352,0
673786677522252483,469437545,Queens,St. Albans,40.70359795294725,-73.7708481753456,Entire home/apt,411,2,0,1,358,0
673798856558999445,93526944,Queens,Woodhaven,40.68549082112844,-73.8616987198975,Entire home/apt,149,3,8,2,308,8
673800396743059439,397598833,Brooklyn,Crown Heights,40.67744723224727,-73.95096275364097,Private room,60,30,0,8,125,0
675278538921389982,470587727,Manhattan,Upper East Side,40.76952161829294,-73.95069313433231,Private room,90,1,2,1,159,2
673803763328291112,89235923,Manhattan,East Village,40.73150137552507,-73.99129240204175,Entire home/apt,385,30,0,1,365,0
673811142418548144,243288727,Manhattan,Midtown,40.75669845005874,-73.96285410190994,Entire home/apt,315,30,0,14,357,0
673811223486765639,243288727,Manhattan,Midtown,40.75524,-73.96417,Entire home/apt,350,30,0,14,357,0
673811265484009501,243288727,Manhattan,Midtown,40.75460754011255,-73.96262431088374,Entire home/apt,290,30,0,14,355,0
673811286668342935,470173109,Manhattan,East Harlem,40.80897272769353,-73.9366457190164,Private room,195,1,0,6,315,0
673818851756922277,243288727,Manhattan,Midtown,40.75610624836101,-73.96659644819242,Entire home/apt,240,30,0,14,336,0
673832429183322395,30532557,Brooklyn,Bushwick,40.70098716515749,-73.93900713654534,Private room,38,30,0,26,248,0
673832833253700135,243288727,Manhattan,Midtown,40.75473674406174,-73.96276817678951,Entire home/apt,220,30,0,14,330,0
674524605711151888,10711342,Brooklyn,Sunset Park,40.66122141825858,-73.9906332032743,Entire home/apt,275,4,1,1,4,1
675301743104320710,9896216,Brooklyn,Bedford-Stuyvesant,40.69096573153552,-73.94289919407484,Entire home/apt,400,6,1,1,249,1
675306526294504840,184619260,Brooklyn,Greenpoint,40.72255683284542,-73.94695984534636,Private room,203,1,0,5,2,0
675307517999160485,184619260,Brooklyn,Greenpoint,40.72214079651506,-73.94842991751955,Private room,203,1,2,5,3,2
675334864924077909,2537496,Brooklyn,Williamsburg,40.718563379775226,-73.94218876182808,Entire home/apt,150,4,1,1,76,1
675417561755871977,12856103,Queens,Long Island City,40.74922955276513,-73.94299442981674,Private room,64,1,0,2,250,0
675489669821327713,429970523,Manhattan,Harlem,40.81394352333859,-73.95313566848031,Entire home/apt,250,2,0,1,128,0
673839998138537582,33465391,Brooklyn,Windsor Terrace,40.65815424205879,-73.97997960448265,Entire home/apt,650,7,1,1,59,1
673843248901088356,470194676,Brooklyn,Bedford-Stuyvesant,40.69284309943899,-73.93443193726274,Entire home/apt,180,3,1,1,304,1
673852956438208954,18163268,Brooklyn,Downtown Brooklyn,40.69460906609843,-73.98403907031188,Entire home/apt,200,30,0,1,277,0
673853471795094745,470173109,Manhattan,East Harlem,40.806795607275255,-73.93698444981513,Private room,197,1,0,6,285,0
673865940435507299,470173109,Manhattan,East Harlem,40.80732616426161,-73.93658826951163,Private room,222,1,0,6,289,0
673873192225899360,470173109,Manhattan,East Harlem,40.808267180618415,-73.93874177048161,Private room,249,1,2,6,274,2
675514011151283827,170960170,Manhattan,Tribeca,40.72052122029756,-74.00815439108374,Entire home/apt,2714,1,1,6,343,1
675541948847373170,71492792,Queens,Rosedale,40.66006446195447,-73.7425383885871,Entire home/apt,177,2,2,1,175,2
674531696039467478,40443551,Manhattan,Washington Heights,40.8547111,-73.9366782,Entire home/apt,130,2,2,1,47,2
675551897308849367,470667341,Manhattan,Upper East Side,40.772102030019326,-73.9475001824666,Entire home/apt,185,3,2,1,1,2
674543882663688901,387806257,Brooklyn,Crown Heights,40.67129304107644,-73.9246962037061,Entire home/apt,95,1,5,1,150,5
674567350567378139,438014463,Brooklyn,Cypress Hills,40.68019,-73.89323,Private room,114,1,2,4,360,2
674569243909023084,56517774,Brooklyn,Bushwick,40.6899749,-73.92120600000001,Private room,98,1,6,3,0,6
674573762284442785,113723310,Manhattan,Upper West Side,40.78332066914566,-73.97442054813966,Entire home/apt,270,30,0,60,250,0
674587729246840977,226404187,Staten Island,St. George,40.64702092952191,-74.0862807342707,Entire home/apt,65,2,0,1,5,0
674588314294938168,435341575,Brooklyn,Greenpoint,40.72842522928873,-73.96076058759648,Entire home/apt,3000,1,0,3,335,0
674591377934202450,47430022,Brooklyn,Bay Ridge,40.63257910333265,-74.02293560342746,Private room,89,7,0,7,100,0
677152319340682750,413982944,Brooklyn,Canarsie,40.6289532,-73.89182079999999,Entire home/apt,331,2,4,1,362,4
677332056522629190,469938705,Brooklyn,Greenpoint,40.7308821111289,-73.9555167666399,Entire home/apt,250,30,0,1,301,0
677372591310348419,236652495,Brooklyn,Williamsburg,40.70878786108919,-73.96549910659769,Private room,68,30,0,1,249,0
677407787155705346,1601516,Brooklyn,Brooklyn Heights,40.69928567800586,-73.99221218460212,Entire home/apt,550,6,0,1,0,0
675624848079637235,467293495,Brooklyn,Sheepshead Bay,40.5848983,-73.9333874,Entire home/apt,223,1,3,2,363,3
677408866265433530,464780709,Queens,East Elmhurst,40.76193236637711,-73.88421778521234,Entire home/apt,108,1,4,1,351,4
677430414394632725,243288727,Manhattan,Midtown,40.754298271223576,-73.96696267158188,Entire home/apt,250,30,0,14,311,0
675637354003240171,467996701,Queens,Ridgewood,40.71131949999999,-73.9082014,Entire home/apt,149,1,3,5,351,3
675645626138457548,467996701,Queens,Ridgewood,40.71131949999999,-73.9082014,Entire home/apt,149,1,3,5,343,3
675746021863741694,470530282,Manhattan,Midtown,40.75959192265688,-73.96475444861683,Entire home/apt,809,1,5,1,274,5
677443702906589528,464617163,Manhattan,Upper West Side,40.8003,-73.96773,Private room,200,1,1,1,221,1
675761860404613683,120763629,Brooklyn,Bath Beach,40.60544914022394,-74.00250345468521,Private room,62,7,0,3,341,0
675765317337436091,107434423,Queens,Long Island City,40.7448909,-73.9568403,Entire home/apt,394,31,0,453,316,0
675768336575302558,107434423,Brooklyn,Greenpoint,40.724789,-73.9461541,Entire home/apt,292,31,0,453,310,0
675837628589863619,470606025,Manhattan,Harlem,40.803927658515605,-73.94528396737222,Entire home/apt,165,16,0,1,319,0
675846462366874504,470532307,Manhattan,Midtown,40.76146703183787,-73.96648166102409,Entire home/apt,730,2,6,1,289,6
677476435372540376,9537762,Brooklyn,Williamsburg,40.7055265,-73.9371707,Private room,245,1,1,1,0,1
677480514985892523,17983376,Manhattan,Financial District,40.70859,-74.00718,Entire home/apt,243,30,1,1,279,1
677481616825247069,73570025,Queens,Breezy Point,40.56807330800292,-73.86945727104215,Private room,200,1,5,13,362,5
674596379714342659,470406805,Brooklyn,Bushwick,40.68946957129772,-73.91278985508538,Entire home/apt,275,30,0,1,338,0
674629013678223354,5715157,Brooklyn,Clinton Hill,40.69309380073926,-73.96206091927944,Entire home/apt,195,1,1,1,299,1
674629494377671218,452868879,Manhattan,Hell's Kitchen,40.76229991253707,-73.98666201996967,Entire home/apt,333,1,1,2,173,1
675871594869660209,174492861,Queens,Elmhurst,40.7458756,-73.8881639,Private room,121,5,1,3,351,1
675885956612647744,450161902,Manhattan,Harlem,40.80865206317989,-73.9442723232915,Entire home/apt,165,4,5,4,0,5
675891491780659370,445395972,Bronx,Wakefield,40.88607794019819,-73.86206038846862,Entire home/apt,196,2,0,5,283,0
675894671648952785,107434423,Queens,Long Island City,40.74996889999999,-73.9401661,Entire home/apt,336,60,0,453,158,0
675909556455722038,264728394,Manhattan,Upper East Side,40.78237140373098,-73.95222232584115,Entire home/apt,395,15,3,4,151,3
675934274719639432,470542794,Manhattan,Chelsea,40.75008762718433,-73.99754272025864,Entire home/apt,347,2,3,1,325,3
675939523002388461,304149311,Queens,East Elmhurst,40.7563506,-73.8914648,Entire home/apt,350,2,7,1,282,7
674641911507626377,30267389,Bronx,Wakefield,40.89437873603123,-73.8533300883606,Private room,62,1,4,1,347,4
675942513097644734,350566726,Brooklyn,Williamsburg,40.7135177,-73.9669383,Entire home/apt,200,14,0,1,221,0
677513727130687111,79182652,Bronx,Fordham,40.864489,-73.892826,Shared room,10,1,0,2,311,0
675959117355164668,1863597,Manhattan,Hell's Kitchen,40.76539326554915,-73.98680562100941,Private room,145,30,0,2,156,0
675966433922593829,193651916,Bronx,Mott Haven,40.8079405,-73.91857879999999,Entire home/apt,129,1,4,1,328,4
674641935452811441,362043623,Manhattan,Upper West Side,40.7944902676667,-73.97601248046524,Entire home/apt,200,1,0,1,349,0
674652319268803372,113723310,Manhattan,Upper West Side,40.784346087216186,-73.97467123328165,Entire home/apt,175,30,0,60,312,0
675979800914819245,59795431,Bronx,Williamsbridge,40.88372673524708,-73.86219353375667,Entire home/apt,178,1,1,2,359,1
675999497144455106,374441618,Manhattan,Chelsea,40.75049063429825,-73.9950466747613,Entire home/apt,279,2,5,1,335,5
676035031420790085,470745153,Manhattan,Upper East Side,40.77073823085951,-73.95810088247543,Entire home/apt,609,2,1,1,148,1
674710468835492856,336332427,Brooklyn,Flatbush,40.64493162840247,-73.95684379303789,Shared room,16,3,0,1,0,0
674722089257142333,445169561,Queens,Flushing,40.76174849040235,-73.8040424934551,Private room,150,1,0,7,262,0
674723036230396591,152334637,Brooklyn,Bushwick,40.70208021670931,-73.91379173975827,Private room,91,1,0,2,310,0
674725534075240928,3776550,Brooklyn,Bushwick,40.70049302932136,-73.9397294343933,Private room,92,1,1,2,356,1
674740154613880800,10463666,Brooklyn,Greenpoint,40.7289962,-73.954242,Entire home/apt,1050,2,3,1,0,3
674751987930263076,454333811,Manhattan,Hell's Kitchen,40.76269148914777,-73.98617349565029,Entire home/apt,370,2,7,6,92,7
674772576181269527,466975236,Brooklyn,Gowanus,40.66866792040403,-73.99097033878523,Private room,250,3,0,3,365,0
677517127319944247,4581259,Brooklyn,Fort Greene,40.69293666380715,-73.98253705395435,Private room,150,1,2,1,219,2
677518132962639252,11816779,Manhattan,Washington Heights,40.83652850515313,-73.94206075829253,Entire home/apt,150,5,1,2,0,1
677534688188648968,68749034,Brooklyn,Prospect-Lefferts Gardens,40.66178813474563,-73.9415360220051,Entire home/apt,178,1,2,1,259,2
677538041688162695,455683614,Brooklyn,Bushwick,40.68186,-73.9037,Entire home/apt,197,1,3,3,319,3
677544982875865994,429454632,Brooklyn,Prospect-Lefferts Gardens,40.66032896677182,-73.9415405112225,Private room,64,1,1,17,344,1
677563045262048425,468873647,Manhattan,Chelsea,40.7506372426555,-73.99679706692015,Entire home/apt,779,2,5,1,334,5
677566755892319884,40523974,Manhattan,Upper West Side,40.79253059558243,-73.97616947342,Entire home/apt,199,30,0,10,267,0
676061584743446743,61105393,Brooklyn,Williamsburg,40.71398116297426,-73.95996688300912,Entire home/apt,632,2,2,1,321,2
677579068920110158,220770,Manhattan,Tribeca,40.71742394589576,-74.00889846608803,Entire home/apt,380,3,4,1,8,4
677584001361640513,11757212,Brooklyn,Crown Heights,40.66758798893033,-73.93598812856611,Private room,70,1,6,3,4,6
676078765992325073,51589519,Brooklyn,Williamsburg,40.71552040439836,-73.94888760004544,Entire home/apt,529,30,0,14,306,0
676081976188780543,429788210,Queens,Astoria,40.76083096871484,-73.91513536276824,Entire home/apt,321,2,3,3,229,3
676090431772477652,2653479,Manhattan,Upper West Side,40.80284175041844,-73.96535549813166,Private room,90,2,1,41,75,1
676096695990538457,48005494,Manhattan,Murray Hill,40.74436393105921,-73.9732657192544,Entire home/apt,182,30,0,38,326,0
676097656827785088,545655,Manhattan,Upper West Side,40.78559984486411,-73.97880992771499,Entire home/apt,500,5,0,1,0,0
674782554741121494,344294077,Queens,Astoria,40.77488,-73.93357,Entire home/apt,230,2,2,1,156,2
674792897931942379,47721954,Manhattan,Upper East Side,40.77585925212082,-73.95488902565312,Entire home/apt,92,1,4,5,358,4
674797123671288389,198871095,Manhattan,Inwood,40.86509704386801,-73.9191819947142,Entire home/apt,178,2,3,2,0,3
674804682476652323,466440040,Brooklyn,East Flatbush,40.648551734597085,-73.92700285505092,Private room,56,3,1,5,340,1
674813836667973837,466975236,Brooklyn,Gowanus,40.66882190445344,-73.99111258499066,Private room,165,3,0,3,365,0
676125915306118710,831666,Manhattan,Financial District,40.7085083,-74.0007352,Entire home/apt,222,3,0,1,118,0
676126702504643857,204769168,Manhattan,East Village,40.723728,-73.9900505,Entire home/apt,154,14,2,1,35,2
677618002573350792,92113817,Brooklyn,Mill Basin,40.61145307480555,-73.92286464571953,Private room,90,1,1,1,90,1
676156537960693036,148404349,Manhattan,Hell's Kitchen,40.7605613,-73.996185,Entire home/apt,320,5,0,1,72,0
677638638685492061,5803586,Brooklyn,Williamsburg,40.71878,-73.95468,Entire home/apt,499,7,0,1,1,0
674850764027564027,64750544,Manhattan,Upper West Side,40.7744751,-73.9782968,Entire home/apt,350,5,0,1,281,0
674859366241990631,104655540,Brooklyn,Crown Heights,40.6731926085742,-73.94061713982184,Entire home/apt,257,1,0,6,67,0
674900479261224037,276878527,Manhattan,Midtown,40.75700096003677,-73.96569930704516,Entire home/apt,216,30,0,25,365,0
674933654773753279,382990330,Queens,Glendale,40.70131239588841,-73.88152403297855,Entire home/apt,300,2,1,2,159,1
676171490918086586,13321649,Queens,Ditmars Steinway,40.78066,-73.91433,Entire home/apt,201,2,0,1,318,0
676175453277523222,470826128,Brooklyn,Mill Basin,40.6113362,-73.9233545,Private room,85,1,3,1,85,3
676206857756954751,197489882,Brooklyn,Prospect-Lefferts Gardens,40.6624124,-73.95344089999999,Private room,88,1,0,1,153,0
674947033790994089,264601920,Manhattan,Theater District,40.7614720407437,-73.9850313393002,Entire home/apt,205,30,0,1,219,0
677666479277771695,471172585,Brooklyn,Canarsie,40.64215924116382,-73.89263136199312,Entire home/apt,125,2,1,1,255,1
676252069879516684,2681672,Queens,Astoria,40.76585860217444,-73.91694492504236,Entire home/apt,190,6,0,1,12,0
676256349985545483,108351464,Manhattan,West Village,40.72957,-74.0036,Entire home/apt,275,4,0,1,66,0
676271979409880538,470849793,Bronx,Soundview,40.82408943224461,-73.87635912943252,Entire home/apt,120,3,11,3,265,11
676285832291308459,3223938,Brooklyn,Prospect-Lefferts Gardens,40.65845273994951,-73.94819623678057,Private room,42,90,0,288,258,0
676304446219075286,343405281,Queens,Belle Harbor,40.5771212020734,-73.84721962200078,Shared room,975,1,0,2,365,0
677708795542623431,471180844,Brooklyn,Crown Heights,40.67380613694338,-73.9354462786255,Entire home/apt,210,2,3,1,319,3
677774351202692130,352422868,Manhattan,Chinatown,40.71696,-73.99198,Private room,70,30,0,1,245,0
674969786471231972,3104336,Brooklyn,Bedford-Stuyvesant,40.6859317174067,-73.92626032233238,Private room,40,24,0,1,68,0
676325532738536392,15811194,Brooklyn,Brownsville,40.673265524310686,-73.90949114675419,Private room,43,2,3,2,152,3
676607432788672493,470914953,Manhattan,East Harlem,40.80832631279767,-73.93728568879239,Entire home/apt,179,5,1,1,72,1
674977917654238149,208667188,Manhattan,Upper East Side,40.770649332269926,-73.95655282906328,Private room,170,30,0,1,304,0
679058537439777820,434292556,Queens,Springfield Gardens,40.68732892965938,-73.75758241672507,Private room,99,1,2,3,163,2
679060756922049865,324599806,Brooklyn,Flatlands,40.629350596849065,-73.93470164643895,Entire home/apt,250,1,2,3,363,2
679064096541435503,60847286,Queens,Woodside,40.7443926065974,-73.90625066726268,Private room,124,1,5,2,165,5
677779313077323913,24386929,Brooklyn,Williamsburg,40.71952713170442,-73.95607149849324,Entire home/apt,300,20,0,1,0,0
677814054125582466,404940500,Brooklyn,Red Hook,40.67461666387539,-74.01555979644944,Entire home/apt,625,30,0,12,365,0
676618964732559636,411079992,Queens,Kew Gardens,40.70416056064335,-73.83106640600421,Private room,51,1,4,8,355,4
676648279139723922,206748180,Brooklyn,Williamsburg,40.7102045,-73.9489105,Private room,140,2,3,1,70,3
677844102999421160,471204759,Brooklyn,Bedford-Stuyvesant,40.68173231478897,-73.93682284821884,Entire home/apt,128,1,6,1,69,6
679083434084759443,306324544,Brooklyn,Canarsie,40.63648602696379,-73.88678111443795,Entire home/apt,124,2,0,1,171,0
676651920209046038,48878994,Manhattan,Chinatown,40.7184482,-73.9959756,Private room,170,4,1,1,247,1
676676410338460575,309261899,Bronx,Morrisania,40.8299282,-73.90536879999999,Private room,150,1,3,1,363,3
676684557119824417,468373885,Brooklyn,Bedford-Stuyvesant,40.69006333742077,-73.92682703981535,Entire home/apt,428,4,1,3,57,1
676687908945866641,470939748,Queens,Ridgewood,40.70263126469671,-73.90249436280938,Entire home/apt,115,7,0,1,0,0
678035888016921335,471243431,Queens,Astoria,40.757797267950366,-73.92747754003778,Entire home/apt,325,3,3,1,322,3
678076538114384247,384532776,Manhattan,Harlem,40.82793607790714,-73.94467635528619,Entire home/apt,180,30,0,44,342,0
678084931427523070,260544,Queens,Ridgewood,40.7079513292623,-73.89851425087703,Private room,130,3,0,1,351,0
676689406802185089,47430022,Brooklyn,Bay Ridge,40.63477,-74.02075,Private room,79,7,0,7,99,0
676689830896699870,220415923,Queens,Hollis,40.71706361565124,-73.76275085457554,Entire home/apt,163,1,0,1,360,0
678150473372691299,406760867,Manhattan,Stuyvesant Town,40.72959369290003,-73.97664757285148,Entire home/apt,145,10,2,1,0,2
678157886849617174,471130592,Brooklyn,Greenpoint,40.72093127613881,-73.94037224007539,Entire home/apt,204,5,3,1,16,3
678178914413189037,58228630,Manhattan,Harlem,40.82199541942196,-73.95512139920334,Private room,700,1,0,4,357,0
679100037770689888,33780262,Brooklyn,Bedford-Stuyvesant,40.686085799595055,-73.93640370843048,Entire home/apt,225,5,0,1,309,0
679102356760065509,471543853,Queens,Woodside,40.7567037661313,-73.90278235783059,Private room,45,1,3,4,280,3
679119267864920124,471543501,Brooklyn,Brownsville,40.65733,-73.9148,Entire home/apt,146,3,0,1,169,0
679123191013407894,471548508,Manhattan,Harlem,40.81794593697556,-73.94545741758122,Private room,88,1,2,6,8,2
679172145962440224,15187068,Brooklyn,Bushwick,40.69975959272656,-73.91818306088972,Entire home/apt,290,1,4,1,3,4
676691150991486082,341908723,Brooklyn,Canarsie,40.63752851000015,-73.88460512094248,Entire home/apt,69,90,0,53,284,0
676702026681002624,300450208,Queens,Astoria,40.76792125865729,-73.92455868357527,Entire home/apt,134,1,1,1,295,1
679175170766060904,141407777,Brooklyn,South Slope,40.663918,-73.985901,Entire home/apt,154,3,5,1,10,5
679175318957344370,365342297,Brooklyn,Sunset Park,40.64575559376038,-74.01121279598563,Private room,51,2,4,6,5,4
676705749178508791,59101644,Brooklyn,Williamsburg,40.71684167198167,-73.9459883508145,Entire home/apt,271,3,4,2,32,4
676709338551896783,160100170,Brooklyn,Sheepshead Bay,40.586695,-73.9634497,Entire home/apt,104,2,6,1,64,6
679175396432279361,73867354,Queens,Astoria,40.76452178442455,-73.9260816572197,Entire home/apt,110,5,0,1,4,0
679187120840232097,445870180,Manhattan,Washington Heights,40.848279677402914,-73.93301902604635,Entire home/apt,175,30,0,2,0,0
678179976301674762,100497914,Brooklyn,Williamsburg,40.7060772969765,-73.95316946896227,Entire home/apt,250,1,4,1,275,4
676721649460829299,306592549,Queens,East Elmhurst,40.764030141714414,-73.86481297948168,Entire home/apt,106,1,13,1,353,13
678186098575558257,21718664,Brooklyn,Bushwick,40.70178947186145,-73.9251995256379,Entire home/apt,105,1,0,1,46,0
676731522676199403,231515893,Manhattan,Financial District,40.705628366476525,-74.00715320723143,Entire home/apt,411,3,2,1,162,2
679215331515813576,26585911,Queens,Jamaica,40.68369021717945,-73.76390483437541,Entire home/apt,90,1,0,1,356,0
676733570883491969,359638834,Manhattan,Chelsea,40.749732901574674,-73.99147105838786,Private room,999,1,0,11,365,0
676773987357353065,390444899,Manhattan,Hell's Kitchen,40.75474697558705,-73.99850364637848,Entire home/apt,199,2,0,1,274,0
679228031240209812,118700852,Bronx,Baychester,40.86967574726091,-73.83950795748078,Private room,150,30,0,2,365,0
679521094740973792,30283594,Manhattan,Hell's Kitchen,40.75814411445978,-73.99541951070465,Entire home/apt,469,30,0,95,365,0
678213347614482633,471301818,Queens,Arverne,40.59613566554173,-73.79419756510613,Entire home/apt,155,1,5,1,363,5
676778209945329666,470963698,Brooklyn,Clinton Hill,40.68173902970808,-73.96049200457527,Entire home/apt,149,7,0,1,224,0
679524190216807546,318297491,Manhattan,Harlem,40.821320575049846,-73.94611028231243,Entire home/apt,117,31,0,4,155,0
679558822608911685,107434423,Manhattan,Upper West Side,40.77507249999999,-73.98864979999996,Entire home/apt,534,31,0,453,357,0
679559382794315498,107434423,Manhattan,Upper West Side,40.7950157,-73.96771319999999,Entire home/apt,545,31,0,453,343,0
679564197809425632,448326434,Manhattan,Midtown,40.75442839557095,-73.9672477465681,Entire home/apt,219,30,0,35,290,0
679604722787295688,10384906,Queens,Flushing,40.76808794899581,-73.8231887373053,Private room,39,1,4,3,276,4
679610066679499298,23772724,Manhattan,Upper East Side,40.78345375611508,-73.94629802677943,Entire home/apt,202,30,0,58,334,0
679620321278287273,18750238,Brooklyn,Crown Heights,40.6713276,-73.9551087,Entire home/apt,150,2,0,1,68,0
676780946429669091,449571294,Brooklyn,Bedford-Stuyvesant,40.67955814019625,-73.91061674427834,Entire home/apt,117,4,2,1,7,2
679620936829378336,471648933,Manhattan,Upper West Side,40.79939061225451,-73.96733672082264,Entire home/apt,140,3,1,1,60,1
679634575537462537,26643252,Queens,St. Albans,40.68909066263856,-73.77589206344673,Entire home/apt,325,10,0,2,365,0
679634659421275712,468948948,Brooklyn,Midwood,40.61930359977684,-73.95511128858648,Entire home/apt,111,1,1,2,51,1
678216792904885634,471303517,Brooklyn,East New York,40.66427725871643,-73.88124844782303,Entire home/apt,187,1,7,3,312,7
678244386664791282,443685391,Manhattan,Harlem,40.81435204162429,-73.95282741779536,Private room,86,3,9,3,57,9
678246186628167406,389666726,Brooklyn,Bay Ridge,40.6364113771579,-74.02767397463322,Entire home/apt,140,3,0,1,342,0
678248275710693288,421605394,Brooklyn,Brownsville,40.659406860353286,-73.91296589568908,Entire home/apt,220,2,4,1,355,4
676810214656585436,470977670,Brooklyn,Sunset Park,40.6580394,-74.00337809999999,Private room,90,3,1,3,205,1
679669067993743821,385558721,Queens,Arverne,40.59293169274096,-73.79850903034527,Entire home/apt,98,2,9,1,352,9
679674057718086634,104721305,Queens,Kew Gardens Hills,40.72880746392057,-73.82681769700515,Entire home/apt,169,7,0,2,89,0
676812061949831658,14007979,Manhattan,Financial District,40.707916825426615,-74.01414903159726,Entire home/apt,192,4,1,1,117,1
679706025904776579,382898134,Brooklyn,Bay Ridge,40.63481078696213,-74.03573385218324,Entire home/apt,135,3,1,1,87,1
678258561676107048,377335411,Manhattan,East Village,40.72269343061933,-73.9816807704278,Entire home/apt,208,1,0,1,311,0
678262415030898311,1663967,Queens,Laurelton,40.68221925956836,-73.72932086693625,Private room,206,1,1,2,365,1
678268264958434003,43758680,Brooklyn,Williamsburg,40.706638841799936,-73.94675515870902,Entire home/apt,150,14,0,1,249,0
678286561767251704,435847805,Brooklyn,East New York,40.6608014,-73.866609,Entire home/apt,167,2,0,3,358,0
676833875887083168,333057838,Brooklyn,Bergen Beach,40.627463,-73.9154647,Entire home/apt,1412,1,0,9,127,0
676872166477085806,373790863,Brooklyn,Bedford-Stuyvesant,40.69411707582659,-73.93279261516486,Private room,54,90,0,3,311,0
676955867231155817,392217081,Queens,East Elmhurst,40.76225712526971,-73.86318766973729,Entire home/apt,278,2,2,3,160,2
676971985597457483,150522789,Queens,Long Island City,40.76135629538207,-73.92896664870518,Entire home/apt,150,1,6,1,301,6
676990289120165615,467478276,Manhattan,East Harlem,40.79923,-73.93933,Private room,88,2,2,3,314,2
678292362565297780,335343037,Manhattan,Upper East Side,40.7614804,-73.9610613,Entire home/apt,297,1,2,1,290,2
678295027601176744,89158311,Brooklyn,Crown Heights,40.67609716267591,-73.9559045484942,Entire home/apt,282,1,0,2,274,0
678296328991399037,3818314,Brooklyn,Crown Heights,40.6691408469165,-73.94216905197986,Entire home/apt,150,1,5,1,48,5
678299990425384008,471303517,Brooklyn,East New York,40.666290684782254,-73.88162593508777,Entire home/apt,189,1,4,3,298,4
678306000365377486,71289710,Brooklyn,Brooklyn Heights,40.692666,-73.9979012,Entire home/apt,1495,5,0,2,174,0
679719684553690842,471704261,Brooklyn,Park Slope,40.67492612709412,-73.98069793256118,Entire home/apt,116,1,3,1,100,3
677009674377844532,461053338,Bronx,Pelham Bay,40.84809550556269,-73.83193284482697,Entire home/apt,72,1,3,1,64,3
679737864262116907,471710575,Staten Island,St. George,40.6463804,-74.0820349,Entire home/apt,117,1,6,1,107,6
679748049519905706,469102619,Brooklyn,Bushwick,40.68998825044942,-73.91699154940882,Entire home/apt,207,2,5,3,354,5
678307673647236628,417707701,Brooklyn,Bedford-Stuyvesant,40.6904636,-73.9260089,Private room,100,2,2,2,333,2
677010687537865517,426622422,Manhattan,Upper West Side,40.779430039989805,-73.97765271671182,Private room,115,3,2,2,45,2
677064038629345796,20863433,Manhattan,West Village,40.73260686196561,-74.00141373496645,Entire home/apt,188,30,0,2,229,0
680926321829738642,179385503,Brooklyn,DUMBO,40.70364,-73.99276,Entire home/apt,190,5,0,1,31,0
681000791349602076,471350570,Manhattan,Hell's Kitchen,40.76007442286049,-73.9919161358143,Entire home/apt,192,5,3,1,52,3
678314451867012753,787273,Brooklyn,Bedford-Stuyvesant,40.68806033609582,-73.95731898873969,Entire home/apt,750,5,0,1,154,0
678320552070670465,81109011,Brooklyn,Crown Heights,40.67205533929051,-73.9593827089574,Entire home/apt,220,2,3,1,265,3
678325546022568046,470977670,Brooklyn,Sunset Park,40.657084163302734,-74.00223246239392,Entire home/apt,148,14,0,3,182,0
678348340320977728,1354727,Queens,Astoria,40.77466,-73.92927,Entire home/apt,300,1,3,4,228,3
678356468716083623,208735743,Brooklyn,Bedford-Stuyvesant,40.69267732770403,-73.94309007900003,Private room,75,2,2,1,202,2
679750050214460766,471714486,Queens,Glendale,40.70254066276185,-73.88171883768372,Entire home/apt,321,2,3,4,352,3
679771607045820322,471543853,Queens,East Elmhurst,40.75712516329487,-73.89644042337825,Private room,50,1,4,4,280,4
679774229445323542,471714486,Queens,Glendale,40.70087032804624,-73.88319402368212,Entire home/apt,274,2,0,4,356,0
679774902103264924,2867137,Manhattan,Midtown,40.76399688713337,-73.98364292774586,Entire home/apt,165,30,0,73,326,0
681001677005957082,282224851,Manhattan,Battery Park City,40.70901383555856,-74.01723993048878,Entire home/apt,195,30,0,1,179,0
681025139336985246,7738881,Bronx,Longwood,40.81489950020866,-73.90115231198703,Entire home/apt,139,2,5,2,310,5
681074211980461484,472043490,Brooklyn,Crown Heights,40.67019712032712,-73.9246913538859,Entire home/apt,470,3,2,1,153,2
679778619980285763,254487827,Queens,Ditmars Steinway,40.77236436213708,-73.90319426503692,Private room,95,2,2,2,352,2
679789376101116375,471714486,Queens,Glendale,40.69315558674947,-73.89745890883748,Entire home/apt,321,2,1,4,352,1
678385919636716553,424778235,Manhattan,East Village,40.72588,-73.98807,Entire home/apt,658,2,2,1,328,2
681092408595341485,466454290,Brooklyn,Brownsville,40.66815252406306,-73.92550185772666,Entire home/apt,442,2,1,2,133,1
681095875381595879,16307015,Staten Island,Prince's Bay,40.52033966288596,-74.20516033932735,Entire home/apt,90,3,2,1,17,2
678395155545796423,75574602,Manhattan,Upper East Side,40.78383942463082,-73.94695749875589,Entire home/apt,407,1,2,1,16,2
678408035811532802,5292893,Brooklyn,Greenpoint,40.72886581056414,-73.9498435674086,Entire home/apt,293,3,3,1,55,3
678437875562130185,251842,Brooklyn,Bedford-Stuyvesant,40.68191391684599,-73.93776401671998,Entire home/apt,230,30,0,3,207,0
679793888125076039,471726877,Bronx,Allerton,40.86340999999999,-73.8659519,Private room,60,1,5,1,354,5
679805961670077227,471714486,Queens,Glendale,40.692631735162784,-73.89533121957903,Entire home/apt,185,2,3,4,346,3
679810163377737065,105120761,Bronx,Longwood,40.82317700294168,-73.90189781785011,Private room,65,2,1,1,314,1
681104872589644787,1393515,Manhattan,East Village,40.72199908732812,-73.978740305968,Entire home/apt,237,3,0,1,26,0
681111228605002763,197600390,Brooklyn,Crown Heights,40.6758528,-73.9588052,Private room,65,30,0,1,2,0
679820840001432631,369850877,Manhattan,Upper East Side,40.78725218584496,-73.95432203068847,Entire home/apt,250,30,0,1,308,0
679821247637277585,469080688,Queens,Maspeth,40.74002520239458,-73.90172753324694,Entire home/apt,309,1,4,2,133,4
681138367006988059,444007547,Manhattan,Midtown,40.74448560993072,-73.98599268943767,Private room,108,30,0,56,326,0
681140426790471144,100573908,Queens,College Point,40.78017704836007,-73.84435558407259,Entire home/apt,149,2,6,1,300,6
679834869136844385,290358366,Manhattan,Midtown,40.74646300438351,-73.98140425340684,Shared room,82,2,1,2,334,1
679857043553287443,350252704,Manhattan,Midtown,40.74506404582603,-73.98231349206544,Entire home/apt,500,30,0,8,40,0
679907467459888557,3995271,Manhattan,East Village,40.72801722084579,-73.98068681957398,Entire home/apt,265,5,0,1,122,0
678748611160929141,448739722,Brooklyn,Greenpoint,40.731402475544144,-73.9554739919304,Entire home/apt,170,1,1,1,0,1
678781752355472967,448326434,Manhattan,West Village,40.73161628334965,-74.00124043217703,Entire home/apt,299,5,1,35,279,1
678790189449667500,448326434,Manhattan,Financial District,40.70826087107636,-74.00743586683198,Entire home/apt,234,30,0,35,143,0
678793875305785454,323626028,Manhattan,Harlem,40.82657057506014,-73.9532081893386,Private room,160,3,1,1,338,1
681146040441736113,444007547,Manhattan,Midtown,40.74469,-73.98536,Private room,108,30,0,56,325,0
681146602760008764,472067416,Queens,Middle Village,40.7253626,-73.87221459999999,Private room,76,1,1,3,334,1
678794291818450722,471441645,Bronx,Van Nest,40.84347910397496,-73.86662408709526,Entire home/apt,95,2,3,3,341,3
678818745159591890,471449147,Manhattan,East Harlem,40.79266312920462,-73.94362511065833,Entire home/apt,190,3,0,1,283,0
679907920226720940,43371759,Brooklyn,Greenpoint,40.73268294689534,-73.96038562553866,Entire home/apt,350,5,0,1,312,0
681147066027770893,444007547,Manhattan,Midtown,40.74247221515315,-73.98584286173842,Private room,108,30,0,56,252,0
681148296844613732,444007547,Manhattan,Flatiron District,40.74276947926964,-73.98674908310758,Private room,108,30,0,56,340,0
681149555345050837,444007547,Manhattan,Flatiron District,40.74244081040923,-73.98727439147981,Private room,108,30,0,56,348,0
681152335862283030,444007547,Manhattan,Midtown,40.74399,-73.98513,Private room,108,30,0,56,342,0
681154036278151179,444007547,Manhattan,Flatiron District,40.74267,-73.98676,Private room,108,30,0,56,345,0
681155259506041676,444007547,Manhattan,Midtown,40.7424800546494,-73.98531607210089,Private room,108,30,0,56,341,0
681156759151473154,444007547,Manhattan,Midtown,40.744419898666656,-73.98686891126523,Private room,108,30,0,56,340,0
681156794938499870,444007547,Manhattan,Flatiron District,40.7426090699592,-73.98673378376732,Private room,108,30,0,56,345,0
681161066585130843,381698920,Manhattan,Hell's Kitchen,40.754535995431965,-73.99810556530797,Entire home/apt,586,2,1,19,332,1
681164404044413348,19758179,Brooklyn,Bushwick,40.7009502139401,-73.9138926367456,Entire home/apt,101,30,0,6,307,0
681183272731076396,385129361,Manhattan,Upper West Side,40.79623718305718,-73.96138726333189,Entire home/apt,70,30,0,48,120,0
681240300621851711,9787976,Brooklyn,Bedford-Stuyvesant,40.68712364458581,-73.92282719765929,Entire home/apt,150,1,1,1,61,1
681240868171988223,7877504,Brooklyn,Clinton Hill,40.68322,-73.96478,Entire home/apt,300,1,1,1,340,1
681255536023172207,174504698,Queens,Astoria,40.7722726,-73.9243023,Private room,89,1,0,2,333,0
679924710615958855,471752322,Brooklyn,Sunset Park,40.63941002027049,-74.01768408715725,Private room,80,2,3,3,141,3
679942341342407727,366996195,Queens,St. Albans,40.6918427,-73.765046,Entire home/apt,208,1,2,2,359,2
679948459187885599,470977670,Brooklyn,Sunset Park,40.6580394,-74.00337809999999,Private room,84,3,1,3,203,1
679965439037704084,12639098,Brooklyn,Park Slope,40.6803095258142,-73.9804818807301,Entire home/apt,202,1,4,4,320,4
679987510857371972,471303517,Brooklyn,East New York,40.66631977630343,-73.88114345044653,Entire home/apt,500,1,0,3,289,0
680014376902761563,169488674,Manhattan,Greenwich Village,40.73360445344292,-73.99824916274692,Entire home/apt,657,5,5,1,141,5
680234012861686339,471822881,Manhattan,Upper East Side,40.77083302013605,-73.94917443813843,Entire home/apt,164,1,0,1,344,0
680257125295646050,379993600,Brooklyn,Williamsburg,40.7118832,-73.947991,Entire home/apt,784,3,3,4,125,3
678851157400097462,471460452,Queens,East Elmhurst,40.76458,-73.8665817,Entire home/apt,130,2,4,1,328,4
678853457233224820,471461245,Queens,Flushing,40.74640865179886,-73.8307181,Entire home/apt,182,1,0,1,360,0
678886339752306757,1874188,Brooklyn,Williamsburg,40.718323903460735,-73.94972592450414,Entire home/apt,149,30,0,1,231,0
678895594958125947,471188783,Brooklyn,Flatlands,40.629125348665134,-73.92654019299424,Private room,100,2,1,1,84,1
678917705151177183,153562499,Bronx,Morrisania,40.82916178026658,-73.90511067841125,Entire home/apt,90,30,0,1,365,0
678919180976813127,204704622,Manhattan,Inwood,40.86378069461362,-73.92401662592435,Private room,49,30,0,157,52,0
678923340566498619,471483581,Brooklyn,East New York,40.67487939999999,-73.90174329999999,Entire home/apt,171,1,1,1,316,1
678959701313356176,435891723,Bronx,Concourse Village,40.82042795101654,-73.9255953449741,Private room,65,3,2,3,332,2
678968165461368245,22030138,Manhattan,Upper West Side,40.77598263282778,-73.9899514606323,Entire home/apt,132,30,1,1,264,1
678974775801142574,438014463,Brooklyn,Cypress Hills,40.68085977307015,-73.89304664768967,Private room,214,1,3,4,363,3
678977721240793038,365342297,Brooklyn,Sunset Park,40.64534904957725,-74.01299532407396,Shared room,46,3,3,6,5,3
678983248420145058,470914455,Queens,Jamaica,40.68187111481189,-73.77210277926946,Private room,85,1,4,1,324,4
678984843554686575,471508880,Brooklyn,East Flatbush,40.65788,-73.936,Entire home/apt,263,2,6,1,135,6
678987385312381897,1639979,Brooklyn,Carroll Gardens,40.67978104663025,-73.99980154106142,Entire home/apt,200,6,1,1,67,1
681261714985765895,9522851,Brooklyn,Bedford-Stuyvesant,40.685866401861325,-73.91926227520523,Entire home/apt,140,2,2,1,0,2
678989344130352738,32291797,Brooklyn,Bedford-Stuyvesant,40.68623741691704,-73.93190684086893,Entire home/apt,250,3,0,1,68,0
678999969960914914,373019,Queens,Ridgewood,40.70546664627586,-73.90165790018624,Entire home/apt,83,2,1,1,128,1
679032744499422534,393754684,Brooklyn,Prospect-Lefferts Gardens,40.66138750927101,-73.95093627955883,Private room,202,3,0,2,355,0
679034431223472601,434292556,Queens,Springfield Gardens,40.68741,-73.75758,Private room,83,1,3,3,173,3
682719535928244841,467478276,Manhattan,East Harlem,40.79781029408045,-73.93928907117895,Private room,90,2,0,3,345,0
680280955847184022,108357210,Brooklyn,Crown Heights,40.67059953963768,-73.92844761669639,Private room,52,365,0,1,365,0
680296958983558039,471543853,Queens,East Elmhurst,40.75754297343554,-73.89794172902319,Private room,50,1,1,4,282,1
680300153298472742,451467689,Manhattan,Financial District,40.70846,-74.01437,Entire home/apt,300,4,1,1,44,1
680317402501309636,81585173,Manhattan,Murray Hill,40.748497681709374,-73.97587671119433,Private room,149,1,2,8,8,2
680330991490808518,336581747,Manhattan,Midtown,40.75571183645423,-73.96717688034087,Entire home/apt,225,30,0,8,311,0
680341463529754504,51589519,Brooklyn,Williamsburg,40.7144003,-73.9496825,Entire home/apt,450,30,0,14,320,0
681296327139376370,6721139,Brooklyn,Fort Greene,40.683135953442175,-73.96960863154001,Entire home/apt,225,30,0,1,332,0
680368218854728990,77725998,Manhattan,Hell's Kitchen,40.75377971058199,-73.99341076612473,Private room,150,1,4,1,306,4
680375721208421697,398018,Brooklyn,Crown Heights,40.67342941992167,-73.9393773762788,Entire home/apt,205,2,2,1,43,2
680399573516768400,471543853,Queens,East Elmhurst,40.75857376499193,-73.89787706768657,Private room,53,1,1,4,280,1
682727111138429596,17896580,Queens,Long Island City,40.7516417,-73.9376583,Entire home/apt,140,30,0,1,322,0
682739715009522200,139572572,Queens,Jamaica,40.68791881796437,-73.80175525539705,Entire home/apt,194,2,7,4,243,7
681350411106639386,472034285,Bronx,Fordham,40.86729616035825,-73.88810844379962,Entire home/apt,130,1,5,1,347,5
681366942258397260,19457310,Staten Island,Eltingville,40.5427340457317,-74.14899581534996,Entire home/apt,150,2,0,1,290,0
682741411593558158,467416900,Manhattan,East Harlem,40.785366624232005,-73.947230476964,Private room,109,1,1,1,61,1
680408382094584444,69997258,Manhattan,Hell's Kitchen,40.769612136003744,-73.99094177389681,Entire home/apt,395,1,0,1,285,0
680416667834777288,74885349,Brooklyn,Bedford-Stuyvesant,40.67861151989447,-73.9518274298594,Entire home/apt,240,4,0,6,300,0
680419751032103361,432679409,Manhattan,Nolita,40.72233651305955,-73.99675715714693,Entire home/apt,2293,1,1,9,360,1
681368297886620688,472045317,Manhattan,Upper East Side,40.765165518482,-73.96324343591438,Private room,199,2,0,1,299,0
680430749510569368,50749117,Brooklyn,Bushwick,40.699688767912924,-73.9395743184588,Entire home/apt,250,7,0,1,38,0
680433922625970966,432679409,Manhattan,SoHo,40.72243029745712,-74.0028787500194,Entire home/apt,2250,1,0,9,356,0
680437772954575061,432679409,Manhattan,Nolita,40.722133222643606,-73.99474919304643,Entire home/apt,2250,1,0,9,356,0
680442514253235419,1663967,Queens,Laurelton,40.68234,-73.72947,Private room,180,1,1,2,365,1
680484863680480626,47853522,Brooklyn,Williamsburg,40.71266532831923,-73.96306727081537,Private room,120,1,3,1,56,3
682745668054476092,162010601,Brooklyn,Coney Island,40.5780701,-74.0008524,Entire home/apt,175,1,6,1,306,6
681380028722476177,472125262,Brooklyn,East New York,40.673195890537855,-73.89246087074831,Entire home/apt,165,2,4,1,63,4
681400043417984180,359836729,Bronx,Kingsbridge,40.88360714321309,-73.89078534662616,Private room,70,3,4,2,341,4
681401297368147866,355770584,Queens,Flushing,40.75504061257584,-73.80485542999469,Entire home/apt,146,1,8,7,170,8
681419096682979940,432265222,Manhattan,Marble Hill,40.87616232596184,-73.91236231184571,Entire home/apt,127,1,2,1,358,2
681441465240214711,436231912,Queens,Laurelton,40.6724275304715,-73.75233388252923,Entire home/apt,444,2,4,1,75,4
682780263420260404,472437221,Bronx,Concourse Village,40.83004501759451,-73.91614200878263,Entire home/apt,90,2,4,1,288,4
682780336449637830,166779940,Brooklyn,Williamsburg,40.70741076583018,-73.94901313275335,Entire home/apt,213,3,5,2,61,5
682853721090524233,428270883,Brooklyn,Sheepshead Bay,40.5869175949256,-73.9546402526537,Entire home/apt,140,30,0,2,335,0
680511312420873338,441206328,Manhattan,Hell's Kitchen,40.7657371,-73.9890404,Entire home/apt,222,4,1,1,70,1
680527395305587176,440507344,Queens,Ditmars Steinway,40.77838224587094,-73.90788836586513,Entire home/apt,95,30,0,1,104,0
680533951209766134,170964868,Brooklyn,Bedford-Stuyvesant,40.6788463,-73.9094408,Entire home/apt,220,5,2,7,334,2
681504125966887847,303020032,Queens,Ditmars Steinway,40.7786378,-73.9072683,Private room,76,1,5,8,309,5
681520430140459985,303020032,Queens,Ditmars Steinway,40.7786378,-73.9072683,Private room,76,1,7,8,304,7
681533496702991847,303020032,Queens,Ditmars Steinway,40.7786378,-73.9072683,Private room,64,1,9,8,337,9
681548825618098245,303020032,Queens,Ditmars Steinway,40.7786378,-73.9072683,Private room,76,1,7,8,282,7
681608349085772642,107434423,Manhattan,Kips Bay,40.740129,-73.9815163,Entire home/apt,448,31,0,453,363,0
681609393472185980,440274210,Manhattan,Upper East Side,40.78078369857398,-73.9483261681101,Private room,57,30,0,3,83,0
681635565315195956,152101490,Brooklyn,Clinton Hill,40.69367064990563,-73.96652130797008,Private room,65,1,2,1,55,2
681695428780210740,285227358,Manhattan,Hell's Kitchen,40.753596509394086,-73.99567241397946,Entire home/apt,275,30,1,1,202,1
680550539811300085,471922429,Brooklyn,Flatbush,40.63130506927606,-73.96359089044086,Private room,114,1,3,2,358,3
680563059050396133,2587806,Brooklyn,Canarsie,40.64084,-73.89477,Entire home/apt,264,3,6,1,330,6
680586350161738984,47430022,Brooklyn,Bay Ridge,40.63468692880928,-74.0229711370084,Private room,79,7,1,7,113,1
683159869904051693,47485031,Brooklyn,Fort Greene,40.68946049109598,-73.9700225070539,Entire home/apt,110,30,0,1,47,0
683182335482340315,1388987,Brooklyn,Bushwick,40.70680406460035,-73.92232837573589,Entire home/apt,315,3,3,1,277,3
683194252577702880,455696575,Manhattan,Hell's Kitchen,40.75970743660686,-73.99939767238988,Entire home/apt,906,3,4,1,0,4
681730243323738679,45774302,Brooklyn,Bushwick,40.69440602218482,-73.9229678242108,Private room,90,2,4,1,7,4
683226302696572362,92168817,Brooklyn,Kensington,40.64648723456096,-73.97150107246341,Entire home/apt,150,2,2,1,276,2
683286608300107804,108023873,Brooklyn,Williamsburg,40.71840873916462,-73.95263809860812,Entire home/apt,294,30,0,1,365,0
680609560461132351,471936383,Queens,Woodhaven,40.6934319,-73.8652853,Entire home/apt,170,30,0,1,365,0
680653503850009988,471944683,Brooklyn,Bedford-Stuyvesant,40.69632735384989,-73.9353307097549,Private room,52,1,1,1,283,1
680657038680282767,238547463,Queens,Flushing,40.727301505952965,-73.8106490518531,Private room,55,1,6,4,341,6
680666117697390739,24981215,Brooklyn,Crown Heights,40.674128577809405,-73.9435673903073,Entire home/apt,171,30,0,1,167,0
680725175891213582,155316875,Brooklyn,Bushwick,40.69053046788061,-73.9059670510372,Private room,91,1,3,2,363,3
680809637105922093,204704622,Queens,Jackson Heights,40.751070957079,-73.87836977942706,Private room,39,30,0,157,55,0
680847139950470129,303020032,Queens,Ditmars Steinway,40.77982103165578,-73.9063979243452,Private room,69,1,9,8,304,9
684146497471581916,166872386,Manhattan,East Village,40.72941796962777,-73.98482332169309,Private room,204,4,1,1,272,1
684159676843296611,467478276,Manhattan,East Harlem,40.79737739165518,-73.9376421460991,Entire home/apt,249,2,1,3,314,1
684161065508638648,343015730,Manhattan,Hell's Kitchen,40.76214211102136,-73.99926198186053,Entire home/apt,320,5,0,1,25,0
684166664486486180,264092618,Queens,East Elmhurst,40.76426282345265,-73.87275671448104,Private room,30,30,0,2,71,0
681759090878035159,84607966,Queens,East Elmhurst,40.759156926400216,-73.89790777792979,Private room,79,30,0,4,60,0
681763100461620672,303020032,Queens,Flushing,40.7585687,-73.8351919,Private room,76,1,2,8,352,2
681766186385800313,232778333,Brooklyn,Bensonhurst,40.61269291111196,-73.99773754751048,Private room,45,6,0,1,110,0
684167152890227720,472794721,Queens,Briarwood,40.707409630074416,-73.80859685097289,Entire home/apt,250,1,5,1,346,5
684221937891712445,117691388,Queens,Jamaica,40.67517098578985,-73.79685981966554,Private room,86,1,1,1,363,1
684253331704978996,431018108,Bronx,Clason Point,40.8074168,-73.8551646,Private room,79,5,1,3,358,1
684254423881120576,1916500,Brooklyn,Greenpoint,40.73048920647823,-73.9587005097632,Private room,124,1,7,1,107,7
684281252697214085,42063010,Manhattan,Midtown,40.74740509999999,-73.98656869999999,Entire home/apt,690,4,0,1,282,0
684285085330139081,55450195,Brooklyn,Cypress Hills,40.68350293735803,-73.867455907166,Entire home/apt,107,3,3,3,58,3
684320143651843193,55450195,Brooklyn,Cypress Hills,40.68232,-73.86723,Entire home/apt,85,3,1,3,44,1
684326165612406084,472831023,Manhattan,Little Italy,40.71802897894286,-73.99726801223817,Entire home/apt,226,1,0,1,343,0
683302547336996602,241697765,Brooklyn,East New York,40.67111590294478,-73.86025144886267,Entire home/apt,126,1,0,1,114,0
683308019281482999,1291503,Brooklyn,Fort Greene,40.6881659,-73.9756014,Entire home/apt,545,8,1,1,10,1
683326142665670776,267272502,Bronx,Claremont Village,40.84192135981558,-73.9065586771152,Private room,65,14,0,28,336,0
683337685088953709,15027104,Brooklyn,Greenpoint,40.72170430226248,-73.94999574828816,Entire home/apt,564,28,0,1,58,0
683339861338311365,417867731,Manhattan,Midtown,40.74324370430922,-73.98345290865599,Entire home/apt,281,4,0,2,319,0
683343792774114481,148603348,Manhattan,Kips Bay,40.7396536,-73.9808061,Entire home/apt,165,13,3,1,131,3
683349159262420204,4177178,Brooklyn,Greenpoint,40.72379259679397,-73.94345692748702,Entire home/apt,254,14,0,1,79,0
683368120186220988,139572572,Queens,Jamaica,40.69248,-73.79669,Entire home/apt,169,2,5,4,257,5
681805560172871680,303020032,Queens,Flushing,40.7585687,-73.8351919,Private room,76,1,8,8,347,8
681814895224648424,303020032,Queens,Flushing,40.7585687,-73.8351919,Private room,76,1,4,8,320,4
681826266874937965,1525669,Manhattan,Washington Heights,40.84591027673601,-73.93776428222263,Entire home/apt,180,3,0,1,162,0
681854222842680619,193529865,Queens,Kew Gardens,40.70467373444718,-73.83080066970766,Private room,145,1,0,3,264,0
681864508873880202,161534360,Brooklyn,Brighton Beach,40.5773394229984,-73.95632239655195,Entire home/apt,200,3,0,2,341,0
681891911331872245,24857221,Brooklyn,Bay Ridge,40.636381371482194,-74.0249986064781,Private room,70,1,8,2,50,8
681942422763550516,72497941,Bronx,Longwood,40.82709721602847,-73.89178219391633,Entire home/apt,95,2,6,2,0,6
681959695365937599,466908468,Brooklyn,Sheepshead Bay,40.58518103164174,-73.95245587522575,Private room,78,4,2,2,39,2
681966501096799583,420975523,Queens,Maspeth,40.73507307574047,-73.89667227216493,Entire home/apt,143,1,8,8,319,8
681967413586128126,284563606,Manhattan,Kips Bay,40.74320931376751,-73.97308785524125,Entire home/apt,542,1,2,2,72,2
681971132095743311,3603284,Brooklyn,East New York,40.67487939999999,-73.90174329999999,Entire home/apt,155,28,0,8,351,0
682011038406152082,1339545,Brooklyn,Park Slope,40.67007513628228,-73.9804074855293,Entire home/apt,191,2,0,8,59,0
682051667669616758,21265745,Manhattan,Midtown,40.7526556,-73.9724804,Entire home/apt,332,2,0,3,51,0
682107201631972285,86568314,Bronx,Parkchester,40.83515218278679,-73.8668053777184,Entire home/apt,144,2,10,1,97,10
682109229505267577,241676154,Staten Island,Grant City,40.57892610214373,-74.1082392831035,Private room,36,30,0,14,296,0
682116278774599190,241676154,Staten Island,West Brighton,40.632378144434114,-74.10543870224568,Private room,37,30,0,14,305,0
682155578791168114,71561968,Queens,Rosedale,40.655358,-73.746967,Entire home/apt,269,2,1,1,356,1
683385277251471651,290877810,Manhattan,East Harlem,40.78971794828559,-73.94699794902418,Entire home/apt,150,30,2,1,35,2
684333733159579768,324990686,Queens,Jamaica,40.6818372,-73.8038935,Entire home/apt,117,2,6,1,350,6
684335173772455036,10194781,Queens,Ridgewood,40.707754484336704,-73.8981806114316,Entire home/apt,162,2,1,5,344,1
682192481734011797,104655540,Brooklyn,Crown Heights,40.6728960956271,-73.93893341138,Private room,108,1,0,6,86,0
682412216066726691,472289304,Manhattan,East Village,40.72812,-73.97809,Entire home/apt,257,1,0,1,173,0
682435530775922262,3223938,Queens,Ridgewood,40.70383681149866,-73.90380299104747,Private room,39,90,0,288,250,0
682459648032226162,280475502,Brooklyn,Greenpoint,40.72186416999647,-73.9440612834317,Entire home/apt,271,3,5,3,131,5
682481835429191604,6724578,Brooklyn,Brooklyn Heights,40.69184377958696,-73.99636883198276,Private room,199,2,1,6,335,1
682511792772948913,472372377,Queens,Flushing,40.759097810187946,-73.80161443884384,Private room,63,1,8,1,352,8
684348813110151039,23619636,Brooklyn,Bushwick,40.69883639812806,-73.9128315896717,Entire home/apt,165,3,0,1,17,0
683408757553496230,44968202,Manhattan,Lower East Side,40.71190529748022,-73.98886986532611,Entire home/apt,160,30,0,1,179,0
682535527513924139,4139266,Brooklyn,Greenpoint,40.73321409685519,-73.95672603697471,Entire home/apt,475,25,0,1,35,0
682545087826102272,14278450,Manhattan,Nolita,40.72122246439584,-73.99622969743704,Private room,182,4,1,2,73,1
682569640765881074,3975734,Brooklyn,Crown Heights,40.68015582485878,-73.96164580101147,Entire home/apt,150,30,0,2,219,0
682619450450276534,143551385,Manhattan,Upper East Side,40.77470911673642,-73.95285811275244,Entire home/apt,170,3,0,1,69,0
684380893411439779,85414049,Queens,Ridgewood,40.70022809511168,-73.89803739198524,Entire home/apt,75,30,0,2,291,0
684430596089309139,356808007,Brooklyn,Williamsburg,40.71114361915991,-73.95368873755274,Private room,125,4,0,4,256,0
684435229163676545,391891939,Manhattan,Kips Bay,40.7434373665747,-73.97370390666886,Entire home/apt,150,30,0,2,173,0
684533628871857518,9510011,Manhattan,Harlem,40.80681,-73.94328,Entire home/apt,221,1,2,2,268,2
684585564911576045,20357094,Brooklyn,Crown Heights,40.6638521190028,-73.95515760342582,Entire home/apt,133,2,2,1,324,2
684586853445268355,10786332,Brooklyn,East Flatbush,40.650501472921455,-73.93183708516565,Shared room,160,3,0,2,362,0
684589631507451937,10786332,Brooklyn,East Flatbush,40.65249347517943,-73.93251258180146,Private room,150,3,0,2,347,0
684598459983753356,22541573,Manhattan,Upper East Side,40.78461051133085,-73.95003873710534,Entire home/apt,520,30,0,131,345,0
682641202868881015,11941241,Bronx,Concourse,40.83541,-73.92266,Entire home/apt,97,5,0,1,311,0
684622412185439593,472893117,Brooklyn,Bushwick,40.68988049060725,-73.9073210417484,Private room,98,1,3,3,79,3
683521188198131996,135550138,Manhattan,West Village,40.73723542904638,-74.00267017036981,Entire home/apt,445,4,0,1,60,0
683523642121128796,101776118,Brooklyn,Fort Hamilton,40.62261960836206,-74.02950139583437,Entire home/apt,148,1,5,2,324,5
682683227716051722,445862738,Brooklyn,East New York,40.67302710564006,-73.87730784091565,Entire home/apt,103,2,2,1,328,2
682684527659690406,60847286,Queens,Woodside,40.74223177742356,-73.90579630116292,Private room,120,1,2,2,363,2
682696727084502897,41368372,Brooklyn,South Slope,40.66643644042279,-73.9890187169503,Entire home/apt,200,6,1,1,1,1
683526469994587749,158128505,Brooklyn,Canarsie,40.6406201,-73.892774,Entire home/apt,125,1,4,1,346,4
683560637482837608,472228929,Brooklyn,Flatbush,40.64365,-73.95474,Private room,149,1,3,1,365,3
684633705036697812,60658676,Manhattan,Morningside Heights,40.807612623532485,-73.96684046834707,Entire home/apt,479,2,1,1,7,1
684634229190021754,472893117,Brooklyn,Bushwick,40.69140360677177,-73.90542915328886,Private room,98,1,10,3,86,10
684636604364196606,472893117,Brooklyn,Bushwick,40.69130684439629,-73.90545340535898,Private room,98,1,12,3,73,12
684651042293858196,435938215,Manhattan,Hell's Kitchen,40.75636007636328,-73.99777544249609,Private room,280,1,2,22,138,2
684668096777520668,435938215,Manhattan,Hell's Kitchen,40.755685583953046,-73.9984212143598,Private room,280,1,0,22,138,0
682698725029735405,124976191,Bronx,Longwood,40.81918003333706,-73.90751009698901,Private room,60,2,3,5,355,3
682706502982461768,472422648,Manhattan,Inwood,40.865373884740094,-73.92368889368137,Entire home/apt,108,20,0,1,329,0
685640439358575065,51351678,Queens,Springfield Gardens,40.66289299995792,-73.77055715849704,Private room,80,1,4,3,280,4
684685929473485562,190340531,Manhattan,Washington Heights,40.83682337008203,-73.93917734630793,Private room,85,1,0,1,32,0
684695059305035751,385129361,Manhattan,Upper West Side,40.79606904572142,-73.96336118160863,Entire home/apt,85,30,0,48,125,0
683592444987548195,369906131,Manhattan,Nolita,40.72426,-73.99311,Entire home/apt,84,30,0,1,262,0
683599355993483160,351489331,Queens,Woodhaven,40.69392628863071,-73.8553241400278,Private room,69,2,3,2,350,3
685651989448583242,3223938,Brooklyn,Bay Ridge,40.62751974148351,-74.0249395198197,Private room,31,90,0,288,264,0
685653861894881891,433807530,Staten Island,St. George,40.6389659,-74.08019929999999,Private room,44,90,0,2,310,0
685660866794659166,456132010,Bronx,Throgs Neck,40.81418936725545,-73.82607271190344,Entire home/apt,180,3,1,4,108,1
685666561879713046,473188688,Manhattan,Hell's Kitchen,40.76201904576103,-73.99113898548651,Entire home/apt,286,4,8,1,90,8
683614039243853635,472640880,Brooklyn,East New York,40.6641806,-73.8942364,Private room,150,3,1,3,359,1
683614869967654541,129743937,Queens,East Elmhurst,40.75918,-73.86977,Private room,63,1,11,4,136,11
683633530182293343,472067416,Queens,Middle Village,40.72524996870102,-73.87221448123455,Private room,74,1,3,3,349,3
683662981847647361,470533537,Manhattan,Upper East Side,40.7708234259465,-73.95326267431965,Entire home/apt,256,1,0,1,202,0
683756499047497194,107434423,Manhattan,Upper West Side,40.79364,-73.97303,Entire home/apt,703,31,0,453,23,0
685669351584584501,4520672,Manhattan,Upper West Side,40.78518129827107,-73.97503625696751,Entire home/apt,273,30,0,2,114,0
685671829184357985,404940500,Manhattan,Upper East Side,40.77088660683941,-73.9534586228087,Entire home/apt,795,30,0,12,355,0
685673151491082281,404940500,Manhattan,Upper East Side,40.77270610981503,-73.95218690302325,Entire home/apt,1167,30,0,12,309,0
685676699427435848,407197368,Bronx,Claremont Village,40.83791307746032,-73.90088818283728,Private room,78,1,5,1,361,5
683828939166187407,6835125,Manhattan,West Village,40.7344083273449,-74.00764546774772,Entire home/apt,230,1,1,1,37,1
683832772356785161,51468488,Bronx,Concourse,40.82005572651892,-73.92726892472815,Private room,110,1,0,1,352,0
683855848444214769,27181542,Manhattan,Upper East Side,40.7740297481472,-73.9478732809744,Entire home/apt,140,30,0,69,291,0
683856808253507761,5215764,Brooklyn,Fort Greene,40.68836,-73.97264,Entire home/apt,120,30,0,1,97,0
684716759603498483,22335925,Manhattan,Chelsea,40.74867583499862,-73.99059040571797,Entire home/apt,630,4,1,1,37,1
684750666942206241,385129361,Manhattan,Upper West Side,40.79554034388493,-73.96227839324372,Entire home/apt,60,30,0,48,273,0
684753116716834893,162280872,Brooklyn,Greenpoint,40.73283740025235,-73.95658297363094,Entire home/apt,315,30,0,98,318,0
685694594884910734,16480700,Manhattan,Hell's Kitchen,40.75999,-73.99236,Shared room,88,30,0,12,334,0
685694754083014411,29334963,Brooklyn,Williamsburg,40.71719439283321,-73.95246104638018,Private room,264,2,0,2,44,0
685706917487823608,48547519,Brooklyn,Canarsie,40.63181,-73.90883,Entire home/apt,167,2,2,1,351,2
684781818661490392,15443283,Brooklyn,Williamsburg,40.71485175846545,-73.9632997371259,Entire home/apt,600,5,0,1,34,0
684786048438885453,472814007,Manhattan,East Village,40.7294689624739,-73.98472110844708,Entire home/apt,414,2,0,1,316,0
683861792482577914,200371765,Manhattan,Harlem,40.81750520881658,-73.94550481195019,Entire home/apt,150,4,0,1,21,0
683871859702188780,445973365,Bronx,Highbridge,40.83329929764816,-73.92997730569128,Private room,70,1,0,1,87,0
685709079810929585,157770735,Brooklyn,Midwood,40.61046709676931,-73.96950118563657,Entire home/apt,75,6,0,1,281,0
685726194938497987,473203096,Queens,Bellerose,40.72927218051964,-73.7378321214224,Entire home/apt,200,1,0,1,157,0
685731454965350558,426952784,Brooklyn,Crown Heights,40.67345042541249,-73.92304317413547,Private room,75,1,1,5,337,1
685736353152331042,426952784,Brooklyn,Crown Heights,40.67152401045162,-73.92154736303893,Private room,65,1,1,5,356,1
686055908096264864,388433334,Bronx,Mott Haven,40.80942,-73.9269,Private room,63,1,1,3,311,1
686071856833975178,419834692,Brooklyn,East New York,40.66326160598877,-73.87958724739732,Private room,189,1,2,2,362,2
686081419344249200,47354598,Manhattan,Kips Bay,40.73928972492845,-73.98165030686879,Entire home/apt,421,2,1,1,330,1
683883139828845441,472701399,Bronx,Norwood,40.878727939422895,-73.88536787213363,Entire home/apt,77,1,0,1,249,0
683884963217072409,67834597,Brooklyn,Bedford-Stuyvesant,40.68674336005496,-73.95021421544938,Private room,159,3,0,1,358,0
683909861921823774,385129361,Manhattan,Upper West Side,40.79618,-73.96356,Entire home/apt,65,30,0,48,157,0
683914423224627855,460919458,Manhattan,East Harlem,40.79417256088047,-73.94502419268333,Entire home/apt,125,30,0,18,332,0
683917359584827882,48937055,Manhattan,Financial District,40.707018297561326,-74.01022778647331,Entire home/apt,350,14,0,1,363,0
684787498799470366,219137805,Brooklyn,Bedford-Stuyvesant,40.68637201763356,-73.93059224949809,Shared room,177,1,1,1,364,1
684788720978219067,465579714,Manhattan,Chinatown,40.71807661684579,-73.99608923118181,Entire home/apt,1850,1,0,4,363,0
684815654246207718,465579714,Manhattan,Chinatown,40.716646647184746,-73.99767005754414,Entire home/apt,1850,1,0,4,365,0
684840545362618550,460919458,Manhattan,East Harlem,40.79464945704935,-73.94558659683747,Entire home/apt,105,30,0,18,342,0
684845666675241305,247280132,Brooklyn,Williamsburg,40.70818,-73.96131,Private room,98,10,0,1,356,0
686085101360315451,82876116,Manhattan,Upper West Side,40.77587385096011,-73.98136632345614,Private room,267,4,4,1,94,4
686088987656857863,460919458,Manhattan,East Harlem,40.79593155133149,-73.94408318468747,Entire home/apt,125,30,0,18,326,0
686094649353637615,18459495,Brooklyn,Flatlands,40.6151023,-73.9202747,Entire home/apt,248,2,0,1,173,0
686101677116055813,465891299,Queens,Long Island City,40.7492191810679,-73.94921997553489,Entire home/apt,1257,2,0,9,357,0
686102553957627578,82511449,Brooklyn,Bedford-Stuyvesant,40.68575,-73.92788,Entire home/apt,131,28,0,1,334,0
686117087635718748,124142417,Brooklyn,Bushwick,40.68750904120718,-73.91756427850044,Private room,94,2,4,4,89,4
686133371271308110,356470759,Manhattan,East Village,40.72411173998879,-73.99059923779913,Private room,171,1,2,1,4,2
683925434266602181,128609354,Manhattan,Financial District,40.70476288405485,-74.00752830444662,Entire home/apt,271,2,0,1,1,0
683927980325010111,205760,Manhattan,Hell's Kitchen,40.76101190716079,-73.9945350474987,Entire home/apt,230,30,0,5,278,0
683956402517277408,113723310,Manhattan,Chelsea,40.73969114585783,-73.9980925070253,Entire home/apt,175,30,0,60,129,0
683968058502606048,460919458,Manhattan,East Harlem,40.79610035617409,-73.94452902602336,Entire home/apt,115,30,0,18,340,0
686139903548017442,460919458,Manhattan,East Harlem,40.79437776283096,-73.94416036551128,Entire home/apt,105,30,0,18,312,0
686154575694335120,124142417,Brooklyn,Bushwick,40.68632060172622,-73.91601499630009,Private room,100,2,4,4,125,4
686154814148831183,110138572,Manhattan,Chelsea,40.75216982819008,-73.99718915402303,Entire home/apt,628,1,0,7,76,0
686163876132825481,32004166,Manhattan,SoHo,40.72729,-74.00165,Entire home/apt,518,30,2,1,264,2
686165744322965219,24191602,Brooklyn,Williamsburg,40.709984949553856,-73.96002751654028,Entire home/apt,120,30,0,3,323,0
686167351012894994,473309072,Bronx,Williamsbridge,40.881203946161314,-73.85335941868787,Entire home/apt,92,3,2,1,23,2
683968304004889120,3074342,Brooklyn,Prospect-Lefferts Gardens,40.656424119047415,-73.95565318953541,Entire home/apt,140,10,0,1,336,0
683986283768991968,30283594,Manhattan,Theater District,40.76337399275456,-73.98512784962719,Entire home/apt,355,30,0,95,180,0
683986630193963864,472732911,Brooklyn,Flatlands,40.628413195720405,-73.92150404557131,Entire home/apt,118,4,1,2,359,1
683996557814541468,459355799,Bronx,Allerton,40.8683699342761,-73.85338501218668,Entire home/apt,89,1,2,1,361,2
684867039405861925,472979439,Brooklyn,Greenpoint,40.72109839598023,-73.94825329500512,Entire home/apt,250,5,0,1,235,0
684875045538178450,460919458,Manhattan,East Harlem,40.7960707065532,-73.94433161413872,Entire home/apt,115,30,0,18,312,0
686187005718381391,34400734,Manhattan,Upper East Side,40.775655,-73.953972,Private room,96,1,1,1,311,1
686201302525633863,30283594,Manhattan,Hell's Kitchen,40.76043915056487,-73.99780981128443,Entire home/apt,219,30,0,95,365,0
686221339317385604,388433334,Bronx,Mott Haven,40.81037,-73.92751,Private room,68,1,0,3,301,0
686224538952004466,466634879,Queens,Flushing,40.757305,-73.83201799999999,Private room,222,1,2,2,164,2
686230134012274746,399414325,Bronx,Kingsbridge,40.86984606935522,-73.89933167163255,Entire home/apt,60,30,0,2,254,0
686234462410732460,382422149,Queens,Flushing,40.75365427800186,-73.83027292121345,Private room,129,1,3,3,356,3
686255715666366536,472062578,Manhattan,NoHo,40.72772307517036,-73.99218483401422,Private room,360,3,0,1,358,0
684892414360105151,7085117,Manhattan,Upper West Side,40.774540521630165,-73.98863261097479,Entire home/apt,175,2,0,1,36,0
684004385452199726,472743843,Brooklyn,East New York,40.658811010769135,-73.86701437845421,Entire home/apt,135,1,1,1,85,1
686278815990573199,337777068,Queens,Forest Hills,40.734260825273,-73.85387942192762,Entire home/apt,121,3,3,1,356,3
686287897384232170,472603377,Brooklyn,Bushwick,40.70066338896284,-73.94050087807479,Entire home/apt,272,30,0,4,344,0
684021086103360754,57935592,Manhattan,Nolita,40.7209624,-73.99629399999999,Entire home/apt,243,7,0,1,46,0
684027064068254195,364867907,Manhattan,Upper West Side,40.79434,-73.96451,Private room,88,30,0,4,299,0
684027204035432582,22541573,Manhattan,Financial District,40.70581406327764,-74.00832237668534,Entire home/apt,385,30,0,131,346,0
684029356714767665,22541573,Manhattan,Upper East Side,40.77900307579217,-73.946575841249,Entire home/apt,401,30,0,131,332,0
684031154607032359,111293940,Brooklyn,Bedford-Stuyvesant,40.683886291431904,-73.95234058733816,Entire home/apt,700,1,0,3,347,0
684031633306598910,22541573,Manhattan,Theater District,40.76114922137028,-73.98344331898562,Entire home/apt,316,30,0,131,325,0
684032176744891792,22541573,Manhattan,Financial District,40.70887959122011,-74.01492866428073,Entire home/apt,332,30,0,131,360,0
684032725886785671,22541573,Manhattan,Midtown,40.743985422974205,-73.98573303493946,Entire home/apt,414,30,0,131,297,0
684034566931217056,22541573,Manhattan,East Harlem,40.78480520871287,-73.94832647762948,Entire home/apt,401,30,0,131,359,0
684035098294762946,22541573,Manhattan,East Harlem,40.78644111474396,-73.9486616694625,Entire home/apt,401,30,0,131,332,0
684035614254004415,22541573,Manhattan,Murray Hill,40.74737640463261,-73.98017732791905,Entire home/apt,306,30,0,131,355,0
684036544832548938,32226468,Brooklyn,Bedford-Stuyvesant,40.69382540539317,-73.94719940804872,Private room,143,1,1,1,35,1
684039428006942001,22541573,Manhattan,Tribeca,40.71310692608108,-74.01030938919507,Entire home/apt,340,30,0,131,325,0
684039950274738818,22541573,Manhattan,Hell's Kitchen,40.76418912114183,-73.98604197844816,Entire home/apt,401,30,0,131,339,0
684061540597852601,385129361,Manhattan,Upper West Side,40.79578617248059,-73.96228223328593,Entire home/apt,75,30,0,48,164,0
684896122783940646,64648495,Brooklyn,Williamsburg,40.709697610043314,-73.94860771927605,Entire home/apt,176,30,0,1,157,0
684901182971076962,117598640,Queens,Kew Gardens Hills,40.72756044540439,-73.82124729600118,Entire home/apt,650,1,1,3,363,1
684914471082395602,10716114,Brooklyn,Fort Greene,40.68902789676959,-73.97145145385949,Entire home/apt,313,1,4,2,50,4
686295320393275799,179196511,Brooklyn,Cypress Hills,40.678136368826095,-73.90753986742,Private room,120,14,0,4,340,0
686302065098279368,391726093,Manhattan,Upper East Side,40.77704516371253,-73.95927444360484,Private room,171,1,3,6,56,3
686317479446164182,179196511,Brooklyn,Cypress Hills,40.67676631952308,-73.90785958443809,Private room,120,7,0,4,348,0
686319053733884792,179196511,Brooklyn,Bedford-Stuyvesant,40.67862006839207,-73.909593941136,Private room,145,5,0,4,358,0
686322130661878829,20618228,Manhattan,Hell's Kitchen,40.75978879715302,-73.99949791570756,Entire home/apt,468,3,0,1,356,0
686325667143369470,9553670,Brooklyn,East Flatbush,40.643096929014575,-73.95047810415095,Entire home/apt,175,3,1,2,360,1
686325825232495236,391726093,Manhattan,Upper East Side,40.7764472620368,-73.95904349726364,Private room,105,1,0,6,228,0
686372978526962057,424334449,Bronx,Schuylerville,40.84234228792921,-73.83482499846112,Private room,73,1,3,9,365,3
684068461150483765,377696966,Manhattan,Upper East Side,40.77909270261996,-73.94898171136192,Entire home/apt,179,2,3,1,40,3
684075483286870689,469102619,Brooklyn,Bushwick,40.687954371277904,-73.91661065319285,Entire home/apt,149,2,2,3,325,2
686416564512542939,49108760,Manhattan,Midtown,40.75993759222245,-73.96877092347947,Private room,214,1,3,7,309,3
686417098893252591,28722598,Manhattan,West Village,40.73428690328034,-74.0006514198136,Entire home/apt,193,30,0,1,311,0
684917665207182279,330097470,Brooklyn,Brownsville,40.66600130883351,-73.91493570059538,Entire home/apt,113,5,1,1,146,1
684918328617783376,177412704,Bronx,Melrose,40.82298,-73.91561,Entire home/apt,80,30,0,1,340,0
684960054251261950,313659194,Queens,Richmond Hill,40.68649885520202,-73.83304138395617,Entire home/apt,134,1,5,1,286,5
684978492319130058,396629729,Brooklyn,Williamsburg,40.714966221682765,-73.95516629333339,Shared room,71,2,1,16,341,1
686417570794395632,424334449,Bronx,Pelham Bay,40.84424578089854,-73.8340411572047,Private room,73,1,1,9,333,1
686426058732284823,424334449,Bronx,Schuylerville,40.842524269542224,-73.83259104351737,Private room,91,1,2,9,365,2
686468780423667620,245002893,Queens,Ozone Park,40.68410897037911,-73.85441665057297,Entire home/apt,446,1,1,5,360,1
686470291862007290,1467167,Queens,Flushing,40.75621658155518,-73.82665756293147,Private room,88,30,0,1,81,0
684995455544581463,473011531,Bronx,East Morrisania,40.83590339410728,-73.88636941602454,Entire home/apt,104,1,0,1,360,0
685001826188625600,471752322,Brooklyn,Sunset Park,40.63977685261207,-74.01865910164386,Private room,82,2,3,3,164,3
685029173149624033,426083686,Brooklyn,East Flatbush,40.662629005850576,-73.93844101894213,Entire home/apt,164,1,2,1,340,2
685040801038133367,396629729,Brooklyn,Williamsburg,40.71517548042549,-73.95695014050783,Shared room,71,2,2,16,346,2
684090020687385607,79275751,Manhattan,Midtown,40.75162419676371,-73.97165917069012,Entire home/apt,449,2,0,1,90,0
684106653032719742,6724578,Brooklyn,Brooklyn Heights,40.69169587876152,-73.99616105403408,Private room,155,2,2,6,345,2
684110435226760983,212164658,Queens,Flushing,40.7560655241619,-73.82587612008821,Entire home/apt,182,1,1,6,164,1
686473912310673844,306024152,Queens,South Ozone Park,40.67143787305886,-73.79487751591792,Private room,64,2,1,5,27,1
686491481723402303,48112774,Brooklyn,Flatbush,40.653247202126906,-73.95696737308052,Entire home/apt,500,30,0,2,365,0
686496374830728179,472067416,Queens,Middle Village,40.72541817472371,-73.87216988950968,Private room,67,1,4,3,346,4
686500188753163449,435266047,Brooklyn,Bushwick,40.69017888844844,-73.91296360641718,Entire home/apt,245,2,3,3,156,3
686534891998374640,461483673,Brooklyn,Canarsie,40.633702,-73.8963109,Private room,228,1,0,1,365,0
684114172499354447,472780554,Queens,Ridgewood,40.708015550329314,-73.9084048368912,Private room,95,1,0,1,342,0
684116918148728435,408801405,Brooklyn,East New York,40.67516928313678,-73.87621641907151,Entire home/apt,215,28,0,3,179,0
686609873236312483,83974928,Queens,Laurelton,40.675762941144384,-73.74598342191665,Private room,45,1,2,4,361,2
686783445557321571,473450334,Brooklyn,Williamsburg,40.702277703938734,-73.94054543994659,Entire home/apt,189,7,0,1,358,0
684117424098167135,54279355,Manhattan,Upper East Side,40.78328578338203,-73.94778914312606,Entire home/apt,183,2,1,1,5,1
684120199970481671,435938215,Manhattan,Hell's Kitchen,40.75596,-73.99832,Private room,291,1,0,22,135,0
684128283506320675,471917039,Queens,Laurelton,40.66946306989412,-73.74345764540453,Entire home/apt,275,1,3,1,357,3
684132773517404498,435938215,Manhattan,Hell's Kitchen,40.75426007072035,-73.99713423712404,Private room,291,1,5,22,135,5
684136803541248356,403560356,Manhattan,Hell's Kitchen,40.76418,-73.99206,Private room,180,2,1,2,48,1
684143322726204244,435938215,Manhattan,Hell's Kitchen,40.75480284782723,-73.99839547145224,Private room,291,1,0,22,134,0
685041986231403478,27544156,Bronx,Parkchester,40.83659120230536,-73.85626984159398,Entire home/apt,57,30,0,1,365,0
685107881527039066,107434423,Manhattan,Midtown,40.7514705,-73.9714149,Entire home/apt,366,31,0,453,280,0
685135549501735601,301780791,Manhattan,Washington Heights,40.8354,-73.93811,Private room,56,1,7,1,34,7
685159735722567180,50389867,Manhattan,Hell's Kitchen,40.77014695578867,-73.99149970717053,Entire home/apt,2500,3,0,2,365,0
685167872435793363,51351678,Queens,Springfield Gardens,40.663655993705085,-73.77055222557007,Private room,128,1,5,3,285,5
685224162975283123,104068811,Brooklyn,Crown Heights,40.6655055905707,-73.94632333595575,Entire home/apt,357,1,1,1,62,1
685298938967654965,3223938,Brooklyn,Prospect-Lefferts Gardens,40.65902396472634,-73.95867749628358,Private room,44,90,0,288,293,0
685351241119125941,546370,Brooklyn,Bedford-Stuyvesant,40.68617060042436,-73.93582010216201,Private room,55,30,0,16,320,0
685354148056114370,28295769,Brooklyn,Clinton Hill,40.68461,-73.95969,Entire home/apt,160,2,1,1,48,1
685383418560463316,404940500,Manhattan,Greenwich Village,40.7331,-73.99989,Entire home/apt,1500,7,0,12,251,0
685400123626145853,416552167,Brooklyn,Carroll Gardens,40.67776691358131,-73.99962643214988,Entire home/apt,1000,30,0,5,261,0
686850958889728569,44851966,Bronx,Belmont,40.85444,-73.8877,Entire home/apt,171,2,2,6,272,2
686852192613138563,358717658,Brooklyn,Windsor Terrace,40.64961176962824,-73.97395177389498,Entire home/apt,154,1,3,1,337,3
685402674678882804,189098278,Manhattan,Upper West Side,40.79415,-73.97526,Shared room,83,2,1,1,26,1
684145767868978149,394562867,Manhattan,East Village,40.72804572722999,-73.97937785767118,Entire home/apt,295,6,0,1,284,0
684146128752623056,435938215,Manhattan,Hell's Kitchen,40.75590228448282,-73.99660988618727,Private room,291,1,2,22,135,2
686897580478419689,181490923,Manhattan,Midtown,40.74467047642018,-73.98542683915858,Private room,200,10,0,20,267,0
686956328127294822,181490923,Manhattan,Midtown,40.74376824003822,-73.98521013699525,Private room,200,7,0,20,225,0
686969944009555938,411079992,Queens,Richmond Hill,40.70266,-73.83072,Private room,68,1,3,8,345,3
685405200607466923,106573255,Brooklyn,Sheepshead Bay,40.594675435741216,-73.93353751867691,Private room,69,1,0,1,70,0
685417342954618338,434413527,Brooklyn,Windsor Terrace,40.65852939105435,-73.98189075437394,Entire home/apt,480,30,3,1,234,3
685433133705967277,30751774,Manhattan,Nolita,40.72277070000001,-73.99402529999999,Entire home/apt,250,1,2,2,32,2
686903387440381982,181490923,Manhattan,Midtown,40.74246992351288,-73.98523963375817,Private room,200,7,0,20,200,0
686904366147044322,181490923,Manhattan,Midtown,40.74304564188062,-73.98550734520165,Private room,200,7,0,20,213,0
686908660158163939,181490923,Manhattan,Midtown,40.74282089330632,-73.98559069594812,Private room,200,7,0,20,239,0
686909551731698881,7571700,Brooklyn,Williamsburg,40.71485014352992,-73.96436622626018,Private room,100,5,0,1,280,0
686910171804796777,181490923,Manhattan,Midtown,40.74398391256157,-73.98537161575412,Private room,200,7,0,20,252,0
686911299936363424,181490923,Manhattan,Midtown,40.74457,-73.98674,Private room,200,7,0,20,217,0
686913268255327380,181490923,Manhattan,Midtown,40.74423031183997,-73.98542396309476,Private room,200,7,0,20,242,0
686913481730758774,4052356,Queens,Ridgewood,40.70646423809261,-73.90837534096823,Private room,74,1,0,1,352,0
685457110179966644,473128114,Brooklyn,Manhattan Beach,40.580389421597545,-73.93994148626687,Entire home/apt,178,3,1,1,359,1
685479595715868125,447103289,Brooklyn,Bedford-Stuyvesant,40.68301112949203,-73.91388067627977,Private room,46,30,0,3,83,0
686977115616279248,82521795,Manhattan,Hell's Kitchen,40.76719161439076,-73.98512563174336,Entire home/apt,150,30,0,1,195,0
686917295507154992,181490923,Manhattan,Midtown,40.74333397965626,-73.98714213158325,Private room,200,7,0,20,210,0
686918147285572397,181490923,Manhattan,Midtown,40.74288365711744,-73.98530745568557,Private room,180,7,0,20,226,0
686918938041371869,181490923,Manhattan,Midtown,40.74314355975967,-73.98739871329636,Private room,200,7,0,20,222,0
686920001009379009,181490923,Manhattan,Midtown,40.74292585885905,-73.9854231961292,Private room,200,7,0,20,221,0
686920986659753934,181490923,Manhattan,Midtown,40.74329275091251,-73.98528058355731,Private room,200,7,0,20,218,0
686922243253668221,181490923,Manhattan,Midtown,40.74442803182336,-73.98536698386553,Private room,200,10,0,20,218,0
686922253158137555,473492586,Brooklyn,East Flatbush,40.65051748399045,-73.95097670205533,Entire home/apt,115,5,0,1,195,0
686988446262417906,40038018,Manhattan,Upper East Side,40.763407146343546,-73.96056171775349,Entire home/apt,508,5,2,1,80,2
685488794996991386,344721221,Queens,Jamaica,40.682866,-73.767493,Entire home/apt,141,2,0,1,341,0
685557273719009254,22541573,Manhattan,Midtown,40.75715402331966,-73.98042017389666,Entire home/apt,403,30,0,131,290,0
685564875961954959,473152486,Manhattan,Hell's Kitchen,40.76121749763369,-73.9914835764191,Entire home/apt,299,1,5,1,228,5
685585785808625737,102251640,Queens,Douglaston,40.75583,-73.73122,Private room,54,1,0,4,352,0
685588304301383800,384532776,Manhattan,Hell's Kitchen,40.76102701745386,-73.98974378530636,Entire home/apt,140,30,0,44,191,0
685589618896835952,10234050,Manhattan,Chelsea,40.74838144172911,-74.00642854426839,Entire home/apt,198,30,0,3,176,0
685589681547045636,393076353,Brooklyn,East Flatbush,40.653062536536,-73.91165078218259,Private room,78,1,0,4,358,0
685623166091060477,199011457,Brooklyn,Cypress Hills,40.68744166013508,-73.87721255102251,Entire home/apt,139,1,12,1,336,12
685623390885837383,51351678,Queens,Springfield Gardens,40.66311140488951,-73.77049376883343,Shared room,96,1,4,3,286,4
689012382811966043,435050037,Queens,South Ozone Park,40.66791831000653,-73.81744885398768,Entire home/apt,210,2,1,14,362,1
689043579053364669,473978913,Queens,East Elmhurst,40.76470195003744,-73.8820256665349,Entire home/apt,122,1,0,1,352,0
686925131322367284,181490923,Manhattan,Flatiron District,40.742800808113095,-73.98731235153232,Private room,200,10,0,20,190,0
686928694422757487,62700049,Manhattan,Harlem,40.79896521309807,-73.95338062532744,Entire home/apt,235,4,5,1,190,5
686931494585581268,293753583,Manhattan,Hell's Kitchen,40.75822463126197,-73.99416526906184,Entire home/apt,200,30,0,9,121,0
686948308860858742,417707701,Brooklyn,Bushwick,40.69157206029292,-73.92524664752199,Private room,79,2,0,2,248,0
686952753545648902,262570325,Manhattan,East Harlem,40.80221110712128,-73.93997512425052,Entire home/apt,356,3,0,5,360,0
690330619295244901,474101340,Manhattan,Hell's Kitchen,40.759666214542136,-73.99203342332062,Entire home/apt,246,16,0,1,306,0
689079725644214503,122094341,Brooklyn,Sheepshead Bay,40.586314447357616,-73.93476526071416,Entire home/apt,159,10,0,1,357,0
689085271324054597,69246339,Brooklyn,Bushwick,40.69173,-73.91507,Entire home/apt,450,2,1,1,342,1
689091570445137118,148231,Brooklyn,Bedford-Stuyvesant,40.68400306452819,-73.9523848987604,Entire home/apt,160,30,0,1,135,0
689097846834777912,28260018,Manhattan,Harlem,40.80828644898302,-73.9498586611745,Private room,122,3,2,9,70,2
689117816113603471,27244727,Manhattan,Theater District,40.755214441798856,-73.98715237984715,Entire home/apt,1714,3,0,5,319,0
689126364829989631,460919458,Manhattan,East Harlem,40.79599057657165,-73.94583045191116,Entire home/apt,125,30,0,18,348,0
689142873808490612,460919458,Manhattan,East Harlem,40.79599,-73.94543,Entire home/apt,125,30,0,18,341,0
689145183614237359,37084362,Brooklyn,Greenpoint,40.72149058884985,-73.94214068506213,Entire home/apt,148,30,0,1,46,0
687039428352759365,36741644,Brooklyn,Crown Heights,40.67807924436896,-73.94447940636203,Entire home/apt,480,1,0,1,303,0
690385174598183294,107434423,Manhattan,Chelsea,40.7451795,-73.9929155,Entire home/apt,718,31,0,453,283,0
690394950766299325,57939306,Queens,Howard Beach,40.66696805092735,-73.85195998259663,Entire home/apt,104,2,6,1,348,6
690401875116871304,468540164,Manhattan,Harlem,40.80235644680287,-73.95619619300216,Entire home/apt,475,5,0,1,106,0
687064002947999025,85140494,Brooklyn,Flatbush,40.64202369866657,-73.95991097865021,Entire home/apt,160,1,13,1,316,13
689153802843121788,50432178,Manhattan,Harlem,40.80828899999999,-73.95408599999999,Private room,100,1,0,1,16,0
689168899782649267,28260018,Manhattan,Harlem,40.808844778847686,-73.94820688825843,Private room,122,3,4,9,57,4
689176470594241731,460919458,Manhattan,East Harlem,40.7961318644196,-73.94575801920872,Entire home/apt,120,30,0,18,364,0
690404245663296889,231684594,Manhattan,Theater District,40.75869303487821,-73.98303194732924,Entire home/apt,150,2,2,2,59,2
687100063527579889,444548275,Brooklyn,East Flatbush,40.6367605,-73.9439039,Private room,95,1,9,2,318,9
687100275535406482,444548275,Brooklyn,East Flatbush,40.635830568465856,-73.94452878724293,Private room,95,1,2,2,334,2
687131824284808763,471548508,Manhattan,Harlem,40.81691986131444,-73.94064176032396,Entire home/apt,161,1,2,6,10,2
687143636484310713,43714712,Brooklyn,Brighton Beach,40.58175212908451,-73.96145444573608,Entire home/apt,107,30,0,2,315,0
690420444537823249,193626078,Bronx,Clason Point,40.816873759765706,-73.8637814449349,Entire home/apt,156,1,0,5,365,0
690439691553339190,193626078,Bronx,Clason Point,40.81636840489816,-73.86335626741548,Entire home/apt,167,1,0,5,358,0
690456760581628693,19758179,Brooklyn,Bushwick,40.700642018436056,-73.91270708594647,Entire home/apt,101,30,0,6,354,0
690475685515719489,424685230,Brooklyn,Bushwick,40.6901424300102,-73.91605215896644,Entire home/apt,330,3,2,3,154,2
690482804362409474,403929901,Bronx,Bronxdale,40.85324785260479,-73.86778049168666,Entire home/apt,120,2,0,1,70,0
687146907337471811,434697141,Queens,Flushing,40.76773,-73.81713,Entire home/apt,147,1,8,1,145,8
687157392498603930,3223938,Queens,Ridgewood,40.700439344019,-73.9055534787193,Private room,43,90,0,288,365,0
687172077335407205,471548508,Manhattan,Harlem,40.81782607919347,-73.94520069307868,Entire home/apt,208,1,1,6,9,1
687205364227382833,3223938,Brooklyn,Bay Ridge,40.62709820426982,-74.02711564654149,Private room,31,90,0,288,250,0
689179506804278332,320073406,Manhattan,Upper East Side,40.77224729463029,-73.95285924497975,Entire home/apt,216,5,0,1,173,0
689199099910365775,136984427,Manhattan,Murray Hill,40.74492855672028,-73.97579776134624,Entire home/apt,314,2,0,2,288,0
689200500518970386,28260018,Manhattan,Harlem,40.80745830064611,-73.9476819683101,Private room,122,3,3,9,67,3
689200966429029400,458813192,Queens,Richmond Hill,40.69439843010432,-73.83157614091459,Private room,89,1,0,1,363,0
689209791604134964,27522582,Brooklyn,Bushwick,40.70095,-73.9157,Private room,94,2,0,2,290,0
689211052317905018,3603284,Brooklyn,Bushwick,40.70157934204218,-73.92352088706603,Entire home/apt,243,2,1,8,323,1
689214776801880931,60645848,Bronx,Unionport,40.8259256,-73.8552763,Entire home/apt,201,1,1,1,361,1
689221775633606387,75577166,Queens,Jackson Heights,40.75156129938747,-73.89026185803478,Entire home/apt,145,4,1,2,30,1
689226743729221130,467293495,Brooklyn,Sheepshead Bay,40.583911495505184,-73.93294350074297,Entire home/apt,209,1,4,2,354,4
690492377738139342,207397350,Manhattan,Midtown,40.75974733933657,-73.97018597108168,Entire home/apt,400,2,0,1,325,0
689238571000153180,324933354,Queens,Laurelton,40.6690324,-73.7418672,Entire home/apt,109,2,1,2,362,1
689250578785159920,472442026,Brooklyn,Sunset Park,40.64627,-73.9986,Private room,90,1,3,2,162,3
689255954857512461,3603284,Brooklyn,Bushwick,40.69945,-73.92322,Entire home/apt,207,1,0,8,347,0
689258526469547446,438014463,Queens,Ozone Park,40.686792,-73.8391151,Entire home/apt,139,1,1,4,355,1
689319681701871540,40339422,Manhattan,Harlem,40.804909320507065,-73.94922041435201,Private room,165,1,0,3,155,0
690498310433308221,474341117,Manhattan,Kips Bay,40.73922364465961,-73.97774549027457,Entire home/apt,300,1,0,1,354,0
689326502402352156,395614,Queens,Arverne,40.59519916596784,-73.79679839700708,Entire home/apt,428,2,1,2,347,1
689338762468533158,468197743,Brooklyn,Bedford-Stuyvesant,40.688366389121086,-73.94476501145341,Entire home/apt,188,3,0,1,353,0
689374292177699578,396629729,Brooklyn,Williamsburg,40.71675711374575,-73.95525153021343,Shared room,72,2,2,16,346,2
689383437082326480,427529640,Manhattan,Upper East Side,40.78024053353013,-73.95246538470539,Entire home/apt,285,1,0,1,331,0
689393322388007135,73496118,Brooklyn,Bedford-Stuyvesant,40.67872927024179,-73.91531407882147,Private room,60,1,0,2,42,0
689415851363724208,73496118,Brooklyn,Bedford-Stuyvesant,40.67817244003138,-73.91509425415241,Private room,52,1,3,2,1,3
689435717566873098,44178297,Manhattan,West Village,40.737156500793866,-74.00224339295107,Entire home/apt,130,4,1,1,220,1
689549034787663962,419391257,Brooklyn,Flatlands,40.63154154995365,-73.93948817851333,Entire home/apt,135,1,0,1,341,0
689590145558177570,62605071,Brooklyn,Coney Island,40.57699784698763,-74.00005268703462,Private room,90,28,1,5,338,1
689608605693995052,61408134,Queens,Long Island City,40.75655189055331,-73.94278743012542,Entire home/apt,240,1,1,11,342,1
689633473864030187,3223938,Brooklyn,Bedford-Stuyvesant,40.6867817243668,-73.95413093244177,Private room,45,90,0,288,262,0
689637549021704700,472603377,Brooklyn,Williamsburg,40.7015431,-73.94073379999999,Entire home/apt,274,30,0,4,344,0
689641804571353777,3223938,Brooklyn,Crown Heights,40.67592262413197,-73.9503466304598,Private room,40,90,0,288,365,0
689647974923524077,3223938,Brooklyn,Crown Heights,40.67644210092265,-73.94914818070657,Private room,40,90,0,288,258,0
689653605364933580,3223938,Brooklyn,Crown Heights,40.67623714214375,-73.94871450542466,Private room,37,90,0,288,264,0
689684920253548249,472603377,Brooklyn,Williamsburg,40.7015431,-73.94073379999999,Entire home/apt,218,30,0,4,344,0
689689245836120476,29876409,Brooklyn,Dyker Heights,40.63276935615471,-74.0142987330507,Private room,48,1,6,2,324,6
689725636950014474,364867907,Manhattan,Upper West Side,40.79630723436788,-73.96310327644926,Private room,71,44,0,4,295,0
689752669760377962,474157365,Queens,East Elmhurst,40.76434911627671,-73.88185640007485,Entire home/apt,103,2,1,1,345,1
689759472195267046,472603377,Brooklyn,Williamsburg,40.7015431,-73.94073379999999,Entire home/apt,219,30,0,4,344,0
689769314349830428,162280872,Manhattan,Kips Bay,40.73880641254493,-73.98067900492401,Entire home/apt,140,30,0,98,246,0
687213757947864332,56916811,Brooklyn,Bushwick,40.68766280804368,-73.91774531453848,Private room,63,3,3,4,72,3
687247498840590058,366337052,Brooklyn,Bedford-Stuyvesant,40.6806027,-73.9326411,Entire home/apt,299,1,4,2,356,4
687334720440110248,354087992,Manhattan,Upper East Side,40.76261474956964,-73.96886935193457,Private room,283,1,0,17,86,0
687351522421269786,469261629,Queens,Sunnyside,40.74016284424948,-73.91974863394297,Entire home/apt,160,1,2,1,79,2
687406725918791602,152202371,Bronx,Mott Haven,40.809684116349146,-73.92575063253682,Private room,60,1,1,1,306,1
687546213808083171,446366617,Queens,Astoria,40.76074352974232,-73.91424803439331,Entire home/apt,312,2,0,3,324,0
687561322939099711,329841044,Manhattan,Upper East Side,40.76662136589632,-73.9668565084063,Entire home/apt,268,4,5,1,321,5
687586134540853336,446366617,Queens,Astoria,40.76072321354628,-73.91425876322937,Entire home/apt,225,2,0,3,327,0
687597634203434334,446366617,Queens,Astoria,40.76070696058495,-73.91428558531952,Entire home/apt,421,2,0,3,313,0
687647795269602514,374576747,Manhattan,Upper West Side,40.78194414796387,-73.97961242151719,Entire home/apt,514,1,1,11,349,1
687648582416036020,355726881,Brooklyn,Williamsburg,40.71407594735049,-73.93625729011323,Private room,100,5,0,1,218,0
687654908406137989,24273714,Brooklyn,Flatbush,40.63442869283766,-73.95091871525044,Private room,65,5,1,8,280,1
687682021126108486,242152267,Manhattan,Midtown,40.75960329958215,-73.96644744611383,Entire home/apt,233,30,0,9,305,0
690516307987759020,350967149,Brooklyn,Bedford-Stuyvesant,40.67872554501696,-73.93843842945229,Entire home/apt,263,1,0,1,337,0
689783410657141389,7877368,Manhattan,East Village,40.726568022822505,-73.9878901706227,Private room,111,1,6,1,315,6
689798586275472404,388823905,Manhattan,Upper West Side,40.79595826731891,-73.96286974103599,Private room,70,30,0,5,295,0
689812538977323988,44851966,Bronx,Belmont,40.85233945904827,-73.88656106354647,Entire home/apt,136,2,1,6,340,1
689815297898114932,22541573,Manhattan,Battery Park City,40.70858560831231,-74.0154609289383,Entire home/apt,295,30,0,131,274,0
689818032227800477,30283594,Manhattan,Chelsea,40.742,-73.9949,Entire home/apt,580,30,0,95,309,0
690537802369649949,474352505,Brooklyn,Sheepshead Bay,40.60224846903089,-73.94310676441992,Entire home/apt,167,4,2,1,176,2
690552616328239393,474358101,Brooklyn,Bushwick,40.692637028165976,-73.90577021467784,Private room,77,20,0,1,365,0
689819573313925909,474179864,Brooklyn,Williamsburg,40.70674816489564,-73.9423220902688,Private room,200,3,0,1,342,0
689822209412639163,333057838,Brooklyn,Flatbush,40.645342,-73.96401689999999,Private room,96,5,0,9,280,0
689845757881095115,460919458,Manhattan,East Harlem,40.79461,-73.94567,Entire home/apt,105,30,0,18,318,0
689869783884581598,435050037,Queens,South Ozone Park,40.66987136395535,-73.81794035830087,Private room,107,2,0,14,362,0
689872583988656485,22570369,Queens,Elmhurst,40.74095359253232,-73.87075369148386,Entire home/apt,82,30,0,1,123,0
689873844655260494,460919458,Manhattan,East Harlem,40.7962,-73.94428,Entire home/apt,99,30,0,18,322,0
689885485312632839,232146479,Manhattan,Hell's Kitchen,40.763040341378336,-73.99476132810749,Entire home/apt,455,2,1,1,268,1
689890425467758374,33074274,Manhattan,Harlem,40.80767342749567,-73.94976382397249,Private room,85,3,0,3,327,0
687688400878542806,367085132,Brooklyn,Williamsburg,40.70397254616256,-73.93883037866397,Entire home/apt,234,1,0,1,166,0
687698474968214276,2928701,Manhattan,East Village,40.72915,-73.98235,Entire home/apt,200,7,0,4,137,0
687711162752694770,85414049,Queens,Ridgewood,40.70100978356872,-73.89835427924021,Entire home/apt,98,60,0,2,305,0
687716793632605622,27181542,Manhattan,Lower East Side,40.71834750195093,-73.98611997104855,Entire home/apt,165,30,0,69,342,0
687718729948527547,160561142,Manhattan,Kips Bay,40.742878229151344,-73.982192298102,Entire home/apt,250,2,1,1,25,1
687728216964139928,4327859,Brooklyn,Williamsburg,40.70712112985355,-73.94634749100415,Entire home/apt,295,2,1,1,13,1
690560379544877552,162280872,Manhattan,Upper East Side,40.771949688857646,-73.95866409413352,Entire home/apt,180,30,0,98,309,0
690565708516988692,193626078,Bronx,Clason Point,40.81543220499076,-73.86359786230754,Private room,59,4,0,5,362,0
690582441986486792,193626078,Bronx,Clason Point,40.8161154,-73.8643384,Private room,69,3,0,5,339,0
690604203036653622,293753583,Manhattan,Hell's Kitchen,40.75762625915385,-73.9921556761991,Entire home/apt,700,30,0,9,328,0
690606045926909520,39648442,Queens,Flushing,40.74574348254129,-73.82621196627434,Entire home/apt,158,30,0,3,365,0
690612818613543303,449966519,Brooklyn,Clinton Hill,40.68459721650595,-73.95984761416912,Entire home/apt,360,3,2,1,319,2
687741518330461004,473676042,Bronx,Parkchester,40.83873347518035,-73.86125404242217,Entire home/apt,92,1,0,1,356,0
687749129857688127,393076353,Brooklyn,East Flatbush,40.65438408610856,-73.91361591747278,Private room,85,1,2,4,357,2
687750238439884623,473659181,Manhattan,Chinatown,40.71527667796645,-73.99753744258054,Entire home/apt,190,7,2,1,48,2
687769558578271951,391726093,Manhattan,Upper East Side,40.77740310147434,-73.95992506121938,Private room,169,1,3,6,63,3
687777041558158512,9265996,Brooklyn,Bushwick,40.703352281885984,-73.92879541395969,Entire home/apt,1500,2,0,1,180,0
687795954876676948,391726093,Manhattan,Upper East Side,40.77720713466985,-73.96005977392683,Private room,115,1,1,6,52,1
687811375235744948,66451125,Queens,Corona,40.73608717603284,-73.86362075770666,Private room,133,3,0,4,352,0
687844014583772495,32446721,Queens,Corona,40.74786258896384,-73.86525661979579,Shared room,54,1,0,9,357,0
687857859558042268,473696790,Bronx,Fordham,40.8661998,-73.8936418,Private room,81,2,3,1,351,3
687865198743564269,301194419,Brooklyn,East Flatbush,40.64573433324232,-73.94820918243822,Entire home/apt,200,1,0,4,365,0
687959926587702316,12246186,Bronx,Belmont,40.85586,-73.88533,Entire home/apt,241,2,1,4,62,1
687986135130683300,27181542,Manhattan,Lower East Side,40.71823815621163,-73.98472870377721,Entire home/apt,165,30,0,69,311,0
688168231341039766,47054080,Brooklyn,Bushwick,40.694072348190026,-73.90680315510238,Entire home/apt,230,4,0,3,309,0
688185985208148760,10106994,Brooklyn,Crown Heights,40.67601128921965,-73.95799952234589,Entire home/apt,171,1,0,1,8,0
688192220032937046,359638834,Manhattan,Theater District,40.75872,-73.98518,Private room,400,1,0,11,354,0
688194235954796282,10384906,Queens,Flushing,40.765932377406585,-73.82344897466626,Private room,39,1,0,3,330,0
688258452620502660,451410902,Queens,Jamaica,40.67349330696552,-73.77939744532453,Entire home/apt,480,3,0,3,301,0
689892790771456013,39449252,Brooklyn,Williamsburg,40.71321560000001,-73.95632309999999,Entire home/apt,186,1,6,1,287,6
689898496336818304,340101464,Manhattan,Upper West Side,40.79556,-73.96445,Private room,70,30,0,3,295,0
690646103695630431,140981137,Queens,Long Island City,40.74878954230135,-73.94952446250686,Private room,104,1,1,7,336,1
690658198398952212,66125531,Manhattan,Hell's Kitchen,40.76740736957088,-73.99120574654695,Entire home/apt,743,3,0,3,344,0
690675653300874763,347719349,Bronx,Van Nest,40.84750820806804,-73.86455676841577,Private room,143,1,0,4,341,0
690689230409138110,420088913,Brooklyn,Williamsburg,40.70260507202966,-73.94134013257549,Entire home/apt,328,2,2,13,335,2
690695519520175523,182094526,Manhattan,Hell's Kitchen,40.76217385538027,-73.9911759995368,Entire home/apt,302,1,0,1,16,0
690700526467754612,420088913,Brooklyn,Williamsburg,40.70238,-73.94033,Entire home/apt,309,2,4,13,312,4
690711462837786917,470849793,Bronx,Soundview,40.82507044147952,-73.87667030096054,Entire home/apt,110,2,3,3,292,3
690714873422468721,39772436,Brooklyn,Bedford-Stuyvesant,40.69059621504638,-73.95670338521148,Entire home/apt,500,7,0,2,44,0
689915773903422973,73196438,Brooklyn,Bedford-Stuyvesant,40.69077726029472,-73.93732417604534,Private room,140,2,0,1,53,0
689925344030736336,420088913,Brooklyn,Williamsburg,40.70215723721089,-73.93979024634069,Entire home/apt,352,2,2,13,326,2
689945456457949627,474215514,Queens,Forest Hills,40.73286001090553,-73.84845159197816,Entire home/apt,169,2,0,1,173,0
688264015220459409,82472659,Queens,Jackson Heights,40.75022391653612,-73.88244945555925,Private room,125,5,1,1,46,1
690742691799750350,2653479,Manhattan,Morningside Heights,40.804579727251465,-73.96549017553589,Private room,90,3,0,41,77,0
690762257064515501,467927303,Manhattan,Hell's Kitchen,40.76378192887557,-73.98906022310257,Private room,153,1,3,3,238,3
688295465819974377,2155832,Manhattan,Harlem,40.827940559479146,-73.94756074994802,Entire home/apt,165,30,0,1,64,0
688317556684051156,460919458,Manhattan,East Harlem,40.79609222100806,-73.9436331926075,Entire home/apt,117,30,0,18,364,0
688335383836280579,460919458,Manhattan,East Harlem,40.794470194011176,-73.94570893647966,Entire home/apt,117,30,0,18,274,0
688341986245851509,384307416,Queens,Ditmars Steinway,40.77544557321752,-73.91512856731886,Entire home/apt,160,3,1,4,310,1
688345250991782485,24599552,Manhattan,Harlem,40.80311157781596,-73.95322274191601,Private room,189,2,1,3,324,1
690787676906691363,110367811,Queens,Whitestone,40.79886378199254,-73.81997062724847,Entire home/apt,250,1,2,1,155,2
690789292617238611,302225631,Staten Island,Graniteville,40.62510292964535,-74.16164764201709,Private room,77,1,3,1,342,3
690811528905749064,472442026,Brooklyn,Sunset Park,40.64777,-73.9969,Private room,100,1,1,2,158,1
690814821959585555,41100295,Brooklyn,Williamsburg,40.711304,-73.9666502,Private room,115,1,0,1,23,0
690840342648331696,238940472,Brooklyn,Flatbush,40.65318,-73.95772,Private room,50,30,0,2,301,0
690840556536329398,58060503,Brooklyn,Flatbush,40.65335830564816,-73.95566065355939,Entire home/apt,117,30,0,1,344,0
688347307752642589,156548486,Manhattan,Upper West Side,40.800729974461305,-73.96261636041478,Private room,88,3,1,2,330,1
688381163574904185,41569775,Bronx,Wakefield,40.89574717829335,-73.83964444357086,Entire home/apt,47,2,0,1,358,0
688386966329568740,444607348,Brooklyn,Flatbush,40.6335972,-73.9646794,Entire home/apt,154,1,0,1,31,0
688395230734920149,243288727,Manhattan,Hell's Kitchen,40.76660911688984,-73.99105764395141,Entire home/apt,320,30,0,14,325,0
688399839692137338,243288727,Manhattan,Hell's Kitchen,40.76681593341467,-73.99109414526359,Entire home/apt,300,30,0,14,296,0
689969227529198638,293228396,Manhattan,Financial District,40.70952958465456,-74.00740371043197,Entire home/apt,364,7,0,2,310,0
689972262632701538,471710658,Brooklyn,Cypress Hills,40.678798187769694,-73.89340056555213,Entire home/apt,286,1,3,4,64,3
690026595251511990,201370147,Brooklyn,Crown Heights,40.67346045466927,-73.92236042050023,Entire home/apt,200,2,5,1,316,5
690028967517364430,120974884,Brooklyn,Fort Greene,40.69428864212316,-73.97196096222284,Private room,119,10,1,4,160,1
690037658614567343,2157562,Queens,Ridgewood,40.70114195211541,-73.89585815634027,Entire home/apt,187,2,3,1,332,3
690047987002271294,61391963,Manhattan,Upper East Side,40.76930199563933,-73.95818831771547,Entire home/apt,133,30,0,116,279,0
690049641772347865,204092320,Manhattan,Washington Heights,40.85736421339928,-73.9301395624211,Private room,81,7,0,2,75,0
690059042889915920,451769991,Manhattan,Kips Bay,40.74341927650513,-73.97527583701125,Entire home/apt,364,5,0,1,6,0
690068960939968381,32377076,Manhattan,Harlem,40.811291352463165,-73.93881416577196,Entire home/apt,258,2,0,1,347,0
690069869245949777,140981137,Queens,Long Island City,40.74883511345949,-73.94732844679825,Entire home/apt,236,1,2,7,317,2
690847262909544042,210928,Manhattan,Stuyvesant Town,40.72996069625123,-73.97783938920395,Entire home/apt,128,30,0,1,37,0
690890225436780434,66125531,Manhattan,Stuyvesant Town,40.73610761496973,-73.97752952927603,Shared room,96,1,1,3,345,1
691095160979741049,324156441,Brooklyn,Borough Park,40.64231392673205,-73.99998625850424,Private room,55,3,1,1,135,1
690070364410526409,267369381,Brooklyn,Flatlands,40.61235201660799,-73.92335998791974,Entire home/apt,172,1,4,1,355,4
688412684613234213,271980909,Brooklyn,Williamsburg,40.70676387602196,-73.92604916738725,Entire home/apt,176,3,0,1,23,0
691109892839269230,3427262,Brooklyn,Prospect Heights,40.67994916763938,-73.96504170693267,Entire home/apt,158,7,0,1,244,0
691110620624846710,75173477,Brooklyn,Bushwick,40.69885164436673,-73.91291358480852,Private room,97,2,0,1,343,0
691156523496202731,447538686,Brooklyn,Bushwick,40.70483822539263,-73.92407160682978,Private room,100,1,2,6,66,2
691161893025139013,474492243,Bronx,Baychester,40.87075644052588,-73.84332929111073,Entire home/apt,200,30,0,1,365,0
688444168505010564,473838452,Manhattan,East Harlem,40.7851883,-73.947968,Entire home/apt,250,5,0,1,70,0
688475381592613781,473847345,Queens,Jackson Heights,40.74831583091244,-73.88901291758614,Entire home/apt,175,3,0,1,353,0
688484308401993978,342964875,Queens,Ridgewood,40.70718431222421,-73.91524990785152,Entire home/apt,400,1,0,2,357,0
688530367331056465,394977252,Queens,Woodside,40.742323,-73.8909803,Private room,55,2,5,3,294,5
688534380674543536,473861306,Queens,Laurelton,40.683036,-73.742429,Entire home/apt,95,1,2,1,345,2
688562350583524330,396629729,Brooklyn,Williamsburg,40.71474978283786,-73.9561462680083,Shared room,72,2,2,16,354,2
688570952748911346,396629729,Brooklyn,Williamsburg,40.71570552857817,-73.95474084954421,Shared room,71,2,1,16,352,1
688571668207887261,473870007,Queens,Bayswater,40.60309,-73.75891,Entire home/apt,140,1,0,1,361,0
690115596033995248,2771303,Manhattan,Nolita,40.723477855311536,-73.99526687681463,Entire home/apt,117,30,0,1,256,0
690123298121344577,448326434,Manhattan,Financial District,40.70898,-74.00911,Entire home/apt,300,30,0,35,145,0
690231158885167522,107434423,Manhattan,West Village,40.7304002,-74.00497109999999,Entire home/apt,417,31,0,453,88,0
690231430345643182,107434423,Brooklyn,Gowanus,40.672119,-73.9893274,Entire home/apt,795,31,0,453,248,0
690330309049810336,162179374,Brooklyn,East Flatbush,40.65317858722404,-73.95249132066965,Private room,82,1,3,2,259,3
691879581988027608,401202937,Manhattan,Midtown,40.74655662071736,-73.98665616014544,Private room,108,1,0,51,68,0
691892928283239972,438705539,Manhattan,Upper West Side,40.80330082631655,-73.96552852898013,Private room,99,1,1,4,337,1
691902532746945653,438705539,Manhattan,Upper West Side,40.80284389308944,-73.96530516781942,Private room,99,1,1,4,347,1
691914017985850047,290358366,Manhattan,Midtown,40.746138228647936,-73.98290333850301,Shared room,68,2,1,2,322,1
691938691548251141,3223938,Brooklyn,Bushwick,40.69459788516793,-73.92363071512297,Private room,41,90,0,288,248,0
691948132177132137,28375704,Brooklyn,Bushwick,40.69835951434889,-73.93457324873064,Private room,78,3,0,1,341,0
691960006499046549,447538686,Brooklyn,Bedford-Stuyvesant,40.68594833296474,-73.93094804270365,Private room,100,1,1,6,349,1
691170690726004209,451138689,Brooklyn,Crown Heights,40.67154314630763,-73.95756307993318,Private room,120,3,1,2,297,1
691173081458173580,474495074,Manhattan,East Harlem,40.78771174085529,-73.95245647942328,Private room,100,3,3,1,289,3
691963044801266991,381610034,Queens,Howard Beach,40.66185835495269,-73.8557468901925,Entire home/apt,254,1,1,1,356,1
691967052991466624,447538686,Brooklyn,Bedford-Stuyvesant,40.68664,-73.92877,Private room,100,1,4,6,343,4
691978203824339839,414068298,Manhattan,Upper West Side,40.77928652603125,-73.97850162082102,Entire home/apt,116,30,0,15,296,0
691981873612560078,447538686,Brooklyn,Bedford-Stuyvesant,40.68474973536039,-73.92901224793346,Private room,100,1,2,6,348,2
692002158883024434,27848,Queens,Jamaica,40.67052015451428,-73.76568068292681,Private room,29,2,2,4,349,2
692026418926946728,330196322,Queens,Middle Village,40.72373,-73.87108,Private room,70,1,2,3,349,2
692027859282829341,410066428,Brooklyn,Bedford-Stuyvesant,40.68216083439098,-73.95563068100205,Entire home/apt,350,30,1,4,356,1
692044373646552135,8334471,Manhattan,Upper East Side,40.77502513865344,-73.94841949468756,Entire home/apt,350,30,0,1,326,0
692067340891198771,454333811,Brooklyn,Williamsburg,40.70728336592672,-73.95691107184093,Entire home/apt,279,3,0,6,283,0
692076325493394022,380811898,Brooklyn,Bedford-Stuyvesant,40.6876692409838,-73.9201835781506,Private room,61,1,2,4,337,2
692077915485158164,380811898,Brooklyn,Bushwick,40.68941230257808,-73.92155698744055,Private room,80,1,1,4,351,1
692113658370672731,16480700,Manhattan,Harlem,40.81882,-73.95267,Private room,159,30,0,12,348,0
692132327714877097,330196322,Queens,Richmond Hill,40.68757989936272,-73.81388725583183,Entire home/apt,137,1,2,3,360,2
692138437870237486,140981137,Queens,Long Island City,40.74924,-73.94874,Private room,94,1,1,7,334,1
692156468910493635,471629066,Manhattan,Upper East Side,40.76025396664953,-73.96267708335498,Entire home/apt,459,1,1,10,84,1
688588013628341531,228107908,Manhattan,West Village,40.73242923709566,-74.00467736947569,Entire home/apt,449,4,4,1,251,4
688598290277757509,7449292,Queens,Forest Hills,40.721233428541815,-73.85434106683736,Private room,79,2,2,1,338,2
688602835794547518,473877264,Brooklyn,Bushwick,40.69460811702786,-73.91177752168329,Entire home/apt,150,3,2,2,246,2
688617202958606643,35998113,Manhattan,East Village,40.72173816380571,-73.98280089746352,Entire home/apt,240,3,2,24,127,2
688617222848196090,35998113,Manhattan,Hell's Kitchen,40.76550438967018,-73.98936696306441,Private room,173,2,2,24,41,2
688619157944608802,187176491,Brooklyn,Greenpoint,40.72262576581271,-73.9410631583001,Entire home/apt,679,1,0,1,334,0
688696272821787483,466634879,Queens,Flushing,40.75783645837222,-73.83303162588648,Private room,234,1,2,2,349,2
688717631090061638,16480700,Manhattan,Hell's Kitchen,40.76027,-73.99223,Private room,1224,30,0,12,87,0
691189201643397185,24674790,Manhattan,Midtown,40.74290605402786,-73.98320299002759,Entire home/apt,238,4,0,1,268,0
688860783880686558,342815607,Manhattan,Hell's Kitchen,40.76302709590168,-73.99520322025725,Entire home/apt,200,30,0,1,45,0
688907330465470267,472640880,Brooklyn,East New York,40.66459731244694,-73.89535125415001,Private room,130,7,0,3,365,0
688907394567322410,472640880,Brooklyn,East New York,40.6640443,-73.8942094,Private room,135,3,0,3,365,0
688928553565571806,32491276,Manhattan,Harlem,40.80237026523617,-73.94600508290071,Entire home/apt,300,2,0,1,290,0
688935745794476063,30751774,Manhattan,Nolita,40.72219729646336,-73.99505087045274,Private room,120,1,0,2,30,0
688942880521119942,27636707,Manhattan,West Village,40.73225125081841,-74.00633807971231,Entire home/apt,150,30,0,7,309,0
689011429542195670,6880288,Manhattan,Upper West Side,40.77078777500271,-73.99020921516971,Entire home/apt,606,1,2,1,314,2
692157198196263957,217018796,Brooklyn,Bedford-Stuyvesant,40.6805514,-73.9135008,Entire home/apt,150,7,0,1,280,0
692167874684968875,471629066,Queens,Long Island City,40.755179854025855,-73.94267942335232,Entire home/apt,459,1,0,10,90,0
692175998654004110,435081213,Queens,Astoria,40.77517164791121,-73.9346591836848,Entire home/apt,199,12,1,4,349,1
692185719708852412,204704622,Manhattan,Washington Heights,40.84108004617468,-73.93548426585704,Private room,39,30,0,157,36,0
692209542398255195,204704622,Manhattan,Washington Heights,40.841061133248814,-73.93762093532563,Private room,31,30,0,157,31,0
692217645174890864,470859718,Manhattan,SoHo,40.718700539703214,-74.00083376806784,Entire home/apt,216,1,1,12,16,1
692231264525938691,472962200,Brooklyn,East New York,40.66481368500611,-73.89651263756629,Entire home/apt,98,4,0,1,100,0
692248572198334250,396629729,Brooklyn,Williamsburg,40.71629060419984,-73.95463903137703,Shared room,72,2,3,16,356,3
692345486097351709,200239515,Manhattan,Washington Heights,40.84942550756772,-73.9309453954364,Private room,38,30,0,158,31,0
692387808563178909,204704622,Manhattan,Washington Heights,40.851201102897214,-73.92901902066488,Private room,31,30,0,157,32,0
692457023234748948,282221870,Brooklyn,Bedford-Stuyvesant,40.681936136783456,-73.91412870015901,Private room,50,1,0,2,60,0
691197834287336303,39640098,Brooklyn,Crown Heights,40.6758872788588,-73.93515171275374,Private room,49,45,0,1,129,0
691226995023048258,422064086,Manhattan,Harlem,40.80696,-73.94431,Entire home/apt,134,30,0,2,318,0
691230669607662186,171051361,Brooklyn,Sunset Park,40.66069,-73.99185,Entire home/apt,87,270,0,4,358,0
691232524525044956,239844232,Brooklyn,Canarsie,40.64054725710689,-73.89776310946851,Private room,68,3,2,3,341,2
691255376289428094,327347956,Brooklyn,East New York,40.6712566,-73.86977089999999,Private room,38,30,0,2,342,0
693597320755876620,475028559,Brooklyn,Crown Heights,40.67601799913123,-73.9597515727573,Private room,111,1,0,3,173,0
691255512367890158,327347956,Brooklyn,East New York,40.6712566,-73.86977089999999,Private room,38,30,0,2,335,0
691263776174639021,474522097,Manhattan,Washington Heights,40.84511142256568,-73.93658328478824,Entire home/apt,79,4,0,1,7,0
693606156301250105,284109162,Queens,Richmond Hill,40.69137143233412,-73.8174087708721,Entire home/apt,199,1,2,1,362,2
693619339991699741,292434893,Manhattan,East Harlem,40.78997918551504,-73.94562812968366,Shared room,67,12,0,3,341,0
693638077368231419,467600659,Manhattan,Harlem,40.81692684019546,-73.95436993409447,Private room,99,1,2,2,349,2
693645644355294334,475028559,Brooklyn,Crown Heights,40.677836799858895,-73.96177316261661,Private room,124,1,1,3,177,1
692551453266340450,465037862,Queens,South Ozone Park,40.66981,-73.791375,Entire home/apt,172,2,1,1,72,1
692599752789657674,56916811,Brooklyn,Bushwick,40.6886,-73.91843,Private room,68,3,0,4,72,0
692630201413012686,30805991,Brooklyn,Bushwick,40.69821,-73.91669,Entire home/apt,180,1,1,4,8,1
691270986280465661,170212480,Queens,Rosedale,40.660240552868544,-73.7475816027969,Entire home/apt,254,2,2,1,357,2
693668381967518912,450714120,Bronx,Kingsbridge,40.87283139885197,-73.89995521727433,Private room,63,1,2,1,309,2
693682129068012891,473877264,Brooklyn,Bushwick,40.69469007607059,-73.9120757647283,Entire home/apt,200,3,0,2,307,0
691287196886058167,171697479,Manhattan,Kips Bay,40.743387324667616,-73.98125551509469,Private room,87,30,0,26,352,0
691306865674686814,162280872,Manhattan,Flatiron District,40.74196,-73.98635,Entire home/apt,140,30,0,98,312,0
691325902303308498,1622733,Brooklyn,Greenpoint,40.7255423,-73.9476482,Entire home/apt,220,2,0,1,28,0
691350392947198691,79742078,Brooklyn,Bedford-Stuyvesant,40.6921118,-73.937455,Entire home/apt,329,2,1,1,340,1
691352072367698800,430854617,Queens,East Elmhurst,40.757239815435845,-73.86934085834172,Private room,47,1,0,2,342,0
691365313382570655,242954940,Manhattan,Harlem,40.82182257774282,-73.95380917888565,Entire home/apt,424,1,3,2,324,3
693684069138831194,16518735,Brooklyn,Williamsburg,40.71403342625674,-73.96057405468807,Entire home/apt,425,2,1,1,47,1
693892327999924647,475066666,Brooklyn,Flatbush,40.6522898,-73.959448,Private room,78,1,0,1,365,0
694012875906713942,171697479,Manhattan,Midtown,40.74519127974183,-73.98087223269339,Private room,109,30,0,26,338,0
694028612515985322,395614,Queens,Arverne,40.59503868828016,-73.79856864151773,Entire home/apt,470,2,1,2,359,1
692637148079045869,421331542,Manhattan,Upper West Side,40.78361967024835,-73.98488977107799,Entire home/apt,222,1,1,1,318,1
692641654304732985,83143535,Brooklyn,Crown Heights,40.67718672315924,-73.9418904734759,Private room,77,3,0,14,282,0
692661894540894730,3223938,Brooklyn,Prospect-Lefferts Gardens,40.65853776940445,-73.9483062275618,Private room,42,90,0,288,274,0
692677180661715061,83143535,Brooklyn,Crown Heights,40.67519139210944,-73.94258113445115,Private room,79,3,3,14,304,3
692700316570921760,83143535,Brooklyn,Crown Heights,40.67742,-73.94276,Private room,72,3,2,14,322,2
692716495859376223,199578818,Queens,Ridgewood,40.705785316749306,-73.90238003637765,Entire home/apt,152,2,3,5,345,3
692726447958336704,83143535,Brooklyn,Crown Heights,40.6771259100433,-73.94220682991937,Private room,70,3,2,14,292,2
692742708366170176,83143535,Brooklyn,Crown Heights,40.677176317940535,-73.94208966694802,Private room,74,3,3,14,268,3
692747329554417828,304559935,Brooklyn,Bensonhurst,40.60991,-74.00609,Entire home/apt,109,1,2,2,352,2
692759176797642090,83143535,Brooklyn,Crown Heights,40.675989249347325,-73.94196847592552,Private room,75,3,3,14,316,3
692763380543257660,140981137,Queens,Long Island City,40.74697300884594,-73.94765292835987,Private room,99,1,0,7,343,0
692764448828301217,161473951,Brooklyn,Bedford-Stuyvesant,40.694182918029455,-73.94445190230985,Private room,76,1,0,2,354,0
692780768591721014,140981137,Queens,Long Island City,40.748786876501846,-73.94902915379376,Private room,243,1,1,7,365,1
692810208844929987,370965607,Brooklyn,East New York,40.6594055,-73.89683910000001,Private room,149,2,2,1,156,2
692814593484656989,474552852,Brooklyn,East New York,40.6594077,-73.8909302,Entire home/apt,67,29,0,1,341,0
692827672722398702,447445259,Bronx,Williamsbridge,40.87713711044344,-73.85714301493333,Private room,123,1,0,1,365,0
692895935345919079,474878130,Queens,Jamaica,40.7053608,-73.791809,Private room,159,1,0,1,220,0
691414042580306814,31668272,Manhattan,Flatiron District,40.73938384942425,-73.98543670028032,Entire home/apt,250,3,1,1,48,1
691455810112907924,462730900,Bronx,Longwood,40.826312847224735,-73.89373997457312,Private room,50,1,2,1,283,2
691472204682539746,435274745,Queens,South Ozone Park,40.66339177043286,-73.81319089954945,Entire home/apt,79,1,6,1,69,6
694033568670178520,35214397,Queens,Long Island City,40.75023249805223,-73.93919286562668,Private room,235,3,2,1,348,2
694036996355185588,401202937,Manhattan,Midtown,40.74685863492683,-73.9867908104304,Private room,109,1,1,51,61,1
694043645533566929,420088913,Brooklyn,Bedford-Stuyvesant,40.70048420040346,-73.94186784314151,Entire home/apt,393,2,3,13,268,3
694057209172451606,132866292,Manhattan,Murray Hill,40.75065761931182,-73.97573582690941,Private room,250,2,1,6,78,1
694063912176275052,5987007,Brooklyn,Downtown Brooklyn,40.69137652551574,-73.985518459381,Entire home/apt,200,60,0,1,273,0
691472306033540706,51610412,Brooklyn,Crown Heights,40.66585035461368,-73.95690622028498,Private room,120,5,0,1,7,0
691474224614705480,139697877,Manhattan,Upper East Side,40.76959041303012,-73.95102183924321,Entire home/apt,104,4,0,1,20,0
692896141694628464,465532852,Queens,Maspeth,40.73873,-73.9065,Entire home/apt,200,1,2,1,346,2
692898766740699997,395389976,Manhattan,Upper West Side,40.7965221,-73.96270520000002,Private room,165,1,2,1,349,2
691492403858834249,19407197,Brooklyn,Bushwick,40.685586241877786,-73.90950186415532,Private room,68,2,1,1,56,1
691512224847579165,242954940,Manhattan,Financial District,40.70540066207862,-74.00800901263707,Entire home/apt,165,1,0,2,224,0
691523395653351965,224047081,Brooklyn,Sea Gate,40.575708873482846,-74.00782019922471,Entire home/apt,130,30,0,12,178,0
691536145105987641,365347511,Manhattan,Morningside Heights,40.80215817842054,-73.95979362832693,Private room,250,2,0,3,337,0
691540563474477837,5092111,Brooklyn,Crown Heights,40.67298663164132,-73.92914312971097,Entire home/apt,200,1,0,1,37,0
692912355956440027,297386459,Queens,Hollis,40.71152432353209,-73.76528266072886,Entire home/apt,152,3,0,1,360,0
692920714063221278,396629729,Brooklyn,Williamsburg,40.717053940626776,-73.95601636992112,Shared room,71,2,1,16,344,1
692931991563879774,471441645,Bronx,Van Nest,40.8440788600767,-73.86752817510165,Entire home/apt,90,2,1,3,352,1
692942325037007293,467927303,Manhattan,Hell's Kitchen,40.76320520201283,-73.9900338977433,Private room,153,1,2,3,331,2
692964172655000985,391726093,Manhattan,Upper East Side,40.77698284112494,-73.9589416884023,Private room,126,1,2,6,63,2
692981038404289891,42741487,Queens,Forest Hills,40.721645,-73.853695,Private room,94,1,4,1,330,4
694085224169979111,475127789,Manhattan,Harlem,40.80170497522445,-73.95906872643194,Private room,108,1,0,2,38,0
694092372909936695,75655904,Manhattan,Hell's Kitchen,40.76136339394319,-74.0005471015602,Entire home/apt,1800,3,0,2,352,0
694100307464820560,474813662,Manhattan,Hell's Kitchen,40.75707876812845,-73.99193433042936,Entire home/apt,556,1,0,2,16,0
694100963764326257,474813662,Manhattan,Hell's Kitchen,40.75663,-73.99193,Entire home/apt,563,1,0,2,16,0
694102826570855102,12385603,Brooklyn,Bedford-Stuyvesant,40.68143707194019,-73.95046159193372,Entire home/apt,180,31,0,1,24,0
694109833369422120,243115572,Queens,Long Island City,40.7562767,-73.92958329999999,Private room,75,1,5,1,291,5
694146671004227560,472732911,Brooklyn,Canarsie,40.64169248560787,-73.91459953638824,Entire home/apt,145,3,0,2,362,0
694159439256786269,2653479,Manhattan,Upper West Side,40.80369179376903,-73.96621596940325,Private room,80,2,0,41,73,0
691564732129812684,15053086,Manhattan,Theater District,40.76078711915435,-73.9808543827949,Entire home/apt,150,30,0,2,248,0
691581105439076078,380811898,Brooklyn,Bedford-Stuyvesant,40.68781114537268,-73.92022282279405,Private room,90,1,1,4,357,1
691587564544836098,380811898,Brooklyn,Bedford-Stuyvesant,40.68744589793563,-73.92190255285384,Private room,77,1,2,4,353,2
691638606818884328,546370,Brooklyn,Bedford-Stuyvesant,40.68788735407691,-73.9359089969777,Private room,76,30,0,16,345,0
691653368293101718,470859718,Manhattan,SoHo,40.719668319326914,-74.00067992094567,Entire home/apt,265,1,1,12,262,1
691676460109271194,470859718,Manhattan,Chinatown,40.718056230941215,-74.0009475047039,Entire home/apt,232,1,10,12,262,10
691684916095150541,470859718,Manhattan,Tribeca,40.71882037649981,-74.00300637660823,Entire home/apt,227,1,3,12,12,3
691695581479158288,367231035,Queens,Ditmars Steinway,40.777701,-73.9093895,Shared room,126,2,0,1,170,0
694206170022879749,472616232,Manhattan,Chelsea,40.74957379087712,-73.99078405864584,Entire home/apt,300,1,0,3,73,0
694206768829783318,472616232,Manhattan,Chelsea,40.748164300409975,-73.9907126530716,Entire home/apt,345,1,1,3,73,1
693009031863083282,1684332,Brooklyn,Bedford-Stuyvesant,40.68842692591497,-73.93042701077317,Entire home/apt,300,8,0,1,313,0
693224593019407001,408827396,Brooklyn,Williamsburg,40.71020224122194,-73.94443741171744,Entire home/apt,175,1,4,2,23,4
691766758060211444,107434423,Manhattan,Upper West Side,40.787867,-73.9688382,Entire home/apt,355,31,0,453,234,0
691767025683358245,107434423,Manhattan,West Village,40.732961,-74.0056651,Entire home/apt,521,31,0,453,87,0
691821298789598763,396629729,Brooklyn,Williamsburg,40.71703932928897,-73.95499496795426,Private room,123,2,2,16,347,2
691836155488023741,471629066,Manhattan,Upper East Side,40.76002865031165,-73.96256325230841,Entire home/apt,459,1,0,10,78,0
691852281626101121,471629066,Manhattan,Upper East Side,40.76179,-73.96297,Entire home/apt,494,1,0,10,82,0
695272743895400226,344299101,Brooklyn,East New York,40.67061331409117,-73.87748529790863,Private room,66,30,0,5,261,0
695277821518958279,344299101,Brooklyn,East New York,40.67092368828048,-73.87816847147974,Private room,89,30,0,5,314,0
695413043209185096,475418348,Manhattan,Financial District,40.70410604459052,-74.00658577671341,Entire home/apt,463,3,0,1,143,0
693255767045571681,28694564,Manhattan,East Harlem,40.81188007635632,-73.93565776802905,Entire home/apt,156,2,1,1,58,1
693277475300900181,23815582,Staten Island,Tompkinsville,40.63354771289948,-74.09185820075845,Entire home/apt,94,3,1,4,359,1
693291705293690136,58410241,Brooklyn,Bushwick,40.69640152889966,-73.9245397537489,Private room,57,14,0,2,280,0
693293975462498483,3223938,Brooklyn,Prospect-Lefferts Gardens,40.65827356865359,-73.94826696771871,Private room,36,90,0,288,280,0
693332520080553680,474955473,Queens,Forest Hills,40.72437,-73.85511,Entire home/apt,169,2,0,1,353,0
693368780254450780,97864085,Staten Island,Arden Heights,40.54677700031456,-74.17658943312207,Entire home/apt,158,30,0,1,234,0
693384286886559732,228858,Brooklyn,South Slope,40.66096735579836,-73.98382528457687,Private room,157,2,1,2,51,1
693386196478300743,141853769,Manhattan,Lower East Side,40.720913074605065,-73.98876260636398,Entire home/apt,174,4,2,3,83,2
693388387787638582,474973421,Brooklyn,Crown Heights,40.67203773160432,-73.95775261340614,Entire home/apt,450,3,1,2,128,1
693425535144451771,474983433,Manhattan,East Harlem,40.7860384,-73.9436305,Entire home/apt,150,30,0,1,311,0
693446699348340171,347719349,Bronx,Van Nest,40.84780498513437,-73.8635117188096,Shared room,82,1,2,4,362,2
693451056866395915,9442045,Brooklyn,Clinton Hill,40.69372341101733,-73.96821531197475,Entire home/apt,132,2,2,2,266,2
693452603520851951,474992074,Manhattan,Hell's Kitchen,40.76081850131053,-74.00053620774547,Entire home/apt,468,10,0,1,365,0
693464754427748968,251217819,Brooklyn,East Flatbush,40.657325734021846,-73.9189669617439,Entire home/apt,160,1,1,1,73,1
694226548116528613,27325352,Manhattan,Harlem,40.82503625175466,-73.94621316020658,Entire home/apt,245,3,1,1,350,1
694230957774889184,113723310,Manhattan,Upper East Side,40.78532501623283,-73.95021411079877,Entire home/apt,220,30,0,60,326,0
694238124071985524,474127034,Manhattan,Financial District,40.709161259942256,-74.00182144802503,Entire home/apt,433,30,0,1,343,0
694241524645984544,199419170,Brooklyn,Sunset Park,40.66380585719833,-73.99303261539845,Entire home/apt,139,2,0,2,299,0
695414770327102157,346223188,Manhattan,Upper East Side,40.76027800717919,-73.96100121496937,Entire home/apt,771,1,0,1,291,0
695430376405423764,448326434,Manhattan,Midtown,40.74456664852895,-73.98488573539868,Entire home/apt,400,30,0,35,270,0
695435262488542539,448326434,Manhattan,Financial District,40.71029,-74.00687,Entire home/apt,202,30,0,35,272,0
695488681814255854,334188225,Manhattan,Chinatown,40.71670384377178,-73.99101136904416,Entire home/apt,200,30,0,1,349,0
694248076453511420,54402768,Brooklyn,Crown Heights,40.67319519999999,-73.9266822,Private room,65,24,1,1,166,1
694263666864071193,333057838,Brooklyn,Flatlands,40.631574328378726,-73.92164421369758,Entire home/apt,429,1,1,9,365,1
694293133006017370,445893943,Brooklyn,Cypress Hills,40.67920757704975,-73.89155185814012,Private room,126,1,1,2,360,1
694308009601107282,475191838,Queens,East Elmhurst,40.75866,-73.89209,Private room,150,1,2,1,361,2
694318713496053538,471548508,Manhattan,Harlem,40.81787920651213,-73.9435825335352,Entire home/apt,185,1,0,6,8,0
695488688975869568,406031733,Brooklyn,Bedford-Stuyvesant,40.68738895470172,-73.93734228632061,Entire home/apt,146,7,1,1,317,1
694326368488266815,460267451,Manhattan,Upper West Side,40.77297848077097,-73.99167474895515,Entire home/apt,1500,3,0,1,345,0
694360133651367257,463464923,Brooklyn,Bedford-Stuyvesant,40.68991516298136,-73.93176418482103,Private room,82,1,0,3,72,0
693475300125556037,4509849,Bronx,Fordham,40.86887,-73.89505,Entire home/apt,275,2,0,1,323,0
693492812081694815,159541257,Queens,Jamaica,40.67916313436465,-73.76271945190214,Private room,85,1,1,4,365,1
693567361025762253,14168640,Brooklyn,Bedford-Stuyvesant,40.68857998783029,-73.9447028899491,Entire home/apt,316,3,0,1,127,0
693572417662737982,447538686,Brooklyn,Bedford-Stuyvesant,40.68647,-73.93081,Private room,117,1,0,6,338,0
696522438499806958,462961904,Queens,Elmhurst,40.744454,-73.88935099999999,Entire home/apt,169,3,1,5,73,1
696524904131996923,70396243,Manhattan,Washington Heights,40.855911507673966,-73.93799880600669,Entire home/apt,175,3,0,2,325,0
696607933704936182,462961904,Queens,Elmhurst,40.744454,-73.88935099999999,Entire home/apt,149,3,1,5,72,1
696614683123032785,470859718,Manhattan,Tribeca,40.71937,-74.0028,Private room,215,1,1,12,354,1
696616459846609727,470859718,Manhattan,Chinatown,40.71851885796676,-74.00080665758107,Private room,220,1,0,12,24,0
696618978992271885,462961904,Queens,Elmhurst,40.744454,-73.88935099999999,Entire home/apt,140,3,2,5,71,2
696620581974515556,470859718,Manhattan,Tribeca,40.7188916958741,-74.00286790933542,Entire home/apt,239,1,1,12,361,1
696623677328852773,470859718,Manhattan,Chinatown,40.71810270717359,-74.0015928843234,Entire home/apt,231,1,4,12,20,4
696643028441338049,227081166,Brooklyn,Crown Heights,40.67331,-73.92006,Private room,95,3,2,5,38,2
696662996744452653,174504698,Queens,Ditmars Steinway,40.77538514735174,-73.89735634450156,Entire home/apt,63,1,7,2,350,7
695499436195380568,458299783,Queens,Ozone Park,40.67610119847016,-73.84465992821576,Private room,85,3,1,1,321,1
696742557101455126,166861543,Manhattan,Financial District,40.70790791593508,-74.01010976300547,Entire home/apt,230,25,0,3,37,0
696811607506823150,23772724,Manhattan,Upper East Side,40.78335502367267,-73.9464354665977,Entire home/apt,229,30,0,58,341,0
696837225922774010,6724578,Brooklyn,Cobble Hill,40.69006598044882,-73.99434748901612,Private room,99,2,2,6,329,2
696895555330850606,107434423,Manhattan,Hell's Kitchen,40.760596,-73.99628,Entire home/apt,401,31,0,453,309,0
696897568852506833,107434423,Manhattan,Nolita,40.7226285,-73.9945497,Entire home/apt,480,31,0,453,265,0
696897885891595504,107434423,Brooklyn,Park Slope,40.6777631,-73.980313,Entire home/apt,396,31,0,453,335,0
696900142939397454,166861543,Manhattan,Financial District,40.70758559776285,-74.01042036080021,Private room,104,21,0,3,37,0
696911326417152246,166861543,Manhattan,Financial District,40.70794507128158,-74.01167012547646,Private room,130,21,0,3,54,0
696945263964038159,462961904,Queens,Elmhurst,40.744454,-73.88935099999999,Entire home/apt,149,3,1,5,70,1
696948030052906809,474238830,Brooklyn,East New York,40.6634125,-73.8870091,Entire home/apt,135,1,1,1,316,1
696972636123073973,357523705,Manhattan,East Harlem,40.80433697442088,-73.93956498823432,Entire home/apt,680,1,0,1,365,0
696985409500591189,465891299,Manhattan,Lower East Side,40.721534421829126,-73.98902570871194,Entire home/apt,2371,4,0,9,350,0
696997773837453837,2867137,Manhattan,Midtown,40.76586354644945,-73.9831863347998,Entire home/apt,354,30,0,73,322,0
697005314648327918,63813702,Brooklyn,Bedford-Stuyvesant,40.68189785371316,-73.91758555426965,Entire home/apt,210,2,1,3,14,1
697010256022743047,475785151,Brooklyn,Crown Heights,40.6712839637386,-73.94457963434267,Entire home/apt,375,3,0,2,151,0
697010395559168680,465891299,Manhattan,NoHo,40.72620762243797,-73.99470893232096,Entire home/apt,2300,5,0,9,353,0
697050322139279400,13034598,Manhattan,Murray Hill,40.747996678151125,-73.97550211316239,Entire home/apt,262,7,1,1,28,1
697084440536201840,475785151,Brooklyn,Crown Heights,40.66943651755648,-73.94332354246015,Entire home/apt,535,3,1,2,162,1
697115876902184989,450580547,Manhattan,Upper East Side,40.7708085159587,-73.95429994511751,Entire home/apt,159,30,0,30,260,0
697121399884039055,475812927,Manhattan,Harlem,40.82384856696753,-73.9393973022028,Private room,88,1,6,3,316,6
697121438422205071,475812927,Manhattan,Harlem,40.82428,-73.9397,Private room,91,1,3,3,348,3
697155684676038214,450580547,Manhattan,Upper East Side,40.76957899020771,-73.95463967133429,Entire home/apt,160,30,0,30,346,0
694365364136245851,90821692,Brooklyn,Williamsburg,40.71008385658276,-73.96779431694914,Entire home/apt,265,7,0,1,141,0
695515249027746508,38555920,Queens,Bellerose,40.7295231,-73.7327305,Entire home/apt,208,1,2,1,348,2
694369618245900810,61831388,Brooklyn,Crown Heights,40.6700796,-73.94191769999999,Entire home/apt,221,1,1,1,37,1
694387559588416753,463464923,Brooklyn,Bedford-Stuyvesant,40.68970370572596,-73.93042932507865,Private room,84,1,0,3,75,0
694392142986936087,79923089,Brooklyn,Williamsburg,40.71248972971474,-73.96723391233017,Entire home/apt,367,3,2,4,318,2
697164269523445797,244941920,Manhattan,Upper East Side,40.77522408441526,-73.95312209928781,Entire home/apt,359,3,0,1,247,0
697185333301948919,450580547,Manhattan,Upper East Side,40.76929816467973,-73.95489421253546,Entire home/apt,150,30,0,30,341,0
697193632643079138,406193264,Manhattan,Hell's Kitchen,40.76505572413231,-73.99038109179428,Private room,169,1,7,7,63,7
697217118919168291,51589519,Manhattan,Harlem,40.8099696,-73.9490931,Entire home/apt,155,30,0,14,269,0
697257873435486036,471629066,Manhattan,Upper East Side,40.76349250368144,-73.96587178928579,Private room,470,1,0,10,78,0
697264865189951651,254487827,Queens,Ditmars Steinway,40.7723027162446,-73.90296013575137,Private room,108,2,0,2,354,0
697341700950071945,27244727,Manhattan,Chinatown,40.71589255355367,-73.99038908295833,Entire home/apt,320,14,0,5,350,0
697369019894201104,61871945,Manhattan,Midtown,40.75015,-73.98595,Private room,170,6,0,1,153,0
697483631314667809,471629066,Manhattan,Upper East Side,40.761610925726025,-73.9658159481062,Private room,493,1,0,10,70,0
697605522240998847,31155644,Manhattan,Upper West Side,40.77594681264275,-73.97689085683525,Entire home/apt,268,2,0,1,28,0
697627700010736006,156295223,Manhattan,Upper East Side,40.77897684550918,-73.95169904068264,Entire home/apt,320,30,0,5,342,0
697642893303355437,475215998,Brooklyn,Sheepshead Bay,40.60332424644516,-73.95512198582013,Private room,52,1,0,1,62,0
695526496634449195,39772436,Brooklyn,Bedford-Stuyvesant,40.68881,-73.95734,Entire home/apt,333,2,1,2,138,1
695531046810653621,9293730,Manhattan,Upper West Side,40.79620363856963,-73.96202142227781,Entire home/apt,268,30,0,37,344,0
695552569993595421,203169632,Manhattan,Upper East Side,40.76323970778601,-73.96378624423309,Entire home/apt,937,1,0,1,310,0
697646487033011629,1004823,Manhattan,West Village,40.73861151179922,-74.00475974652923,Entire home/apt,175,30,0,1,293,0
694397221017434237,385166054,Brooklyn,Greenpoint,40.72667757078505,-73.94476447066975,Entire home/apt,151,1,1,1,324,1
694405510672672330,463464923,Brooklyn,Bedford-Stuyvesant,40.69161796886298,-73.93180232254382,Private room,86,1,0,3,79,0
694416868948612220,396629729,Brooklyn,Williamsburg,40.71484,-73.9567,Shared room,73,2,2,16,347,2
694443700899348101,147100662,Manhattan,East Harlem,40.78694951307802,-73.95191430441476,Private room,106,2,2,1,147,2
694444323621766847,324933354,Queens,Laurelton,40.66834619730723,-73.74052032399247,Entire home/apt,109,2,0,2,361,0
695555320920928634,344299101,Brooklyn,East New York,40.6700686188514,-73.87809930131901,Private room,66,30,0,5,334,0
695557809414919443,344299101,Brooklyn,East New York,40.67085738545569,-73.87801402121536,Private room,60,30,0,5,249,0
695561947450203746,344299101,Brooklyn,East New York,40.67054,-73.87763,Private room,61,30,0,5,348,0
695567302478943451,383229403,Manhattan,Upper East Side,40.76475891398262,-73.96254389990929,Entire home/apt,195,30,0,5,328,0
695587837737576376,162280872,Manhattan,Upper East Side,40.77576333972868,-73.94920708893044,Entire home/apt,145,30,0,98,318,0
695619625950560653,429454632,Brooklyn,Prospect-Lefferts Gardens,40.66219143359311,-73.94092741392937,Private room,69,1,0,17,360,0
695627297517241789,2348603,Brooklyn,Bedford-Stuyvesant,40.68257750714787,-73.92436848484488,Entire home/apt,191,5,4,2,230,4
695640507961714623,343153813,Brooklyn,East Flatbush,40.64138198698123,-73.94163076038731,Entire home/apt,243,2,0,1,352,0
694479910750316585,32368779,Manhattan,Upper West Side,40.77898244605967,-73.9761430797729,Entire home/apt,302,30,0,1,276,0
694709585427847036,475267550,Queens,Astoria,40.7685966,-73.9158432,Private room,64,1,0,1,310,0
694730806676379784,107434423,Manhattan,West Village,40.7304002,-74.00497109999999,Entire home/apt,330,31,0,453,263,0
694777500986611896,22733486,Brooklyn,Williamsburg,40.70639363797006,-73.93778061621997,Private room,134,1,0,5,145,0
694814715305886707,422735667,Manhattan,Midtown,40.75737740753944,-73.98126323996314,Private room,111,10,0,2,49,0
694817860926256616,22733486,Brooklyn,Williamsburg,40.70613,-73.93609,Private room,146,1,0,5,335,0
694818126002692736,22733486,Brooklyn,Williamsburg,40.70463,-73.93681,Private room,125,1,0,5,329,0
694836807726880264,231022382,Brooklyn,Bedford-Stuyvesant,40.683387198958656,-73.94386058849356,Private room,59,30,0,1,127,0
694859929654131083,162280872,Manhattan,Kips Bay,40.73901648648642,-73.98072993397771,Entire home/apt,170,30,0,98,311,0
694874724747820510,140623121,Manhattan,East Harlem,40.80785,-73.94071,Entire home/apt,275,1,0,3,264,0
694891856876220820,475320773,Brooklyn,Williamsburg,40.71880614766109,-73.94820837854677,Entire home/apt,600,2,0,1,284,0
694897398595994504,475322393,Brooklyn,Bushwick,40.6983025024932,-73.9202587343933,Private room,90,2,0,1,342,0
694902191509735869,461074296,Brooklyn,Williamsburg,40.7166093339345,-73.96627437907425,Entire home/apt,180,2,0,1,136,0
694904201033693768,448326434,Manhattan,Financial District,40.70836794788056,-74.00887203084103,Entire home/apt,333,30,0,35,310,0
694912775374181321,22733486,Manhattan,Upper East Side,40.78222289278704,-73.95424017985967,Private room,181,1,1,5,327,1
694926508920756401,446132894,Manhattan,Harlem,40.828579423869066,-73.94994232235598,Private room,80,3,1,6,33,1
694928981372858824,15448039,Manhattan,Lower East Side,40.720975822970566,-73.99051185272964,Entire home/apt,400,6,0,2,332,0
697660780570660717,40741110,Manhattan,Lower East Side,40.71775694647651,-73.98920252210256,Entire home/apt,225,2,1,1,4,1
697664092079826852,20515415,Brooklyn,Greenpoint,40.7325,-73.95693,Entire home/apt,229,3,0,1,29,0
697714446235246853,163089338,Manhattan,Harlem,40.79959935623995,-73.95116737518865,Private room,91,6,0,1,324,0
697719311988590720,474967067,Brooklyn,Crown Heights,40.67263,-73.91716,Private room,65,1,1,2,352,1
697768254837542779,5352610,Queens,Ditmars Steinway,40.775887392149336,-73.91490812929426,Entire home/apt,121,10,0,2,249,0
697812583253334439,475628873,Brooklyn,Crown Heights,40.67859201828571,-73.9524809580848,Entire home/apt,196,4,0,2,328,0
697829464060497245,29876409,Brooklyn,Bay Ridge,40.63545040954914,-74.02537658056907,Private room,55,1,0,2,334,0
697838027047993315,283607135,Manhattan,East Harlem,40.80153366385613,-73.93799473865003,Private room,85,30,0,2,343,0
697852057091618918,426952784,Brooklyn,Crown Heights,40.67163898609642,-73.92349002945348,Private room,66,1,2,5,353,2
697863371447738603,7031196,Manhattan,Upper West Side,40.79208662087681,-73.97765713669445,Entire home/apt,175,7,0,1,139,0
697871343121224223,34179286,Brooklyn,Bedford-Stuyvesant,40.68159765401803,-73.92969782426259,Entire home/apt,177,1,3,1,258,3
697911234420094080,475963154,Queens,South Ozone Park,40.67990585232662,-73.80813004153256,Entire home/apt,74,30,0,2,245,0
697912390158559635,6418022,Brooklyn,Williamsburg,40.70947377482771,-73.94760991610718,Entire home/apt,240,28,0,1,341,0
697917557188182408,163094301,Queens,Ditmars Steinway,40.77492340861292,-73.91361404210329,Entire home/apt,225,1,1,2,21,1
697920584382622177,450580547,Manhattan,Upper East Side,40.771104104220285,-73.95626565488752,Entire home/apt,150,30,0,30,254,0
697985042670434281,23815582,Brooklyn,Canarsie,40.63440278414984,-73.89447506042266,Entire home/apt,108,2,0,4,355,0
695650551544914125,248161322,Brooklyn,Bedford-Stuyvesant,40.68378906539703,-73.93655052668302,Private room,63,30,0,1,340,0
698060325111097771,58528354,Brooklyn,Crown Heights,40.67601639999999,-73.91746049999999,Entire home/apt,126,2,1,1,335,1
698069198212604956,475628873,Brooklyn,Crown Heights,40.67807590495719,-73.95209117535506,Entire home/apt,188,4,0,2,271,0
698083825440599492,56916811,Brooklyn,Bedford-Stuyvesant,40.68742418994305,-73.91863721974168,Private room,116,3,0,4,86,0
698089546533464498,169472089,Queens,Flushing,40.75986999124091,-73.83250419860454,Private room,73,28,0,1,339,0
698357454158414737,170964868,Brooklyn,Bedford-Stuyvesant,40.69197438217082,-73.94622226845975,Entire home/apt,450,5,0,7,333,0
698366661755651719,143882962,Manhattan,East Harlem,40.79937440899555,-73.94579108674317,Entire home/apt,267,30,0,6,348,0
698371147649198204,12485770,Manhattan,Stuyvesant Town,40.73042323246331,-73.97937593310697,Entire home/apt,138,30,0,8,305,0
698398472027614415,59384912,Manhattan,Hell's Kitchen,40.75318249137924,-73.99465539864937,Private room,104,30,0,2,351,0
698399869293218733,324273359,Manhattan,East Harlem,40.7932697,-73.9452909,Entire home/apt,150,1,2,1,248,2
698409852060232676,75655904,Manhattan,SoHo,40.72329927712123,-74.00378074023607,Entire home/apt,2500,5,0,2,348,0
698451569987978758,466450403,Brooklyn,Bedford-Stuyvesant,40.69631379776754,-73.94627431169005,Entire home/apt,880,1,1,3,365,1
698463402516494469,450443676,Brooklyn,Flatbush,40.65446387899346,-73.95429594602727,Entire home/apt,200,1,2,2,362,2
694930103507598445,341574549,Bronx,Unionport,40.82456640166752,-73.84615872549955,Entire home/apt,210,4,0,1,348,0
694935574274189070,259459612,Brooklyn,Williamsburg,40.70888160564285,-73.9644181578617,Entire home/apt,278,30,0,1,109,0
694943043684698943,13635862,Manhattan,Chelsea,40.75159388279848,-73.99806234901476,Entire home/apt,699,3,0,1,29,0
694957779037563527,162280872,Manhattan,Upper East Side,40.7732800593775,-73.94976219148246,Entire home/apt,160,30,0,98,319,0
694958372781022948,436580929,Bronx,Norwood,40.87546149934055,-73.88489381301419,Entire home/apt,109,1,0,1,362,0
694968431684647296,460601946,Manhattan,Hell's Kitchen,40.7654265361624,-73.98795597952011,Entire home/apt,400,5,2,1,11,2
694973797575168295,45547974,Queens,Jackson Heights,40.75629995211884,-73.86370188446374,Entire home/apt,120,3,3,1,133,3
694977999902715163,113723310,Manhattan,Midtown,40.75515423585367,-73.96540578894317,Entire home/apt,185,30,0,60,338,0
694997579297645640,474365064,Queens,Laurelton,40.6816643765732,-73.74856799704145,Entire home/apt,90,2,0,1,361,0
695003935229257623,18586628,Manhattan,East Harlem,40.81198,-73.93597,Private room,85,1,0,2,69,0
695006130443845513,51033911,Brooklyn,Bushwick,40.7012328535019,-73.92450273698833,Entire home/apt,211,2,0,2,23,0
695007187932638262,316005726,Queens,Long Island City,40.7571153,-73.9297593,Private room,73,3,1,2,362,1
695042851149113483,357218,Bronx,Longwood,40.81755911601324,-73.903137178871,Entire home/apt,200,4,1,2,8,1
695052478493927865,93011199,Brooklyn,Bay Ridge,40.63135822238754,-74.02883815259233,Private room,57,1,2,2,340,2
695060989831158809,401623107,Queens,East Elmhurst,40.75566153547287,-73.88427129898018,Private room,94,1,1,1,356,1
695079828475232612,471710658,Brooklyn,Cypress Hills,40.68046985578083,-73.89197530132574,Private room,90,1,0,4,21,0
695085110521379735,471710658,Brooklyn,Cypress Hills,40.67881024291109,-73.8931573518179,Private room,72,1,0,4,21,0
695663226354462269,175860733,Manhattan,Lower East Side,40.71616,-73.9838,Entire home/apt,400,4,0,1,298,0
695106790160322936,59529610,Manhattan,Chelsea,40.74686836505151,-74.00049111999743,Entire home/apt,122,30,0,1,305,0
698473836731921553,57690761,Brooklyn,Bath Beach,40.610119097182896,-74.0094996473613,Entire home/apt,469,1,4,1,357,4
698519700592072545,12533228,Manhattan,East Village,40.72571215445876,-73.98423842179538,Entire home/apt,323,1,0,2,346,0
698524380398841851,104037136,Brooklyn,Williamsburg,40.7179558,-73.9583239,Entire home/apt,450,3,0,2,20,0
698550010662171937,400291177,Brooklyn,Downtown Brooklyn,40.68835409425496,-73.98132621623652,Entire home/apt,200,1,0,1,15,0
695685012481775604,13888373,Brooklyn,East Flatbush,40.6451287749792,-73.94794958404667,Entire home/apt,80,2,1,1,75,1
695688904235544228,41497327,Manhattan,Chelsea,40.74172009999999,-73.99650609999999,Entire home/apt,286,3,1,1,32,1
698562578032488951,29294346,Manhattan,Midtown,40.75330526054586,-73.96852741602484,Entire home/apt,440,1,1,1,254,1
698586784464116618,56517774,Brooklyn,Bushwick,40.69068,-73.92208,Entire home/apt,350,1,1,3,148,1
695110836586953629,37093442,Manhattan,Flatiron District,40.74161207124829,-73.98967401079337,Entire home/apt,250,30,0,1,112,0
695217693529265933,257644353,Queens,Ozone Park,40.68776219699373,-73.84028739142579,Private room,44,1,1,1,350,1
695712819581552031,28260018,Manhattan,Harlem,40.80303898475813,-73.95700047964763,Private room,125,3,3,9,69,3
695715242674349172,464677772,Manhattan,Upper West Side,40.771490527845486,-73.98707173155647,Entire home/apt,1086,3,1,1,340,1
695219993430490784,475395086,Queens,Ozone Park,40.6864392663629,-73.83815151328896,Entire home/apt,135,1,0,1,347,0
699963723425208019,79923089,Brooklyn,Williamsburg,40.713129808315074,-73.96739075292147,Entire home/apt,400,3,0,4,305,0
699972140108043958,79923089,Brooklyn,Williamsburg,40.71202762387092,-73.96532334109645,Entire home/apt,356,3,0,4,329,0
700000812390093269,104944916,Brooklyn,Windsor Terrace,40.6578482,-73.9755811,Entire home/apt,185,2,0,1,311,0
698597689635912470,7720763,Manhattan,Midtown,40.7646408,-73.9772407,Private room,600,7,0,1,365,0
698652438608360566,303867618,Brooklyn,Park Slope,40.668976985015455,-73.97697652532452,Entire home/apt,187,1,0,2,307,0
698665597836185143,196064709,Brooklyn,East Flatbush,40.646527678073134,-73.95111838088275,Entire home/apt,185,1,4,1,342,4
698675017840107530,441812864,Manhattan,Hell's Kitchen,40.76483462586032,-73.99255547961117,Entire home/apt,199,3,0,1,21,0
695731865740089790,37735129,Manhattan,Upper West Side,40.784275286550574,-73.97453754260098,Entire home/apt,4000,1,0,1,98,0
695742749164895552,28260018,Manhattan,Morningside Heights,40.80316159308457,-73.95848369715073,Private room,122,3,1,9,61,1
695751998576328121,17602501,Queens,Ridgewood,40.71032961229014,-73.89513873013999,Private room,121,1,2,2,361,2
695757611557146564,28260018,Manhattan,Harlem,40.805046157966565,-73.95682322583872,Private room,129,3,1,9,74,1
695779112826389162,20290799,Manhattan,Flatiron District,40.74135056733451,-73.98989433557111,Entire home/apt,600,1,0,2,365,0
695779291962525074,28260018,Manhattan,Morningside Heights,40.80474145376455,-73.95844069660302,Private room,143,3,0,9,59,0
695791476860244701,471710658,Brooklyn,Cypress Hills,40.68081,-73.89189,Private room,46,1,1,4,21,1
695793844031730151,2035021,Brooklyn,Crown Heights,40.67120515621394,-73.95634054761759,Entire home/apt,275,2,3,4,336,3
695816483505281413,12743690,Queens,Ozone Park,40.67792,-73.83724,Entire home/apt,159,15,0,3,77,0
695817663464762787,275402560,Staten Island,Rosebank,40.61289298546372,-74.07344524831959,Entire home/apt,80,2,2,1,247,2
698690204501230734,476120458,Bronx,Morris Heights,40.84795184933333,-73.91768930922626,Private room,57,5,1,1,75,1
698690678897268945,664670,Manhattan,Harlem,40.82571053255048,-73.94959721714258,Entire home/apt,1100,5,0,1,90,0
695842144607730490,38013656,Bronx,Allerton,40.86756969176956,-73.85341186819228,Entire home/apt,110,2,2,2,359,2
695842243876736448,132866292,Manhattan,Murray Hill,40.75035644384401,-73.9756767099242,Private room,121,2,0,6,52,0
695842916354806715,382422149,Queens,Flushing,40.75360173739688,-73.83038427741556,Entire home/apt,199,1,0,3,348,0
695847674365608463,239503360,Queens,Corona,40.74466,-73.85399,Private room,68,7,0,4,349,0
695862523905199343,12743690,Queens,Ozone Park,40.67766684245533,-73.83705196303934,Entire home/apt,200,15,0,3,77,0
695866024943274230,239503360,Queens,Corona,40.74471230380444,-73.85404447223594,Private room,54,10,0,4,347,0
695912104535237628,231684594,Manhattan,Theater District,40.756942472130014,-73.98317269916147,Entire home/apt,154,2,7,2,17,7
695913886993768450,475331102,Manhattan,Midtown,40.76095615263896,-73.97920744161202,Entire home/apt,94,30,0,1,269,0
698706479232505461,476125058,Queens,Maspeth,40.72203820470232,-73.91089837014174,Entire home/apt,140,2,1,1,355,1
698726706573598891,471160670,Brooklyn,Bushwick,40.6955964053673,-73.9208173757635,Private room,75,1,0,1,340,0
700003119167999746,307627544,Brooklyn,Crown Heights,40.67720168308909,-73.95287708351816,Entire home/apt,111,60,0,1,353,0
695917349490631688,448326434,Manhattan,Financial District,40.70862060620918,-74.00883404083393,Entire home/apt,199,30,0,35,310,0
695993097350720956,137358866,Queens,Woodside,40.74291,-73.91161,Private room,79,30,0,111,274,0
696026544647594299,34035977,Manhattan,Midtown,40.76222754626642,-73.9799818614836,Shared room,150,1,1,1,8,1
700031983108733302,25537142,Brooklyn,Cypress Hills,40.68832,-73.87035,Private room,55,2,1,1,355,1
700032488576079553,435081213,Manhattan,Chelsea,40.74887785766652,-74.00247343978484,Entire home/apt,499,5,0,4,299,0
696035478753139179,118700852,Bronx,Baychester,40.86858,-73.83734,Private room,240,7,0,2,365,0
696061385423980135,257982308,Manhattan,Chelsea,40.74352604267556,-73.99519065202392,Entire home/apt,433,1,2,1,119,2
698795913584837618,282440450,Manhattan,Lower East Side,40.718722930804525,-73.98371115827761,Entire home/apt,549,5,0,1,84,0
696114442622029016,435050037,Queens,South Ozone Park,40.66998227874268,-73.81871225199242,Private room,107,2,0,14,365,0
696138538083600223,387986500,Manhattan,Hell's Kitchen,40.75968,-73.99086,Entire home/apt,999,1,2,1,88,2
700034538425047740,388550274,Queens,Cambria Heights,40.6877352,-73.7351326,Entire home/apt,286,3,0,1,56,0
696178626209029623,245464213,Manhattan,Hell's Kitchen,40.76548877605856,-73.9930888645052,Private room,157,1,2,2,349,2
696186747519061841,215786346,Brooklyn,Williamsburg,40.713826078442885,-73.94104432415165,Private room,132,2,0,1,334,0
698812600923000746,91899425,Bronx,Baychester,40.87593334218744,-73.8379875421904,Entire home/apt,44,30,0,1,365,0
698823647071459669,35586793,Brooklyn,Greenpoint,40.73511962201431,-73.95526441528541,Private room,215,4,0,1,201,0
698893427097590418,54433895,Manhattan,Washington Heights,40.84975387196079,-73.93949020580303,Entire home/apt,184,1,0,1,116,0
696188599746943488,41202903,Manhattan,Chelsea,40.74389089942412,-74.00649169285283,Entire home/apt,1200,5,0,2,5,0
696219648355732006,333057838,Brooklyn,Flatbush,40.645342,-73.96401689999999,Private room,137,5,0,9,365,0
696221748152192652,333057838,Brooklyn,Flatbush,40.64466334594346,-73.96512717748627,Private room,161,2,0,9,224,0
696227600584051484,191269,Brooklyn,East Flatbush,40.65062900119745,-73.9170795921875,Entire home/apt,103,2,0,1,335,0
696244726107735956,95607675,Manhattan,Greenwich Village,40.73241722160223,-73.9969722297919,Entire home/apt,350,6,0,1,310,0
698952060530193546,414646580,Queens,Springfield Gardens,40.6662,-73.7652,Entire home/apt,156,1,0,1,358,0
699018116741373213,1010435,Manhattan,East Village,40.72803893974048,-73.98859830302051,Entire home/apt,126,7,0,2,39,0
699039419654155624,476180625,Manhattan,Chelsea,40.74283551874902,-74.00009026220397,Entire home/apt,399,7,1,1,325,1
699079588514617908,17581024,Brooklyn,Park Slope,40.6775356,-73.98000309999999,Entire home/apt,166,8,1,3,8,1
699081955951522189,107434423,Manhattan,Midtown,40.7514705,-73.9714149,Entire home/apt,522,31,0,453,352,0
699087051283794657,46318579,Manhattan,Upper West Side,40.7847793,-73.9778528,Entire home/apt,650,7,0,1,19,0
696268236389265090,1711182,Brooklyn,Greenpoint,40.72511,-73.95548,Entire home/apt,241,6,0,1,32,0
699113624811897838,59993718,Brooklyn,Williamsburg,40.71944167972431,-73.95686146570692,Entire home/apt,350,3,0,1,169,0
700060653892730189,96143211,Queens,Jamaica Estates,40.71106828716798,-73.79276120587022,Entire home/apt,146,1,1,1,144,1
700064775616824780,1746238,Brooklyn,Williamsburg,40.71242579046453,-73.94495332252976,Entire home/apt,280,4,0,2,136,0
696272441632745970,35998113,Manhattan,Upper West Side,40.77829,-73.97606,Shared room,91,2,3,24,31,3
696286308474912460,266793360,Manhattan,Harlem,40.80587897609167,-73.95547416298282,Entire home/apt,200,1,0,4,335,0
696321774480665399,187487947,Brooklyn,Greenpoint,40.72837521886862,-73.95468023454957,Entire home/apt,215,2,0,3,332,0
696323705637051288,39371435,Manhattan,Hell's Kitchen,40.76885990970716,-73.98767589126831,Entire home/apt,2000,3,0,6,325,0
696353790671001475,475349543,Bronx,Mott Haven,40.81382749326042,-73.91534943133593,Private room,135,1,0,1,3,0
696383191100414499,18762977,Manhattan,Murray Hill,40.74756702975808,-73.97527916929086,Private room,350,7,0,2,341,0
696383394734133110,18762977,Manhattan,Murray Hill,40.74776676911005,-73.97366570035354,Entire home/apt,545,7,0,2,343,0
696398962880605218,365342297,Brooklyn,Borough Park,40.63714019713822,-74.00229901953196,Private room,59,3,0,6,5,0
696399673421447557,338000317,Brooklyn,Flatbush,40.64290859559763,-73.95953484668867,Entire home/apt,200,3,0,1,355,0
699125853262600293,12903044,Manhattan,Flatiron District,40.7398044,-73.9847973,Entire home/apt,195,60,0,1,341,0
699132303109228274,309395681,Bronx,Williamsbridge,40.87492331285885,-73.8539961640346,Entire home/apt,256,3,1,3,174,1
699135765263499277,476207170,Brooklyn,Bedford-Stuyvesant,40.68443204716498,-73.93883714664406,Entire home/apt,200,3,2,1,305,2
699145332958226657,160525099,Queens,Astoria,40.77356297376878,-73.93506410268526,Private room,55,1,0,1,332,0
699146713475981215,95918622,Manhattan,Kips Bay,40.74355495715851,-73.9793044460327,Entire home/apt,450,3,1,1,36,1
699156353544815997,434276514,Queens,Elmhurst,40.74463585422302,-73.87478326728927,Private room,125,1,0,5,349,0
696407264744592200,471752322,Brooklyn,Sunset Park,40.63865,-74.01856,Private room,79,2,1,3,353,1
696408170720458028,462422092,Brooklyn,East New York,40.66815342445493,-73.87618230689162,Entire home/apt,136,2,2,2,357,2
699158285991699810,131000948,Staten Island,Mariners Harbor,40.63444,-74.16749,Private room,59,1,3,1,362,3
699159882692796349,434276514,Queens,Elmhurst,40.745948636753546,-73.87431575653719,Private room,133,1,0,5,357,0
699160316414042051,256610276,Queens,St. Albans,40.69516,-73.76537,Private room,132,1,2,4,362,2
699160468450912087,403221118,Manhattan,Lower East Side,40.72022,-73.98677,Entire home/apt,142,1,0,1,37,0
699168737421368390,476216594,Manhattan,Hell's Kitchen,40.76770843090416,-73.99007072373982,Private room,300,1,1,1,337,1
699168754347049144,78101906,Queens,Richmond Hill,40.69390959824205,-73.84441680725833,Entire home/apt,90,1,3,1,161,3
699169839825887125,256610276,Queens,St. Albans,40.69407848994497,-73.76702393234609,Private room,132,1,0,4,362,0
699171992776251073,256610276,Queens,St. Albans,40.69514813829131,-73.76660706452674,Private room,132,1,0,4,362,0
699186695635910228,476222456,Brooklyn,Flatbush,40.64931161449599,-73.95255661992609,Entire home/apt,145,3,0,1,59,0
699188122458282344,475775101,Brooklyn,Bedford-Stuyvesant,40.68641067622325,-73.94156215985763,Private room,103,1,2,3,75,2
696415366159477000,475669556,Bronx,Concourse,40.824313211043886,-73.92650284607066,Private room,95,15,0,1,365,0
699189080597169915,4606577,Brooklyn,Bedford-Stuyvesant,40.68522065472919,-73.9347928822261,Entire home/apt,245,2,2,1,261,2
699199017165651631,228415932,Queens,Rosedale,40.65550440192638,-73.74138850249001,Private room,45,1,0,6,154,0
699219056401621013,45404928,Queens,Queens Village,40.71380233654577,-73.73183322139032,Private room,45,20,0,2,341,0
700075709409275634,70033764,Manhattan,Lower East Side,40.71929677856772,-73.99067804460762,Entire home/apt,200,30,0,1,341,0
696422899083555366,365342297,Brooklyn,Borough Park,40.63667236828887,-74.00167180074878,Shared room,46,3,0,6,294,0
696430058923953033,424334449,Queens,Jamaica,40.6752176,-73.795518,Private room,93,1,1,9,365,1
696441195434644710,424334449,Queens,Jamaica,40.676363960568494,-73.79440536396399,Private room,93,1,0,9,365,0
696453052126248661,410827879,Queens,Cambria Heights,40.6925925,-73.7346154,Entire home/apt,61,1,0,2,340,0
696453300870035307,424334449,Queens,Jamaica,40.674203315312695,-73.79479074831796,Private room,104,1,1,9,365,1
696460039951904084,424334449,Queens,Jamaica,40.67427780286896,-73.79445077053839,Private room,93,1,1,9,365,1
696461608828674002,475680142,Brooklyn,Bushwick,40.70358253424214,-73.91920034943577,Entire home/apt,326,5,0,1,324,0
696463982515591639,365342297,Brooklyn,Borough Park,40.63833328974072,-74.0004921728059,Shared room,46,1,0,6,9,0
696464060385021569,424334449,Queens,Jamaica,40.6756350976511,-73.79465866316454,Private room,93,1,2,9,365,2
696468213300111120,424334449,Queens,Jamaica,40.67638469373918,-73.79530014958094,Private room,103,1,1,9,365,1
696469910482082626,62001,Manhattan,Little Italy,40.71928,-73.99457,Entire home/apt,275,30,0,1,290,0
700081741541172719,476427678,Manhattan,Chelsea,40.74107896040423,-73.99868230901853,Entire home/apt,268,12,0,1,272,0
700088418861058994,466450403,Brooklyn,Bedford-Stuyvesant,40.6959901713581,-73.94518545905497,Entire home/apt,629,1,0,3,364,0
700110694853194395,273411799,Queens,Laurelton,40.67735602469868,-73.74681245008011,Private room,93,1,2,5,354,2
700111269108709591,30065089,Manhattan,Flatiron District,40.742046867010345,-73.9913554762664,Private room,178,1,1,4,346,1
699221319651713122,476232929,Manhattan,Chinatown,40.71735346375002,-74.00304369424401,Entire home/apt,1400,3,0,1,350,0
699250960324755530,93994090,Brooklyn,Williamsburg,40.71094,-73.9655322,Private room,110,2,0,5,59,0
699268167005009805,14463803,Brooklyn,South Slope,40.6662422,-73.98072479999999,Entire home/apt,300,1,1,1,142,1
699278862635532154,475775101,Brooklyn,Bedford-Stuyvesant,40.686323401269945,-73.94297280394427,Private room,104,1,2,3,74,2
699280329494660764,475775101,Brooklyn,Bedford-Stuyvesant,40.68656,-73.94165,Private room,97,1,2,3,81,2
696480052114606779,293228396,Manhattan,Financial District,40.70914659282869,-74.0068533295964,Entire home/apt,389,30,0,2,321,0
701478587424915639,284337887,Brooklyn,Bedford-Stuyvesant,40.69935390058679,-73.94083493178854,Private room,36,30,0,14,323,0
701504561702033782,61391963,Manhattan,Upper West Side,40.78531435796356,-73.97311007872568,Entire home/apt,142,30,0,116,341,0
701546982341436454,475005003,Staten Island,Arden Heights,40.54356193952624,-74.16831749751803,Entire home/apt,156,3,0,1,49,0
701569669297198147,227709251,Bronx,Morrisania,40.8243129,-73.9116289,Private room,74,1,1,1,300,1
699287688809132434,160882703,Brooklyn,Prospect-Lefferts Gardens,40.6558689,-73.9532835,Entire home/apt,260,1,1,1,173,1
699317550953948540,27314617,Manhattan,Midtown,40.7543287340954,-73.97693382059988,Private room,458,2,0,1,355,0
699318976257349768,2260600,Manhattan,Upper West Side,40.78979443933547,-73.97367222745511,Entire home/apt,287,5,0,2,304,0
699340377180924643,412467812,Manhattan,Upper East Side,40.763123874777605,-73.96085830331909,Entire home/apt,1048,2,0,15,334,0
699354979403842297,6279066,Queens,Woodside,40.74461537682344,-73.90451695116155,Entire home/apt,449,2,0,1,127,0
699370623470219014,49108760,Manhattan,Midtown,40.75966563572964,-73.9681416631217,Private room,246,1,0,7,329,0
699385566564456943,470849793,Bronx,Soundview,40.82456043675345,-73.8772511871491,Entire home/apt,80,2,0,3,293,0
700119820457825160,7335386,Brooklyn,Flatbush,40.65319636905849,-73.96596539765596,Entire home/apt,251,1,1,1,352,1
700129541174471375,273411799,Queens,Laurelton,40.67588717173374,-73.74701944379738,Private room,109,1,0,5,364,0
700136151620801657,19300279,Brooklyn,Bushwick,40.70805899032112,-73.92126829238306,Entire home/apt,145,2,0,1,255,0
700146181833846394,466450403,Brooklyn,Bedford-Stuyvesant,40.69625930480403,-73.94677105609017,Private room,469,1,0,3,364,0
701623345825974456,153370343,Staten Island,New Dorp Beach,40.56489025529038,-74.10195769313273,Entire home/apt,95,1,2,1,351,2
700194312876162902,21598414,Manhattan,East Village,40.72435772197042,-73.99228127721328,Entire home/apt,1159,30,0,1,267,0
700206837960871675,3223938,Queens,Ridgewood,40.70292742177524,-73.90551421263278,Private room,35,90,0,288,264,0
700216864475658693,3223938,Brooklyn,Crown Heights,40.67038,-73.95578,Private room,35,90,0,288,277,0
699390505117810007,4663899,Brooklyn,Fort Greene,40.691909095551615,-73.98047782480717,Entire home/apt,205,7,2,1,16,2
699399732360564333,286772500,Queens,East Elmhurst,40.7660175,-73.8745486,Entire home/apt,202,4,0,3,70,0
699402041613947773,83287313,Queens,Hollis,40.70672928593765,-73.76828019499493,Entire home/apt,116,3,0,1,69,0
699497615606221363,396629729,Brooklyn,Williamsburg,40.716742145981016,-73.95528398267196,Shared room,72,2,1,16,359,1
699498492683663177,35491667,Manhattan,West Village,40.7377,-73.99896,Entire home/apt,210,30,0,2,287,0
699506961082568928,396629729,Brooklyn,Williamsburg,40.71708268840285,-73.95646190369798,Shared room,72,2,1,16,357,1
699537458086972444,388356556,Queens,Jamaica Estates,40.71930952144456,-73.80599423689165,Entire home/apt,80,30,0,1,365,0
699544751646101111,166286543,Queens,Sunnyside,40.73970313805845,-73.91525467296228,Entire home/apt,150,1,1,2,168,1
699553198783007187,476306741,Brooklyn,Bedford-Stuyvesant,40.67981015441173,-73.91520794481039,Entire home/apt,96,3,0,1,235,0
699748914043969288,110138572,Manhattan,Chelsea,40.75010944302581,-73.99838407565301,Entire home/apt,600,2,0,7,78,0
701639167267438757,66451125,Queens,Elmhurst,40.73482516749071,-73.86548834007054,Entire home/apt,368,1,0,4,241,0
701650648289698438,462422092,Brooklyn,East New York,40.667221642482296,-73.87809327664804,Entire home/apt,163,2,1,2,342,1
701657472850415948,12160369,Manhattan,Gramercy,40.73655,-73.98355,Entire home/apt,785,7,0,1,358,0
700240543403436512,471768189,Manhattan,Chinatown,40.71586,-73.99582,Entire home/apt,750,1,1,1,9,1
700461048639501377,107434423,Brooklyn,Brooklyn Heights,40.6921954,-73.9975798,Entire home/apt,321,31,0,453,365,0
700462443091502441,433615899,Manhattan,Upper West Side,40.78412168900532,-73.97554262972244,Entire home/apt,253,1,0,1,311,0
700464340976446071,33616515,Manhattan,Hell's Kitchen,40.75726804089506,-73.99410431848666,Entire home/apt,600,1,0,2,46,0
700471426659093365,33616515,Manhattan,Theater District,40.75890894364155,-73.98655289837966,Entire home/apt,450,30,0,2,335,0
701674531430881514,316920152,Manhattan,Hell's Kitchen,40.7629319751017,-73.99331568808519,Entire home/apt,979,1,0,3,350,0
701752580616566001,359638834,Manhattan,Hell's Kitchen,40.75934931310506,-73.991501213413,Entire home/apt,666,3,0,11,335,0
701763363827948670,48721735,Manhattan,SoHo,40.72534062660537,-74.00384974050023,Entire home/apt,236,1,0,1,97,0
701801983538815641,42438081,Manhattan,Hell's Kitchen,40.76285,-73.99338,Entire home/apt,1011,2,0,1,346,0
700541785124718676,195802909,Brooklyn,Williamsburg,40.71153327820173,-73.96099483208876,Private room,140,1,0,1,305,0
700555391370196141,449715737,Manhattan,Theater District,40.7591257,-73.98376669999999,Private room,669,1,1,7,361,1
700563667896083799,5325455,Manhattan,Gramercy,40.73193366746547,-73.98380912282134,Entire home/apt,150,7,0,1,199,0
701806624213815476,168035686,Manhattan,West Village,40.73541822754112,-73.99851768181551,Entire home/apt,628,5,0,1,208,0
699779959888590505,15471053,Brooklyn,Prospect-Lefferts Gardens,40.6590201699092,-73.95991296386939,Entire home/apt,122,5,0,1,228,0
699785525282802272,9525999,Manhattan,Chinatown,40.714625495155,-73.99771317819948,Entire home/apt,258,3,0,1,335,0
701837754258546794,471629066,Queens,Long Island City,40.74435847412904,-73.9536588809386,Private room,459,1,0,10,70,0
701961285947433789,454031557,Manhattan,East Village,40.72646113208108,-73.98196659273206,Entire home/apt,444,1,0,3,147,0
701965569786432062,48088611,Manhattan,Midtown,40.7463221828283,-73.98712330229175,Entire home/apt,114,1,0,4,34,0
701974260419470122,242152267,Manhattan,Midtown,40.759854376443215,-73.96615855325601,Entire home/apt,166,30,0,9,302,0
701977725306147318,16418143,Manhattan,West Village,40.72947048335642,-74.00586928312893,Entire home/apt,120,30,0,1,270,0
701981073507216587,107434423,Manhattan,Nolita,40.723065,-73.99381520000001,Entire home/apt,586,31,0,453,341,0
701996174585911559,215565541,Manhattan,Murray Hill,40.75040642514779,-73.97875545807848,Private room,1000,1,0,4,309,0
701997689259731217,215565541,Manhattan,Murray Hill,40.748578049676205,-73.97772638421199,Private room,1000,1,0,4,310,0
702005190750685766,274452385,Bronx,Belmont,40.85532335532185,-73.88953211406812,Entire home/apt,220,1,0,2,360,0
702011787477127477,215565541,Manhattan,Murray Hill,40.750797604082805,-73.97737033220244,Private room,1000,1,0,4,310,0
702012279693056539,215565541,Manhattan,Murray Hill,40.7494,-73.97921,Private room,1000,1,0,4,309,0
702015743416166619,6230790,Manhattan,Upper West Side,40.7701937,-73.98291770000002,Entire home/apt,800,30,0,1,280,0
702017652247666979,450580547,Manhattan,Kips Bay,40.7428491177933,-73.97354268277114,Entire home/apt,320,30,0,30,304,0
702025717467014974,476808602,Brooklyn,Williamsburg,40.70545392989325,-73.93831112529799,Shared room,125,1,1,1,328,1
699799295716034636,406333104,Queens,South Ozone Park,40.6702953,-73.8182314,Entire home/apt,285,2,1,1,360,1
700572404595228114,465866457,Queens,Flushing,40.75716,-73.79332,Entire home/apt,178,1,0,3,329,0
700585401211873586,465738350,Manhattan,Murray Hill,40.7496462,-73.9762765,Private room,207,1,2,3,337,2
700585477879622875,465579714,Brooklyn,Crown Heights,40.680409886000966,-73.9620219119413,Entire home/apt,2880,1,0,4,365,0
702038076630970795,450580547,Manhattan,Murray Hill,40.7446869650455,-73.97213117904813,Entire home/apt,395,30,0,30,365,0
702051927069357008,476172520,Brooklyn,Sheepshead Bay,40.58505257912995,-73.95258725416396,Private room,60,30,0,1,331,0
700586064334508163,26693629,Brooklyn,Williamsburg,40.7089783,-73.9616398,Entire home/apt,188,30,0,1,335,0
700608549937370860,113723310,Manhattan,Chelsea,40.73956580488149,-73.99772633924327,Entire home/apt,190,30,0,60,250,0
700624716859592357,465891299,Manhattan,Tribeca,40.717270605796095,-74.00682103664981,Entire home/apt,1357,1,1,9,356,1
699805582950208430,476353211,Queens,Elmhurst,40.74499,-73.86988,Private room,65,2,0,6,299,0
699829251437146248,476353211,Queens,Elmhurst,40.74304,-73.87009,Private room,59,2,1,6,312,1
699843839833980274,21937063,Manhattan,East Harlem,40.796405,-73.93567209999999,Private room,65,30,0,2,301,0
699851019155212908,476353211,Queens,Elmhurst,40.74349305601598,-73.86811867923691,Private room,62,2,0,6,319,0
699862597447371397,468078621,Brooklyn,Greenpoint,40.73702828719221,-73.95754431545782,Entire home/apt,259,1,1,1,193,1
699865438413893711,476353211,Queens,Elmhurst,40.74467720725876,-73.86852569591721,Private room,74,2,1,6,304,1
699867644911279327,107434423,Manhattan,East Harlem,40.7855906,-73.9495843,Entire home/apt,804,31,0,453,340,0
699868226641595729,107434423,Manhattan,East Harlem,40.7855906,-73.9495843,Entire home/apt,390,31,0,453,335,0
699873789460146361,444007547,Manhattan,Midtown,40.74412180260251,-73.98736063651374,Private room,160,30,0,56,364,0
699885231741637561,129743937,Queens,East Elmhurst,40.75752956254956,-73.869785512823,Private room,55,1,3,4,71,3
699895529153537911,10777921,Brooklyn,Williamsburg,40.71226197063325,-73.94785699544904,Entire home/apt,250,5,0,3,47,0
702068074808435288,414068298,Manhattan,Upper West Side,40.779543635346926,-73.97650151053452,Entire home/apt,122,30,0,15,280,0
702089271901183186,181490923,Manhattan,Midtown,40.74379681353589,-73.98737670796231,Private room,200,7,0,20,198,0
702091437165601370,181490923,Manhattan,Midtown,40.744723574376096,-73.98522619929359,Private room,200,7,0,20,225,0
702093089001857737,181490923,Manhattan,Midtown,40.7446720453858,-73.98510991520949,Private room,200,7,0,20,195,0
702095746709716755,474851899,Manhattan,Upper East Side,40.78396,-73.95415,Entire home/apt,297,7,0,1,148,0
699897545842467296,37028138,Manhattan,SoHo,40.72056652502455,-73.99847482940505,Entire home/apt,500,2,1,1,3,1
699900472291364183,2203885,Manhattan,Chelsea,40.74234,-74.00075,Entire home/apt,282,30,0,1,93,0
700656334389279385,475533024,Queens,Springfield Gardens,40.66636071921322,-73.76398199026978,Entire home/apt,200,2,0,1,159,0
700663747863861032,429454632,Brooklyn,Prospect-Lefferts Gardens,40.66176120797845,-73.94101034229591,Private room,74,1,0,17,358,0
700690819241202734,380332619,Brooklyn,Flatbush,40.65284779093096,-73.96255361743775,Entire home/apt,189,30,0,14,341,0
702096289935162782,181490923,Manhattan,Midtown,40.74457895010506,-73.98681873534694,Private room,200,7,0,20,249,0
702097172489818096,181490923,Manhattan,Midtown,40.7446796743822,-73.98717564483682,Private room,200,7,0,20,223,0
702111740639439057,16886983,Manhattan,Midtown,40.74788139643711,-73.98416928825698,Private room,183,1,0,3,13,0
702113743409828209,22541573,Manhattan,Theater District,40.76097661813322,-73.98547005330833,Entire home/apt,403,30,0,131,355,0
702131564723235352,459922025,Manhattan,Harlem,40.80794102483239,-73.94439025537945,Entire home/apt,395,3,0,1,265,0
700702850623136200,476553626,Bronx,Longwood,40.813948,-73.9061017,Private room,90,2,1,2,361,1
700731410900565809,380332619,Brooklyn,Flatbush,40.65011268108827,-73.96218223135979,Entire home/apt,151,30,0,14,343,0
699914063054810032,339122855,Queens,Rego Park,40.7248022,-73.8568384,Private room,45,1,0,1,5,0
699926638439728258,444007547,Manhattan,Midtown,40.74419570044533,-73.98729233086438,Private room,155,30,0,56,348,0
699929862903388591,438511170,Manhattan,Hell's Kitchen,40.75588219129979,-74.00055678658667,Entire home/apt,1000,30,0,1,365,0
699932733399288462,444007547,Manhattan,Flatiron District,40.7428422940034,-73.98709319796919,Private room,155,30,0,56,341,0
699933783371396475,404940500,Manhattan,Chelsea,40.74618376058633,-73.99050380712615,Entire home/apt,700,30,0,12,336,0
699934935999707736,444007547,Manhattan,Midtown,40.7441,-73.9855,Private room,155,30,0,56,341,0
699936758034103053,444007547,Manhattan,Flatiron District,40.74265305217956,-73.98722088684374,Private room,155,30,0,56,341,0
699944249925653802,474973421,Brooklyn,Crown Heights,40.67425,-73.95784,Entire home/apt,464,3,0,2,131,0
699945562152644313,444007547,Manhattan,Flatiron District,40.742484099133286,-73.98685449080152,Private room,155,150,0,56,341,0
699959861153496510,444007547,Manhattan,Midtown,40.74442,-73.98733,Entire home/apt,155,30,0,56,310,0
699959887856202279,444007547,Manhattan,Midtown,40.743891614718336,-73.98525814042623,Private room,155,30,0,56,344,0
699959910340926332,444007547,Manhattan,Midtown,40.74262940623466,-73.98582282104984,Private room,155,30,0,56,346,0
699959925874184488,444007547,Manhattan,Flatiron District,40.742485324937725,-73.98736448046711,Private room,155,30,0,56,355,0
703100350495860979,359638834,Manhattan,Hell's Kitchen,40.75746043583449,-73.9924736011368,Entire home/apt,666,1,0,11,125,0
703135016328936088,430352020,Queens,Jamaica Estates,40.7154423149285,-73.78807119288803,Private room,64,30,0,6,351,0
703268164020457792,318297491,Manhattan,Harlem,40.824371764743006,-73.94050769991335,Entire home/apt,112,31,0,4,245,0
703305736952683339,23334165,Manhattan,Harlem,40.822219998286826,-73.94549827495,Entire home/apt,349,30,0,3,329,0
703364145075544434,228415932,Queens,Rosedale,40.65400816151016,-73.74186359016551,Private room,49,1,1,6,163,1
703467767637877750,110138572,Manhattan,Chelsea,40.751564001822175,-73.99913791505814,Private room,150,3,0,7,9,0
702140026831965700,66125531,Manhattan,Stuyvesant Town,40.73449925581989,-73.97719986834613,Shared room,60,1,0,3,333,0
702149736791586811,450580547,Manhattan,Murray Hill,40.74429755604061,-73.97368302568198,Entire home/apt,320,30,0,30,349,0
702151892808700267,107187341,Brooklyn,Bedford-Stuyvesant,40.677197787960345,-73.92150196639203,Entire home/apt,426,1,0,2,179,0
703475951001654724,23510890,Bronx,Port Morris,40.80933951304883,-73.9298928746823,Entire home/apt,131,1,0,1,123,0
700732489212776140,476553901,Brooklyn,Crown Heights,40.6660313,-73.9516404,Entire home/apt,101,1,0,1,342,0
700775227284295542,474852151,Manhattan,Upper East Side,40.78453,-73.95049,Entire home/apt,212,2,2,1,24,2
700784149556652441,471629066,Manhattan,Upper East Side,40.76346313224381,-73.96422820602649,Private room,459,1,0,10,71,0
702151942322613794,107187341,Brooklyn,Bedford-Stuyvesant,40.67744737396942,-73.9214492962615,Entire home/apt,410,1,0,2,178,0
702152548883294996,471939490,Manhattan,Upper East Side,40.78531990941342,-73.95081306489159,Private room,275,5,0,1,38,0
700845254941144967,476582662,Brooklyn,Greenpoint,40.731098131914784,-73.95732654010249,Entire home/apt,411,3,0,1,0,0
700850368069608837,476583892,Brooklyn,Bushwick,40.69149660524351,-73.91229527081966,Private room,106,1,0,5,249,0
700854097463911278,476583892,Brooklyn,Bushwick,40.690074034864416,-73.91189737225396,Private room,106,1,0,5,249,0
700855290806384555,476583892,Brooklyn,Bushwick,40.690317266010666,-73.91208738419262,Private room,101,1,0,5,333,0
700856431226249483,476583892,Brooklyn,Bushwick,40.69003848193758,-73.91202855271972,Private room,106,1,0,5,333,0
703477777113329774,7677036,Manhattan,East Village,40.72468893156706,-73.98362763553465,Private room,118,4,0,1,10,0
702161169315981858,476708855,Queens,Springfield Gardens,40.664751620662734,-73.78462308977473,Entire home/apt,78,1,0,1,305,0
702176396484144636,476842003,Brooklyn,Sheepshead Bay,40.5854439883007,-73.9515041278871,Entire home/apt,142,3,0,1,5,0
702182051146913189,183178516,Queens,Forest Hills,40.73234627912838,-73.84721231911035,Entire home/apt,418,1,0,6,361,0
702187253516837238,465738350,Manhattan,Murray Hill,40.75090379094632,-73.97745205947226,Private room,110,30,0,3,338,0
702189125829955809,469148931,Manhattan,Upper West Side,40.79910011741556,-73.96025363488768,Entire home/apt,498,5,0,1,121,0
702204107151905289,385018436,Queens,Kew Gardens,40.70518061002456,-73.83118160627255,Entire home/apt,667,2,0,1,360,0
703482585590551120,148579193,Brooklyn,Bushwick,40.69303118040309,-73.90560608544014,Private room,125,1,0,1,360,0
700871408306613219,49032950,Manhattan,Lower East Side,40.71950810633342,-73.98302723943307,Entire home/apt,243,2,0,1,52,0
700883840220943891,471629066,Manhattan,Upper East Side,40.76321145401616,-73.9663712957347,Private room,459,1,0,10,66,0
700888293266225258,470859718,Manhattan,SoHo,40.71994400914826,-74.00097829187943,Private room,230,1,0,12,85,0
700893842468034810,470859718,Manhattan,Chinatown,40.71835,-74.00134,Entire home/apt,440,3,0,12,55,0
700904983506964695,471629066,Manhattan,Upper East Side,40.7614282165642,-73.96605850855332,Private room,493,1,0,10,84,0
700993484769700656,94684854,Manhattan,Harlem,40.8070483,-73.9421129,Entire home/apt,252,7,0,1,340,0
702374253532219322,18579864,Brooklyn,Williamsburg,40.716821122242735,-73.94244954132999,Entire home/apt,225,30,0,1,37,0
702389609745684245,476883690,Queens,Astoria,40.7651384,-73.91091329999999,Entire home/apt,198,5,0,1,338,0
702399293414840328,227161651,Brooklyn,East Flatbush,40.64766633938172,-73.95038225644869,Entire home/apt,173,2,1,2,345,1
702401774257147921,44074020,Brooklyn,Greenpoint,40.73622127571002,-73.95472648127902,Entire home/apt,160,1,0,1,12,0
703558268913555710,477098391,Manhattan,Midtown,40.75650052123686,-73.96984562217875,Private room,95,90,0,2,264,0
703566752387192517,96730938,Brooklyn,Prospect Heights,40.6750420784324,-73.96605395000141,Private room,130,2,0,1,81,0
703587685947508130,303320919,Brooklyn,Bedford-Stuyvesant,40.68572090303495,-73.94930098040862,Entire home/apt,425,1,1,9,361,1
703607764068730065,475028559,Brooklyn,Crown Heights,40.676006575282194,-73.96154307440258,Private room,111,1,0,3,359,0
702416978892641267,430352020,Queens,Jamaica Estates,40.71531010776436,-73.78687689055776,Private room,64,30,0,6,351,0
702417880489262897,430352020,Queens,Jamaica Estates,40.71530645256819,-73.7870201940518,Private room,91,30,0,6,351,0
702420119156797680,316920152,Manhattan,Hell's Kitchen,40.763396582945575,-73.99342800269972,Entire home/apt,979,2,0,3,350,0
702454047519324747,475963154,Queens,South Ozone Park,40.68042045140113,-73.81006726967556,Private room,50,30,0,2,339,0
702716228156819945,65412308,Brooklyn,Bedford-Stuyvesant,40.68898256672824,-73.92872394252025,Private room,64,3,1,4,283,1
703626886567145198,125049556,Brooklyn,Bushwick,40.69412278167282,-73.91098687658767,Entire home/apt,217,1,0,1,52,0
703630846774154945,303320919,Brooklyn,Bedford-Stuyvesant,40.68535727422823,-73.9494075760371,Entire home/apt,297,1,0,9,359,0
703640106010374166,303320919,Brooklyn,Bedford-Stuyvesant,40.68428646336175,-73.95130860030825,Entire home/apt,298,1,0,9,359,0
703645950789517964,303320919,Brooklyn,Bedford-Stuyvesant,40.68488110535196,-73.94898814233326,Entire home/apt,1054,1,0,9,358,0
703653047934302964,20405437,Queens,Astoria,40.76821138393289,-73.91345986224795,Private room,203,2,1,7,169,1
703656244413443829,303320919,Brooklyn,Bedford-Stuyvesant,40.68557310611671,-73.94951677422557,Entire home/apt,910,1,0,9,359,0
703670741824288365,303320919,Brooklyn,Bedford-Stuyvesant,40.68555326873631,-73.94910788085065,Entire home/apt,618,1,0,9,359,0
703673081008153191,137358866,Queens,Sunnyside,40.74445818846807,-73.92018784658302,Entire home/apt,157,30,0,111,280,0
703685888839943414,477131459,Queens,Cambria Heights,40.69928,-73.74424,Entire home/apt,250,2,0,1,321,0
703692245218602027,303320919,Brooklyn,Bedford-Stuyvesant,40.68404663879557,-73.94941891725185,Entire home/apt,260,1,0,9,365,0
703720822918349980,473535408,Manhattan,Financial District,40.70621741310895,-74.01241115181966,Private room,335,30,0,1,135,0
700996560411993113,317995907,Manhattan,Hell's Kitchen,40.77183655375232,-73.99305856311106,Private room,89,1,4,1,75,4
701044802201091553,79182652,Bronx,Fordham,40.86472900975878,-73.89384295925929,Shared room,15,1,1,2,346,1
701059480827135823,476614247,Brooklyn,Fort Greene,40.6919859,-73.9708071,Entire home/apt,190,2,0,1,50,0
701176474114857819,476632391,Brooklyn,East New York,40.66602569207864,-73.89127244608196,Private room,52,2,0,1,356,0
701233954476502896,476339465,Manhattan,West Village,40.73041161461601,-74.00246399179436,Entire home/apt,256,16,0,1,216,0
701270485277311888,457152913,Manhattan,Midtown,40.75177428414023,-73.97349602945637,Entire home/apt,382,2,0,4,87,0
701279449329328106,474967067,Brooklyn,Crown Heights,40.67411229202297,-73.9167958713276,Private room,59,1,1,2,251,1
701290527882775288,469988267,Brooklyn,DUMBO,40.70266,-73.98728,Entire home/apt,203,30,0,1,177,0
701305924184205548,22541573,Manhattan,Battery Park City,40.70981630652484,-74.01693975675116,Entire home/apt,320,30,0,131,355,0
701321715853254012,107434423,Manhattan,East Harlem,40.78617,-73.94998850000002,Entire home/apt,237,31,0,453,325,0
701322059484684894,107434423,Manhattan,East Harlem,40.78617,-73.94998850000002,Entire home/apt,285,31,0,453,279,0
701323429973097789,476667079,Manhattan,SoHo,40.72368931786183,-74.00128563280687,Entire home/apt,316,30,0,1,58,0
701327529930434947,61391963,Manhattan,Kips Bay,40.7418,-73.97811,Entire home/apt,199,30,0,116,360,0
702718622328299303,309395681,Bronx,Williamsbridge,40.875540007288095,-73.85431435614235,Entire home/apt,280,3,1,3,105,1
702747495409888454,61020172,Manhattan,Hell's Kitchen,40.758008028684806,-74.00031630748222,Entire home/apt,266,30,0,1,335,0
701330517348901622,361896980,Queens,St. Albans,40.69257009915077,-73.74919575286191,Private room,86,1,3,1,169,3
701341536933492322,465738350,Manhattan,Murray Hill,40.74861543881237,-73.9758461601277,Private room,171,1,0,3,327,0
701343273401697008,61391963,Manhattan,Kips Bay,40.7422994070347,-73.9802312279041,Entire home/apt,150,30,0,116,250,0
701345962006300397,61391963,Manhattan,Kips Bay,40.7402020856809,-73.97952268977151,Entire home/apt,199,30,0,116,364,0
701352651977610667,61391963,Manhattan,Kips Bay,40.74160933513075,-73.98006176347697,Entire home/apt,199,30,0,116,360,0
701386480089173205,472377885,Brooklyn,Bedford-Stuyvesant,40.6944364840161,-73.93792021586606,Private room,99,4,0,1,248,0
701401510655012752,365295082,Brooklyn,Cypress Hills,40.68354614847991,-73.88437166545889,Entire home/apt,200,1,3,1,333,3
701407121321947231,316839533,Brooklyn,Bushwick,40.69691100260364,-73.9309261550085,Entire home/apt,271,3,0,3,152,0
701419050055671584,252642206,Queens,Ridgewood,40.70611104999322,-73.90414274659322,Private room,55,7,0,2,310,0
703724819280743573,477140532,Queens,Bayside,40.75132689473261,-73.75570698692957,Entire home/apt,200,3,1,1,223,1
702747529352284354,67836151,Brooklyn,Park Slope,40.67393400975823,-73.98125382547711,Entire home/apt,85,30,0,1,283,0
702760737105237334,65412308,Brooklyn,Bedford-Stuyvesant,40.68905803368988,-73.93059563581693,Private room,65,3,1,4,287,1
702771600242498804,291653222,Brooklyn,Canarsie,40.649099172184414,-73.90803051445364,Private room,78,2,0,3,249,0
702772024832222595,444732174,Manhattan,Midtown,40.75328910877744,-73.97325685534634,Entire home/apt,299,2,0,6,78,0
702774884860368789,444732174,Manhattan,Midtown,40.75333553944356,-73.97339048162955,Entire home/apt,330,2,0,6,87,0
702790823311061346,65412308,Brooklyn,Bedford-Stuyvesant,40.68907601344495,-73.92883804051831,Private room,64,3,0,4,297,0
702798111017913716,457352598,Manhattan,Upper West Side,40.80205228888524,-73.96233413166735,Entire home/apt,299,1,0,2,341,0
702800690312876753,65412308,Brooklyn,Bedford-Stuyvesant,40.68880838139252,-73.93093345864833,Entire home/apt,199,3,0,4,278,0
702812094548153167,476939343,Brooklyn,Williamsburg,40.71022402125261,-73.95337245849166,Entire home/apt,200,14,0,1,232,0
703733594146880938,202024591,Manhattan,Financial District,40.71169148543748,-74.00485408544093,Entire home/apt,378,7,0,1,168,0
703738038699009605,4233005,Brooklyn,Bushwick,40.69467113666968,-73.92312315240144,Entire home/apt,375,7,0,1,128,0
703741031550412186,149608542,Manhattan,East Harlem,40.79081400467194,-73.94892565906048,Private room,95,7,0,1,247,0
703815420587842123,477098391,Manhattan,Midtown,40.75419908630081,-73.96811379822655,Private room,130,90,0,2,250,0
703817894346292718,232772243,Manhattan,East Harlem,40.7886408,-73.94147,Private room,250,2,0,1,352,0
703818189575814217,135095966,Queens,Ditmars Steinway,40.77013750347368,-73.90877731312568,Entire home/apt,290,1,0,1,163,0
703818917730928668,476353211,Queens,Elmhurst,40.74287954450829,-73.86887311978816,Private room,65,2,0,6,327,0
703820082187392309,47844060,Queens,Flushing,40.75490085411057,-73.83339987025602,Entire home/apt,128,2,0,1,45,0
703826123745682421,351286171,Brooklyn,Cypress Hills,40.68056413335314,-73.89186121445904,Entire home/apt,167,1,0,1,349,0
703838563524467694,270554496,Manhattan,Upper East Side,40.77407198510401,-73.94842746731015,Entire home/apt,200,1,0,3,193,0
703864573875486483,477167456,Brooklyn,Flatbush,40.64668341511173,-73.96339379017941,Entire home/apt,135,1,0,1,342,0
701422441275305018,44211580,Brooklyn,Bushwick,40.704189069680126,-73.92495958977938,Entire home/apt,136,5,0,1,16,0
702860657212836030,2242890,Manhattan,Tribeca,40.71697614305862,-74.00603913903068,Entire home/apt,600,6,0,1,279,0
701424040017708619,429228567,Manhattan,Gramercy,40.73742,-73.98799,Private room,478,30,0,1,365,0
701441640912377026,368010652,Brooklyn,Park Slope,40.6814506078952,-73.97788706617634,Entire home/apt,250,2,0,2,120,0
701443674589598725,475958828,Bronx,Mott Haven,40.81202134540123,-73.91057554967202,Private room,74,2,0,1,63,0
701451286188002530,356024013,Manhattan,East Village,40.72803921372292,-73.98834180359738,Entire home/apt,400,30,0,1,281,0
701453703420138012,471548508,Manhattan,Harlem,40.81810824539011,-73.94344824946492,Private room,68,1,0,6,312,0
701473728670362088,471548508,Manhattan,Harlem,40.81781,-73.94363,Private room,82,1,0,6,9,0
702902056503265475,21463693,Brooklyn,Williamsburg,40.71682118184589,-73.94180737784411,Entire home/apt,275,5,0,1,46,0
702913168751727453,306983236,Manhattan,Upper West Side,40.77182124154839,-73.98994487716038,Entire home/apt,1200,3,0,1,304,0
701473979288109237,9522716,Brooklyn,Brighton Beach,40.58079938606922,-73.9565466894523,Private room,85,1,0,1,180,0
704942398275149781,1350846,Manhattan,Greenwich Village,40.73665713238024,-73.9969820454011,Private room,310,30,0,1,365,0
704960933715417604,249649095,Queens,East Elmhurst,40.76363136622041,-73.88042261531331,Private room,51,2,0,3,351,0
704967103616592638,6792797,Brooklyn,Fort Greene,40.68851934717444,-73.97446223091747,Entire home/apt,191,2,1,1,18,1
703883833819993815,167598053,Bronx,Fordham,40.86569140752368,-73.89051385106949,Entire home/apt,160,1,0,1,352,0
703901865273943969,475812927,Manhattan,Harlem,40.82338977624826,-73.94128571990613,Private room,87,1,1,3,349,1
703986346867806600,318297491,Manhattan,Harlem,40.82274537129268,-73.94430354555787,Entire home/apt,105,31,0,4,34,0
704158737397713345,477068753,Manhattan,West Village,40.73792,-73.99877,Entire home/apt,210,16,0,1,365,0
704162069541584711,105703386,Manhattan,Financial District,40.70885951253936,-74.01163033983906,Entire home/apt,420,3,0,2,4,0
704187120309184131,476553626,Bronx,Longwood,40.81470729516189,-73.90545582761146,Private room,90,2,0,2,355,0
704197659673530500,107434423,Manhattan,Kips Bay,40.7407633,-73.9781758,Entire home/apt,274,31,0,453,339,0
704201710043883460,403329315,Brooklyn,South Slope,40.668306782409424,-73.98849177075456,Private room,128,2,0,1,337,0
704221094474213077,4907227,Brooklyn,Williamsburg,40.70914737439402,-73.93882992751513,Private room,106,1,0,1,356,0
702914813859077943,271799,Brooklyn,Bedford-Stuyvesant,40.68985157352128,-73.95362543529069,Entire home/apt,176,30,0,1,309,0
704988724895833347,240078487,Manhattan,Midtown,40.75164320198829,-73.97286343377422,Entire home/apt,351,2,0,4,90,0
704993777438583320,240078487,Manhattan,Midtown,40.75345810899711,-73.9717923035351,Entire home/apt,329,2,0,4,82,0
704999652451127019,240078487,Manhattan,Midtown,40.7534202714473,-73.97329984501526,Entire home/apt,371,2,0,4,87,0
704999919538594710,144099816,Brooklyn,Flatbush,40.6533886,-73.95958840000002,Entire home/apt,301,1,0,2,189,0
702918096149580284,309395681,Bronx,Williamsbridge,40.87391541764119,-73.85586485949193,Entire home/apt,240,3,0,3,176,0
702920448084938453,368306779,Brooklyn,Sunset Park,40.646518189084105,-74.01433081805304,Private room,40,2,0,1,297,0
705004710308579542,41468177,Brooklyn,South Slope,40.66705037178453,-73.98925608215967,Entire home/apt,300,2,1,1,291,1
705006964140412146,353050284,Queens,Rego Park,40.729237114734346,-73.86665178601224,Entire home/apt,209,4,0,1,122,0
705015183540323156,375394646,Queens,Rosedale,40.667744,-73.73689499999999,Entire home/apt,185,1,0,1,357,0
705038840893102650,436303062,Manhattan,Morningside Heights,40.80350956487199,-73.96486298253578,Private room,96,1,0,6,342,0
705042676195714725,10457092,Brooklyn,Williamsburg,40.70360497083091,-73.94344201953662,Private room,160,30,0,2,353,0
705052024128229828,59021519,Manhattan,East Village,40.72331196530165,-73.97900360998294,Private room,124,30,0,1,341,0
705068160202727900,401202937,Manhattan,Midtown,40.74684760360232,-73.98687045851956,Private room,103,1,0,51,60,0
705072797206705614,92714156,Brooklyn,Carroll Gardens,40.67634210437596,-73.99930569641867,Entire home/apt,91,4,0,4,17,0
705090791379955493,1140882,Brooklyn,Fort Greene,40.69021907173721,-73.97862730430688,Private room,78,4,0,5,351,0
705092395335030529,89162637,Manhattan,Harlem,40.81672091975359,-73.94284745665412,Private room,119,1,0,3,354,0
705093546823502977,1140882,Brooklyn,Fort Greene,40.6893553,-73.9777045,Private room,115,5,0,5,341,0
705098036070886749,477426357,Manhattan,Hell's Kitchen,40.76827,-73.98579,Private room,178,5,0,1,60,0
705110463119954338,63865194,Manhattan,Upper East Side,40.7705866,-73.9559582,Entire home/apt,228,4,1,1,249,1
705124567233514808,301194419,Brooklyn,Bedford-Stuyvesant,40.6774584750387,-73.9219557829617,Entire home/apt,175,1,0,4,349,0
704222908215035158,1432322,Brooklyn,Bedford-Stuyvesant,40.6835674,-73.9492593,Entire home/apt,250,5,0,2,111,0
704225991532854814,10263251,Brooklyn,Crown Heights,40.669482520214174,-73.94359762540152,Entire home/apt,107,3,0,2,331,0
704233980784617458,110138572,Manhattan,Chelsea,40.75019103066362,-73.99890211390469,Private room,150,1,1,7,9,1
704234296656427814,477063920,Brooklyn,Brooklyn Heights,40.69843875284318,-73.99526480535977,Entire home/apt,274,16,0,1,342,0
704235423244198379,110138572,Manhattan,Chelsea,40.75215648303002,-73.99717361452774,Private room,150,1,0,7,9,0
704241151146256091,477237877,Manhattan,Upper West Side,40.7782415,-73.9771164,Entire home/apt,350,3,0,1,228,0
704255897463350082,476666525,Bronx,Throgs Neck,40.81736882716218,-73.8197140309196,Entire home/apt,110,2,1,1,342,1
704257487558868144,1432322,Brooklyn,Bedford-Stuyvesant,40.68252259839067,-73.9499029590981,Entire home/apt,250,5,1,2,331,1
702924842152964466,413981013,Queens,Ridgewood,40.7041069349858,-73.9106335812795,Private room,105,1,0,1,158,0
704292673896033037,379713641,Queens,Cambria Heights,40.693941491536016,-73.7436827363902,Entire home/apt,151,1,1,1,354,1
704297144073098912,229274328,Manhattan,Midtown,40.75203863602296,-73.98365161936583,Entire home/apt,280,29,0,5,330,0
702940874257693408,10255757,Manhattan,Chinatown,40.71767408539469,-73.99718830330536,Private room,140,1,0,1,51,0
704306123732863995,48771484,Queens,Cambria Heights,40.68812583199502,-73.74548213564617,Entire home/apt,185,1,0,1,365,0
704307703802738040,476969681,Manhattan,Lower East Side,40.7132523792468,-73.98482646358886,Entire home/apt,193,16,0,1,324,0
704309064483506589,477257195,Brooklyn,Bedford-Stuyvesant,40.67673,-73.91525,Private room,101,4,1,1,345,1
705164127784347385,471023828,Brooklyn,Brighton Beach,40.578653324780205,-73.96421901446169,Entire home/apt,213,1,0,1,347,0
705181755203795711,239351588,Brooklyn,Crown Heights,40.66767075183887,-73.93187446034105,Entire home/apt,250,1,1,2,362,1
705208354570673790,476797648,Bronx,Kingsbridge,40.87946249821817,-73.9057716872694,Private room,57,2,2,1,75,2
705211072062286358,212164658,Queens,Flushing,40.756876003333865,-73.82455538655233,Entire home/apt,178,1,0,6,159,0
705219499735202274,472746236,Manhattan,Hell's Kitchen,40.76106976018314,-73.99339375506104,Entire home/apt,479,2,1,1,296,1
705279229767442266,1168704,Brooklyn,Bedford-Stuyvesant,40.6950481458014,-73.9379754058466,Private room,100,30,0,3,256,0
705285709161649085,152098453,Queens,Jackson Heights,40.75044875736135,-73.88058276513047,Private room,120,3,1,2,352,1
705289808748930294,44926625,Brooklyn,East Flatbush,40.66268666546333,-73.9352630425146,Entire home/apt,159,1,0,1,350,0
705299351835293272,276878527,Manhattan,Midtown,40.75672596917423,-73.96634291702473,Entire home/apt,200,30,0,25,365,0
705299486534332749,467927303,Manhattan,Hell's Kitchen,40.76375526508589,-73.98901294916868,Private room,199,2,0,3,344,0
705305922266862780,152098453,Queens,Jackson Heights,40.7488754303069,-73.88070776474821,Private room,100,3,1,2,351,1
705306134462780216,276878527,Manhattan,Midtown,40.75542926294967,-73.9676316622014,Entire home/apt,200,30,0,25,365,0
705325745169833723,462877490,Brooklyn,Cypress Hills,40.68724,-73.87247,Private room,58,90,0,3,365,0
705356389953069023,2511668,Manhattan,Lower East Side,40.71732254700205,-73.98404134683429,Entire home/apt,96,30,0,2,291,0
705384795679376315,29582882,Manhattan,Midtown,40.75567355345618,-73.97059535954664,Entire home/apt,197,30,0,9,332,0
702944306876696774,13379749,Queens,Bayside,40.75079808938871,-73.77665208510386,Private room,78,1,2,1,208,2
705389873738014950,477481580,Brooklyn,East New York,40.6747397,-73.8843447,Entire home/apt,123,1,0,1,359,0
705397728780327740,148816013,Brooklyn,Cypress Hills,40.68085991337582,-73.8904696883606,Private room,46,30,0,4,335,0
705424352499354914,148816013,Brooklyn,Cypress Hills,40.681104,-73.8903624,Private room,55,30,0,4,289,0
705438631142622558,148816013,Brooklyn,Cypress Hills,40.681104,-73.8903624,Private room,50,30,0,4,351,0
705444904455940964,148816013,Brooklyn,Cypress Hills,40.681104,-73.8903624,Private room,45,30,0,4,341,0
704323602826475899,15173942,Manhattan,Greenwich Village,40.72772880000001,-74.0000522,Entire home/apt,544,2,1,1,243,1
704343910686288661,229274328,Manhattan,Midtown,40.7505067136949,-73.98601157719675,Private room,200,29,0,5,365,0
704356551842848877,229274328,Manhattan,Midtown,40.75061096163081,-73.98395522692223,Private room,200,29,0,5,365,0
702987964460749377,444655611,Brooklyn,Williamsburg,40.71604444895015,-73.94258418946748,Entire home/apt,500,2,1,1,52,1
703035468744374794,101536475,Manhattan,East Harlem,40.79691979076182,-73.93701522153938,Private room,94,7,1,1,353,1
703042215695143030,476583892,Brooklyn,Bushwick,40.69013018514345,-73.91075945230415,Private room,101,1,0,5,332,0
703059183705838052,325629958,Brooklyn,Sheepshead Bay,40.58797031652969,-73.94443967195016,Entire home/apt,195,1,1,1,353,1
703091750362539869,694455,Brooklyn,Bedford-Stuyvesant,40.68563,-73.95505,Entire home/apt,288,30,0,1,341,0
706375125348581227,460785592,Brooklyn,Midwood,40.62218396393078,-73.95732284739523,Entire home/apt,204,2,1,1,344,1
704369158423712706,275527991,Brooklyn,Williamsburg,40.71155990012706,-73.9527367110062,Private room,77,1,0,1,343,0
704386346220109192,477278664,Brooklyn,Sheepshead Bay,40.60263482189465,-73.94046674721427,Entire home/apt,240,2,0,1,360,0
704391618029757708,476353211,Queens,Elmhurst,40.74353017301463,-73.86817803399532,Private room,55,2,1,6,327,1
704414864447052173,97707761,Manhattan,Hell's Kitchen,40.75916435781524,-73.99372976536368,Private room,136,2,0,2,47,0
704422863554147367,342873987,Queens,Astoria,40.76040384105226,-73.91431125753084,Private room,192,2,0,4,354,0
704428591064169130,170964868,Brooklyn,Bedford-Stuyvesant,40.677903778903854,-73.90866137102641,Entire home/apt,180,5,0,7,314,0
704441295872491081,277225496,Manhattan,Kips Bay,40.73953,-73.98218,Entire home/apt,151,31,0,1,308,0
704443623584590709,424059660,Queens,Springfield Gardens,40.66720653989048,-73.77041927874124,Entire home/apt,215,1,0,2,167,0
704460619075483302,477294907,Manhattan,Washington Heights,40.8344153,-73.9460393,Private room,95,1,0,2,342,0
704509709325061320,273971514,Staten Island,St. George,40.645696224598495,-74.08505083541029,Entire home/apt,189,2,1,2,350,1
704511661503891589,3223938,Brooklyn,Bedford-Stuyvesant,40.688097161410646,-73.94382772873855,Private room,30,88,0,288,249,0
704547159977695019,215082911,Brooklyn,East Flatbush,40.64965050432078,-73.95020865559152,Entire home/apt,454,1,0,1,355,0
704563941119922351,12639098,Manhattan,Battery Park City,40.71033,-74.01674,Entire home/apt,366,7,0,4,353,0
704584079874764058,276878527,Manhattan,Midtown,40.75558951152367,-73.96702159197793,Entire home/apt,225,30,0,25,365,0
705452857669550996,447189172,Brooklyn,Williamsburg,40.69884445075713,-73.95856381086323,Entire home/apt,300,1,2,1,259,2
705509197963427771,239844232,Brooklyn,Canarsie,40.63987221611633,-73.89739126120028,Entire home/apt,120,1,0,3,354,0
705556620445553271,459629795,Manhattan,Financial District,40.70367830303032,-74.0082201726305,Entire home/apt,318,5,0,2,318,0
705636637076466841,450580547,Manhattan,Upper West Side,40.79585318142435,-73.96744802869712,Entire home/apt,280,30,0,30,354,0
705654563196429520,352857062,Brooklyn,Bedford-Stuyvesant,40.67789190214759,-73.90858840582924,Private room,58,2,0,2,318,0
705686516505246666,63794198,Manhattan,Chelsea,40.74230616962687,-73.99795861029509,Entire home/apt,206,30,0,1,191,0
705701235826157421,61391963,Manhattan,Kips Bay,40.741112215945726,-73.97601663200648,Entire home/apt,175,30,0,116,342,0
705703187207343486,436157703,Manhattan,Murray Hill,40.74733682294602,-73.97348820541357,Private room,284,3,0,2,350,0
705709683989850600,37375079,Manhattan,Upper West Side,40.77491776271737,-73.98030309066255,Entire home/apt,269,2,0,1,65,0
705718242222795563,48685956,Brooklyn,Williamsburg,40.7100173,-73.94730899999999,Private room,80,1,0,1,278,0
706382261767820538,477360137,Queens,Corona,40.73852388813931,-73.85139556355949,Entire home/apt,334,16,0,1,365,0
705747716458965390,459534804,Manhattan,Harlem,40.80904,-73.9546,Private room,168,2,0,1,356,0
705795723632078933,331185230,Manhattan,Washington Heights,40.83543416240936,-73.93870042337954,Private room,80,5,0,10,26,0
705838938258296964,477578342,Manhattan,Nolita,40.72391593650847,-73.99468556243207,Entire home/apt,400,2,0,1,342,0
705860645865384611,72808493,Queens,Long Island City,40.74661,-73.93957,Entire home/apt,1283,1,0,1,341,0
705865272565799548,331185230,Manhattan,Washington Heights,40.83473694195109,-73.9405685691217,Private room,63,5,0,10,23,0
704608953137078181,142225904,Manhattan,Harlem,40.80801260995159,-73.9438999071904,Entire home/apt,99,30,0,1,331,0
704784534051457441,107434423,Manhattan,Midtown,40.7604361,-73.96852299999999,Entire home/apt,1055,31,0,453,0,0
704784985897965782,107434423,Manhattan,Kips Bay,40.7409664,-73.97899149999999,Entire home/apt,403,31,0,453,363,0
704856393767697728,2867137,Manhattan,Upper East Side,40.76935149623184,-73.95572571812076,Entire home/apt,185,30,0,73,340,0
706403843622369740,355450429,Manhattan,Midtown,40.7644035,-73.9779596,Entire home/apt,309,3,0,3,27,0
706407097331493479,477379528,Manhattan,Upper West Side,40.78477762418724,-73.98143548471585,Entire home/apt,240,16,0,1,365,0
706411598041361119,8190806,Brooklyn,Carroll Gardens,40.68183828606312,-73.99955917992762,Entire home/apt,335,5,0,1,216,0
704879381799603409,317502103,Manhattan,Washington Heights,40.84913418774341,-73.93590190215691,Private room,67,30,0,2,156,0
704897605995886312,438207643,Brooklyn,East Flatbush,40.65021041121946,-73.93125588667044,Private room,40,30,0,3,341,0
704924951363219080,471922429,Brooklyn,Flatbush,40.628950493270125,-73.96398033171168,Private room,225,1,1,2,343,1
704925015465957888,249649095,Queens,East Elmhurst,40.76289196183369,-73.881815309606,Private room,72,2,0,3,73,0
704927631809171193,477212911,Queens,Middle Village,40.7128768192097,-73.89564114568073,Entire home/apt,212,16,0,1,365,0
708593748254632873,276878527,Manhattan,Upper East Side,40.77150303124324,-73.95927584883587,Entire home/apt,215,30,0,25,364,0
708668621309793739,211049108,Queens,Rosedale,40.65276727736234,-73.74144069850445,Private room,87,1,0,1,356,0
708699899591660894,478136688,Bronx,Mott Haven,40.813722,-73.9153228,Entire home/apt,155,1,0,1,343,0
705876484846431067,683457,Manhattan,Upper West Side,40.78012596404153,-73.98252507623654,Private room,198,3,0,1,54,0
706477762633031457,156548486,Manhattan,Upper West Side,40.80063283336629,-73.96332158549723,Private room,97,3,1,2,348,1
706480712842441739,477364909,Manhattan,Hell's Kitchen,40.7613178938952,-73.98831539756272,Entire home/apt,233,16,0,1,336,0
706487852182826405,471441645,Bronx,Van Nest,40.84682173701672,-73.86826609347813,Entire home/apt,76,1,1,3,340,1
706489590710398823,128895953,Manhattan,Upper West Side,40.80194951157371,-73.96905526515417,Private room,124,2,0,1,256,0
706491864116211830,158922261,Queens,Astoria,40.7551599134718,-73.91255130967654,Private room,55,1,0,3,317,0
706519901518811298,454164649,Bronx,Concourse Village,40.83291328833886,-73.90984105925631,Private room,59,2,0,3,358,0
706520858653260948,21265745,Manhattan,Midtown,40.75268962314052,-73.97253412753344,Entire home/apt,395,2,0,3,52,0
706530410366124602,8140066,Brooklyn,Bedford-Stuyvesant,40.68978580810924,-73.95249585395146,Entire home/apt,202,2,0,1,88,0
705883525618147541,772148,Brooklyn,Bedford-Stuyvesant,40.686888213191615,-73.94496915817312,Private room,32,30,0,1,126,0
706557300955883406,18202019,Brooklyn,Williamsburg,40.71036117278165,-73.94957357100589,Entire home/apt,495,3,0,1,251,0
705884337775421334,24558222,Manhattan,Upper West Side,40.8018831,-73.96190469999999,Private room,120,5,0,1,11,0
708713445439764488,433965914,Manhattan,Hell's Kitchen,40.76741449054343,-73.98525814815423,Entire home/apt,249,1,0,1,12,0
708808138924351782,478160947,Manhattan,East Harlem,40.794297189086,-73.94605533716009,Private room,89,1,0,1,51,0
708850008309069837,280475502,Brooklyn,Greenpoint,40.72244405508457,-73.94238895576979,Entire home/apt,218,2,0,3,153,0
708863596483115691,326346369,Bronx,Williamsbridge,40.88188686051849,-73.85804820508811,Entire home/apt,120,1,0,1,361,0
708883217066615089,470859718,Manhattan,SoHo,40.7194890000471,-74.00105232588393,Entire home/apt,406,7,0,12,47,0
708890468296218112,265524694,Bronx,Concourse Village,40.83403628729303,-73.9116736770304,Private room,71,3,0,3,359,0
708918802187494681,437884992,Manhattan,Chelsea,40.75127975219016,-74.0025595561343,Entire home/apt,1236,1,0,2,356,0
709014684744103245,444732174,Manhattan,Midtown,40.75216896936611,-73.97332331623498,Entire home/apt,347,2,0,6,83,0
709054131432737216,478073577,Manhattan,Financial District,40.70510717163475,-74.0049779332056,Entire home/apt,260,16,0,1,337,0
709074941697858921,478074705,Manhattan,Midtown,40.75690093466304,-73.98188211180987,Entire home/apt,240,16,0,1,345,0
709074959904388171,478074719,Manhattan,Midtown,40.75491950396967,-73.97128314171424,Entire home/apt,240,16,0,1,300,0
706563992276480791,477413146,Manhattan,Upper West Side,40.78400942221384,-73.97463428487463,Entire home/apt,197,16,0,1,335,0
709151304262190873,478069039,Manhattan,Upper East Side,40.76384680062608,-73.96279105792064,Entire home/apt,189,16,0,1,153,0
709174232113532734,318297491,Manhattan,Harlem,40.82135328538136,-73.94601342595672,Entire home/apt,117,31,0,4,202,0
709206165271469951,107434423,Manhattan,Murray Hill,40.7483335,-73.98094040000001,Entire home/apt,315,31,0,453,317,0
709221138598318151,444732174,Manhattan,Midtown,40.75338,-73.9715,Entire home/apt,319,2,0,6,363,0
709238651099301364,478236975,Queens,Elmhurst,40.72261585333063,-73.88479056578893,Entire home/apt,150,6,0,1,64,0
705903037541353700,209584006,Manhattan,Washington Heights,40.84005815256239,-73.93541657767138,Private room,60,30,0,1,295,0
705935489215118165,467855405,Queens,College Point,40.78668861055769,-73.83841371958403,Private room,65,1,2,2,80,2
706576762778725110,455794521,Manhattan,East Harlem,40.78913770912638,-73.94054175688831,Private room,150,5,0,2,308,0
706579928093475427,119007674,Manhattan,Hell's Kitchen,40.76626351674976,-73.98684123885994,Private room,101,2,0,1,31,0
706597460941884843,10234050,Manhattan,SoHo,40.71839,-73.99981,Entire home/apt,251,30,0,3,180,0
706611147133623424,258035043,Brooklyn,Bedford-Stuyvesant,40.68093970204338,-73.91874536747821,Private room,67,30,1,3,60,1
706623439175861617,472060288,Manhattan,Midtown,40.75397145454875,-73.9821842667199,Entire home/apt,500,1,0,1,317,0
709248569722962233,348880140,Brooklyn,Coney Island,40.57528812855008,-73.9866417758889,Entire home/apt,102,1,0,1,362,0
709312349943080565,429826037,Brooklyn,Cypress Hills,40.681698193522266,-73.89205691684067,Entire home/apt,120,30,0,12,363,0
709315151571075642,425941907,Queens,Springfield Gardens,40.66258,-73.76432,Entire home/apt,120,1,0,1,365,0
709322845715748398,478260569,Queens,St. Albans,40.703381979275655,-73.76634788093108,Private room,48,4,0,2,357,0
709326903293880850,404940500,Manhattan,Tribeca,40.71979652388365,-74.01122856141835,Entire home/apt,1500,30,0,12,136,0
709364398556175620,478260569,Queens,St. Albans,40.70484,-73.7674,Private room,56,4,0,2,351,0
709370156914396553,19612095,Brooklyn,Williamsburg,40.705151326006224,-73.93254064056163,Private room,65,30,0,5,331,0
709373074792227540,393897747,Manhattan,Upper West Side,40.78666794691009,-73.97158385696446,Entire home/apt,280,3,0,19,129,0
709379738697228676,240078487,Manhattan,Midtown,40.7536457539725,-73.97272117734776,Entire home/apt,425,2,0,4,88,0
709389982585809851,920237,Brooklyn,Bushwick,40.68845909067948,-73.91666943142998,Private room,110,2,0,1,355,0
709390167533836361,34913162,Queens,East Elmhurst,40.75895630357552,-73.88582209690169,Entire home/apt,115,5,0,2,74,0
709391679242227800,462877490,Brooklyn,Cypress Hills,40.68922,-73.87054,Private room,53,5,0,3,361,0
709396633249470991,78343072,Brooklyn,Sunset Park,40.64619039999999,-73.99881359999999,Private room,120,7,0,1,90,0
709409027551171723,465866457,Queens,Flushing,40.75579236722931,-73.79152289293019,Private room,130,1,0,3,329,0
709425928424732034,465866457,Queens,Flushing,40.75712893211436,-73.79133705349035,Private room,120,1,0,3,329,0
709435601786564770,342873987,Queens,Astoria,40.7601858286778,-73.9143605642779,Private room,120,2,0,4,358,0
709436311680166433,243288727,Manhattan,Midtown,40.75479713709363,-73.96720857299572,Entire home/apt,210,30,0,14,335,0
706624440234098821,449045592,Brooklyn,Williamsburg,40.718385983085135,-73.96447883101555,Private room,404,5,0,1,74,0
709444980290193691,478002232,Queens,Forest Hills,40.72676211627195,-73.84743431538429,Entire home/apt,305,16,0,1,365,0
706663771763984635,132134034,Bronx,Longwood,40.82583845404811,-73.90676268521138,Private room,80,1,0,1,359,0
706670190539378189,5988452,Brooklyn,Bedford-Stuyvesant,40.6906298229024,-73.9417775227877,Entire home/apt,205,2,0,1,298,0
705956442175168415,437390203,Staten Island,St. George,40.63925069561793,-74.07636668649945,Entire home/apt,159,3,0,1,355,0
706712347413814784,477752095,Queens,Maspeth,40.72118139447751,-73.90564270224556,Entire home/apt,148,3,0,1,311,0
706712410572332671,17557097,Brooklyn,Prospect Heights,40.6806347421315,-73.96465627179302,Private room,364,1,1,1,347,1
705960660317173546,237340817,Brooklyn,East Flatbush,40.6484658,-73.9174968,Entire home/apt,199,3,0,1,348,0
705961847414831189,444732174,Manhattan,Midtown,40.75193548313459,-73.97360250165454,Entire home/apt,315,2,0,6,361,0
705982958145847356,332905063,Bronx,Edenwald,40.8820132,-73.8495215,Entire home/apt,70,2,1,2,79,1
705983605034112203,317502103,Manhattan,Washington Heights,40.84917588176475,-73.93442044385138,Private room,68,30,0,2,336,0
705984566870683352,445040933,Brooklyn,East Flatbush,40.6613716730626,-73.92525896710112,Private room,91,1,1,2,361,1
709450978456456516,2300134,Manhattan,Harlem,40.806061527746486,-73.95434051374482,Private room,128,1,0,1,7,0
709454617284609438,243288727,Manhattan,Midtown,40.75465876917711,-73.96690835234962,Entire home/apt,248,30,0,14,311,0
709460462026009785,345812978,Brooklyn,Coney Island,40.5761052,-74.0022511,Entire home/apt,153,1,0,2,361,0
709475601537184320,58492449,Brooklyn,Flatbush,40.644258595418286,-73.96028131151185,Private room,10000,1,0,1,365,0
709507937713554327,239287065,Bronx,Longwood,40.82035284789318,-73.90188028015434,Entire home/apt,85,1,0,1,357,0
709517127369532239,463027921,Manhattan,East Harlem,40.78893,-73.95087,Private room,137,1,0,4,343,0
709533731158935652,15845173,Brooklyn,Williamsburg,40.71201814084784,-73.9471443865841,Entire home/apt,182,60,0,3,1,0
709533840920714673,470859718,Manhattan,Chinatown,40.718257459740414,-74.00152069974011,Private room,265,1,0,12,16,0
706736475297229772,62605071,Brooklyn,Coney Island,40.57577013925516,-74.00144437837903,Private room,36,2,0,5,147,0
706749317126636033,56916811,Brooklyn,Bushwick,40.68716268914375,-73.9164373662408,Private room,87,4,0,4,175,0
706752921121143414,96589640,Manhattan,Harlem,40.82533807596158,-73.93933573485363,Private room,58,1,1,3,106,1
706785767610887259,276878527,Manhattan,Upper East Side,40.77100912885053,-73.95645388146093,Entire home/apt,230,30,0,25,365,0
706802004087084856,460234872,Manhattan,Midtown,40.76505041047347,-73.97692776558434,Private room,643,2,0,1,316,0
706948802191867977,107434423,Manhattan,Kips Bay,40.74013,-73.98152,Entire home/apt,318,31,0,453,181,0
706995781271751600,24699718,Brooklyn,Bedford-Stuyvesant,40.68469539717049,-73.93247911964411,Entire home/apt,175,1,0,1,275,0
709536437310623914,41968597,Brooklyn,Gowanus,40.6805135841373,-73.98185044853021,Entire home/apt,120,30,0,1,310,0
709575233575422461,116382,Brooklyn,Windsor Terrace,40.65931427896464,-73.98143449209677,Entire home/apt,82,60,0,8,330,0
709595534144221583,454792599,Manhattan,Hell's Kitchen,40.75505884529806,-73.99399280651745,Entire home/apt,199,5,0,1,327,0
709626196284646170,477294907,Manhattan,Washington Heights,40.8344153,-73.9460393,Private room,80,1,0,2,344,0
709692566560718438,1168704,Brooklyn,Bedford-Stuyvesant,40.69504619402029,-73.93790173761391,Private room,96,4,0,3,263,0
709854858248316418,137358866,Queens,Woodside,40.74362231647896,-73.9095055735474,Private room,71,30,0,111,335,0
707040680344457964,36573096,Queens,Howard Beach,40.667288,-73.85222999999999,Entire home/apt,105,1,0,1,347,0
707053699468471608,477810951,Brooklyn,Sunset Park,40.64993050498587,-74.00504083329523,Private room,62,14,0,1,349,0
707115922666374090,435241924,Brooklyn,Bedford-Stuyvesant,40.68824173436648,-73.95624106266816,Private room,150,1,0,2,355,0
707130376753331127,189982367,Queens,Springfield Gardens,40.66513251139765,-73.77726060154944,Private room,100,1,0,1,358,0
707169625363851952,477679309,Manhattan,Upper West Side,40.80019318924462,-73.96581151649704,Entire home/apt,144,16,0,1,235,0
707169681327891830,477679415,Manhattan,Upper West Side,40.79960563097668,-73.97030257175273,Entire home/apt,188,16,0,1,250,0
707176930993535300,25414207,Brooklyn,Bushwick,40.69774,-73.90831,Private room,68,1,0,4,130,0
707181828125131955,683387,Manhattan,Roosevelt Island,40.76949182508539,-73.94315143020876,Entire home/apt,231,7,0,1,63,0
707200387863742806,313104002,Brooklyn,Bedford-Stuyvesant,40.69178711963394,-73.93540250013893,Entire home/apt,135,3,0,1,325,0
705993958971589875,117148217,Manhattan,Harlem,40.82150180865759,-73.95215040111519,Private room,170,1,0,1,333,0
705994877748434921,291653222,Brooklyn,Canarsie,40.64726,-73.90706,Private room,62,2,0,3,249,0
705995049443364668,96589640,Manhattan,Harlem,40.82591082620613,-73.93930603013244,Private room,69,1,0,3,298,0
706000708692803625,445040933,Brooklyn,East Flatbush,40.6602143,-73.92474179999999,Private room,67,1,1,2,362,1
706017269331500083,9119678,Manhattan,Midtown,40.75556964124254,-73.97293809013135,Private room,199,11,0,2,351,0
706029774240832818,267272502,Brooklyn,Bedford-Stuyvesant,40.69426672435296,-73.95244657861666,Private room,65,4,0,28,315,0
706066765395654135,445395972,Bronx,Wakefield,40.88671261018038,-73.8643123220736,Entire home/apt,79,2,0,5,334,0
706102338396788985,477004895,Bronx,Claremont Village,40.836858229116906,-73.90098983933201,Entire home/apt,175,30,0,1,337,0
706103073370158062,475127789,Manhattan,Harlem,40.8016737387895,-73.9589818561241,Private room,98,1,0,2,29,0
707211127291881985,477689293,Manhattan,Chelsea,40.745853049732496,-73.99629338673232,Entire home/apt,240,16,0,1,283,0
706109691709765273,288951547,Brooklyn,Flatbush,40.641476526789546,-73.95560177635942,Entire home/apt,150,5,0,1,144,0
601478469711746317,86191555,Manhattan,Hell's Kitchen,40.77049,-74.02349,Private room,96,3,5,1,349,5
648191896822644411,463345136,Manhattan,West Village,40.73724,-74.03001,Entire home/apt,191,2,3,5,246,3
556049097586673618,266559178,Queens,Queens Village,40.70574,-73.71492,Entire home/apt,200,2,0,3,365,0
702208369217692472,476853173,Queens,Cambria Heights,40.6884,-73.71315,Private room,100,1,3,1,363,3
49755421,313935950,Staten Island,Port Ivory,40.65432,-74.18867,Entire home/apt,148,5,5,1,76,5
642968030351121072,446254297,Queens,Queens Village,40.70572096175033,-73.7170185148716,Entire home/apt,354,1,11,1,179,11
707227260528228643,196705969,Manhattan,Gramercy,40.73678069570383,-73.98021676641942,Entire home/apt,190,30,0,1,32,0
47977955,386768110,Staten Island,Randall Manor,40.6613,-74.12171,Entire home/apt,90,3,1,1,35,0
706188193272887105,58412196,Brooklyn,Bushwick,40.69341259999999,-73.9068217,Entire home/apt,119,1,1,1,66,1
706221497236463166,107434423,Manhattan,East Harlem,40.7855906,-73.9495843,Entire home/apt,448,31,0,453,157,0
706222094937061617,107434423,Manhattan,Upper West Side,40.79364,-73.97303,Entire home/apt,820,31,0,453,16,0
706287333206726400,477653494,Brooklyn,Bushwick,40.6932298929435,-73.90513043525435,Private room,120,1,0,1,361,0
706302549152745018,252642206,Queens,Ridgewood,40.70567,-73.90645,Private room,76,1,0,2,319,0
706345731001183464,477360083,Queens,East Elmhurst,40.76608058456274,-73.86626995554224,Entire home/apt,191,16,0,1,338,0
707272556257060819,407479321,Manhattan,Upper West Side,40.77438407486448,-73.98164268773883,Entire home/apt,879,1,1,11,359,1
707275934529674025,259268901,Brooklyn,Fort Greene,40.686488512121656,-73.97802912623115,Entire home/apt,185,30,0,1,204,0
707277871094366449,262571164,Queens,Elmhurst,40.74567553956531,-73.88886895063665,Entire home/apt,107,1,0,1,231,0
647303287833632023,76371792,Staten Island,Randall Manor,40.6556004,-74.1256935,Private room,60,3,5,3,249,5
707297793698556220,468881737,Manhattan,Midtown,40.753711918940816,-73.97341004543533,Entire home/apt,275,2,0,3,79,0
707310778524324816,468881737,Manhattan,Midtown,40.753038325693645,-73.97162131340671,Entire home/apt,291,2,0,3,88,0
707311710663558538,468881737,Manhattan,Midtown,40.7536,-73.97311,Entire home/apt,308,2,0,3,80,0
707331009912855982,199578818,Queens,Ozone Park,40.68539139996796,-73.84268287675881,Entire home/apt,107,2,0,5,347,0
707361191133143006,2653479,Manhattan,Upper West Side,40.80227,-73.96574,Private room,80,2,0,41,81,0
707381304305099335,63659831,Queens,Ridgewood,40.70704614079391,-73.91252358404918,Private room,78,1,0,1,55,0
602759448468704490,263727686,Queens,Far Rockaway,40.59789,-73.73753,Entire home/apt,285,2,2,1,60,2
680876358317887323,465905481,Staten Island,Port Ivory,40.651580866802064,-74.18716885755727,Private room,45,1,5,2,344,5
38220746,78050943,Brooklyn,Gravesend,40.58863,-73.99444,Shared room,50,30,0,3,365,0
621819294112625177,159133628,Bronx,Wakefield,40.9166,-73.82581,Entire home/apt,135,3,5,1,319,5
706370720529330503,449224351,Brooklyn,Sunset Park,40.647561,-73.999003,Entire home/apt,167,1,0,1,59,0
21098315,99434787,Manhattan,Upper West Side,40.79014,-74.00652,Entire home/apt,295,30,137,5,82,0
707381969640766736,18424342,Manhattan,Upper East Side,40.762617169377165,-73.96009581688025,Entire home/apt,281,30,0,1,341,0
707388227242319380,2653479,Manhattan,Upper West Side,40.80203265784986,-73.96385607877525,Private room,80,2,0,41,70,0
707402137921421457,2653479,Manhattan,Upper West Side,40.8034290972877,-73.96531038448892,Private room,80,2,0,41,68,0
707407993070250523,404233577,Queens,Queens Village,40.70810688562104,-73.74833937599186,Entire home/apt,265,2,0,2,358,0
707513171017719427,477906841,Manhattan,Washington Heights,40.84480398074784,-73.93868864277098,Private room,90,1,0,1,355,0
707525169368448411,386387423,Manhattan,Theater District,40.7613692,-73.986401,Shared room,194,1,0,1,317,0
6284657,32669537,Queens,Rockaway Park,40.58041,-73.83452,Entire home/apt,94,2,115,1,334,28
707545277974486775,181876326,Brooklyn,Flatbush,40.6422583529814,-73.95565872651399,Private room,148,1,0,2,361,0
707763691316106879,477943458,Brooklyn,Crown Heights,40.67247185436499,-73.92883555199047,Entire home/apt,120,30,0,1,211,0
44699168,291159082,Bronx,Wakefield,40.91189,-73.82873,Entire home/apt,219,90,27,1,129,4
33227760,250192506,Manhattan,Upper West Side,40.78464,-74.00649,Private room,78,29,18,1,15,0
707776965375863518,10052561,Queens,Sunnyside,40.7406187263542,-73.92702302426665,Entire home/apt,96,30,0,1,365,0
707831705969198765,36063879,Bronx,City Island,40.84149136881626,-73.78783852136172,Entire home/apt,350,1,0,2,354,0
707844246814061317,21265745,Manhattan,Midtown,40.75297079703119,-73.97345275727723,Entire home/apt,899,1,0,3,9,0
707903971475666907,249649095,Queens,East Elmhurst,40.76160592805639,-73.88092959899394,Private room,74,2,0,3,76,0
707908977514360518,477978633,Brooklyn,East Flatbush,40.63595445234749,-73.94656880634156,Private room,60,1,0,1,345,0
707931282904645210,472616232,Manhattan,Chelsea,40.74846,-73.99047,Entire home/apt,265,1,0,3,69,0
707931948477939865,468747096,Queens,Queens Village,40.72772196140988,-73.74322586488856,Private room,81,3,0,1,349,0
687073063266998776,415859188,Manhattan,Upper West Side,40.78637,-74.0066,Private room,75,2,3,3,321,3
579700708991744375,346850421,Staten Island,Freshkills Park,40.57654,-74.22076,Private room,250,3,0,1,365,0
31266148,233961578,Staten Island,Freshkills Park,40.57346,-74.22223,Entire home/apt,71,3,40,1,91,11
707958114252508497,29472753,Queens,Arverne,40.59708893540464,-73.79926362283625,Entire home/apt,109,1,0,1,342,0
705669675117330060,349705110,Queens,Floral Park,40.74318,-73.69207,Entire home/apt,96,28,0,1,117,0
705833074748086695,474070041,Staten Island,Port Ivory,40.65834381191455,-74.19499226251821,Entire home/apt,160,1,0,2,365,0
686454008724684883,457425059,Bronx,Wakefield,40.90573338294231,-73.84275181570727,Entire home/apt,158,2,4,1,350,4
707728759029375318,141838603,Bronx,Wakefield,40.90139175692827,-73.83454998800158,Entire home/apt,125,3,0,2,355,0
35614269,31693073,Manhattan,Upper West Side,40.78773,-74.00694,Entire home/apt,90,4,15,1,248,2
15448095,22541573,Manhattan,Ellis Island,40.71905,-74.04078,Entire home/apt,240,30,7,131,330,0
52149739,293407375,Manhattan,Chelsea,40.74693,-74.03117,Entire home/apt,166,2,46,4,154,46
707962156385399319,12767750,Queens,Glendale,40.698046027843695,-73.89407784730206,Entire home/apt,400,8,0,2,16,0
707979409092877182,140981137,Queens,Long Island City,40.748949443582354,-73.94730969355386,Entire home/apt,377,1,0,7,343,0
708039062291360764,10478217,Brooklyn,Williamsburg,40.71132,-73.96636,Entire home/apt,280,2,0,1,21,0
29542597,222449028,Staten Island,Randall Manor,40.65664,-74.12318,Private room,61,2,43,1,143,13
708052975067214037,210811197,Queens,Glendale,40.69776,-73.89496,Entire home/apt,179,5,0,1,354,0
708074789106023436,333057838,Brooklyn,Flatbush,40.64747208265345,-73.96163558221173,Private room,62,14,0,9,334,0
708091870417659168,463462910,Manhattan,Washington Heights,40.83972,-73.93655,Private room,90,1,0,1,86,0
708132773116272900,396973673,Brooklyn,Bedford-Stuyvesant,40.68214832451892,-73.91397844741812,Private room,48,1,0,5,340,0
708135614243634114,82088787,Staten Island,Randall Manor,40.62794223229093,-74.12725011175917,Entire home/apt,132,1,0,2,359,0
708138319246032580,226714861,Manhattan,Upper West Side,40.79008561776523,-73.97522016424404,Entire home/apt,139,3,0,1,266,0
37751437,284496387,Queens,Rosedale,40.68031,-73.72114,Private room,70,1,2,1,13,0
686836673029337355,449238648,Staten Island,Randall Manor,40.65297,-74.12552,Entire home/apt,364,1,2,1,97,2
24670505,186147560,Queens,Rockaway Park,40.58399,-73.81906,Entire home/apt,138,2,57,9,319,3
54148730,438994822,Queens,Rosedale,40.67326555523941,-73.71934998196261,Entire home/apt,309,1,0,1,365,0
48317405,16446748,Queens,Rosedale,40.67478,-73.72454,Entire home/apt,182,5,13,1,166,13
53476833,77566381,Manhattan,Chelsea,40.74761,-74.03132,Entire home/apt,182,1,38,1,105,38
43449422,95459395,Manhattan,West Village,40.740677,-74.027779,Entire home/apt,378,10,1,56,358,0
52134681,103745668,Bronx,Wakefield,40.92016,-73.83099,Private room,74,1,0,1,0,0
708228246559023574,262992326,Manhattan,East Village,40.728327657859445,-73.97776374166365,Entire home/apt,134,30,0,1,67,0
708231539251592647,308015348,Brooklyn,Borough Park,40.64521202928848,-73.99287722956831,Entire home/apt,183,1,0,1,345,0
708495014350230261,2180661,Queens,Astoria,40.76495418292264,-73.92225124129806,Private room,42,2,0,1,5,0
53218016,37158166,Manhattan,West Village,40.74007,-74.03171,Entire home/apt,120,20,1,1,2,1
583399139988485750,432195450,Staten Island,Howland Hook,40.65483,-74.20312,Private room,63,1,17,2,352,17
3780827,19392827,Manhattan,Upper West Side,40.79441,-74.00079,Private room,93,2,344,3,131,64
708512747460793217,535632,Brooklyn,Bedford-Stuyvesant,40.68927292847528,-73.93286009884935,Private room,84,1,0,2,269,0
708530914653854447,345326407,Manhattan,Upper West Side,40.781978674413295,-73.97884006689122,Entire home/apt,350,6,0,1,84,0
708553815454088469,478094511,Manhattan,Gramercy,40.735266586785,-73.98089144209877,Private room,296,3,0,1,43,0
708557346779226345,276878527,Manhattan,Upper East Side,40.77267227339196,-73.95714972114781,Entire home/apt,218,30,0,25,364,0
28255165,213409602,Queens,Rosedale,40.65547,-73.71204,Private room,88,1,260,1,265,62
707936064373504579,477985294,Manhattan,Upper West Side,40.79623752950552,-74.00090083479881,Private room,54,5,0,1,226,0
21621644,157174384,Manhattan,Ellis Island,40.71877,-74.03833,Entire home/apt,200,10,25,1,0,0
51934881,34218183,Queens,Rockaway Park,40.57944,-73.83042,Entire home/apt,115,30,5,1,238,5
46879322,162908926,Manhattan,Upper West Side,40.78569,-74.00648,Private room,170,1,4,1,0,4
46038344,85724176,Manhattan,Hell's Kitchen,40.7746,-74.01519,Entire home/apt,270,3,1,2,348,1
50823352,142556072,Manhattan,Upper West Side,40.79795,-73.99613,Private room,100,2,16,1,154,12
691209395456123952,19392827,Manhattan,Upper West Side,40.79348,-74.00096,Private room,98,1,1,3,132,1
43350064,265673102,Bronx,North Riverdale,40.91708,-73.89957,Shared room,21,3,12,6,306,10
44229473,345039604,Manhattan,Upper West Side,40.8019,-73.99191,Private room,198,1,9,7,353,3
19069343,130148126,Queens,Rockaway Park,40.58038,-73.8294,Entire home/apt,165,3,202,1,343,29
8542394,11574065,Manhattan,Upper West Side,40.80826,-73.99012,Entire home/apt,130,7,124,5,149,7
28391711,195650078,Manhattan,Upper West Side,40.78426,-74.00197,Private room,78,5,18,6,300,5
23563322,18341063,Queens,Little Neck,40.78812,-73.72911,Entire home/apt,124,365,7,1,365,0
661874163888235547,20178945,Queens,Rockaway Park,40.57898941304877,-73.83755179917723,Entire home/apt,302,1,5,2,365,5
583807010023679227,44008190,Staten Island,Port Richmond,40.64722,-74.13263,Entire home/apt,2429,1,0,6,363,0
24178848,182231443,Manhattan,Hell's Kitchen,40.77377,-74.01633,Entire home/apt,269,4,2,3,270,0
687156613662836171,447003675,Staten Island,Howland Hook,40.654968769272784,-74.19543944299221,Private room,175,1,0,4,364,0
14606197,63481165,Queens,Cambria Heights,40.68572,-73.71881,Private room,31,25,25,4,338,2
546613440186904288,411142830,Queens,Queens Village,40.70758,-73.72267,Private room,79,1,9,10,342,9
22360177,163503264,Bronx,Wakefield,40.89964,-73.82992,Private room,49,2,36,3,7,36
631659466084878739,73570025,Queens,Rockaway Park,40.579929,-73.837486,Private room,167,1,10,13,365,10
19291937,135091179,Queens,Rosedale,40.66403,-73.71255,Private room,200,1,16,1,83,0
44682420,197764769,Queens,Rosedale,40.65435,-73.70924,Entire home/apt,146,1,12,1,257,6
39280388,251553467,Staten Island,Freshkills Park,40.57294,-74.22497,Private room,125,59,0,1,179,0
52950353,240855036,Staten Island,Bloomfield,40.64221,-74.21398,Entire home/apt,188,2,49,1,325,49
32167923,65664569,Queens,Rosedale,40.6556,-73.71176,Private room,125,1,240,1,356,46
9339373,7808381,Queens,Rockaway Park,40.58185,-73.83874,Entire home/apt,160,30,19,2,339,1
53867074,436188365,Queens,Cambria Heights,40.69436,-73.70907,Entire home/apt,936,1,11,2,349,11
50026613,245529003,Queens,Queens Village,40.70427,-73.71519,Entire home/apt,108,1,73,1,317,69
36803284,276632302,Queens,Rosedale,40.62363,-73.72483,Private room,75,7,6,1,363,2
30451032,69130948,Queens,Rosedale,40.64323,-73.71511,Entire home/apt,69,1,195,2,348,40
47141129,145862771,Queens,Rockaway Park,40.58522,-73.81943,Private room,30,30,2,4,66,2
18788389,130766915,Queens,Rosedale,40.67565,-73.71289,Private room,65,2,163,1,98,8
681737964201563846,12231092,Queens,Rockaway Park,40.58226621910047,-73.82091599452805,Entire home/apt,129,2,7,1,352,7
25684094,185956783,Queens,Rockaway Park,40.58518,-73.8182,Entire home/apt,318,30,53,1,156,7
28465008,152055626,Staten Island,Port Ivory,40.65152,-74.18849,Private room,55,1,202,2,17,39
32306673,242515708,Bronx,Ferry Point Park,40.81193,-73.8277,Entire home/apt,225,30,19,1,236,0
680958235332741847,106631247,Queens,Rosedale,40.64709,-73.70657,Private room,75,1,1,1,356,1
51141144,413868212,Queens,Cambria Heights,40.7025,-73.71412,Private room,120,1,18,1,363,14
27506629,140808012,Queens,Queens Village,40.70571,-73.71517,Entire home/apt,150,2,6,1,66,0
669741164235218507,167199205,Queens,Rockaway Park,40.58438942491238,-73.8189495511043,Entire home/apt,150,1,8,2,350,8
41778257,155156549,Queens,Cambria Heights,40.68943,-73.71498,Entire home/apt,91,28,21,2,337,4
676287822643784475,447003675,Staten Island,Howland Hook,40.65493163316512,-74.19545587152243,Private room,175,1,0,4,359,0
649187679044406709,9040879,Queens,Arverne,40.5949396886939,-73.78996822983027,Entire home/apt,250,1,0,3,363,0
53381931,432212494,Staten Island,Howland Hook,40.65042,-74.19295,Private room,71,1,18,2,347,18
603033154431440957,163503264,Bronx,Wakefield,40.90164,-73.82881,Entire home/apt,82,4,9,3,16,9
52638005,44008190,Staten Island,Port Richmond,40.64754,-74.13226,Entire home/apt,810,1,13,6,343,13
50396340,407118242,Staten Island,Randall Manor,40.65702,-74.12148,Private room,59,1,12,2,85,12
552093406086724848,411142830,Queens,Queens Village,40.7076,-73.72121,Private room,79,1,14,10,341,14
53344301,419640669,Queens,Queens Village,40.70712,-73.71702,Entire home/apt,221,4,4,2,360,4
555148914703362855,250959021,Queens,Rockaway Park,40.57833,-73.83647,Entire home/apt,125,1,31,1,131,31
38476243,293360136,Queens,Rosedale,40.66874,-73.71687,Private room,51,5,6,4,163,4
49142574,365932840,Queens,Rockaway Park,40.58036173655698,-73.8335491938308,Entire home/apt,170,3,1,1,350,1
51154482,266043771,Queens,Queens Village,40.70549,-73.71673,Entire home/apt,90,1,28,2,79,25
648762434985617106,464143007,Queens,Cambria Heights,40.6855,-73.70895,Entire home/apt,172,2,15,1,142,15
653720193631433897,374671565,Queens,Cambria Heights,40.69443,-73.71356,Entire home/apt,196,3,7,1,75,7
53385405,48764969,Queens,Rockaway Park,40.57984,-73.83706,Private room,60,4,4,6,342,4
634594647780626160,460874179,Staten Island,Port Ivory,40.65302,-74.18117,Entire home/apt,152,3,3,2,267,3
44032418,352918949,Queens,Far Rockaway,40.59081,-73.73558,Entire home/apt,290,30,1,1,0,1
52732343,186523371,Staten Island,Port Richmond,40.64823,-74.13919,Entire home/apt,200,5,0,1,365,0
53768169,318431662,Queens,Rockaway Park,40.58436,-73.82199,Entire home/apt,357,2,17,1,351,17
685702391454408389,473197643,Staten Island,Park Hill,40.61600933964295,-74.0753071888444,Entire home/apt,155,2,2,1,172,2
694251816497816736,52541465,Queens,Rockaway Park,40.5818319,-73.830652,Entire home/apt,231,2,4,1,359,4
49486986,82404193,Bronx,Eastchester,40.90541,-73.81467,Entire home/apt,68,7,6,1,67,2
706637614777544251,243336755,Staten Island,Howland Hook,40.65458,-74.19657,Private room,58,1,0,1,87,0
675582416839836144,333144127,Queens,Queens Village,40.706160014061645,-73.71961817429558,Private room,99,2,1,3,364,1
52856482,147191291,Queens,Rosedale,40.6697,-73.71876,Entire home/apt,117,2,23,1,87,23
633848366009071142,10910171,Queens,Rockaway Park,40.584045,-73.821449,Entire home/apt,185,28,0,4,161,0
28012140,233556,Staten Island,Port Ivory,40.65161,-74.18901,Entire home/apt,170,180,36,2,262,7
601339559349004749,347311751,Staten Island,Freshkills Park,40.571404,-74.226204,Entire home/apt,150,1,2,3,365,2
28268629,22349203,Queens,Bellerose,40.72204,-73.72277,Entire home/apt,95,1,16,1,351,16
673453402230538549,257033286,Bronx,Wakefield,40.91515589224004,-73.82647879421711,Private room,80,2,3,1,113,3
29403445,117195857,Staten Island,Randall Manor,40.65518,-74.12044,Entire home/apt,120,2,21,2,157,0
693344990232088016,474877176,Staten Island,Tottenville,40.51111485043992,-74.2610313403968,Entire home/apt,250,2,0,1,50,0
688655170808911535,392304494,Brooklyn,Gerritsen Beach,40.58820795287914,-73.9287019570457,Entire home/apt,255,1,0,1,364,0
51109729,56095060,Staten Island,Port Richmond,40.65871,-74.12993,Entire home/apt,100,8,4,2,343,3
49131069,396263767,Queens,Rockaway Park,40.58041,-73.83328,Entire home/apt,251,2,14,2,253,12
548412801235222183,125445005,Queens,Queens Village,40.70481,-73.71812,Entire home/apt,183,1,26,1,253,26
52011442,274118210,Bronx,Wakefield,40.90226,-73.82635,Entire home/apt,70,1,7,5,315,7
628332768627563845,20979616,Brooklyn,Sheepshead Bay,40.58313,-73.95174,Entire home/apt,79,20,0,1,80,0
28133282,145862771,Queens,Rockaway Park,40.58568,-73.81859,Private room,45,30,6,4,90,0
28159508,152055626,Staten Island,Port Ivory,40.65165,-74.18812,Private room,47,1,216,2,18,30
45379183,366921284,Brooklyn,Sheepshead Bay,40.58348,-73.94303,Entire home/apt,69,1,152,1,65,78
17210313,115839910,Queens,Little Neck,40.78706,-73.72983,Private room,175,1,65,2,309,38
22207034,41506737,Queens,Cambria Heights,40.69118,-73.70907,Entire home/apt,127,5,54,2,61,4
54158932,419471961,Bronx,Wakefield,40.91389,-73.82415,Private room,85,1,31,1,148,31
49850309,243905391,Bronx,Wakefield,40.9155,-73.82548,Entire home/apt,200,2,60,1,164,36
49476615,399032318,Queens,Rockaway Park,40.57816,-73.83925,Entire home/apt,220,30,6,2,328,0
680876317285634703,465905481,Staten Island,Port Ivory,40.65242647271042,-74.18659511855826,Private room,65,1,2,2,344,2
687137002572912268,110040955,Queens,Rockaway Park,40.5818319,-73.830652,Entire home/apt,337,2,4,1,355,4
27908376,8654731,Queens,Rockaway Park,40.58295,-73.81937,Entire home/apt,135,30,38,1,274,4
10512858,39760852,Bronx,Wakefield,40.91255,-73.82828,Private room,44,2,148,3,311,33
548734659965474533,411142830,Queens,Queens Village,40.70743,-73.72307,Private room,89,1,7,10,342,7
42532598,338765465,Bronx,Eastchester,40.90432,-73.81903,Entire home/apt,115,2,18,2,154,4
51303634,406928291,Staten Island,Freshkills Park,40.57507,-74.21991,Entire home/apt,160,2,8,1,339,7
640571033616208426,461736459,Queens,Far Rockaway,40.587948,-73.740524,Entire home/apt,100,1,0,1,0,0
696958008626462521,121680792,Staten Island,Randall Manor,40.6586,-74.12368,Entire home/apt,125,2,1,4,357,1
38913385,298033326,Staten Island,Tottenville,40.52339,-74.26564,Private room,500,7,3,3,358,0
53385520,48764969,Queens,Rockaway Park,40.58,-73.83735,Private room,44,5,6,6,102,6
17314650,116839989,Queens,Rosedale,40.66519,-73.70752,Entire home/apt,133,4,208,3,316,44
505043314922373150,323572176,Staten Island,Freshkills Park,40.59941,-74.17776,Entire home/apt,150,30,0,1,347,0
51434237,411142830,Queens,Floral Park,40.74685,-73.70524,Private room,89,1,37,10,277,30
50471220,308316618,Staten Island,Randall Manor,40.65406,-74.12718,Entire home/apt,116,3,6,2,242,6
639593648242269746,462003253,Queens,Rockaway Park,40.58665,-73.82148,Entire home/apt,332,2,5,1,362,5
676203434896123095,447003675,Staten Island,Howland Hook,40.65492629150632,-74.19545721262693,Private room,225,1,2,4,358,2
15106782,17943119,Queens,Little Neck,40.7692,-73.72723,Private room,125,2,102,1,46,11
38073178,265484072,Staten Island,Randall Manor,40.6602,-74.12342,Entire home/apt,75,1,22,1,3,0
24451576,169822158,Queens,Floral Park,40.72301,-73.70427,Entire home/apt,125,3,63,1,332,7
654455883108618724,465438154,Queens,Rosedale,40.68103,-73.71322,Private room,100,3,0,1,363,0
574127983900710305,131991294,Staten Island,Randall Manor,40.65749,-74.12694,Private room,56,1,8,4,355,8
548472132218696748,411142830,Queens,Queens Village,40.70741,-73.72147,Private room,89,1,6,10,341,6
627964337357911489,313616777,Staten Island,Tottenville,40.5187,-74.26952,Entire home/apt,120,1,0,1,190,0
49511693,308316618,Staten Island,Randall Manor,40.65411,-74.12767,Entire home/apt,160,3,28,2,288,28
38579742,31204745,Queens,Rockaway Park,40.58571,-73.82226,Entire home/apt,306,2,148,2,328,48
686478352836029951,466582194,Queens,Rockaway Park,40.579075141960445,-73.83802201598883,Entire home/apt,350,3,0,1,86,0
19458658,136484110,Queens,Rockaway Park,40.58011,-73.84127,Entire home/apt,109,2,120,1,75,11
643380473394825471,459383324,Staten Island,Howland Hook,40.65168,-74.19554,Shared room,59,1,9,1,363,9
53258432,303783663,Queens,Little Neck,40.77862,-73.72274,Private room,123,1,16,1,157,16
685508861220225289,28754129,Queens,Rosedale,40.62228,-73.73297,Entire home/apt,300,4,0,1,365,0
42902034,117195857,Staten Island,Randall Manor,40.65384,-74.11901,Entire home/apt,93,2,26,2,342,8
648776405221625715,76371792,Staten Island,Randall Manor,40.6559,-74.12504,Private room,65,3,6,3,235,6
634201748606492744,293360136,Queens,Rosedale,40.66952,-73.71804,Entire home/apt,113,5,1,4,334,1
15508837,97948391,Queens,Floral Park,40.74358,-73.71695,Entire home/apt,167,30,0,1,365,0
5947191,29568244,Bronx,Pelham Islands,40.89893,-73.77751,Entire home/apt,250,3,0,1,156,0
579580045338907918,115839910,Queens,Little Neck,40.78518,-73.72885,Private room,194,1,13,2,351,13
544997265956083629,76476071,Staten Island,Port Ivory,40.65627,-74.18785,Entire home/apt,203,1,45,2,328,45
670859156732886370,112932228,Queens,Rockaway Park,40.57678,-73.84372,Entire home/apt,275,2,5,2,357,5
34822061,262528929,Bronx,Throgs Neck,40.82704,-73.81291,Entire home/apt,225,30,25,2,213,0
574115760671330554,131991294,Staten Island,Port Richmond,40.65678,-74.12835,Private room,42,1,11,4,194,11
45622951,369578336,Queens,Rockaway Park,40.57946,-73.84082,Entire home/apt,550,1,9,1,364,2
53639978,434375821,Staten Island,Howland Hook,40.65181,-74.19311,Entire home/apt,170,1,32,1,180,32
38915002,298033326,Staten Island,Tottenville,40.52512,-74.26675,Private room,400,1,21,3,365,0
35466975,266842473,Bronx,Wakefield,40.91295,-73.82405,Entire home/apt,106,3,70,1,155,14
588174259487505454,396263767,Queens,Rockaway Park,40.5804,-73.83221,Entire home/apt,150,2,6,2,255,6
694092352316759932,73570025,Queens,Rockaway Park,40.57892197935273,-73.83803107982868,Private room,164,1,1,13,365,1
52318681,76476071,Staten Island,Port Ivory,40.65611,-74.18859,Entire home/apt,140,1,72,2,12,72
50137990,39052925,Queens,Rosedale,40.66605,-73.7133,Entire home/apt,200,4,21,1,99,10
640719983989790011,112932228,Queens,Rockaway Park,40.57612,-73.84313,Entire home/apt,191,2,14,2,343,14
609482448293792704,20178945,Queens,Rockaway Park,40.57879,-73.83734,Entire home/apt,299,1,9,2,330,9
21838071,17209646,Staten Island,Port Richmond,40.65826,-74.1326,Entire home/apt,191,4,45,1,348,16
638933917705215614,296413571,Staten Island,Randall Manor,40.64601693375988,-74.1285485147016,Entire home/apt,120,2,3,1,338,3
555707309259935853,39760852,Bronx,Wakefield,40.91348,-73.8289,Private room,54,2,25,3,343,25
50491187,407900480,Queens,Bellerose,40.7089,-73.70637,Entire home/apt,100,5,3,1,16,3
585324645519548584,44008190,Staten Island,Port Richmond,40.648197,-74.132957,Entire home/apt,412,1,11,6,110,11
547951361238607441,411142830,Queens,Queens Village,40.70772,-73.72146,Private room,79,1,8,10,341,8
40038911,44045569,Queens,Rosedale,40.62252,-73.7254,Private room,75,1,1,2,156,1
33574976,246224359,Staten Island,Park Hill,40.61067,-74.08897,Entire home/apt,72,1,62,1,105,7
12085977,64777265,Queens,Rockaway Park,40.5807,-73.84105,Entire home/apt,225,31,102,8,364,1
598729172519132883,437277482,Queens,Floral Park,40.72989,-73.70713,Entire home/apt,208,1,8,1,70,8
46708552,1019229,Queens,Far Rockaway,40.58793,-73.74044,Entire home/apt,700,30,4,1,251,1
579132906503848307,28058186,Queens,Rockaway Park,40.5824,-73.8173,Entire home/apt,390,2,15,1,358,15
51362659,293360136,Queens,Rosedale,40.66861,-73.71642,Entire home/apt,111,7,7,4,364,5
44088750,285601684,Bronx,Eastchester,40.90918,-73.81888,Entire home/apt,120,2,47,4,359,29
3398957,17145159,Queens,Far Rockaway,40.5914,-73.7352,Entire home/apt,480,30,0,2,358,0
45378405,285601684,Bronx,Eastchester,40.90782,-73.82016,Entire home/apt,145,2,82,4,332,35
20417586,74830306,Queens,Far Rockaway,40.59204,-73.7394,Entire home/apt,172,30,27,1,96,3
48630666,392303634,Bronx,Wakefield,40.9019,-73.82939,Entire home/apt,250,1,3,1,365,0
646459704981208486,139914662,Queens,Rockaway Park,40.5809134,-73.83020119999999,Entire home/apt,483,2,11,1,78,11
42972941,48764969,Queens,Rockaway Park,40.5796,-73.83702,Private room,65,5,14,6,341,2
25327201,84085820,Queens,Broad Channel,40.60636,-73.82214,Entire home/apt,244,3,59,2,105,30
574123150610393496,131991294,Staten Island,Randall Manor,40.65614,-74.12736,Private room,46,1,6,4,326,6
28911848,191085997,Bronx,Pelham Bay Park,40.85592,-73.82846,Entire home/apt,195,2,17,3,276,1
38219448,285601684,Bronx,Eastchester,40.90933,-73.81877,Entire home/apt,121,2,168,4,158,49
654288949954471947,66109501,Queens,Rockaway Park,40.57769867600502,-73.83638316977928,Entire home/apt,200,2,0,1,363,0
49682794,391869442,Queens,Rockaway Park,40.57556,-73.84322,Entire home/apt,325,3,25,1,163,16
12089061,64777265,Queens,Rockaway Park,40.58003,-73.84265,Entire home/apt,175,30,105,8,251,1
649861600246483122,73570025,Queens,Rockaway Park,40.57944,-73.83667,Private room,164,1,13,13,354,13
573985371793542869,131991294,Staten Island,Randall Manor,40.65628,-74.12681,Private room,56,1,7,4,339,7
679244396870932815,25881033,Staten Island,Randall Manor,40.65277,-74.12292,Entire home/apt,225,2,3,1,350,3
644881976140390148,107904228,Queens,Floral Park,40.73269,-73.69006,Entire home/apt,120,365,0,1,365,0
690769346932779755,90190163,Manhattan,Morningside Heights,40.82088,-73.97959,Entire home/apt,139,2,3,1,309,3
611516371430204061,79148122,Queens,Rosedale,40.65929,-73.71443,Entire home/apt,139,3,17,1,340,17
53758675,128600363,Queens,Cambria Heights,40.696,-73.70761,Entire home/apt,108,1,72,1,350,72
52836629,427782587,Queens,Cambria Heights,40.70184,-73.71426,Entire home/apt,93,2,30,1,320,30
36165680,270269608,Staten Island,Randall Manor,40.65766,-74.12676,Entire home/apt,130,2,88,2,78,37
53782895,112185728,Staten Island,Randall Manor,40.66018,-74.11693,Entire home/apt,188,3,20,1,336,20
32279525,153515154,Queens,Rosedale,40.66468,-73.70998,Private room,60,2,40,2,169,20
676251333473084675,447003675,Staten Island,Howland Hook,40.65494104407135,-74.19545721262693,Private room,90,1,0,4,361,0
49892429,26377263,Queens,Floral Park,40.75276,-73.71102,Private room,41,6,0,53,225,0
51930569,44008190,Staten Island,Port Richmond,40.64923,-74.13376,Entire home/apt,806,1,4,6,106,4
32726388,153515154,Queens,Rosedale,40.66485,-73.7104,Private room,59,2,80,2,349,22
38914340,298033326,Staten Island,Tottenville,40.52371,-74.26519,Private room,300,1,0,3,365,0
13172045,69201607,Queens,Cambria Heights,40.70152,-73.71882,Private room,106,3,6,1,363,0
31012976,231494178,Queens,Floral Park,40.71405,-73.707,Private room,80,1,41,1,16,18
31071117,21702094,Bronx,Pelham Bay Park,40.90066,-73.78551,Private room,84,2,74,1,238,25
47142587,145862771,Queens,Rockaway Park,40.58357,-73.81865,Private room,45,30,1,4,364,1
34287048,10910171,Queens,Rockaway Park,40.58384,-73.82031,Entire home/apt,211,30,37,4,364,3
22277517,233556,Staten Island,Port Ivory,40.65328,-74.18692,Entire home/apt,126,180,33,2,214,2
42276413,155156549,Queens,Cambria Heights,40.69112,-73.71515,Entire home/apt,185,28,27,2,363,2
27103548,202848712,Bronx,Wakefield,40.91361,-73.82626,Entire home/apt,120,3,2,1,45,0
588659974410653480,450391924,Brooklyn,Gerritsen Beach,40.58791,-73.92735,Entire home/apt,259,1,32,1,264,32
13859230,23876177,Bronx,Pelham Bay Park,40.89867,-73.78328,Private room,85,2,9,1,249,2
38747888,50303420,Queens,Rockaway Park,40.5803,-73.83015,Entire home/apt,214,1,60,1,221,24
552083731032768042,411142830,Queens,Queens Village,40.70715,-73.72141,Private room,74,1,11,10,339,11
45955474,208486438,Staten Island,Freshkills Park,40.57905,-74.22127,Private room,95,1,0,1,179,0
22087812,161352782,Staten Island,Park Hill,40.61391,-74.08557,Entire home/apt,85,2,258,1,316,49
51800351,419640669,Queens,Queens Village,40.70614,-73.71727,Entire home/apt,129,4,10,2,364,10
50313098,406205778,Queens,Rosedale,40.65646,-73.71422,Entire home/apt,90,1,1,1,36,0
655743376638752562,187158822,Queens,Rockaway Park,40.58360709999999,-73.8213562,Entire home/apt,250,1,22,1,358,22
50396348,407118242,Staten Island,Randall Manor,40.6554,-74.12136,Private room,60,1,2,2,66,2
552084467773314220,411142830,Queens,Queens Village,40.7072,-73.72153,Private room,89,1,2,10,341,2
681336703392367901,73570025,Queens,Rockaway Park,40.58103,-73.83815,Private room,157,1,3,13,361,3
655270661866328591,306337340,Queens,Rosedale,40.64958856634979,-73.72330414865502,Entire home/apt,308,2,5,1,363,5
665147516079869739,332997604,Queens,Far Rockaway,40.58958236073706,-73.74033425137769,Entire home/apt,219,30,0,1,341,0
646273219536201475,432212494,Staten Island,Howland Hook,40.6496467,-74.1924006,Private room,63,1,14,2,363,14
43898153,340848483,Queens,Rockaway Park,40.58505,-73.81985,Entire home/apt,196,2,64,1,140,30
3760368,19254462,Queens,Rosedale,40.62828,-73.73278,Entire home/apt,99,3,60,1,326,17
46090013,333144127,Queens,Queens Village,40.70767,-73.71817,Private room,78,2,40,3,365,14
44665659,145071429,Queens,Rockaway Park,40.5839,-73.82094,Entire home/apt,179,2,35,2,80,11
43946467,351896009,Bronx,Wakefield,40.90333,-73.82595,Entire home/apt,116,3,125,1,159,50
38837374,274118210,Bronx,Wakefield,40.90315,-73.82765,Private room,59,1,0,5,341,0
25947972,195034008,Queens,Rockaway Park,40.58291,-73.82159,Entire home/apt,304,31,144,3,347,29
46981421,145071429,Queens,Rockaway Park,40.58483,-73.82318,Entire home/apt,250,2,43,2,92,20
695731857066617898,165332104,Staten Island,Randall Manor,40.66475,-74.11033,Entire home/apt,190,3,0,1,365,0
49562570,163503264,Bronx,Wakefield,40.90154,-73.82929,Private room,62,3,14,3,45,14
34596686,39760852,Bronx,Wakefield,40.91209,-73.82724,Private room,61,2,98,3,333,36
49268020,59827833,Queens,Rockaway Park,40.57659,-73.84091,Entire home/apt,239,5,21,1,264,10
689378724905496133,168006241,Staten Island,Randall Manor,40.65629,-74.12489,Private room,52,1,4,1,324,4
14389357,35582977,Staten Island,Park Hill,40.60944,-74.0869,Private room,40,25,55,1,364,11
600143372106266592,449245014,Bronx,Eastchester,40.90221,-73.78719,Entire home/apt,232,1,29,1,256,29
41338445,266043771,Queens,Queens Village,40.70661,-73.71704,Entire home/apt,102,1,63,2,75,55
708595171553201003,474070041,Staten Island,Port Ivory,40.65925,-74.19556,Entire home/apt,160,1,0,2,354,0
43248608,84085820,Queens,Broad Channel,40.60635,-73.82217,Entire home/apt,264,3,27,2,109,17
16532951,858290,Queens,Rosedale,40.65095,-73.7186,Entire home/apt,120,7,5,1,36,0
51325292,10547203,Queens,Far Rockaway,40.58816,-73.71889,Entire home/apt,750,30,0,1,365,0
6490581,17145159,Queens,Far Rockaway,40.59035,-73.73381,Entire home/apt,995,30,1,2,311,0
646582042674273384,207215454,Queens,Cambria Heights,40.70047824949416,-73.71826329135058,Entire home/apt,114,1,11,1,334,11
4965145,22654119,Staten Island,Howland Hook,40.64987,-74.19937,Private room,69,3,62,4,358,11
2380028,7808381,Queens,Rockaway Park,40.58122,-73.84046,Entire home/apt,220,30,31,2,273,0
6389968,22654119,Staten Island,Howland Hook,40.64999,-74.19748,Private room,69,4,45,4,280,6
2698984,13811875,Queens,Whitestone,40.79855,-73.81451,Entire home/apt,364,30,7,1,362,0
21486645,788662,Queens,Rockaway Park,40.58141,-73.83317,Entire home/apt,524,3,219,1,244,46
50854419,411142830,Queens,Floral Park,40.74791,-73.70522,Entire home/apt,89,1,50,10,336,36
51918445,256244407,Queens,Rockaway Beach,40.58983,-73.81574,Entire home/apt,248,2,50,1,342,49
34785595,75364400,Queens,Rockaway Park,40.57794,-73.84333,Entire home/apt,336,3,32,1,179,7
52729101,293360136,Queens,Rosedale,40.6699,-73.71773,Entire home/apt,131,7,2,4,365,2
648755401503295283,76371792,Staten Island,Randall Manor,40.65638,-74.12548,Private room,52,3,10,3,236,10
36254789,105620188,Queens,Rockaway Park,40.5779,-73.84377,Entire home/apt,250,30,6,1,365,0
668996175970417058,4356775,Queens,Rockaway Park,40.58476523090189,-73.81884346264259,Private room,61,15,0,1,356,0
50822633,409952022,Staten Island,Freshkills Park,40.57606,-74.22185,Entire home/apt,131,1,55,1,199,54
53403619,48764969,Queens,Rockaway Park,40.57974940805163,-73.83872297449109,Private room,100,1,0,6,364,0
50010528,210033041,Bronx,Wakefield,40.91939,-73.86892,Private room,65,3,14,3,339,7
49275172,133806538,Bronx,North Riverdale,40.92535,-73.89525,Private room,60,2,21,6,232,17
53222077,230720704,Bronx,Van Cortlandt Park,40.91366,-73.89404,Private room,69,1,7,6,86,7
49196105,375211361,Bronx,Van Cortlandt Park,40.9102,-73.87338,Entire home/apt,161,2,48,1,330,24
566167904723304675,262528929,Bronx,Throgs Neck,40.82620936467787,-73.81353173148756,Entire home/apt,225,30,0,2,342,0
39690593,56095060,Staten Island,Port Richmond,40.65831,-74.13121,Entire home/apt,113,8,31,2,202,12
559462762441078596,444512676,Queens,Rosedale,40.65505,-73.71854,Entire home/apt,250,1,22,1,300,22
602773070221515933,453787846,Staten Island,Howland Hook,40.648869,-74.196075,Entire home/apt,139,2,14,1,335,14
582386454306553135,38757148,Bronx,Eastchester,40.90723,-73.815132,Entire home/apt,129,1,15,1,85,15
6390291,22654119,Staten Island,Howland Hook,40.65065,-74.19884,Entire home/apt,220,2,12,4,358,1
690770280525096664,240907115,Queens,Queens Village,40.7064688,-73.7072147,Entire home/apt,95,3,0,3,249,0
51361004,44008190,Staten Island,Port Richmond,40.64936,-74.13218,Entire home/apt,304,1,44,6,115,39
48677627,46215845,Queens,Floral Park,40.71554,-73.69973,Entire home/apt,127,1,1,1,354,1
16301430,78173885,Staten Island,Park Hill,40.6096,-74.08824,Private room,100,1,76,1,178,1
12089606,64777265,Queens,Rockaway Park,40.58029,-73.84113,Entire home/apt,145,30,124,8,216,2
54341209,104125942,Bronx,North Riverdale,40.91778376012678,-73.89934045582828,Entire home/apt,95,1,12,1,338,12
27484189,20225226,Bronx,Van Cortlandt Park,40.91668,-73.88457,Entire home/apt,85,5,57,1,163,4
45532589,137402504,Bronx,Van Cortlandt Park,40.90688,-73.88112,Entire home/apt,169,2,86,1,156,33
50705575,409749581,Queens,Cambria Heights,40.68527,-73.71941,Entire home/apt,145,2,21,1,261,16
32888904,90437843,Staten Island,Port Ivory,40.65475,-74.18624,Entire home/apt,180,1,81,2,353,34
38290027,291066137,Bronx,Van Cortlandt Park,40.91776,-73.86909,Entire home/apt,89,3,81,3,81,36
20860210,149724032,Bronx,North Riverdale,40.91846,-73.89766,Entire home/apt,83,6,84,3,140,27
30060416,133806538,Bronx,North Riverdale,40.92542,-73.89379,Entire home/apt,120,2,26,6,351,17
673915924419362689,293515379,Queens,Queens Village,40.70828640878216,-73.71917879724457,Entire home/apt,191,2,2,1,179,2
35932623,270269608,Staten Island,Randall Manor,40.6583,-74.12674,Entire home/apt,86,1,202,2,162,70
11767412,55338628,Queens,Cambria Heights,40.69101,-73.71941,Private room,60,2,89,2,360,9
696995870132419056,272111933,Queens,Rosedale,40.679728747080105,-73.722081531659,Private room,50,1,1,1,169,1
685713359697504275,73570025,Queens,Rockaway Park,40.58051263432585,-73.83668753339757,Private room,200,1,2,13,365,2
17778366,10910171,Queens,Rockaway Park,40.5843,-73.8188,Entire home/apt,120,1,327,4,173,72
28369442,164736218,Queens,Floral Park,40.75113,-73.70426,Private room,60,2,47,1,139,7
703436817920522591,218821641,Staten Island,Randall Manor,40.6532,-74.12285,Entire home/apt,144,2,0,1,362,0
654060188620884927,435731502,Queens,Rosedale,40.65368,-73.72008,Private room,57,1,11,3,354,11
678865543861496958,460874179,Staten Island,Port Ivory,40.65329,-74.18147,Entire home/apt,120,4,1,2,365,1
18006860,123778595,Queens,Cambria Heights,40.6942,-73.72613,Private room,120,2,369,1,352,26
21322208,152177080,Queens,LaGuardia Airport,40.77077489577666,-73.87977114379477,Private room,45,30,146,1,341,0
53794295,435731502,Queens,Rosedale,40.65369,-73.71997,Private room,68,1,20,3,365,20
44197187,291066137,Bronx,Van Cortlandt Park,40.92119,-73.87123,Entire home/apt,105,3,60,3,81,31
53827357,285601684,Bronx,Eastchester,40.90969,-73.81967,Entire home/apt,120,2,18,4,361,18
546634092097991825,411142830,Queens,Queens Village,40.7058,-73.72111,Private room,79,1,4,10,342,4
653735740609020819,64777265,Queens,Rockaway Park,40.585545509972576,-73.81891448690612,Entire home/apt,179,30,0,8,72,0
44700010,167199205,Queens,Rockaway Park,40.58389,-73.81757,Entire home/apt,300,1,136,2,338,64
6390209,22654119,Staten Island,Howland Hook,40.64975,-74.19772,Private room,250,3,9,4,365,0
1886820,9815788,Bronx,City Island,40.84012,-73.78116,Entire home/apt,300,30,0,1,358,0
611474131288511493,455664100,Staten Island,Park Hill,40.612469,-74.085388,Entire home/apt,178,2,17,1,351,17
44647753,69130948,Queens,Rosedale,40.64166,-73.71541,Entire home/apt,90,1,88,2,349,42
690453909562569151,73570025,Queens,Rockaway Park,40.5799296,-73.837486,Private room,200,1,1,13,365,1
50491633,44008190,Staten Island,Port Richmond,40.64817,-74.13295,Entire home/apt,298,1,61,6,110,47
681342002629530306,73570025,Queens,Rockaway Park,40.5799296,-73.837486,Private room,164,1,3,13,361,3
42973517,48764969,Queens,Rockaway Park,40.57997,-73.83831,Private room,100,5,14,6,341,3
704555992893805629,425217020,Bronx,Eastchester,40.9108237,-73.81897769999999,Entire home/apt,130,2,0,1,4,0
598444886319763678,110391292,Brooklyn,Sheepshead Bay,40.58792,-73.92982,Entire home/apt,244,1,0,1,341,0
24669266,186147560,Queens,Rockaway Park,40.58373,-73.82032,Entire home/apt,184,2,60,9,320,6
25605433,72176211,Bronx,North Riverdale,40.91878,-73.90411,Entire home/apt,115,2,35,1,350,7
51554213,417646003,Queens,Rosedale,40.65277,-73.72306,Entire home/apt,190,3,0,1,357,0
557228300112285399,432195450,Staten Island,Howland Hook,40.65488,-74.20363,Private room,61,1,33,2,348,33
26367531,197777130,Queens,Cambria Heights,40.69249050506231,-73.71928604123639,Entire home/apt,180,1,2,1,362,2
34467685,90437843,Staten Island,Port Ivory,40.65529,-74.18547,Entire home/apt,120,1,47,2,360,21
51541261,73570025,Queens,Rockaway Park,40.58083,-73.83706,Private room,164,1,27,13,362,23
53706137,6820254,Bronx,Van Cortlandt Park,40.91259,-73.88033,Entire home/apt,395,2,10,1,294,10
669539527043951868,421503935,Bronx,Van Cortlandt Park,40.91689,-73.87313,Entire home/apt,214,1,6,1,313,6
606684090310663235,425304584,Bronx,Van Cortlandt Park,40.9119179850096,-73.8888290342334,Entire home/apt,151,1,15,1,355,15
694765961552601333,204311072,Queens,Rosedale,40.67376278060232,-73.72241847217083,Entire home/apt,150,1,1,1,346,1
19681744,133806538,Bronx,North Riverdale,40.92444,-73.89373,Private room,60,2,85,6,209,19
16749885,103135056,Queens,Rosedale,40.6787,-73.71914,Private room,50,7,10,2,342,3
29383763,64777265,Queens,Rockaway Park,40.58408,-73.81871,Entire home/apt,155,30,11,8,361,2
24670100,186147560,Queens,Rockaway Park,40.58599,-73.81887,Entire home/apt,229,2,78,9,320,8
26040515,48573945,Queens,Rockaway Park,40.58515,-73.81838,Entire home/apt,352,2,109,1,350,23
17539452,3686701,Bronx,North Riverdale,40.91985,-73.90643,Private room,51,8,35,2,94,4
17156054,3686701,Bronx,North Riverdale,40.92018,-73.90961,Private room,58,15,36,2,235,1
8835781,44045569,Queens,Rosedale,40.67818,-73.72347,Private room,68,7,28,2,362,1
51449753,121680792,Bronx,Van Cortlandt Park,40.91333,-73.88729,Entire home/apt,306,2,24,4,344,21
16435760,107768603,Bronx,North Riverdale,40.92027,-73.90266,Entire home/apt,285,3,66,1,288,18
611106,3030024,Bronx,Van Cortlandt Park,40.91904,-73.88789,Entire home/apt,150,5,3,1,213,1
9134840,25126382,Queens,Rockaway Park,40.58668,-73.81945,Entire home/apt,593,2,239,1,176,25
30247008,64777265,Queens,Rockaway Park,40.5859,-73.81846,Entire home/apt,155,31,0,8,364,0
50733106,20040427,Bronx,North Riverdale,40.925,-73.89706,Private room,75,3,1,3,365,1
29273356,41506737,Queens,Cambria Heights,40.69514,-73.72068,Entire home/apt,75,1,245,2,345,90
705742450947893109,467026948,Manhattan,Upper West Side,40.79026,-74.00326,Private room,78,1,1,5,356,1
43441920,195436761,Brooklyn,Marine Park,40.61786,-73.93405,Private room,125,30,33,2,333,2
664329716489822008,450510949,Queens,Rockaway Park,40.584962,-73.82331599999999,Entire home/apt,650,1,4,1,360,4
45651707,350354884,Brooklyn,Williamsburg,40.70988,-73.96978,Entire home/apt,134,30,1,1,224,1
12805275,69788101,Bronx,Van Cortlandt Park,40.9078,-73.87359,Entire home/apt,79,3,128,1,320,20
54291668,230720704,Bronx,Van Cortlandt Park,40.91112,-73.89359,Private room,49,1,7,6,79,7
51992819,210033041,Bronx,Van Cortlandt Park,40.91805,-73.87102,Private room,66,3,13,3,74,13
54109697,230720704,Bronx,Van Cortlandt Park,40.91435,-73.89394,Entire home/apt,81,1,17,6,62,17
43349627,265673102,Bronx,North Riverdale,40.91697,-73.90125,Shared room,19,4,4,6,160,0
39482469,15907918,Bronx,Van Cortlandt Park,40.91158,-73.88214,Shared room,24,3,7,1,68,2
52757040,343405281,Bronx,Wakefield,40.92164,-73.8678,Shared room,775,1,0,2,365,0
42643669,265673102,Bronx,North Riverdale,40.91802,-73.90125,Shared room,18,5,15,6,190,5
43803633,265673102,Bronx,North Riverdale,40.91696,-73.89926,Shared room,21,3,19,6,328,8
43805682,265673102,Bronx,North Riverdale,40.91685,-73.90136,Shared room,22,1,16,6,341,9
593476263472232915,276878527,Manhattan,Upper West Side,40.80279,-73.99182,Entire home/apt,184,30,0,25,365,0
709434938972929634,14382128,Bronx,Van Cortlandt Park,40.911306774697366,-73.87900382669554,Entire home/apt,106,1,0,1,12,0
576706211878378932,41004227,Bronx,Van Cortlandt Park,40.92862,-73.88666,Entire home/apt,77,1,24,2,326,24
33117486,249297875,Bronx,Van Cortlandt Park,40.89866,-73.875,Entire home/apt,179,2,65,1,84,20
618259171493149853,41004227,Bronx,Van Cortlandt Park,40.92881,-73.88502,Entire home/apt,160,1,12,2,91,12
37044939,100042156,Bronx,Van Cortlandt Park,40.91288,-73.87579,Entire home/apt,425,4,45,1,253,24
23169714,168265343,Manhattan,Upper West Side,40.79449,-74.00391,Entire home/apt,125,1,446,2,38,73
47496359,87043778,Manhattan,Upper West Side,40.7967,-74.00259,Entire home/apt,120,5,15,1,298,14
52571218,425507095,Bronx,North Riverdale,40.92389,-73.90521,Entire home/apt,280,1,35,1,173,35
24668379,186147560,Queens,Rockaway Park,40.58397,-73.81904,Entire home/apt,175,2,59,9,305,4
24654047,186147560,Queens,Rockaway Park,40.58593,-73.82036,Entire home/apt,184,2,103,9,320,9
24670748,186147560,Queens,Rockaway Park,40.58404,-73.82053,Entire home/apt,138,2,70,9,319,4
26062650,64777265,Queens,Rockaway Park,40.58377,-73.81722,Entire home/apt,125,30,2,8,363,0
49814585,39553567,Staten Island,Randall Manor,40.66162,-74.12017,Entire home/apt,175,1,61,5,0,39
4919875,11574065,Manhattan,Upper West Side,40.79505,-73.9964,Entire home/apt,181,2,245,5,80,65
17788472,47632379,Manhattan,Upper West Side,40.7977,-73.99957,Entire home/apt,92,3,83,1,157,22
21740178,44274213,Manhattan,Upper West Side,40.78985,-74.00372,Entire home/apt,80,30,86,3,113,4
47118318,377535063,Brooklyn,Marine Park,40.60652,-73.93075,Entire home/apt,282,2,40,1,333,26
16084672,92615005,Queens,Rockaway Park,40.58563,-73.82251,Entire home/apt,1000,2,197,1,108,21
36132705,210132774,Brooklyn,Marine Park,40.60973,-73.92804,Entire home/apt,185,1,156,1,359,38
21068282,8145767,Brooklyn,Marine Park,40.60861,-73.93226,Entire home/apt,86,2,120,1,273,40
38414511,124259915,Bronx,Van Cortlandt Park,40.92349,-73.88474,Entire home/apt,84,4,61,1,268,30
42478213,291066137,Bronx,Van Cortlandt Park,40.91825,-73.87069,Private room,81,3,11,3,84,7
694171479935113108,1269605,Bronx,Van Cortlandt Park,40.9170522,-73.8843151,Entire home/apt,103,3,0,1,57,0
698658093748636955,476114932,Queens,Cambria Heights,40.69229711876781,-73.72311486829459,Entire home/apt,264,3,0,1,358,0
24327740,133806538,Bronx,North Riverdale,40.92391,-73.89416,Private room,60,2,53,6,232,18
20602950,66799362,Manhattan,Upper West Side,40.79532,-73.99897,Entire home/apt,85,1,129,2,190,1
15485974,99434787,Manhattan,Upper West Side,40.78969,-74.00678,Entire home/apt,86,2,303,5,264,51
39341409,302181479,Brooklyn,Marine Park,40.6187,-73.93365,Entire home/apt,138,2,133,1,353,53
44338339,345039604,Manhattan,Upper West Side,40.80306,-73.99345,Private room,198,1,2,7,361,1
41940678,95188800,Manhattan,Upper West Side,40.78982,-74.00428,Private room,65,1,2,1,64,0
610037827747873773,455342457,Queens,Cambria Heights,40.684662,-73.724594,Entire home/apt,195,1,6,2,362,6
21826908,133806538,Bronx,North Riverdale,40.92526,-73.89417,Private room,60,2,36,6,209,10
42911791,265673102,Bronx,North Riverdale,40.91714,-73.90136,Private room,29,5,5,6,264,5
50733472,20040427,Bronx,North Riverdale,40.92515,-73.89672,Private room,95,3,0,3,364,0
52078462,421664266,Staten Island,Howland Hook,40.65664,-74.20124,Entire home/apt,85,7,8,2,355,8
27722713,209282907,Manhattan,Upper West Side,40.80881,-73.99049,Private room,85,2,20,1,149,1
44261577,281410258,Staten Island,Park Hill,40.61489,-74.08491,Entire home/apt,214,1,85,1,77,39
628475654442099853,455342457,Queens,Cambria Heights,40.68361813393726,-73.72362668111619,Private room,195,1,0,2,364,0
44353381,345039604,Manhattan,Upper West Side,40.80242,-73.99382,Private room,198,1,12,7,361,7
6804398,11574065,Manhattan,Upper West Side,40.79644,-73.99703,Entire home/apt,202,2,244,5,103,43
35192110,264995957,Manhattan,Upper West Side,40.79116,-74.00262,Private room,300,2,1,1,89,0
53942506,436973268,Bronx,North Riverdale,40.92042,-73.90513,Entire home/apt,121,1,56,1,283,56
635339174270186544,461048473,Bronx,North Riverdale,40.919632,-73.906242,Entire home/apt,135,1,32,1,268,32
675923049715913988,470749506,Queens,Queens Village,40.70483098486972,-73.72274879980431,Entire home/apt,90,3,2,1,326,2
692785413989819364,439146354,Manhattan,Ellis Island,40.71125,-74.05823,Private room,87,1,2,4,38,2
27405327,26768604,Manhattan,West Village,40.73837,-74.03224,Private room,180,30,0,1,365,0
709306631198243678,14059611,Bronx,North Riverdale,40.91783282372842,-73.90462482096407,Entire home/apt,140,30,0,1,86,0
15889061,83065989,Manhattan,Upper West Side,40.7942,-74.00504,Entire home/apt,105,30,74,1,246,0
50512745,44188509,Manhattan,Upper West Side,40.79473,-73.99945,Entire home/apt,159,80,0,1,90,0
600921563916594039,451340504,Bronx,North Riverdale,40.92834,-73.90468,Entire home/apt,200,1,9,1,362,9
654071432978304785,435731502,Queens,Rosedale,40.654291272389536,-73.72076265452334,Private room,67,1,5,3,365,5
42037683,333144127,Queens,Queens Village,40.70539,-73.71913,Private room,71,2,63,3,362,19
605637677764675856,63481165,Queens,Cambria Heights,40.68513,-73.71987,Private room,40,1,2,4,349,2
49371438,5854085,Bronx,Van Cortlandt Park,40.92087,-73.88796,Private room,80,2,6,1,357,5
53941623,436678012,Bronx,Van Cortlandt Park,40.91133,-73.89137,Private room,130,1,0,1,281,0
4547041,11574065,Manhattan,Upper West Side,40.79558,-73.99574,Entire home/apt,199,2,291,5,82,64
20394500,1522615,Manhattan,Upper West Side,40.79142,-74.00193,Entire home/apt,152,2,154,2,0,11
564766295703536729,445613357,Queens,Rosedale,40.67527,-73.72163,Entire home/apt,220,1,19,4,87,19
675401800609066085,328787977,Queens,East Elmhurst,40.76185170875172,-73.85712967086499,Entire home/apt,2400,1,0,1,365,0
333453,601071,Bronx,Van Cortlandt Park,40.90644,-73.88096,Private room,85,3,0,2,362,0
50421591,407057335,Bronx,Van Cortlandt Park,40.90797,-73.86769,Private room,125,1,12,3,363,10
37399041,135247413,Queens,Cambria Heights,40.69994,-73.72401,Private room,80,1,37,1,85,11
40842797,103366940,Manhattan,Upper West Side,40.78891,-74.00817,Private room,80,3,10,3,341,6
20394921,145419322,Bronx,Van Cortlandt Park,40.91457,-73.89004,Private room,60,1,2,1,275,1
34787483,221739176,Queens,Flushing Meadows Corona Park,40.72649,-73.83072,Private room,50,30,8,1,63,0
575271528051991119,305346996,Bronx,Van Cortlandt Park,40.92744,-73.88442,Private room,132,1,0,1,365,0
583502384454522699,445613357,Queens,Rosedale,40.67319,-73.72141,Entire home/apt,176,1,3,4,357,3
34681618,42497139,Bronx,North Riverdale,40.91897,-73.89805,Private room,55,1,4,1,357,0
618291751820267549,149724032,Bronx,North Riverdale,40.92024,-73.89889,Private room,57,6,5,3,85,5
583514511009127580,445613357,Queens,Rosedale,40.67314,-73.72194,Entire home/apt,166,1,2,4,82,2
32744011,601071,Bronx,Van Cortlandt Park,40.90711,-73.88208,Private room,60,3,4,2,178,2
5498089,28516075,Queens,Rockaway Park,40.58281,-73.82016,Entire home/apt,150,30,16,1,249,0
10751119,55338628,Queens,Cambria Heights,40.69139,-73.71988,Private room,50,2,100,2,249,12
43421098,63481165,Queens,Cambria Heights,40.68676,-73.71924,Private room,34,25,5,4,160,5
27553956,44274213,Manhattan,Upper West Side,40.78995,-74.00414,Entire home/apt,110,30,62,3,119,0
690829948897185666,2343138,Manhattan,Upper West Side,40.80781,-73.99227,Entire home/apt,144,7,0,1,63,0
43727928,347045023,Queens,Flushing Meadows Corona Park,40.74942,-73.85123,Private room,79,1,71,2,351,40
31360977,234814134,Queens,Cambria Heights,40.70141,-73.72491,Entire home/apt,75,20,56,1,313,7
24631966,186147560,Queens,Rockaway Park,40.58597,-73.81867,Entire home/apt,311,2,58,9,319,10
24669654,186147560,Queens,Rockaway Park,40.58565,-73.82026,Entire home/apt,299,2,39,9,319,3
38984848,210033041,Bronx,Van Cortlandt Park,40.91884,-73.86903,Private room,66,3,15,3,82,6
24667843,186147560,Queens,Rockaway Park,40.58364,-73.81827,Entire home/apt,175,2,76,9,320,12
35520721,26543881,Queens,Rockaway Park,40.58451,-73.81857,Entire home/apt,289,3,24,1,325,19
26023459,103135056,Queens,Rosedale,40.67861,-73.72122,Private room,55,7,11,2,340,3
600168888761944061,452038521,Queens,Rosedale,40.68091,-73.72136,Entire home/apt,211,1,14,1,360,14
571919172166289094,445613357,Queens,Rosedale,40.67309,-73.72057,Entire home/apt,130,2,10,4,88,10
51728400,255425701,Queens,Cambria Heights,40.70059,-73.72028,Entire home/apt,186,2,24,1,155,22
48298564,309612914,Queens,LaGuardia Airport,40.7691,-73.86294,Entire home/apt,188,5,0,7,65,0
682610268740129214,174576712,Queens,Rosedale,40.6578454541701,-73.71946110133649,Entire home/apt,303,1,2,1,358,2
17097410,44274213,Manhattan,Upper West Side,40.78997,-74.00417,Entire home/apt,130,30,108,3,60,3
48234030,276878527,Manhattan,Upper West Side,40.80458,-73.99024,Entire home/apt,190,30,5,25,191,2
34255812,18405982,Queens,Forest Park,40.6913,-73.86988,Private room,59,7,13,2,145,11
640537718157896102,264240981,Queens,Forest Park,40.68365951742955,-73.88617781593625,Private room,89,5,2,3,357,2
43774981,347045023,Queens,Flushing Meadows Corona Park,40.75046,-73.85073,Private room,133,2,48,2,332,29
51086705,413361453,Brooklyn,Marine Park,40.61129,-73.92771,Entire home/apt,195,2,43,1,77,34
35062200,221620198,Brooklyn,Marine Park,40.60645,-73.93215,Entire home/apt,89,2,141,1,81,47
54102865,230720704,Bronx,Van Cortlandt Park,40.91301,-73.89502,Private room,49,1,13,6,174,13
655602561201558107,465689627,Queens,Rosedale,40.67042851405818,-73.72089342685811,Entire home/apt,172,7,2,1,360,2
52325341,421664266,Staten Island,Howland Hook,40.65652,-74.20145,Entire home/apt,140,4,36,2,320,36
54205466,438429294,Manhattan,Upper West Side,40.7917,-74.00691,Entire home/apt,95,4,26,1,195,26
17431527,117927766,Bronx,North Riverdale,40.92279,-73.9032,Private room,50,7,37,1,257,1
50733621,20040427,Bronx,North Riverdale,40.92573,-73.89652,Private room,70,3,2,3,190,2
566654499036128710,149724032,Bronx,North Riverdale,40.91866,-73.89767,Private room,46,6,6,3,72,6
52107468,421879888,Queens,Rosedale,40.67144,-73.71975,Entire home/apt,147,2,55,1,194,55
36041215,230720704,Bronx,Van Cortlandt Park,40.9131,-73.89518,Private room,69,1,42,6,80,18
24776196,187326900,Queens,Flushing Meadows Corona Park,40.71885,-73.83392,Private room,77,30,0,2,346,0
679913225908007419,38399624,Bronx,Wakefield,40.90902,-73.86108810000002,Private room,45,1,5,1,43,5
654959068907408980,121680792,Manhattan,Upper West Side,40.79725,-74.00237,Entire home/apt,377,2,6,4,273,6
53320929,34878735,Manhattan,Upper West Side,40.79717,-73.99955,Entire home/apt,171,2,25,1,220,25
25071526,133806538,Bronx,North Riverdale,40.92623,-73.89532,Private room,60,2,52,6,262,18
41437570,157800076,Manhattan,Upper West Side,40.79911,-74.00136,Private room,56,1,31,1,263,31
704610101267844712,467026948,Manhattan,Upper West Side,40.79019,-74.00446,Private room,82,1,2,5,353,2
697270803429988997,38909234,Manhattan,Upper West Side,40.79631,-73.99954,Private room,72,1,2,4,343,2
50678248,1727916,Queens,Flushing Meadows Corona Park,40.72573,-73.83802,Entire home/apt,139,2,90,1,53,73
558715043094835295,269499114,Brooklyn,Marine Park,40.61373,-73.94308,Entire home/apt,449,1,0,1,365,0
54276808,347311751,Manhattan,SoHo,40.73054,-74.03117,Entire home/apt,313,1,3,3,300,3
35939253,168265343,Manhattan,Upper West Side,40.7948,-74.00403,Entire home/apt,141,1,360,2,43,88
47115748,113061733,Brooklyn,Marine Park,40.6183,-73.93394,Entire home/apt,80,30,1,1,313,1
41558667,88333068,Manhattan,Upper West Side,40.79707,-74.00207,Entire home/apt,132,2,44,1,67,38
51838482,419927935,Manhattan,Upper West Side,40.79028,-74.00492,Private room,65,3,9,2,67,9
13574462,12165851,Manhattan,Upper West Side,40.80656,-73.98788,Entire home/apt,175,4,1,1,321,1
698745875763130883,94944757,Manhattan,Upper West Side,40.80139,-73.997,Entire home/apt,130,7,0,1,330,0
26028786,195436761,Brooklyn,Marine Park,40.618,-73.9342,Entire home/apt,85,30,99,2,337,1
38818769,296760087,Brooklyn,Marine Park,40.61745,-73.9377,Entire home/apt,150,7,22,1,249,0
50878075,72404821,Manhattan,Upper West Side,40.79703,-73.99866,Entire home/apt,107,2,25,1,300,24
675646683790764799,21977427,Queens,Forest Park,40.69321028832255,-73.89764357769104,Private room,85,1,4,1,351,4
22808643,6808720,Manhattan,Upper West Side,40.79524,-74.00069,Entire home/apt,99,4,75,1,290,22
694792427393443937,72586738,Manhattan,Upper West Side,40.79548,-74.00017,Entire home/apt,139,2,1,1,345,1
30264146,2317074,Manhattan,Upper West Side,40.79539,-74.00105,Entire home/apt,98,3,68,1,84,33
586444610078368949,10149317,Queens,Forest Park,40.71006,-73.83431,Private room,65,7,0,12,346,0
41599500,314453085,Bronx,Wakefield,40.92187,-73.85529,Private room,84,1,127,1,177,66
31515748,236152661,Manhattan,Upper West Side,40.79694,-74.00062,Entire home/apt,85,30,5,1,152,2
47354942,74782658,Queens,Forest Park,40.69964,-73.88603,Private room,90,2,18,1,348,13
656003294942898394,452311163,Manhattan,Hell's Kitchen,40.780993,-74.0133402,Entire home/apt,150,3,9,2,123,9
16430087,38909234,Manhattan,Upper West Side,40.79606,-73.99892,Entire home/apt,78,1,307,4,297,68
31123953,232610338,Manhattan,Upper West Side,40.80643,-73.99021,Entire home/apt,171,1,92,1,177,17
674604373370644518,459759891,Manhattan,Upper West Side,40.80864,-73.9904,Entire home/apt,199,2,1,1,81,1
53708539,347311751,Manhattan,SoHo,40.7303,-74.02939,Entire home/apt,301,1,2,3,115,2
1100927,6047967,Manhattan,Hell's Kitchen,40.77866,-74.01107,Entire home/apt,150,7,230,2,208,12
13313429,5600603,Manhattan,Upper West Side,40.78503,-74.0064,Entire home/apt,86,2,284,3,58,51
40927056,21919288,Manhattan,Hell's Kitchen,40.78038,-74.01257,Private room,191,2,1,2,341,0
599303551762764813,444071872,Manhattan,Upper West Side,40.81217,-73.99066,Private room,69,14,0,1,66,0
641293528389314770,36176179,Manhattan,Upper West Side,40.79535,-74.00177,Private room,68,2,5,2,72,5
12086457,64778905,Queens,Forest Park,40.70261,-73.8699,Private room,83,3,5,1,252,5
660052824471750177,241842499,Manhattan,Upper West Side,40.81079,-73.98659,Private room,90,1,8,1,259,8
705773403116178864,467026948,Manhattan,Upper West Side,40.79024,-74.00478,Private room,69,1,1,5,355,1
16418513,38909234,Manhattan,Upper West Side,40.79606,-73.99892,Private room,116,1,148,4,356,1
51822695,179248657,Manhattan,Upper West Side,40.79618,-74.00223,Entire home/apt,135,5,11,1,268,11
31960036,131640702,Manhattan,Upper West Side,40.78902,-74.00696,Entire home/apt,82,1,193,1,247,69
571855926500457935,276878527,Manhattan,Upper West Side,40.80455,-73.99037,Entire home/apt,198,30,1,25,326,1
12365238,66799362,Manhattan,Upper West Side,40.79571,-74.00031,Entire home/apt,96,1,253,2,265,33
668641839420194453,85535054,Bronx,Wakefield,40.9144675074426,-73.85601863265038,Private room,94,1,5,2,362,5
52684550,23912557,Manhattan,Upper West Side,40.78973,-74.00177,Private room,67,2,17,1,241,17
618224818091381240,454437,Manhattan,Upper West Side,40.79509,-73.99954,Private room,83,2,14,1,270,14
44338163,345039604,Manhattan,Upper West Side,40.80227,-73.99206,Private room,198,1,75,7,358,38
43325749,345039604,Manhattan,Upper West Side,40.80342,-73.99242,Private room,198,1,32,7,175,6
9423294,48764969,Queens,Forest Park,40.68173,-73.90234,Private room,35,5,37,6,235,8
44337953,345039604,Manhattan,Upper West Side,40.80253,-73.99353,Private room,198,1,9,7,361,2
44262610,345039604,Manhattan,Upper West Side,40.80237,-73.99353,Private room,198,1,41,7,360,17
646874401236735001,24797870,Manhattan,Upper West Side,40.79761,-73.99837,Entire home/apt,143,2,9,1,125,9
19348993,38909234,Manhattan,Upper West Side,40.79771,-74.00217,Private room,42,1,221,4,189,68
694393387204750956,230720704,Bronx,North Riverdale,40.9157429468221,-73.8958083732078,Entire home/apt,129,1,0,6,84,0
670506048953901538,431065104,Manhattan,Upper West Side,40.79496,-74.00069,Entire home/apt,95,2,5,1,104,5
603754186248776517,454006477,Manhattan,Hell's Kitchen,40.77638,-74.01438,Entire home/apt,130,10,3,1,312,3
28719937,21578379,Manhattan,Upper West Side,40.79619,-73.99479,Entire home/apt,340,18,28,1,273,2
487816,2413714,Queens,Forest Park,40.6914,-73.90186,Private room,125,2,126,3,341,26
45991111,104189978,Manhattan,Upper West Side,40.80358,-73.99472,Entire home/apt,575,14,0,1,353,0
619008502630740912,457355097,Manhattan,Upper West Side,40.79555,-74.00114,Entire home/apt,121,3,16,1,252,16
46008084,14201269,Manhattan,Upper West Side,40.78976,-74.0055,Entire home/apt,357,5,75,3,96,43
704466414301090543,170269763,Bronx,Wakefield,40.9047883842135,-73.84319012392264,Private room,48,6,0,2,356,0
35117224,6458691,Manhattan,Upper West Side,40.7827,-74.01098,Entire home/apt,108,3,166,1,83,57
14613005,4988231,Bronx,Van Cortlandt Park,40.91137,-73.89414,Entire home/apt,195,1,231,1,21,19
24451742,182231443,Manhattan,Hell's Kitchen,40.77233,-74.01465,Private room,99,3,37,3,359,7
35992172,278827,Manhattan,Upper West Side,40.79021,-74.00776,Entire home/apt,89,60,9,2,260,2
650642889797951524,392601866,Brooklyn,Marine Park,40.61553215852471,-73.94186884247084,Entire home/apt,244,1,6,1,342,6
689094978344313892,227146816,Manhattan,Hell's Kitchen,40.77426,-74.01297,Private room,138,5,0,1,339,0
41193074,207442207,Manhattan,Upper West Side,40.78687,-74.00552,Entire home/apt,109,21,5,4,293,3
52954440,259645305,Bronx,Wakefield,40.90112,-73.83689,Private room,180,1,3,1,365,3
45990448,14201269,Manhattan,Upper West Side,40.78972,-74.00675,Entire home/apt,371,5,81,3,85,41
47476797,383239969,Brooklyn,Marine Park,40.61426,-73.94168,Entire home/apt,120,30,1,1,88,1
52619880,418154899,Manhattan,Upper West Side,40.79091,-74.00301,Entire home/apt,175,2,11,1,352,11
53809480,435866997,Brooklyn,Marine Park,40.61933,-73.9354,Entire home/apt,112,3,7,1,130,7
37603866,218115487,Manhattan,Upper West Side,40.78601,-74.01101,Private room,71,1,101,2,335,34
38576505,294323127,Brooklyn,Marine Park,40.61327,-73.94296,Entire home/apt,575,1,31,1,263,14
603056125685315315,439316942,Manhattan,Upper West Side,40.79195,-74.00244,Entire home/apt,138,7,1,1,78,1
700831063052321669,331233210,Manhattan,Upper West Side,40.79176,-74.00527,Entire home/apt,123,1,0,1,331,0
605242653201762398,36665302,Bronx,Wakefield,40.92417,-73.85975,Entire home/apt,92,5,6,1,305,6
7542471,4922668,Manhattan,Hell's Kitchen,40.77616,-74.01414,Entire home/apt,125,1,421,2,237,80
24140755,1522615,Manhattan,Upper West Side,40.79141,-74.00194,Entire home/apt,340,3,143,2,0,5
52314494,276878527,Manhattan,Upper West Side,40.80654,-73.99099,Entire home/apt,205,30,2,25,355,2
8971230,46870931,Manhattan,Upper West Side,40.78445,-74.00933,Private room,60,30,12,2,365,0
46584237,14201269,Manhattan,Upper West Side,40.79041,-74.00559,Entire home/apt,218,5,55,3,89,40
33344540,247874810,Brooklyn,Marine Park,40.61729,-73.94049,Entire home/apt,169,4,25,1,177,7
565528305930300891,126000907,Manhattan,Upper West Side,40.788696,-74.003067,Entire home/apt,127,1,5,1,327,5
603606802752845271,419927935,Manhattan,Upper West Side,40.78836,-74.00349,Private room,54,3,7,2,287,7
46180434,366557107,Queens,Forest Park,40.68428,-73.89389,Entire home/apt,119,5,12,3,346,8
3824445,5185448,Manhattan,Upper West Side,40.79037,-74.00827,Entire home/apt,90,1,175,1,337,27
582047367861607289,7171650,Manhattan,Upper West Side,40.79073,-74.0034,Entire home/apt,149,1,22,2,239,22
618684266575682977,7171650,Manhattan,Upper West Side,40.79002,-74.00336,Entire home/apt,88,1,14,2,290,14
671220,3401676,Manhattan,Upper West Side,40.79383,-74.00218,Entire home/apt,185,7,161,2,152,16
8541879,11574065,Manhattan,Upper West Side,40.80844,-73.99097,Entire home/apt,141,7,107,5,240,9
595600619955010173,143804836,Bronx,Wakefield,40.91425,-73.86055,Entire home/apt,95,2,12,1,64,12
694135814854038304,357111756,Bronx,Wakefield,40.92582,-73.8634,Entire home/apt,299,2,2,1,358,2
52940299,373812476,Bronx,Wakefield,40.91138,-73.84933,Entire home/apt,1700,1,0,3,365,0
3311335,9954965,Manhattan,Washington Heights,40.84614,-73.96606,Entire home/apt,73,4,102,1,344,16
701488850527742825,439146354,Manhattan,Ellis Island,40.71113,-74.05724,Private room,92,5,0,4,66,0
23289899,24800764,Manhattan,Upper West Side,40.78749,-74.00621,Private room,75,1,10,1,37,7
768065,7755904,Manhattan,Hell's Kitchen,40.7719,-74.01475,Private room,109,3,50,5,355,3
705824213897171511,439146354,Manhattan,Ellis Island,40.71246,-74.05729,Private room,92,2,0,4,38,0
54103386,66067674,Manhattan,Upper West Side,40.78734,-74.00425,Entire home/apt,105,30,7,2,280,7
572295403645382179,441370098,Manhattan,Battery Park City,40.71514,-74.03307,Entire home/apt,299,1,64,2,98,64
612210126098905190,203993498,Manhattan,Hell's Kitchen,40.779305,-74.014519,Entire home/apt,130,2,4,1,62,4
18179401,125423784,Manhattan,Upper West Side,40.78741,-74.00494,Private room,114,2,115,1,10,10
4536360,2478400,Manhattan,Upper West Side,40.78815,-74.00446,Entire home/apt,106,21,39,1,245,7
38490123,195650078,Manhattan,Upper West Side,40.78653,-74.00129,Private room,79,5,11,6,179,5
667457970911688229,143400845,Manhattan,Washington Heights,40.8576646,-73.96396399999999,Entire home/apt,90,1,2,1,218,2
604593722490998074,10236340,Manhattan,Upper West Side,40.7876,-74.00258,Private room,53,28,0,3,364,0
40053620,103366940,Manhattan,Upper West Side,40.7872,-74.0077,Private room,75,2,32,3,152,17
22371271,32446721,Queens,Flushing Meadows Corona Park,40.75006,-73.84668,Shared room,55,1,15,9,357,1
568961531712856185,445848279,Manhattan,Upper West Side,40.78687,-74.00679,Private room,78,3,2,1,74,2
1646738,8738849,Manhattan,Upper West Side,40.78611,-74.00533,Entire home/apt,107,10,4,1,29,1
1016141,264626,Manhattan,Upper West Side,40.78242,-74.00229,Entire home/apt,160,5,155,5,327,10
629524386542715862,450824312,Manhattan,Hell's Kitchen,40.78119,-74.01151,Entire home/apt,276,4,18,2,231,18
52557672,373812476,Bronx,Wakefield,40.9116,-73.84917,Entire home/apt,590,1,11,3,365,11
13957235,5600603,Manhattan,Upper West Side,40.78685,-74.00571,Entire home/apt,95,2,305,3,81,51
42562679,50236391,Manhattan,Upper West Side,40.78844,-74.00594,Entire home/apt,101,1,43,1,268,32
53064103,278847051,Bronx,Wakefield,40.91561,-73.83803,Private room,53,5,9,3,342,9
48234130,276878527,Manhattan,Upper West Side,40.80455,-73.9902,Entire home/apt,190,30,0,25,365,0
2847118,14560861,Manhattan,Hell's Kitchen,40.78043,-74.01034,Private room,85,2,103,1,1,0
53889049,207442207,Manhattan,Upper West Side,40.78515,-74.00505,Entire home/apt,199,21,5,4,292,5
633253200555882999,56482581,Manhattan,Hell's Kitchen,40.77395,-74.01329,Entire home/apt,302,3,2,1,351,2
49962110,119822745,Bronx,Wakefield,40.91971,-73.83466,Entire home/apt,171,2,2,2,162,2
50642928,278827,Manhattan,Upper West Side,40.78875,-74.00632,Entire home/apt,97,60,2,2,166,1
27511172,207442207,Manhattan,Upper West Side,40.78665,-74.00682,Entire home/apt,163,21,42,4,259,7
629947971333369488,448158648,Bronx,Wakefield,40.90715,-73.8442,Private room,50,3,5,3,355,5
48861059,393390332,Manhattan,Upper West Side,40.78665,-74.00443,Entire home/apt,363,2,52,5,357,27
660224438653396226,158565955,Manhattan,Upper West Side,40.78639,-74.00431,Entire home/apt,115,7,1,1,318,1
35001842,263695167,Bronx,Wakefield,40.89737,-73.8367,Private room,90,1,0,1,363,0
32889276,48106054,Manhattan,Upper West Side,40.78909,-74.00424,Entire home/apt,100,180,0,1,180,0
2489350,12741121,Manhattan,Hell's Kitchen,40.78067,-74.01394,Entire home/apt,75,30,15,1,119,0
7859250,36265155,Manhattan,Ellis Island,40.71184,-74.05739,Entire home/apt,125,7,374,1,52,20
600592688247963302,453188546,Manhattan,Washington Heights,40.84628,-73.96657,Private room,160,5,1,1,180,1
1950171,264626,Manhattan,Upper West Side,40.78903,-74.00833,Entire home/apt,125,5,89,5,344,0
638921146413785435,461841396,Bronx,Wakefield,40.9136001,-73.83358989999999,Entire home/apt,125,90,0,1,365,0
34333317,3115141,Manhattan,Upper West Side,40.78784,-74.00256,Entire home/apt,94,3,25,1,48,8
51197074,130122334,Manhattan,Upper West Side,40.79526,-73.99803,Entire home/apt,200,3,1,1,170,1
16533079,5600603,Manhattan,Upper West Side,40.78676,-74.00655,Entire home/apt,75,2,252,3,84,33
53149106,278847051,Bronx,Wakefield,40.91553,-73.83694,Private room,54,5,2,3,219,2
631769113499853590,105947311,Manhattan,Hell's Kitchen,40.77873,-74.01243,Entire home/apt,250,2,0,1,22,0
633588694947359796,460638990,Bronx,Wakefield,40.918312,-73.841003,Entire home/apt,103,1,20,1,176,20
7824142,41194808,Manhattan,Hell's Kitchen,40.78757,-74.01087,Entire home/apt,109,6,96,1,30,13
546608408690744134,59927668,Bronx,Wakefield,40.91901397705078,-73.85539245605469,Entire home/apt,100,2,8,1,253,8
29547328,10718367,Manhattan,Morningside Heights,40.81652,-73.98182,Entire home/apt,600,2,6,1,364,0
47401535,54778890,Bronx,Wakefield,40.92341,-73.84593,Private room,90,1,21,1,356,15
3592755,4436607,Manhattan,West Village,40.73198,-74.03243,Entire home/apt,166,90,1,1,271,1
3405180,7651648,Manhattan,Hell's Kitchen,40.77284,-74.01442,Entire home/apt,171,2,325,1,189,54
15578971,7201134,Manhattan,Hell's Kitchen,40.77008,-74.01446,Entire home/apt,85,2,207,1,275,41
680452,3401676,Manhattan,Upper West Side,40.79211,-74.00029,Entire home/apt,152,6,95,2,74,0
8866576,22480766,Bronx,Wakefield,40.90754,-73.84588,Entire home/apt,66,1,236,1,330,25
53588149,257010579,Bronx,Wakefield,40.92425,-73.8395,Private room,79,2,6,1,83,6
603595248533767659,278847051,Bronx,Wakefield,40.92311,-73.83953,Entire home/apt,70,5,2,3,281,2
654415937251720671,235791242,Bronx,Wakefield,40.92093,-73.85926,Entire home/apt,119,2,7,1,335,7
671850595768725127,439146354,Manhattan,Ellis Island,40.71142,-74.05861,Entire home/apt,160,1,4,4,35,4
43285930,557918,Manhattan,Upper West Side,40.79642,-74.00287,Entire home/apt,255,3,12,2,160,9
42696045,220211886,Bronx,Wakefield,40.9136,-73.86145,Private room,70,1,43,2,364,37
49469558,195259836,Manhattan,Upper West Side,40.79248,-74.00578,Entire home/apt,273,2,27,1,183,21
18265017,16205056,Manhattan,Upper West Side,40.78802,-74.0033,Entire home/apt,220,5,95,1,285,22
677469052633781386,31921946,Manhattan,Battery Park City,40.70705,-74.01858,Entire home/apt,175,28,0,1,192,0
45175206,364835547,Bronx,Wakefield,40.91248,-73.84885,Private room,90,7,6,1,365,1
16111812,105049322,Queens,Flushing Meadows Corona Park,40.74905,-73.85185,Entire home/apt,125,30,16,1,221,0
639196517717215000,452311163,Manhattan,Hell's Kitchen,40.780994,-74.013344,Entire home/apt,177,3,10,2,149,10
629859617787461824,448158648,Bronx,Wakefield,40.907688,-73.843376,Private room,55,3,2,3,358,2
50526696,408237173,Manhattan,Upper West Side,40.78408,-74.01174,Entire home/apt,85,3,24,1,14,24
608817978697316418,272335228,Manhattan,Upper West Side,40.78434,-74.01226,Entire home/apt,101,2,19,1,146,19
650147361227129377,464471144,Manhattan,Upper West Side,40.78741,-74.00278,Entire home/apt,137,2,9,1,120,9
32865933,3318307,Manhattan,Upper West Side,40.782166,-74.005821,Entire home/apt,225,4,1,1,310,1
38132518,220211886,Bronx,Wakefield,40.91468,-73.86161,Private room,55,1,110,2,57,48
633208153834836201,460534600,Bronx,Wakefield,40.922596,-73.833939,Private room,121,1,2,1,365,2
561003223321597632,16798055,Manhattan,Upper West Side,40.78711,-74.00391,Entire home/apt,73,1,17,1,258,17
679265604748572472,85535054,Bronx,Wakefield,40.91353374610427,-73.85473542026084,Private room,88,1,4,2,347,4
681762217118119789,557918,Manhattan,Upper West Side,40.79586,-74.00274,Entire home/apt,554,3,1,2,64,1
27437145,99434787,Manhattan,Upper West Side,40.78968,-74.00805,Entire home/apt,2500,30,68,5,90,0
637980813802691551,408945121,Manhattan,Upper West Side,40.78248,-74.00637,Entire home/apt,178,1,16,1,144,16
39036817,236103981,Bronx,Wakefield,40.91759,-73.83503,Private room,55,1,1,1,249,0
33171049,99434787,Manhattan,Upper West Side,40.78775,-74.00637,Entire home/apt,82,2,216,5,259,73
27264779,195650078,Manhattan,Upper West Side,40.79169,-73.99982,Entire home/apt,180,5,24,6,235,4
10810819,9213861,Manhattan,Upper West Side,40.79447,-73.9995,Entire home/apt,169,30,0,1,105,0
28709508,195650078,Manhattan,Upper West Side,40.79118,-74.00179,Entire home/apt,244,3,26,6,337,0
687192445568679907,473551156,Manhattan,Upper West Side,40.78838,-74.00423,Entire home/apt,160,2,4,1,4,4
647900578104273479,276878527,Manhattan,Upper West Side,40.80831,-73.99052,Entire home/apt,218,30,0,25,365,0
584109851790746442,374576747,Bronx,Bronx Park,40.84528,-73.87756,Entire home/apt,313,1,6,11,363,6
53951687,437044845,Bronx,Bronx Park,40.85675,-73.8693,Entire home/apt,101,1,15,1,252,15
13357245,35697937,Manhattan,Upper West Side,40.78255,-74.01063,Entire home/apt,129,3,174,3,212,24
705561770701194855,393390332,Manhattan,Upper West Side,40.78654,-74.00063,Entire home/apt,127,3,0,5,352,0
646206388676476086,463543584,Bronx,Wakefield,40.92464,-73.83856,Private room,80,1,4,1,361,4
10769589,264626,Manhattan,Upper West Side,40.78562,-74.00529,Entire home/apt,152,5,34,5,218,0
576420487183958982,448158648,Bronx,Wakefield,40.90801,-73.84445,Private room,120,3,2,3,310,2
47769395,274285325,Manhattan,Morningside Heights,40.81604,-73.98154,Entire home/apt,165,60,0,1,365,0
577753472598273709,448511324,Queens,Forest Park,40.68113,-73.89666,Entire home/apt,75,90,0,1,296,0
34652950,261435874,Manhattan,Upper West Side,40.7889,-74.00305,Entire home/apt,120,3,76,1,76,27
7789763,40108557,Manhattan,Upper West Side,40.7828,-74.01124,Entire home/apt,170,2,246,1,218,39
53553826,109671307,Bronx,Bronx Park,40.87031,-73.8752,Private room,121,1,17,6,25,17
36951145,109671307,Bronx,Bronx Park,40.87094,-73.8754,Private room,95,1,29,6,90,10
54197800,439429159,Bronx,Bronx Park,40.85286,-73.88072,Entire home/apt,125,1,3,1,347,3
15497051,97573524,Manhattan,Hell's Kitchen,40.77313,-74.01457,Private room,123,3,10,3,343,3
52325095,170269763,Bronx,Wakefield,40.90496976536279,-73.84294937311492,Private room,60,1,2,2,83,2
19800271,100676612,Manhattan,Upper West Side,40.78651,-74.00978,Entire home/apt,172,2,103,1,9,34
41435165,207442207,Manhattan,Upper West Side,40.78587,-74.00488,Entire home/apt,89,30,5,4,247,3
39369579,39517,Manhattan,Hell's Kitchen,40.78276,-74.01385,Entire home/apt,225,5,83,1,2,42
42900520,6047967,Manhattan,Hell's Kitchen,40.78078,-74.01279,Entire home/apt,165,7,4,2,201,3
40670934,315533625,Manhattan,Upper West Side,40.7873,-74.0044,Private room,40,2,23,1,260,14
47818363,380019112,Manhattan,Hell's Kitchen,40.78216,-74.01198,Private room,80,7,2,1,270,2
7489950,39227126,Manhattan,Hell's Kitchen,40.78187,-74.01258,Private room,60,7,85,1,136,14
32487299,28783279,Manhattan,SoHo,40.73095,-74.03127,Private room,2499,1,7,2,180,0
34478598,260209224,Queens,Flushing Meadows Corona Park,40.75063,-73.84779,Entire home/apt,91,3,48,3,295,18
715270,3684360,Bronx,Bronx Park,40.85826,-73.87262,Private room,39,2,200,4,249,0
51447243,416672244,Bronx,Crotona Park,40.83502,-73.89789,Entire home/apt,119,1,13,1,167,13
669379134490668578,48972986,Manhattan,Upper West Side,40.78913,-74.00464,Private room,71,1,9,1,254,9
30227942,2156741,Queens,Flushing Meadows Corona Park,40.73599,-73.84452,Entire home/apt,141,4,178,2,11,48
708678513149940380,195650078,Manhattan,Upper West Side,40.78415,-74.00458,Private room,72,10,0,6,340,0
683798428960038005,415859188,Manhattan,Upper West Side,40.7857843,-74.0057975,Private room,75,2,3,3,337,3
16740942,21919288,Manhattan,Hell's Kitchen,40.78093,-74.01396,Private room,84,4,27,2,313,15
755528,3684360,Bronx,Bronx Park,40.85796,-73.87134,Entire home/apt,49,1,351,4,286,60
48923493,394621051,Bronx,Crotona Park,40.83869,-73.89074,Entire home/apt,89,3,44,1,281,30
596312264399200868,407479321,Bronx,Bronx Park,40.8555,-73.88053,Entire home/apt,266,1,15,11,352,15
684226839296928501,472282971,Bronx,Wakefield,40.90288937279697,-73.8352730441372,Entire home/apt,200,1,4,2,350,4
49760858,103366940,Manhattan,Upper West Side,40.7871,-74.00829,Entire home/apt,110,20,3,3,73,0
22523394,3511077,Manhattan,Upper West Side,40.78405,-74.00485,Entire home/apt,250,10,0,1,249,0
53130214,341126684,Manhattan,Upper West Side,40.78576,-74.00469,Entire home/apt,115,4,14,2,345,14
53344408,67808360,Bronx,Wakefield,40.90626,-73.83904,Entire home/apt,157,2,7,2,148,7
50409326,183160134,Bronx,Wakefield,40.90831,-73.83164,Entire home/apt,778,1,1,1,365,1
1759050,1443142,Bronx,Wakefield,40.91127,-73.83203,Entire home/apt,66,2,20,1,97,3
30156497,226553125,Manhattan,Upper West Side,40.78574,-74.00876,Shared room,100,1,3,1,85,0
52935296,373812476,Bronx,Wakefield,40.91199,-73.84908,Entire home/apt,1800,1,0,3,365,0
37606694,218115487,Manhattan,Upper West Side,40.78792,-74.01025,Private room,77,1,114,2,350,41
15958841,778293,Brooklyn,Green-Wood Cemetery,40.65617,-73.99767,Entire home/apt,95,5,134,1,103,25
19036325,123262422,Manhattan,West Village,40.74113,-74.02951,Private room,105,1,44,1,43,5
53317600,67808360,Bronx,Wakefield,40.90601,-73.84061,Entire home/apt,151,2,32,2,124,32
1846370,9645460,Manhattan,Hell's Kitchen,40.78151,-74.01261,Entire home/apt,195,1,119,3,269,0
590712912483186619,266627618,Bronx,Wakefield,40.90769,-73.84185,Entire home/apt,299,4,11,6,339,11
652802334751182189,266627618,Bronx,Wakefield,40.90944728076936,-73.84182597014343,Entire home/apt,229,3,5,6,342,5
48863227,393390332,Manhattan,Upper West Side,40.78729,-74.00466,Entire home/apt,322,2,14,5,365,7
574629282755543461,264770360,Bronx,Wakefield,40.9079,-73.83132,Shared room,50,1,0,1,9,0
613682217254711366,456148261,Bronx,Wakefield,40.91518,-73.83431,Entire home/apt,200,2,14,1,349,14
43386772,266627618,Bronx,Wakefield,40.90923,-73.84349,Entire home/apt,268,4,17,6,342,17
14082314,84653955,Bronx,Wakefield,40.91617,-73.85149,Entire home/apt,400,2,75,1,286,18
33805517,73613966,Manhattan,Chelsea,40.74889,-74.02973,Entire home/apt,150,12,7,1,68,4
7144168,37412692,Manhattan,Ellis Island,40.71909,-74.0387,Entire home/apt,116,365,6,7,365,0
30203168,4920221,Manhattan,Ellis Island,40.71575,-74.03899,Entire home/apt,189,365,3,2,365,0
10492376,37412692,Manhattan,Ellis Island,40.71927,-74.03998,Entire home/apt,130,365,3,7,365,0
52666655,40620424,Manhattan,Ellis Island,40.71751,-74.04729,Entire home/apt,246,7,6,1,347,6
433914,1906804,Brooklyn,East New York,40.65408,-73.87903,Entire home/apt,92,30,62,1,365,3
26395314,198483375,Manhattan,Ellis Island,40.71553,-74.03825,Private room,79,1,169,3,126,54
26395486,198483375,Manhattan,Ellis Island,40.71484,-74.03743,Private room,76,1,144,3,100,29
40452853,56746332,Bronx,Edenwald,40.89485,-73.8323,Entire home/apt,100,3,21,1,66,7
704205175164974023,35697937,Manhattan,Upper West Side,40.78362,-74.01188,Private room,110,3,1,3,70,1
686458756050477711,415859188,Manhattan,Upper West Side,40.78537,-74.00664,Private room,72,1,1,3,341,1
563787810340977365,240594389,Queens,Forest Park,40.69211,-73.89527,Entire home/apt,119,30,0,3,257,0
8968938,46870931,Manhattan,Upper West Side,40.78242,-74.00958,Private room,67,30,4,2,365,0
45609412,369442791,Queens,Forest Park,40.70442,-73.854,Entire home/apt,190,30,5,1,125,2
635510184152674522,461099623,Manhattan,Upper West Side,40.78941,-74.00048,Private room,95,4,2,1,320,2
50939000,341126684,Manhattan,Upper West Side,40.78503,-74.00488,Entire home/apt,204,4,26,2,339,24
23258724,15194406,Brooklyn,Green-Wood Cemetery,40.65536,-73.99884,Entire home/apt,89,30,134,1,125,2
53392787,66067674,Manhattan,Upper West Side,40.78865,-74.0043,Entire home/apt,332,5,15,2,300,15
663626158274407993,109486481,Bronx,Wakefield,40.9255571,-73.85111839999999,Entire home/apt,269,3,4,2,337,4
49911832,402491575,Bronx,Wakefield,40.92051,-73.84707,Entire home/apt,120,2,50,1,61,36
4339112,9645460,Manhattan,Hell's Kitchen,40.77979,-74.01267,Entire home/apt,195,2,83,3,282,11
52074108,26389481,Manhattan,Ellis Island,40.71929,-74.04788,Private room,125,3,23,1,308,23
30592230,13264918,Manhattan,Ellis Island,40.71486,-74.04081,Private room,85,1,145,1,149,57
7535715,37412692,Manhattan,Ellis Island,40.71935,-74.03956,Entire home/apt,143,365,13,7,365,0
21753229,55599663,Manhattan,Ellis Island,40.71917,-74.04725,Private room,52,29,17,2,234,5
11524072,22158859,Manhattan,Upper West Side,40.78745,-74.00296,Entire home/apt,99,180,0,1,365,0
21866654,3078482,Manhattan,Upper West Side,40.78811,-74.00309,Entire home/apt,175,2,119,1,329,36
21190955,9645460,Manhattan,Hell's Kitchen,40.7813,-74.01142,Entire home/apt,195,2,50,3,263,18
773041,3684360,Bronx,Bronx Park,40.85838,-73.87206,Private room,38,30,215,4,248,1
683493167397673677,472282971,Bronx,Wakefield,40.90259549556075,-73.83536361242734,Entire home/apt,250,1,3,2,351,3
40733335,109486481,Bronx,Wakefield,40.92534,-73.85121,Entire home/apt,260,2,79,2,279,30
11938401,9839609,Manhattan,Upper West Side,40.78849,-74.00307,Entire home/apt,130,30,0,1,164,0
569525908444417597,401928600,Bronx,Wakefield,40.92095,-73.85622,Entire home/apt,150,5,10,1,353,10
15023563,94838460,Bronx,Wakefield,40.92002,-73.83919,Entire home/apt,95,5,74,1,177,7
30121693,195650078,Manhattan,Hell's Kitchen,40.77958,-74.00843,Entire home/apt,635,2,59,6,201,27
51454887,47855945,Bronx,Wakefield,40.91134,-73.86026,Entire home/apt,200,4,6,1,287,6
48790585,393390332,Manhattan,Upper West Side,40.78824,-74.00303,Entire home/apt,373,2,19,5,337,10
25521700,99434787,Manhattan,Upper West Side,40.78855,-74.00782,Entire home/apt,1850,30,101,5,90,0
49760182,255176490,Manhattan,Chelsea,40.75855,-74.02502,Entire home/apt,235,2,38,1,64,27
702033153276551971,110835680,Manhattan,Upper West Side,40.78802,-74.00455,Entire home/apt,265,1,0,1,353,0
692096939593715904,121680792,Bronx,Wakefield,40.91276300093348,-73.8462478935066,Entire home/apt,137,30,0,4,360,0
670408741094837128,6839036,Bronx,Wakefield,40.91492,-73.83668,Entire home/apt,90,1,2,1,361,2
19530285,41178022,Manhattan,Battery Park City,40.71696,-74.03673,Private room,65,29,127,1,84,2
54104214,6487132,Manhattan,Ellis Island,40.71884,-74.04875,Entire home/apt,199,3,14,1,135,14
50678845,40498670,Manhattan,Chelsea,40.75126,-74.02418,Entire home/apt,167,3,44,1,242,37
44119000,109671307,Bronx,Bronx Park,40.87006,-73.87511,Private room,89,1,4,6,77,4
48805572,22541573,Manhattan,Ellis Island,40.71865642997888,-74.04084307531217,Entire home/apt,260,30,0,131,332,0
15718486,90132869,Manhattan,Chelsea,40.75392,-74.02691,Entire home/apt,110,2,317,1,58,60
54190766,213321039,Manhattan,Chelsea,40.75219,-74.02572,Entire home/apt,95,1,25,1,17,25
50487764,407874660,Manhattan,Chelsea,40.75132,-74.027313,Entire home/apt,146,1,95,1,252,82
27257632,198483375,Manhattan,Ellis Island,40.71579,-74.03778,Private room,65,1,159,3,321,41
590713514998791721,451276250,Bronx,Wakefield,40.91789,-73.85833,Entire home/apt,114,1,16,1,358,16
7535655,37412692,Manhattan,Ellis Island,40.71417,-74.03681,Entire home/apt,149,365,24,7,365,0
38101976,289221155,Manhattan,Chelsea,40.74797,-74.02643,Entire home/apt,235,2,50,1,106,24
53011970,20369715,Manhattan,Chelsea,40.755054,-74.027031,Entire home/apt,240,3,3,1,5,3
48160533,39970185,Manhattan,Chelsea,40.74585,-74.03095,Private room,100,5,6,1,353,6
20556161,103423674,Manhattan,Chelsea,40.75543,-74.02843,Entire home/apt,225,150,0,3,310,0
19738217,106569357,Manhattan,Ellis Island,40.71809,-74.04312,Entire home/apt,297,90,2,4,269,0
44230903,354116957,Manhattan,Ellis Island,40.71943,-74.04066,Entire home/apt,169,15,8,1,126,1
53533108,23226903,Manhattan,Hell's Kitchen,40.77372,-74.01436,Entire home/apt,278,2,5,2,343,5
11497428,4318265,Manhattan,Ellis Island,40.71871,-74.04462,Entire home/apt,142,5,155,2,87,28
28562689,215567256,Manhattan,Chelsea,40.74837,-74.02858,Entire home/apt,177,3,120,1,125,45
20773257,147266531,Manhattan,Hell's Kitchen,40.78117,-74.01555,Entire home/apt,82,1,245,1,255,72
971427,4318265,Manhattan,Ellis Island,40.71839,-74.04522,Entire home/apt,143,5,279,2,115,32
649854737707928454,179803742,Manhattan,Ellis Island,40.71416,-74.03869,Entire home/apt,199,30,0,2,318,0
8811369,44625299,Manhattan,Hell's Kitchen,40.76683,-74.02434,Entire home/apt,102,26,57,1,72,9
43449421,95459395,Manhattan,West Village,40.740677,-74.027779,Entire home/apt,378,10,2,56,358,1
693482373369128387,475000787,Manhattan,Hell's Kitchen,40.7796,-74.01502,Private room,84,1,0,1,309,0
39836361,306511745,Manhattan,Hell's Kitchen,40.77151,-74.02213,Entire home/apt,82,2,106,1,103,42
561700895943932739,444682849,Bronx,Wakefield,40.9196,-73.85978,Entire home/apt,109,3,6,1,365,6
3053173,264626,Manhattan,Upper West Side,40.78302,-74.00217,Entire home/apt,161,5,180,5,234,13
2437675,264626,Manhattan,Upper West Side,40.78867,-74.00827,Entire home/apt,157,4,173,5,249,5
24700474,186681292,Bronx,Wakefield,40.9208,-73.84778,Entire home/apt,100,2,173,1,71,42
682479593861542428,276878527,Manhattan,Harlem,40.82949,-73.97147,Entire home/apt,150,30,0,25,365,0
709406229709159809,47421606,Manhattan,Hell's Kitchen,40.7755,-74.015,Private room,90,1,0,1,16,0
3857337,15768941,Manhattan,West Village,40.74249,-74.02885,Private room,151,2,42,1,284,10
50922303,51756472,Manhattan,Chelsea,40.74702,-74.02668,Entire home/apt,195,1,3,4,0,2
1284762,6646794,Manhattan,Hell's Kitchen,40.76387,-74.02075,Private room,87,27,88,1,340,4
648191602730767768,463345136,Manhattan,West Village,40.73666,-74.0295,Entire home/apt,161,2,4,5,252,4
648192930134089393,463345136,Manhattan,West Village,40.74145,-74.02983,Entire home/apt,137,2,5,5,215,5
22667106,9419684,Manhattan,West Village,40.740677,-74.02778,Entire home/apt,325,9,4,79,358,0
558554704586048114,276878527,Manhattan,Harlem,40.82902,-73.97242,Entire home/apt,154,30,0,25,365,0
43152543,9419684,Manhattan,West Village,40.740677,-74.02778,Entire home/apt,325,9,0,79,358,0
4476689,23226903,Manhattan,Hell's Kitchen,40.77208,-74.0154,Private room,108,3,15,2,351,3
43449415,95459395,Manhattan,West Village,40.740677,-74.027779,Entire home/apt,378,10,1,56,358,0
43144996,9419684,Manhattan,West Village,40.740677,-74.02778,Entire home/apt,325,9,0,79,358,0
43449416,95459395,Manhattan,West Village,40.740677,-74.027779,Entire home/apt,378,10,0,56,358,0
20845360,9419684,Manhattan,West Village,40.740677,-74.02778,Entire home/apt,325,9,5,79,358,1
43152542,9419684,Manhattan,West Village,40.740677,-74.02778,Entire home/apt,325,9,0,79,358,0
43152545,9419684,Manhattan,West Village,40.740677,-74.02778,Entire home/apt,325,9,0,79,358,0
49908388,120421821,Manhattan,West Village,40.74182,-74.02931,Entire home/apt,300,14,2,1,162,2
16556296,91482234,Manhattan,Ellis Island,40.71974,-74.04336,Entire home/apt,146,5,112,1,64,21
685598301351112081,418867492,Manhattan,Chelsea,40.7511,-74.02739,Entire home/apt,209,1,5,5,339,5
39029747,299091176,Bronx,Wakefield,40.90641,-73.86086,Entire home/apt,114,1,200,1,71,63
38295719,20629480,Bronx,Wakefield,40.91467,-73.84146,Entire home/apt,121,2,47,1,85,0
19933015,23156390,Manhattan,Upper West Side,40.78925,-74.00605,Entire home/apt,122,30,49,4,48,1
4135395,1779791,Manhattan,West Village,40.73911,-74.03111,Entire home/apt,169,2,234,1,296,53
550038579342828305,1143151,Manhattan,Chelsea,40.74607,-74.03114,Entire home/apt,140,1,0,1,34,0
642697761299363905,36176179,Manhattan,Upper West Side,40.78690326581656,-73.99560461713278,Entire home/apt,113,2,3,2,19,3
21818023,11376398,Manhattan,Hell's Kitchen,40.77665,-74.01844,Private room,64,25,60,2,136,5
52699702,402386117,Bronx,Wakefield,40.90817,-73.84571,Entire home/apt,152,1,18,1,337,18
19992528,141838603,Bronx,Wakefield,40.90002,-73.83216,Entire home/apt,84,3,200,2,307,39
49516165,4184365,Manhattan,Ellis Island,40.719322,-74.044212,Entire home/apt,123,3,15,1,156,15
54222267,276878527,Manhattan,Harlem,40.83123,-73.97186,Entire home/apt,190,30,0,25,341,0
53326576,52112740,Manhattan,Chelsea,40.74506,-74.03161,Entire home/apt,237,2,34,1,112,34
11549920,4922668,Manhattan,Hell's Kitchen,40.77752,-74.01549,Entire home/apt,125,1,346,2,256,74
699365,1903261,Manhattan,Hell's Kitchen,40.77211,-74.01736,Private room,101,180,53,1,365,0
15888425,11521349,Manhattan,Hell's Kitchen,40.76824,-74.02484,Entire home/apt,130,21,21,1,130,1
3193538,16186604,Manhattan,Ellis Island,40.71492,-74.04007,Entire home/apt,115,30,205,1,288,2
671709590586285033,393200617,Manhattan,Chelsea,40.75541,-74.02582,Entire home/apt,480,15,0,1,178,0
31440681,37412692,Manhattan,Ellis Island,40.71943,-74.03978,Entire home/apt,89,365,4,7,365,0
10753012,55599663,Manhattan,Ellis Island,40.71865,-74.04918,Private room,42,29,31,2,260,2
49514625,1410306,Manhattan,Chelsea,40.74774,-74.02814,Entire home/apt,203,1,82,3,71,61
21596787,58456224,Manhattan,Ellis Island,40.7146,-74.03763,Entire home/apt,118,3,231,2,190,27
18647796,656594,Manhattan,Upper West Side,40.78647,-74.00514,Entire home/apt,132,60,15,1,332,1
604608429183761891,20358547,Bronx,Wakefield,40.89993,-73.83344,Entire home/apt,196,2,23,1,71,23
48884629,394296943,Manhattan,Upper West Side,40.78448,-74.00283,Entire home/apt,90,3,0,1,62,0
39281863,71492908,Manhattan,Upper West Side,40.78721,-74.00565,Entire home/apt,350,4,26,1,328,17
34093554,15096526,Manhattan,Hell's Kitchen,40.7727,-74.01547,Entire home/apt,218,3,116,1,82,41
53977755,105455438,Bronx,Wakefield,40.92588,-73.86165,Entire home/apt,71,1,27,1,271,27
21754019,156655568,Manhattan,Ellis Island,40.71834,-74.04247,Entire home/apt,174,3,102,1,150,32
47052822,22541573,Manhattan,Ellis Island,40.71873,-74.04161,Entire home/apt,180,30,0,131,316,0
30264861,40158303,Manhattan,Chelsea,40.74987,-74.02915,Entire home/apt,175,3,66,1,213,44
46866467,22541573,Manhattan,Ellis Island,40.71882,-74.04144,Entire home/apt,185,30,0,131,347,0
700070833085893364,11204771,Manhattan,Ellis Island,40.71942,-74.03727,Entire home/apt,200,3,0,1,239,0
51424285,31418331,Manhattan,Chelsea,40.75505,-74.02585,Entire home/apt,994,5,10,1,215,7
26602868,138196804,Manhattan,Hell's Kitchen,40.77086,-74.01869,Entire home/apt,130,1,101,3,219,7
668041760970278514,49313463,Manhattan,Ellis Island,40.71824,-74.03978,Entire home/apt,203,1,6,3,4,6
35787085,269211792,Manhattan,Hell's Kitchen,40.76494,-74.02405,Entire home/apt,90,2,77,1,216,25
892127,3260817,Manhattan,Hell's Kitchen,40.76818,-74.01836,Entire home/apt,186,3,292,1,256,45
25618630,121532349,Manhattan,Hell's Kitchen,40.76596,-74.02541,Entire home/apt,183,2,169,1,266,49
605996268269119724,454491599,Manhattan,West Village,40.742878,-74.029884,Entire home/apt,208,1,43,1,286,43
10358604,30283594,Manhattan,West Village,40.73945,-74.02695,Entire home/apt,325,10,7,95,358,1
361820,7755904,Manhattan,Hell's Kitchen,40.77739,-74.01697,Private room,109,3,41,5,355,2
39181326,297251358,Manhattan,Chelsea,40.74484,-74.03075,Entire home/apt,269,3,43,2,244,29
47772275,160497293,Manhattan,Harlem,40.8263,-73.97635,Entire home/apt,66,7,5,1,105,3
28287665,30741479,Manhattan,Harlem,40.831379,-73.973473,Entire home/apt,130,5,18,1,139,18
51649762,276878527,Manhattan,Harlem,40.82993,-73.97156,Entire home/apt,154,30,1,25,365,1
579618148822060378,194765254,Manhattan,Harlem,40.82876,-73.97292,Entire home/apt,375,2,29,1,62,29
629024003999355756,275852527,Manhattan,Chelsea,40.74647,-74.02972,Entire home/apt,117,1,3,1,311,3
46601910,22541573,Manhattan,West Village,40.73958,-74.02824,Entire home/apt,275,30,0,131,340,0
361739,1682132,Manhattan,Hell's Kitchen,40.77786,-74.01659,Private room,99,2,46,4,353,5
46602187,22541573,Manhattan,West Village,40.74181,-74.02875,Entire home/apt,275,30,0,131,359,0
47976851,1682132,Manhattan,Hell's Kitchen,40.77812,-74.01526,Private room,109,2,2,4,356,0
43440216,30283594,Manhattan,West Village,40.740677,-74.02778,Entire home/apt,325,9,1,95,358,0
675957792875731506,120262893,Manhattan,Hell's Kitchen,40.7778097,-74.0164937,Entire home/apt,111,14,2,1,206,2
26291437,135106584,Manhattan,Hell's Kitchen,40.77247,-74.01752,Entire home/apt,140,4,142,1,35,40
21176075,78140736,Manhattan,West Village,40.74332,-74.02911,Private room,50,180,0,1,235,0
45491753,22541573,Manhattan,Ellis Island,40.71874,-74.04247,Entire home/apt,150,30,1,131,283,0
47933074,22541573,Manhattan,Ellis Island,40.71938,-74.04131,Entire home/apt,180,30,0,131,318,0
54352579,49313463,Manhattan,Ellis Island,40.719,-74.0399,Entire home/apt,218,1,18,3,6,18
45491994,22541573,Manhattan,Ellis Island,40.7191,-74.04082,Entire home/apt,260,30,0,131,346,0
45492053,22541573,Manhattan,Ellis Island,40.71936,-74.04262,Entire home/apt,260,30,0,131,318,0
52383027,424000645,Manhattan,Ellis Island,40.71962,-74.0441,Entire home/apt,110,30,7,2,30,7
650193027227660446,179803742,Manhattan,Ellis Island,40.71409,-74.03699,Entire home/apt,156,7,3,2,349,3
17255648,39436470,Manhattan,Chelsea,40.7507,-74.0278,Entire home/apt,149,31,16,1,243,3
49348044,50539263,Manhattan,Harlem,40.83027,-73.9746,Entire home/apt,167,7,1,1,21,1
628104617390916360,459367901,Manhattan,Harlem,40.82707,-73.97495,Entire home/apt,171,5,1,1,285,1
38069763,288895922,Manhattan,Chelsea,40.74545,-74.03183,Entire home/apt,519,2,46,1,304,21
3923264,9419684,Manhattan,West Village,40.740677,-74.02778,Entire home/apt,325,9,13,79,358,0
24429673,182231443,Manhattan,Hell's Kitchen,40.77383,-74.01541,Private room,97,3,40,3,354,9
44592359,45309203,Manhattan,Harlem,40.83704,-73.97031,Entire home/apt,140,5,13,1,311,10
8095803,1247002,Manhattan,Hell's Kitchen,40.77199,-74.02054,Entire home/apt,55,3,50,1,0,3
48554190,293407375,Manhattan,Chelsea,40.74693,-74.03006,Entire home/apt,365,3,10,4,53,3
30718430,229937531,Manhattan,West Village,40.74157,-74.03216,Entire home/apt,305,3,55,1,53,10
628360607897782636,552691,Manhattan,Hell's Kitchen,40.77251,-74.02034,Entire home/apt,255,6,0,1,112,0
53428305,276878527,Manhattan,Harlem,40.83026,-73.97317,Entire home/apt,183,30,0,25,354,0
51686493,11164946,Manhattan,Hell's Kitchen,40.77826,-74.01729,Private room,65,1,34,3,93,33
10357196,30283594,Manhattan,West Village,40.740677,-74.02778,Entire home/apt,325,9,8,95,358,4
21807789,11376398,Manhattan,Hell's Kitchen,40.77726,-74.01797,Private room,54,28,19,2,48,5
43144956,9419684,Manhattan,West Village,40.740677,-74.02778,Entire home/apt,325,9,0,79,358,0
705678547278449695,276878527,Manhattan,Harlem,40.83165,-73.97329,Entire home/apt,150,30,0,25,365,0
20757327,95459395,Manhattan,West Village,40.740677,-74.027779,Entire home/apt,378,10,3,56,358,0
15335266,70045864,Manhattan,Hell's Kitchen,40.77004,-74.0192,Private room,80,1,16,1,354,9
48610569,6958867,Manhattan,West Village,40.7373,-74.02952,Entire home/apt,198,1,78,1,78,51
573820651926925436,259034109,Manhattan,Chelsea,40.75943,-74.02707,Entire home/apt,175,4,5,1,209,5
15787150,97573524,Manhattan,Hell's Kitchen,40.77389,-74.01638,Private room,119,3,11,3,343,5
20462821,158790,Manhattan,Hell's Kitchen,40.77318,-74.02028,Private room,55,180,2,1,362,0
4746988,2384320,Manhattan,Hell's Kitchen,40.77437,-74.01662,Private room,85,2,0,1,66,0
53340193,353445027,Manhattan,West Village,40.74233,-74.03092,Entire home/apt,189,2,2,1,150,2
53050432,68405006,Manhattan,Chelsea,40.75209,-74.0242,Entire home/apt,165,30,0,1,340,0
6208836,26810850,Manhattan,Chelsea,40.74918,-74.02945,Entire home/apt,175,5,79,1,109,4
599354049748336169,106569357,Manhattan,Ellis Island,40.71848,-74.04383,Entire home/apt,292,28,0,4,364,0
54001238,80584114,Manhattan,Chelsea,40.74772,-74.03073,Entire home/apt,99,2,9,1,190,9
535339979517500602,65890154,Manhattan,Chelsea,40.74601,-74.0273,Entire home/apt,158,2,33,3,183,33
17918197,40032017,Manhattan,Ellis Island,40.71332,-74.03895,Entire home/apt,155,90,42,1,257,1
1276863,6949940,Manhattan,Battery Park City,40.71355,-74.03374,Entire home/apt,135,60,145,1,56,0
45491910,22541573,Manhattan,Ellis Island,40.71847,-74.04076,Entire home/apt,255,30,0,131,325,0
40657449,289562865,Manhattan,Ellis Island,40.71645,-74.04279,Entire home/apt,313,3,33,1,90,23
48584169,194507716,Manhattan,Hell's Kitchen,40.76963,-74.01944,Private room,106,2,80,3,45,56
28844390,173666649,Manhattan,West Village,40.74097,-74.03018,Entire home/apt,208,1,122,1,83,44
43449426,95459395,Manhattan,West Village,40.740677,-74.027779,Entire home/apt,378,10,2,56,358,0
676493631555430346,107434423,Manhattan,West Village,40.7365735,-74.03359329999999,Entire home/apt,357,31,0,453,126,0
39735065,251447997,Manhattan,Chelsea,40.7445,-74.0285,Entire home/apt,242,3,82,3,278,24
26980186,163251048,Manhattan,West Village,40.740677,-74.027779,Entire home/apt,378,1,0,30,358,0
43449425,95459395,Manhattan,West Village,40.740677,-74.027779,Entire home/apt,378,10,1,56,358,1
622645549877453555,2610954,Manhattan,Chelsea,40.745075,-74.030937,Entire home/apt,220,2,16,1,324,16
31636146,65890154,Manhattan,Chelsea,40.74439,-74.02838,Entire home/apt,116,3,26,3,215,9
43442998,95459395,Manhattan,West Village,40.740677,-74.027779,Entire home/apt,522,10,0,56,357,0
50211955,405279108,Manhattan,West Village,40.73836,-74.03077,Entire home/apt,164,2,64,1,16,51
578809933220558581,65890154,Manhattan,Chelsea,40.74464,-74.02816,Entire home/apt,248,2,14,3,231,14
44493919,24592423,Manhattan,West Village,40.73973,-74.02896,Entire home/apt,398,2,66,2,268,41
10904371,30283594,Manhattan,West Village,40.740677,-74.02778,Entire home/apt,325,9,1,95,358,0
41207871,18066965,Manhattan,West Village,40.73791,-74.03024,Entire home/apt,155,2,64,1,81,30
49616016,293407375,Manhattan,Chelsea,40.74557,-74.02965,Entire home/apt,170,2,55,4,92,36
4546507,9419684,Manhattan,West Village,40.740677,-74.02778,Entire home/apt,325,9,5,79,358,1
473980,2349954,Manhattan,Upper West Side,40.78704,-73.98613,Entire home/apt,240,1,139,1,321,16
10906061,30283594,Manhattan,West Village,40.740677,-74.02778,Entire home/apt,449,9,9,95,353,3
26131989,11903601,Manhattan,West Village,40.74221,-74.02967,Entire home/apt,189,2,139,1,95,42
46876508,22541573,Manhattan,West Village,40.74134,-74.0266,Entire home/apt,335,30,0,131,345,0
53704937,429215486,Manhattan,Hell's Kitchen,40.76578,-74.02502,Private room,80,1,4,1,315,4
705493824986832181,11164946,Manhattan,Hell's Kitchen,40.7717,-74.02167,Private room,60,1,0,3,104,0
2220945,11330530,Manhattan,West Village,40.74428,-74.03219,Entire home/apt,222,3,0,1,357,0
647820921801780110,48512467,Manhattan,West Village,40.74324,-74.02855,Entire home/apt,132,1,1,1,68,1
3487433,16038,Manhattan,Ellis Island,40.71721,-74.03863,Entire home/apt,375,28,9,1,249,0
42663492,127366808,Manhattan,West Village,40.74344,-74.02925,Entire home/apt,110,2,142,1,22,84
29130740,192770573,Manhattan,West Village,40.73906,-74.03271,Entire home/apt,202,3,107,1,110,33
21709871,95459395,Manhattan,West Village,40.740677,-74.027779,Entire home/apt,522,10,2,56,357,0
2705052,7755904,Manhattan,Hell's Kitchen,40.7772,-74.01551,Private room,109,3,66,5,356,2
10904842,30283594,Manhattan,West Village,40.740677,-74.02778,Entire home/apt,325,9,5,95,358,1
20588362,95459395,Manhattan,West Village,40.740677,-74.027779,Entire home/apt,378,10,3,56,358,1
49503449,34754586,Manhattan,West Village,40.73818,-74.0285,Entire home/apt,151,2,14,1,10,12
660021644408190380,22541573,Manhattan,West Village,40.7411,-74.02852,Entire home/apt,225,30,0,131,337,0
329414,1682132,Manhattan,Hell's Kitchen,40.77638,-74.01506,Private room,107,2,42,4,355,1
43153064,9419684,Manhattan,West Village,40.740677,-74.02778,Entire home/apt,449,9,0,79,357,0
558883638280051215,194507716,Manhattan,Hell's Kitchen,40.76796,-74.01907,Private room,127,2,38,3,55,38
645453326858592715,53636618,Brooklyn,Prospect Park,40.66632016227189,-73.9621639113149,Entire home/apt,142,30,0,1,251,0
29026961,218761906,Manhattan,Hell's Kitchen,40.76407,-74.02486,Entire home/apt,496,30,63,1,345,19
617395266075836862,327749614,Manhattan,West Village,40.74041,-74.03204,Entire home/apt,149,2,23,1,70,23
16703916,22541573,Manhattan,Ellis Island,40.71844,-74.04288,Entire home/apt,210,30,1,131,289,0
32303870,9173270,Manhattan,Ellis Island,40.71749,-74.04318,Entire home/apt,182,2,79,1,275,0
27463037,37412692,Manhattan,Ellis Island,40.71591,-74.03972,Entire home/apt,198,365,4,7,365,0
38544385,53589172,Manhattan,West Village,40.74151,-74.02826,Entire home/apt,176,2,44,1,221,44
40637912,61369496,Manhattan,Chelsea,40.74751,-74.02754,Entire home/apt,291,2,103,1,285,49
47977988,1550702,Manhattan,West Village,40.7425,-74.03173,Entire home/apt,245,2,83,1,259,53
648193659833646511,463345136,Manhattan,West Village,40.74193,-74.03019,Entire home/apt,148,2,6,5,186,6
47794215,22541573,Manhattan,West Village,40.73954,-74.0285,Entire home/apt,265,30,0,131,345,0
649460819973675260,1410306,Manhattan,Chelsea,40.74717,-74.02839,Entire home/apt,220,1,19,3,43,19
10433794,30283594,Manhattan,West Village,40.740677,-74.02778,Entire home/apt,325,9,3,95,11,0
50210777,14971848,Manhattan,Hell's Kitchen,40.76649,-74.02298,Entire home/apt,449,30,0,1,365,0
15378964,13514342,Manhattan,Chelsea,40.74724,-74.02904,Entire home/apt,135,5,133,1,182,24
38826393,297251358,Manhattan,West Village,40.74363,-74.02955,Entire home/apt,215,3,70,2,76,33
42940196,2837705,Manhattan,Chelsea,40.74612,-74.03087,Entire home/apt,163,10,11,2,192,5
36667947,99083273,Manhattan,Chelsea,40.75021,-74.03044,Entire home/apt,178,2,10,1,93,10
604615190633147744,54344200,Manhattan,Chelsea,40.75098,-74.02856,Entire home/apt,168,3,3,1,253,3
53706876,197090468,Manhattan,Hell's Kitchen,40.77434,-74.01515,Entire home/apt,150,30,7,2,153,7
42123358,42219345,Manhattan,Hell's Kitchen,40.77408,-74.01692,Entire home/apt,145,60,20,2,146,12
198744,6064192,Manhattan,Upper West Side,40.78141,-73.98909,Private room,124,30,133,1,154,1
16965564,58456224,Manhattan,Ellis Island,40.71451,-74.03882,Entire home/apt,115,3,340,2,244,33
48805620,22541573,Manhattan,Ellis Island,40.71868,-74.04106,Entire home/apt,185,30,0,131,359,0
41563656,58892083,Manhattan,Ellis Island,40.71101,-74.0435,Entire home/apt,2000,2,0,1,179,0
577560955900006368,441370098,Manhattan,Battery Park City,40.71489,-74.03441,Entire home/apt,289,1,138,2,98,138
15844345,26205597,Manhattan,Chelsea,40.74741,-74.02532,Entire home/apt,268,3,125,1,199,22
46830345,22541573,Manhattan,West Village,40.73993,-74.02683,Entire home/apt,335,30,0,131,333,0
648193815566588166,463345136,Manhattan,West Village,40.7421,-74.02804,Entire home/apt,157,2,5,5,252,5
53433266,31560916,Manhattan,Harlem,40.83231,-73.97003,Private room,90,1,22,1,345,22
32165877,241312070,Manhattan,West Village,40.73935,-74.0327,Entire home/apt,158,2,122,1,31,49
28179508,134124377,Manhattan,Hell's Kitchen,40.76994,-74.02268,Private room,73,1,79,1,62,27
41128883,147079752,Manhattan,Hell's Kitchen,40.77166,-74.02093,Entire home/apt,133,2,63,1,24,47
621885157200161534,457968142,Manhattan,Hell's Kitchen,40.76782,-74.0242,Entire home/apt,185,2,16,1,24,16
43449417,95459395,Manhattan,West Village,40.740677,-74.027779,Entire home/apt,378,10,0,56,358,0
21231463,20533325,Manhattan,Hell's Kitchen,40.76791,-74.02363,Private room,62,2,1,1,98,0
2243633,9419684,Manhattan,West Village,40.740677,-74.02778,Entire home/apt,449,9,8,79,353,0
665392176368405622,57453895,Manhattan,Chelsea,40.74422,-74.0295,Entire home/apt,95,21,0,1,303,0
51709793,163251048,Manhattan,West Village,40.740677,-74.027779,Entire home/apt,522,1,0,30,357,0
6028028,30283594,Manhattan,West Village,40.740677,-74.02778,Entire home/apt,325,9,3,95,358,0
43144954,9419684,Manhattan,West Village,40.740677,-74.02778,Entire home/apt,325,9,0,79,358,0
679559714943770189,107434423,Manhattan,West Village,40.7365735,-74.03359329999999,Entire home/apt,304,31,0,453,3,0
10358237,30283594,Manhattan,West Village,40.740677,-74.02778,Entire home/apt,325,9,1,95,350,0
38492550,24592423,Manhattan,West Village,40.73967,-74.03025,Entire home/apt,388,2,130,2,281,50
43449419,95459395,Manhattan,West Village,40.740677,-74.027779,Entire home/apt,378,10,2,56,358,1
43152544,9419684,Manhattan,West Village,40.740677,-74.02778,Entire home/apt,325,9,0,79,358,0
51680787,11164946,Manhattan,Hell's Kitchen,40.77691,-74.01718,Private room,70,1,15,3,3,13
42492442,2837705,Manhattan,Chelsea,40.74589,-74.02939,Entire home/apt,159,7,15,2,132,9
20598357,30283594,Manhattan,West Village,40.740677,-74.02778,Entire home/apt,325,9,8,95,358,2
648797562822472864,194507716,Manhattan,Hell's Kitchen,40.7676,-74.01813,Private room,112,8,9,3,18,9
21864224,6139981,Manhattan,Ellis Island,40.71418,-74.04463,Entire home/apt,130,45,26,1,212,1
2330961,6228898,Manhattan,Chelsea,40.76063,-74.02827,Private room,200,3,154,1,71,6
588471251531463401,450824312,Manhattan,Hell's Kitchen,40.77972,-74.01525,Entire home/apt,246,4,25,2,237,25
25912289,62158880,Manhattan,Hell's Kitchen,40.77412,-74.02043,Entire home/apt,159,2,235,1,151,55
34887761,8130233,Manhattan,Chelsea,40.74974,-74.02551,Entire home/apt,175,2,4,1,288,4
19263985,92153991,Manhattan,Hell's Kitchen,40.77117,-74.02151,Private room,73,1,108,1,77,23
36493850,251447997,Manhattan,West Village,40.74326,-74.03054,Entire home/apt,234,3,105,3,256,36
49441021,1410306,Manhattan,Chelsea,40.74739,-74.02845,Entire home/apt,275,1,66,3,70,41
7973070,8379918,Manhattan,Hell's Kitchen,40.76991,-74.02176,Entire home/apt,234,2,153,2,106,47
551352790096781846,353165433,Manhattan,Harlem,40.82709,-73.97436,Private room,250,3,3,1,90,3
674484093860629108,293407375,Manhattan,Chelsea,40.74709,-74.02927,Entire home/apt,168,2,2,4,139,2
47974166,5329130,Manhattan,Chelsea,40.7486,-74.02875,Entire home/apt,243,2,11,1,29,9
28316033,54778418,Manhattan,Chelsea,40.75206,-74.03066,Entire home/apt,271,4,16,1,131,7
54227151,103423674,Manhattan,Chelsea,40.74903,-74.03031,Entire home/apt,145,120,0,3,311,0
49260379,49313463,Manhattan,Ellis Island,40.7177,-74.04024,Entire home/apt,192,1,35,3,6,23
52469947,424000645,Manhattan,Ellis Island,40.71924,-74.04375,Entire home/apt,180,30,5,2,30,5
20412344,818109,Manhattan,Chelsea,40.7481,-74.02947,Private room,100,3,49,1,31,2
645608601360200677,463417195,Manhattan,Hell's Kitchen,40.76072,-74.01988,Entire home/apt,350,30,0,1,312,0
552167456542108301,156830486,Manhattan,Ellis Island,40.71733,-74.047,Entire home/apt,206,1,24,1,142,24
665957462176379893,423884185,Manhattan,Battery Park City,40.71942,-74.03543,Entire home/apt,200,28,0,2,298,0
21450465,155676573,Manhattan,Hell's Kitchen,40.77641,-74.0182,Entire home/apt,110,2,89,1,63,17
31593457,138196804,Manhattan,Hell's Kitchen,40.76913,-74.01998,Entire home/apt,105,1,64,3,68,6
7973063,8379918,Manhattan,Hell's Kitchen,40.77122,-74.02031,Entire home/apt,128,2,148,2,241,32
19638293,138196804,Manhattan,Hell's Kitchen,40.7699,-74.01951,Entire home/apt,122,1,193,3,328,13
23599869,176485577,Manhattan,Hell's Kitchen,40.77272,-74.01489,Entire home/apt,279,3,9,1,348,1
21119338,45318080,Manhattan,Chelsea,40.74547,-74.02973,Entire home/apt,165,3,205,1,95,37
562141619012312088,107434423,Manhattan,Tribeca,40.7224587,-74.03543309999999,Entire home/apt,230,31,0,453,331,0
38893984,30283594,Manhattan,Tribeca,40.724545,-74.03591,Entire home/apt,499,27,15,95,364,1
51307301,402215343,Manhattan,Central Park,40.799,-73.95576,Private room,80,30,0,4,265,0
49315363,396119944,Manhattan,Central Park,40.79869,-73.9591,Private room,85,30,0,7,270,0
23199523,163251048,Manhattan,Tribeca,40.724545,-74.035912,Entire home/apt,534,1,1,30,363,0
46006086,95459395,Manhattan,Tribeca,40.724545,-74.035912,Entire home/apt,417,27,1,56,338,1
666011225036330411,468168420,Manhattan,Central Park,40.798915760150095,-73.9547387631649,Private room,235,1,1,5,269,1
54176824,396119944,Manhattan,Central Park,40.79872,-73.95891,Private room,85,30,0,7,307,0
15495642,95459395,Manhattan,Tribeca,40.724545,-74.035912,Entire home/apt,580,27,6,56,364,0
43119860,9419684,Manhattan,Tribeca,40.724545,-74.03591,Entire home/apt,499,27,0,79,364,0
37859909,123012256,Manhattan,Morningside Heights,40.82093,-73.97336,Private room,175,1,1,1,88,0
16490732,107933494,Brooklyn,Prospect Park,40.66707,-73.974,Entire home/apt,301,4,20,2,288,2
11754333,11725608,Manhattan,Inwood,40.87122,-73.9336,Private room,44,60,13,3,249,0
43857558,42219345,Manhattan,Hell's Kitchen,40.7748,-74.01841,Entire home/apt,179,60,13,2,249,8
599181487210203150,453024622,Brooklyn,Prospect Park,40.67168,-73.96346,Entire home/apt,279,30,1,1,106,1
25782286,33614671,Manhattan,Hell's Kitchen,40.77032,-74.02245,Entire home/apt,314,30,12,2,179,2
53500447,433227556,Manhattan,Hell's Kitchen,40.77385,-74.01478,Entire home/apt,297,3,1,1,351,1
13894232,19392827,Manhattan,Hell's Kitchen,40.77958,-74.01672,Entire home/apt,125,30,83,3,140,3
53974051,218669551,Manhattan,Hell's Kitchen,40.77586,-74.01569,Entire home/apt,285,2,20,1,283,20
4423650,7183243,Manhattan,Central Park,40.79886,-73.95908,Private room,108,30,129,1,328,0
10377069,30283594,Manhattan,Tribeca,40.724545,-74.03591,Entire home/apt,329,27,1,95,365,0
39438202,134982209,Manhattan,Hell's Kitchen,40.77923,-74.01495,Entire home/apt,179,3,24,1,198,19
25373709,191464699,Manhattan,Ellis Island,40.72056,-74.04187,Entire home/apt,150,29,8,1,267,3
43119296,9419684,Manhattan,Tribeca,40.724545,-74.03591,Entire home/apt,359,27,0,79,342,0
38894116,30283594,Manhattan,Tribeca,40.724545,-74.03591,Entire home/apt,499,27,3,95,181,0
35573883,267654602,Manhattan,Hell's Kitchen,40.7643,-74.02633,Entire home/apt,285,2,42,1,127,20
48228423,33614671,Manhattan,Hell's Kitchen,40.77124,-74.02119,Entire home/apt,250,30,1,2,275,1
1444580,7755904,Manhattan,Hell's Kitchen,40.77874,-74.01649,Entire home/apt,197,4,113,5,348,2
610109288288353127,4042988,Brooklyn,Prospect Park,40.66269,-73.97747,Entire home/apt,280,14,2,1,159,2
2243687,9419684,Manhattan,Tribeca,40.724545,-74.03591,Entire home/apt,329,27,5,79,365,0
15395993,22541573,Manhattan,Ellis Island,40.71993,-74.04132,Entire home/apt,250,30,6,131,318,0
10280611,9419684,Manhattan,Tribeca,40.724545,-74.03591,Entire home/apt,459,27,16,79,363,0
23183117,163251048,Manhattan,Tribeca,40.724545,-74.035912,Entire home/apt,383,1,0,30,365,0
43119291,9419684,Manhattan,Tribeca,40.724545,-74.03591,Entire home/apt,329,27,0,79,365,0
589959408556404985,2867137,Manhattan,Kips Bay,40.74247,-73.97181,Entire home/apt,320,30,0,73,281,0
10991109,30283594,Manhattan,Tribeca,40.724545,-74.03591,Entire home/apt,499,27,5,95,364,0
49125959,385129361,Manhattan,Central Park,40.79565,-73.96152,Entire home/apt,65,30,6,48,203,5
194154,936830,Manhattan,Central Park,40.7963,-73.96069,Private room,125,5,39,1,64,4
21858483,95459395,Manhattan,Tribeca,40.724545,-74.035912,Entire home/apt,534,27,3,56,363,0
10383764,30283594,Manhattan,Tribeca,40.724545,-74.03591,Entire home/apt,459,27,2,95,363,0
44183011,2867137,Manhattan,Kips Bay,40.74297,-73.97159,Entire home/apt,205,30,0,73,315,0
26053032,13141165,Manhattan,Hell's Kitchen,40.77091,-74.02122,Entire home/apt,204,3,179,1,85,61
669761784558292642,415690678,Manhattan,Kips Bay,40.7424209081586,-73.97162571855138,Entire home/apt,375,3,0,1,123,0
18457368,95459395,Manhattan,Tribeca,40.724545,-74.035912,Entire home/apt,580,27,1,56,361,0
51548058,226804666,Manhattan,Midtown,40.75376,-73.99232,Private room,54,365,0,20,99,0
702031323552964561,450580547,Manhattan,Kips Bay,40.74289,-73.97171,Entire home/apt,305,30,0,30,338,0
18446901,95459395,Manhattan,Tribeca,40.724545,-74.035912,Entire home/apt,534,27,0,56,363,0
21826420,95459395,Manhattan,Tribeca,40.724545,-74.035912,Entire home/apt,580,27,1,56,364,0
684618802084591287,385129361,Manhattan,Central Park,40.7956078668941,-73.9617231612839,Entire home/apt,80,30,0,48,320,0
686071556717858491,385129361,Manhattan,Central Park,40.79554975847397,-73.96145255723351,Entire home/apt,85,30,0,48,156,0
21878207,95459395,Manhattan,Tribeca,40.724545,-74.035912,Entire home/apt,383,27,1,56,365,0
49095263,395949423,Manhattan,Central Park,40.79409,-73.96217,Private room,105,1,81,3,72,53
43119856,9419684,Manhattan,Tribeca,40.724545,-74.03591,Entire home/apt,459,27,0,79,363,0
40986181,162921021,Manhattan,Central Park,40.79411,-73.96244,Private room,102,1,134,3,64,62
10385587,30283594,Manhattan,Tribeca,40.724545,-74.03591,Entire home/apt,459,27,1,95,363,0
47331544,91806581,Manhattan,Kips Bay,40.74288,-73.97168,Entire home/apt,305,60,0,12,311,0
2243736,9419684,Manhattan,Tribeca,40.724545,-74.03591,Entire home/apt,459,27,6,79,363,0
38894038,30283594,Manhattan,Tribeca,40.724545,-74.03591,Entire home/apt,499,27,5,95,364,0
10384214,30283594,Manhattan,Tribeca,40.724545,-74.03591,Entire home/apt,499,27,11,95,364,1
24539308,9419684,Manhattan,Tribeca,40.724545,-74.03591,Entire home/apt,459,27,2,79,363,0
18444319,95459395,Manhattan,Tribeca,40.724545,-74.035912,Entire home/apt,534,27,1,56,363,1
48974275,385129361,Manhattan,Central Park,40.79572,-73.96161,Entire home/apt,85,30,4,48,123,2
24539844,9419684,Manhattan,Tribeca,40.724545,-74.03591,Entire home/apt,499,27,1,79,364,0
53364941,2653479,Manhattan,Central Park,40.79905,-73.95932,Private room,60,30,3,41,75,3
10267085,9419684,Manhattan,Tribeca,40.724545,-74.03591,Entire home/apt,459,27,12,79,363,0
43119862,9419684,Manhattan,Tribeca,40.724545,-74.03591,Entire home/apt,459,27,0,79,363,0
21861598,95459395,Manhattan,Tribeca,40.724545,-74.035912,Entire home/apt,383,27,4,56,365,0
679104024722674967,65987093,Manhattan,Ellis Island,40.72032,-74.04154,Entire home/apt,137,4,2,2,17,2
49312444,396119944,Manhattan,Central Park,40.7991,-73.9591,Private room,85,30,2,7,130,1
18072923,95459395,Manhattan,Battery Park City,40.72127,-74.03649,Entire home/apt,599,27,0,56,364,0
53261868,2653479,Manhattan,Central Park,40.79906,-73.95931,Private room,61,30,7,41,83,7
50361660,30445677,Manhattan,Central Park,40.7947,-73.96108,Entire home/apt,250,4,17,1,5,9
21862152,95459395,Manhattan,Tribeca,40.724545,-74.035912,Entire home/apt,383,1,0,56,365,0
43496231,30283594,Manhattan,Tribeca,40.724545,-74.03591,Entire home/apt,329,27,1,95,365,0
679506117793596470,42237006,Manhattan,Battery Park City,40.72064,-74.03499,Entire home/apt,394,59,0,1,87,0
10362044,30283594,Manhattan,Tribeca,40.724545,-74.03591,Entire home/apt,329,27,1,95,365,0
10361564,30283594,Manhattan,Tribeca,40.724545,-74.03591,Entire home/apt,329,27,7,95,365,0
10429121,30283594,Manhattan,Tribeca,40.724545,-74.03591,Entire home/apt,359,27,3,95,338,0
10989968,30283594,Manhattan,Tribeca,40.724545,-74.03591,Entire home/apt,329,27,1,95,365,0
10385819,30283594,Manhattan,Tribeca,40.724545,-74.03591,Entire home/apt,459,27,25,95,363,1
36383617,273578511,Manhattan,Hell's Kitchen,40.77888,-74.01742,Entire home/apt,149,3,27,1,136,12
653763692578770876,265670178,Manhattan,Central Park,40.79838800041565,-73.95358042983476,Entire home/apt,150,2,9,1,296,9
38893845,30283594,Manhattan,Tribeca,40.724545,-74.03591,Entire home/apt,459,27,7,95,363,0
9170129,46973966,Manhattan,Central Park,40.79924,-73.95531,Entire home/apt,189,30,131,2,245,4
1897139,9419684,Manhattan,Tribeca,40.724545,-74.03591,Entire home/apt,329,27,20,79,365,0
562142197567940182,107434423,Manhattan,Tribeca,40.7224587,-74.03543309999999,Entire home/apt,368,31,0,453,0,0
23180488,163251048,Manhattan,Tribeca,40.724545,-74.035912,Entire home/apt,383,1,0,30,365,0
678614836123514047,385389511,Manhattan,Battery Park City,40.72049,-74.03536,Entire home/apt,210,5,2,1,43,2
5480321,28419528,Manhattan,Hell's Kitchen,40.76259,-74.02663,Entire home/apt,197,2,143,1,333,24
44189193,333993552,Manhattan,Central Park,40.79876,-73.9584,Entire home/apt,250,3,14,1,105,12
43106420,9419684,Manhattan,Tribeca,40.724545,-74.03591,Entire home/apt,359,27,0,79,342,0
1718664,357218,Manhattan,Central Park,40.79797,-73.9593,Entire home/apt,140,30,203,2,85,5
10379027,30283594,Manhattan,Tribeca,40.724545,-74.03591,Entire home/apt,459,27,1,95,363,0
21824978,95459395,Manhattan,Tribeca,40.724545,-74.035912,Entire home/apt,580,1,0,56,364,0
38894067,30283594,Manhattan,Tribeca,40.724545,-74.03591,Entire home/apt,499,27,7,95,364,0
10264615,30283594,Manhattan,Tribeca,40.724545,-74.03591,Entire home/apt,329,27,2,95,365,0
48856997,19243808,Manhattan,Central Park,40.78992,-73.95459,Entire home/apt,225,30,5,12,33,2
43119857,9419684,Manhattan,Tribeca,40.724545,-74.03591,Entire home/apt,499,27,0,79,364,0
15495275,95459395,Manhattan,Tribeca,40.724545,-74.035912,Entire home/apt,383,27,4,56,365,0
23778648,178402293,Manhattan,Hell's Kitchen,40.77264,-74.01677,Entire home/apt,288,2,95,1,4,28
54266337,359718053,Manhattan,Ellis Island,40.72024,-74.03767,Entire home/apt,170,30,5,1,331,5
4384868,9419684,Manhattan,Tribeca,40.724545,-74.03591,Entire home/apt,329,27,4,79,365,0
40583328,22541573,Manhattan,Ellis Island,40.7201,-74.04101,Entire home/apt,295,30,0,131,332,0
558462883228268575,107434423,Manhattan,Tribeca,40.7224587,-74.03543309999999,Entire home/apt,266,31,0,453,0,0
3721238,18249880,Manhattan,Hell's Kitchen,40.77744,-74.01572,Entire home/apt,200,7,18,1,343,4
28982498,14628780,Manhattan,Central Park,40.77065,-73.97971,Entire home/apt,420,10,2,1,31,1
671000649278004053,423884185,Manhattan,Battery Park City,40.72026,-74.03596,Entire home/apt,250,28,0,2,285,0
667537734708935834,455683614,Queens,Forest Park,40.68376241119172,-73.90508843164748,Entire home/apt,221,1,6,3,319,6
53364223,2653479,Manhattan,Central Park,40.7984,-73.95972,Private room,61,30,7,41,87,7
17299540,29339405,Manhattan,Central Park,40.76741,-73.97849,Entire home/apt,250,30,17,1,89,0
11434570,5162192,Manhattan,Central Park,40.79691,-73.95987,Entire home/apt,90,30,31,20,212,5
51715942,128142697,Manhattan,Central Park,40.7922,-73.95372,Entire home/apt,450,2,29,1,143,29
23199965,163251048,Manhattan,Tribeca,40.72455,-74.03591,Entire home/apt,534,1,1,30,363,0
43496258,30283594,Manhattan,Tribeca,40.724545,-74.03591,Entire home/apt,329,27,0,95,365,0
17922181,5162192,Manhattan,Central Park,40.7963,-73.96035,Entire home/apt,110,30,18,20,103,1
43496148,30283594,Manhattan,Tribeca,40.724545,-74.03591,Entire home/apt,359,27,2,95,342,0
658925531042804875,435081213,Manhattan,Central Park,40.7973220688463,-73.95422509333542,Entire home/apt,399,30,0,4,365,0
38893880,30283594,Manhattan,Tribeca,40.724545,-74.03591,Entire home/apt,499,27,27,95,364,0
38893817,30283594,Manhattan,Tribeca,40.724545,-74.03591,Entire home/apt,359,27,25,95,338,1
19451087,30283594,Manhattan,Tribeca,40.724545,-74.03591,Entire home/apt,499,27,2,95,364,0
9731134,29877911,Manhattan,Central Park,40.79855,-73.9532,Entire home/apt,100,14,43,1,250,4
3718724,1682132,Manhattan,Hell's Kitchen,40.77842,-74.01538,Entire home/apt,259,3,16,4,349,0
36483268,163625145,Brooklyn,Green-Wood Cemetery,40.64443,-73.98945,Private room,50,30,8,4,33,0
361819,7755904,Manhattan,Hell's Kitchen,40.77846,-74.01619,Entire home/apt,279,3,6,5,347,0
14174672,85724176,Manhattan,Hell's Kitchen,40.77763,-74.0164,Entire home/apt,299,2,3,2,347,0
15315390,97573524,Manhattan,Hell's Kitchen,40.77324,-74.01636,Entire home/apt,321,3,14,3,347,4
2867463,13601944,Brooklyn,Prospect Park,40.66386,-73.97636,Entire home/apt,250,6,15,1,44,2
554019250247771513,443258906,Manhattan,Financial District,40.70372,-74.00646,Entire home/apt,328,3,23,1,126,23
51265746,33612342,Brooklyn,Green-Wood Cemetery,40.65789,-73.98977,Entire home/apt,473,1,39,6,166,38
634184211166327595,14973870,Brooklyn,Brooklyn Heights,40.69421,-74.00138,Entire home/apt,357,2,24,1,153,24
724866,2593223,Manhattan,Central Park,40.78055,-73.9622,Entire home/apt,233,30,92,2,316,2
15406114,22541573,Manhattan,Ellis Island,40.71992,-74.04283,Entire home/apt,185,30,7,131,331,2
53150666,30283594,Bronx,Port Morris,40.81098,-73.93296,Entire home/apt,288,1,1,95,352,1
35165304,13354338,Manhattan,Ellis Island,40.71979,-74.04409,Entire home/apt,178,2,197,1,282,59
35570515,265662009,Manhattan,Central Park,40.77044,-73.96859,Entire home/apt,180,30,14,3,331,4
564283736491922045,107434423,Manhattan,Ellis Island,40.72024,-74.04409,Entire home/apt,205,31,0,453,289,0
29465085,43673554,Manhattan,Ellis Island,40.72024,-74.04448,Entire home/apt,191,2,126,1,264,48
52424984,38205155,Manhattan,Central Park,40.76816,-73.98119,Entire home/apt,2228,1,15,1,306,15
22375827,5162192,Manhattan,Central Park,40.79687,-73.96032,Entire home/apt,88,30,13,20,138,2
23195752,5162192,Manhattan,Central Park,40.7966,-73.96035,Entire home/apt,265,30,2,20,98,0
598998520003461739,176950173,Manhattan,Central Park,40.76521,-73.97513,Entire home/apt,628,1,0,14,353,0
53786575,33612342,Brooklyn,Green-Wood Cemetery,40.65744,-73.98994,Private room,132,2,6,6,10,6
46708340,946224,Brooklyn,Green-Wood Cemetery,40.65793,-73.99129,Private room,100,3,11,1,128,7
681721880945726303,109129931,Manhattan,Central Park,40.79947991357693,-73.95880791074379,Entire home/apt,425,3,0,1,311,0
10382107,30283594,Manhattan,Tribeca,40.724545,-74.03591,Entire home/apt,359,27,2,95,342,0
21865313,95459395,Manhattan,Tribeca,40.724545,-74.035912,Entire home/apt,383,27,2,56,365,0
17513105,22541573,Manhattan,Ellis Island,40.72049,-74.04259,Entire home/apt,300,30,6,131,330,0
508581,2506890,Manhattan,Ellis Island,40.71979,-74.04549,Entire home/apt,139,28,58,1,159,2
34419834,258073534,Manhattan,Central Park,40.79990539770751,-73.95811678623122,Entire home/apt,453,5,28,1,32,3
24537136,9419684,Manhattan,Tribeca,40.724545,-74.03591,Entire home/apt,359,27,4,79,342,0
51308121,402215343,Manhattan,Central Park,40.79929,-73.95584,Entire home/apt,174,30,0,4,264,0
21878378,95459395,Manhattan,Tribeca,40.724545,-74.035912,Entire home/apt,417,1,0,56,342,0
615106265328119181,385129361,Manhattan,Central Park,40.79568,-73.9615,Entire home/apt,85,30,1,48,118,1
705853492037712378,43816054,Manhattan,Central Park,40.76681057972059,-73.97869253424344,Entire home/apt,443,3,0,1,55,0
3804690,19550968,Manhattan,Battery Park City,40.71227,-74.01703,Entire home/apt,110,30,9,2,17,2
2614012,13306655,Manhattan,Hell's Kitchen,40.7715,-74.02193,Entire home/apt,100,5,271,1,0,13
45451978,89355964,Manhattan,Central Park,40.76783,-73.98113,Entire home/apt,1871,2,4,1,305,2
708374,315918,Manhattan,Central Park,40.79697,-73.95941,Private room,179,3,441,1,115,56
45491971,22541573,Manhattan,Ellis Island,40.71994,-74.04289,Entire home/apt,250,30,0,131,346,0
52263276,423037097,Manhattan,Central Park,40.76656,-73.97588,Private room,364,1,0,1,358,0
21356378,9439324,Queens,Forest Park,40.68695,-73.90529,Private room,52,30,20,1,60,3
576282682287385506,105502474,Manhattan,Central Park,40.79839,-73.95882,Entire home/apt,300,1,4,1,338,4
21877100,95459395,Manhattan,Tribeca,40.724545,-74.035912,Entire home/apt,417,1,0,56,342,0
681759715723134691,30283594,Manhattan,Tribeca,40.7244,-74.03555,Entire home/apt,279,27,0,95,365,0
10384889,30283594,Manhattan,Tribeca,40.724545,-74.03591,Entire home/apt,459,27,1,95,363,0
18388155,95459395,Manhattan,Tribeca,40.724545,-74.035912,Entire home/apt,383,27,2,56,365,0
10430238,30283594,Manhattan,Tribeca,40.724545,-74.03591,Entire home/apt,359,27,4,95,342,0
23184387,163251048,Manhattan,Tribeca,40.724545,-74.035912,Entire home/apt,383,1,0,30,365,0
21826044,95459395,Manhattan,Tribeca,40.724545,-74.035912,Entire home/apt,580,1,0,56,364,0
14139924,9419684,Manhattan,Tribeca,40.724545,-74.03591,Entire home/apt,499,27,7,79,364,0
21877590,95459395,Manhattan,Tribeca,40.724545,-74.035912,Entire home/apt,417,1,0,56,342,0
43118943,9419684,Manhattan,Tribeca,40.724545,-74.03591,Entire home/apt,359,27,0,79,342,0
23198899,163251048,Manhattan,Tribeca,40.724545,-74.035912,Entire home/apt,534,1,0,30,363,0
501693,1490833,Manhattan,Central Park,40.79339,-73.96206,Private room,132,2,357,1,250,31
21877277,95459395,Manhattan,Tribeca,40.724545,-74.035912,Entire home/apt,417,27,5,56,342,0
21862358,95459395,Manhattan,Tribeca,40.724545,-74.035912,Entire home/apt,383,1,0,56,4,0
11144719,30283594,Manhattan,Tribeca,40.724545,-74.03591,Entire home/apt,359,27,2,95,342,0
43106930,9419684,Manhattan,Tribeca,40.724545,-74.03591,Entire home/apt,329,27,0,79,365,0
10264857,30283594,Manhattan,Tribeca,40.724545,-74.03591,Entire home/apt,359,27,2,95,338,0
18443145,95459395,Manhattan,Tribeca,40.724545,-74.035912,Entire home/apt,383,1,0,56,365,0
5192752,9419684,Manhattan,Tribeca,40.724545,-74.03591,Entire home/apt,359,27,12,79,342,0
649982794042463735,48005494,Manhattan,Murray Hill,40.74301,-73.97145,Entire home/apt,186,30,0,38,288,0
38894011,30283594,Manhattan,Tribeca,40.724545,-74.03591,Entire home/apt,459,27,3,95,363,0
21859295,95459395,Manhattan,Tribeca,40.724545,-74.035912,Entire home/apt,580,1,0,56,364,0
21863860,95459395,Manhattan,Tribeca,40.724545,-74.035912,Entire home/apt,383,27,1,56,365,0
47332927,91806581,Manhattan,Kips Bay,40.74255,-73.97159,Entire home/apt,220,30,0,12,310,0
5193707,9419684,Manhattan,Tribeca,40.72455,-74.03591,Entire home/apt,329,27,5,79,365,0
10360336,30283594,Manhattan,Tribeca,40.724545,-74.03591,Entire home/apt,359,27,5,95,338,0
46601924,22541573,Manhattan,West Village,40.73947,-74.0265,Entire home/apt,265,30,0,131,359,0
675440153877558942,124769036,Brooklyn,Prospect Park,40.66936,-73.97134,Entire home/apt,3000,1,0,1,365,0
51307520,402215343,Manhattan,Central Park,40.79911,-73.95551,Private room,66,30,1,4,169,1
53795961,33612342,Brooklyn,Green-Wood Cemetery,40.65761,-73.98964,Entire home/apt,253,1,33,6,155,33
20629690,33859482,Manhattan,Washington Heights,40.83744,-73.95135,Entire home/apt,81,14,34,1,306,3
46267014,9077524,Manhattan,Hell's Kitchen,40.77027,-74.02188,Entire home/apt,195,30,1,1,0,0
47192779,22541573,Manhattan,Ellis Island,40.71883,-74.04125,Entire home/apt,260,30,2,131,359,0
28185867,39537244,Queens,Ditmars Steinway,40.7856,-73.9165,Private room,45,30,13,1,238,0
53259107,415840703,Manhattan,Financial District,40.70364,-74.00638,Entire home/apt,193,30,1,15,321,1
26991707,176950173,Manhattan,Central Park,40.76512,-73.97481,Entire home/apt,708,7,2,14,360,2
607383798695454036,12568111,Manhattan,Central Park,40.7659,-73.97192,Entire home/apt,1029,1,0,1,365,0
49260726,20270101,Manhattan,Hell's Kitchen,40.76316,-74.02342,Entire home/apt,185,30,11,1,39,6
48380860,16072483,Manhattan,Upper West Side,40.78901,-74.00418,Private room,53,30,6,1,30,4
49462177,306576465,Queens,Flushing Meadows Corona Park,40.73386,-73.84475,Private room,128,15,39,2,18,24
49544551,28636382,Manhattan,Upper West Side,40.78135,-74.00934,Entire home/apt,149,3,11,1,0,6
50023623,2549076,Manhattan,Ellis Island,40.72002,-74.04222,Entire home/apt,200,29,0,1,43,0
50490066,2558908,Manhattan,Central Park,40.78489,-73.96928,Entire home/apt,350,42,1,1,0,1
51905670,51756472,Manhattan,Chelsea,40.74854,-74.02703,Entire home/apt,134,1,1,4,0,1
54376287,119822745,Bronx,Wakefield,40.91971,-73.83548,Entire home/apt,182,2,1,2,348,1
53067383,358711239,Bronx,Van Cortlandt Park,40.91091,-73.89408,Private room,70,7,18,1,363,18
594782494398949034,393852246,Manhattan,Central Park,40.79783,-73.95955,Private room,132,5,16,3,5,16
1185357,6482637,Manhattan,Central Park,40.79701,-73.95961,Private room,105,30,118,1,249,0
696868,3569083,Manhattan,Hell's Kitchen,40.76703,-74.02502,Entire home/apt,94,3,302,1,6,37
9023424,35697937,Manhattan,Hell's Kitchen,40.78195,-74.01202,Entire home/apt,200,3,123,3,0,35
10905293,30283594,Manhattan,West Village,40.740677,-74.02778,Entire home/apt,325,9,2,95,7,0
16347965,33229585,Manhattan,Central Park,40.7671,-73.97136,Entire home/apt,490,3,63,1,2,11
17662555,23156390,Manhattan,Upper West Side,40.78965,-74.00601,Entire home/apt,171,30,65,4,65,7
17624190,100656374,Queens,Ditmars Steinway,40.78438,-73.91793,Entire home/apt,110,3,151,1,264,31
52308171,268347722,Manhattan,Central Park,40.79789,-73.95349,Private room,67,30,3,3,277,3
53461343,258022855,Manhattan,Central Park,40.7666,-73.9756,Entire home/apt,300,30,0,1,35,0
18943083,23826309,Manhattan,Chelsea,40.75054,-74.03029,Entire home/apt,500,4,5,1,0,0
20583441,30283594,Manhattan,West Village,40.740677,-74.02778,Entire home/apt,325,9,2,95,7,0
23139779,78520691,Queens,Rosedale,40.65055,-73.72492,Private room,75,7,6,1,0,0
26226078,197090468,Manhattan,Hell's Kitchen,40.77504,-74.01966,Entire home/apt,199,5,27,2,0,12
30085707,19909972,Manhattan,Ellis Island,40.72056,-74.03895,Entire home/apt,260,29,147,1,71,1
38224933,251447997,Manhattan,West Village,40.74285,-74.0284,Entire home/apt,335,3,25,3,2,0
38361585,290452185,Queens,Cambria Heights,40.70241,-73.72493,Private room,125,27,6,1,14,6
35372621,73341433,Manhattan,Upper West Side,40.79499,-74.00244,Private room,69,2,3,1,0,0
53877859,436416161,Bronx,Wakefield,40.89646,-73.83625,Private room,60,2,0,1,0,0
276216,1440691,Brooklyn,Green-Wood Cemetery,40.65809,-73.98875,Entire home/apt,127,180,1,1,192,0
53883076,40898359,Manhattan,West Village,40.739956,-74.031693,Entire home/apt,94,2,21,4,14,21
624134361056239647,51756472,Manhattan,Chelsea,40.75141,-74.02774,Entire home/apt,145,1,0,4,0,0
575527013154867603,51756472,Manhattan,Chelsea,40.74521,-74.02993,Entire home/apt,182,1,0,4,0,0
576651978675470089,154949847,Manhattan,Hell's Kitchen,40.76612,-74.00372,Entire home/apt,222,30,6,3,58,6
42971489,40898359,Manhattan,West Village,40.739967,-74.031677,Private room,150,1,3,4,0,1
43458122,40898359,Manhattan,West Village,40.7388,-74.0309,Private room,62,1,0,4,13,0
43458699,40898359,Manhattan,West Village,40.7388,-74.03094,Private room,62,1,0,4,15,0
43728504,23049030,Queens,Rockaway Park,40.58106,-73.82985,Entire home/apt,157,3,33,1,0,11
44578886,48009648,Manhattan,Upper West Side,40.78459,-74.01253,Entire home/apt,108,3,52,1,0,33
46355090,371552251,Queens,Bellerose,40.72341,-73.72235,Entire home/apt,140,3,11,1,184,1
15495653,3250450,Manhattan,Central Park,40.78902,-73.96651,Private room,550,31,2,18,336,0
42776325,72108830,Brooklyn,Green-Wood Cemetery,40.65949,-73.9953,Entire home/apt,145,30,6,1,63,2
16412823,20578378,Manhattan,Central Park,40.77679,-73.96438,Private room,144,2,90,1,294,36
33719293,65987093,Manhattan,Ellis Island,40.72045,-74.04193,Entire home/apt,175,4,4,2,37,4
679888050525368699,407479321,Manhattan,Central Park,40.77200069350517,-73.97838263079154,Entire home/apt,561,2,3,11,303,3
4444204,5162192,Manhattan,Central Park,40.7965,-73.96035,Entire home/apt,300,30,4,20,293,0
694026388521559365,385129361,Manhattan,Central Park,40.795880963714566,-73.9613777562411,Entire home/apt,75,30,0,48,155,0
14976950,5162192,Manhattan,Central Park,40.79645,-73.96041,Entire home/apt,300,30,2,20,258,0
45492118,22541573,Manhattan,Ellis Island,40.72042,-74.0414,Entire home/apt,265,30,0,131,360,0
51712401,10576676,Manhattan,Central Park,40.79687,-73.95163,Private room,194,3,13,1,39,11
587755922527982462,26368066,Brooklyn,Prospect Park,40.67496,-73.9693,Entire home/apt,320,30,2,1,0,2
7160363,25517905,Manhattan,Central Park,40.79664,-73.95981,Private room,102,1,288,2,321,13
562142817976478390,107434423,Manhattan,Tribeca,40.7224587,-74.03543309999999,Entire home/apt,359,31,0,453,362,0
38893792,30283594,Manhattan,Tribeca,40.724545,-74.03591,Entire home/apt,329,27,10,95,365,1
51710248,163251048,Manhattan,Tribeca,40.724545,-74.035912,Entire home/apt,580,1,0,30,364,0
27577797,4920221,Manhattan,Tribeca,40.72247,-74.03566,Entire home/apt,179,365,1,2,365,0
1897262,9419684,Manhattan,Tribeca,40.724545,-74.03591,Entire home/apt,499,27,7,79,364,0
23185254,163251048,Manhattan,Tribeca,40.724545,-74.035912,Entire home/apt,383,1,0,30,365,0
19087480,133308687,Manhattan,Central Park,40.7962,-73.94979,Private room,500,30,97,1,89,0
6560257,836168,Manhattan,Central Park,40.79271,-73.96273,Entire home/apt,1000,30,27,11,364,0
53261541,2653479,Manhattan,Central Park,40.79903,-73.95926,Private room,66,30,9,41,58,9
13994516,9419684,Manhattan,Tribeca,40.724545,-74.03591,Entire home/apt,329,27,1,79,365,0
19180868,128744452,Manhattan,Central Park,40.79861,-73.95476,Private room,56,4,57,1,189,0
610893865314283676,269756516,Queens,Long Island City,40.74866,-73.95628,Entire home/apt,250,30,2,1,0,2
558463452374150722,107434423,Manhattan,Tribeca,40.7224587,-74.03543309999999,Entire home/apt,311,31,1,453,309,1
658703790426774110,201575762,Manhattan,Upper West Side,40.78369,-74.00376,Entire home/apt,175,3,4,1,19,4
612981918243441904,19605425,Manhattan,West Village,40.73153,-74.03189,Entire home/apt,289,1,2,1,0,2
50547940,408408008,Brooklyn,Green-Wood Cemetery,40.65591,-73.99857,Entire home/apt,145,3,14,1,0,12
628769808856889664,14468718,Manhattan,West Village,40.740227,-74.027504,Entire home/apt,410,3,2,1,0,2
629813073409916623,459789709,Manhattan,Upper West Side,40.78555,-74.00486,Entire home/apt,210,1,0,1,0,0
637667152834352362,121909760,Manhattan,Ellis Island,40.71891,-74.04653,Entire home/apt,122,10,0,2,1,0
670851597591736404,242323176,Queens,Queens Village,40.7063695853949,-73.72291971831478,Entire home/apt,400,5,0,1,0,0
27577588,37412692,Manhattan,Ellis Island,40.71822,-74.03794,Entire home/apt,135,365,2,7,365,0
654151117629853651,117540494,Queens,Rosedale,40.6472439,-73.72008799999999,Entire home/apt,180,1,5,1,0,5
553754115911961053,15048320,Manhattan,Upper West Side,40.78732,-74.00447,Entire home/apt,240,5,18,1,152,18
698195550745703156,151487807,Brooklyn,Williamsburg,40.70919154114459,-73.97012123768148,Entire home/apt,400,30,0,1,311,0
48971505,46201,Manhattan,Ellis Island,40.71835,-74.04416,Private room,40,1,15,1,0,4
